1.148553216360167426e+03
1.475636979332696683e+03
2.093566422017557215e+03
2.640290181729240430e+03
2.439427928888560018e+03
1.797206336417107195e+03
1.310096583391135027e+03
1.627325858859150458e+03
2.156416492200401535e+03
2.407251663134325554e+03
2.368158530529556174e+03
2.345075763582904528e+03
1.671796607590998065e+03
1.891842388089073665e+03
2.019362241355327342e+03
2.525078390185232820e+03
2.137517773293366190e+03
1.653717379155938715e+03
1.526575502147099996e+03
1.630306395959070187e+03
2.306059681153738893e+03
2.487823623209199923e+03
2.153422043772220150e+03
1.524906016970638575e+03
1.609203473735937450e+03
2.380793277164821120e+03
2.495822947701901739e+03
2.230166963812201175e+03
1.418970141447781089e+03
1.473586400432617666e+03
2.113047994210112847e+03
2.319128281710116426e+03
2.271425006686864435e+03
1.782936208734595994e+03
1.699385764665652459e+03
1.708687091191113495e+03
2.072226583969641979e+03
2.298521812582870552e+03
2.375338485226704961e+03
2.124434876250741127e+03
1.467786563725760516e+03
1.762815454744574254e+03
2.268897307205787456e+03
2.483736929534197316e+03
2.406503937472652524e+03
1.592546827266944319e+03
1.710558287606078011e+03
2.010922178950786474e+03
2.393454400163321679e+03
2.469457127675982520e+03
2.233528145368502919e+03
2.089399440093275189e+03
1.545789554371280474e+03
1.564256272651221479e+03
2.267113265201858212e+03
2.416625422874390097e+03
2.268590156704859510e+03
1.794659751705124791e+03
1.703983327852289221e+03
1.790924235430522003e+03
1.739823111282373929e+03
1.630078665905699609e+03
1.380139503818994626e+03
1.958686491006322967e+03
2.214293212764958753e+03
2.494843480315605575e+03
2.453661442459124373e+03
2.131095934078193750e+03
1.824991164286388084e+03
1.432883043881098502e+03
1.507677774061524588e+03
2.204152285747565202e+03
2.625386747666645533e+03
2.583811713680812773e+03
2.033466736139755312e+03
1.668412701600579567e+03
1.708007243430659628e+03
1.911489107539910719e+03
2.362861898010256027e+03
2.305150852329034478e+03
2.086348939953048102e+03
1.586178409310007510e+03
1.494160373533585471e+03
2.063511769515878314e+03
2.291559227882567939e+03
2.381389607974088449e+03
2.117029792633741181e+03
1.622456968027433732e+03
1.844786302400057821e+03
2.012073377487480002e+03
2.644058580139455898e+03
2.366171695548174284e+03
1.797631268107095138e+03
1.758440151244562230e+03
1.577077895518589457e+03
1.844069087078057919e+03
2.166388581355050519e+03
2.445381305378338766e+03
2.380841542475501683e+03
2.134190989157016702e+03
1.799481854010881761e+03
1.318920503160874659e+03
1.909080690565866689e+03
2.592117245460506638e+03
2.150591281275061192e+03
1.810113827001393702e+03
1.819065530975135744e+03
1.845397038179030687e+03
2.379196132575315460e+03
2.147777568867428272e+03
2.441536789205834339e+03
2.387094297887701941e+03
2.166951315137433994e+03
1.928924308598545622e+03
1.750777320849679199e+03
1.561304645671444405e+03
1.817196103807454847e+03
1.994094169089452862e+03
2.541623372192502757e+03
2.411062534753118598e+03
2.167362274337078361e+03
1.994310338987947262e+03
1.853076296535484062e+03
1.520623232075124861e+03
1.563275297181238329e+03
2.032137542701431357e+03
2.012611007056205153e+03
2.413632674457410303e+03
2.414889523023408401e+03
2.255540465030242103e+03
1.950551211965136417e+03
1.831035633793065244e+03
1.712690939867594125e+03
1.832226089014260197e+03
2.182324644123478720e+03
2.258588310961782554e+03
2.263624658349694982e+03
2.109945730503314735e+03
1.897094510055824685e+03
1.953009372573298378e+03
1.722207132535652363e+03
1.947815241785545368e+03
2.220424714438715455e+03
1.994921006946946591e+03
1.982978492466603711e+03
2.152330108674989788e+03
2.622906820258927837e+03
2.334253199785178822e+03
2.242638975815859794e+03
1.951678483131896655e+03
1.467626749409260356e+03
1.632826921881725639e+03
2.178769545630323137e+03
2.435162359252253282e+03
2.667181386020029549e+03
2.346349833488793593e+03
1.873939225987430291e+03
1.697935487087842375e+03
1.635412112946985189e+03
1.872708831953025310e+03
2.123785520841001926e+03
2.245075003718792686e+03
2.406962269389319772e+03
2.506574854206517102e+03
2.055266786557378509e+03
1.901409416338112578e+03
1.565068472137174467e+03
1.677287585609123653e+03
2.002854267080890395e+03
2.019128329102479029e+03
2.283773952543886026e+03
2.357070926118513398e+03
2.353059514095014492e+03
2.301349700469291292e+03
2.119892673397524504e+03
1.774237414490895162e+03
1.812937757146582953e+03
2.103689191761622169e+03
2.447175779043304374e+03
2.534114786378342615e+03
1.852420449281286437e+03
1.701055533020873554e+03
1.743428930434574568e+03
2.045827856295304173e+03
2.277793798370515560e+03
2.417221276992560888e+03
2.432347830811487711e+03
2.389161115045704719e+03
1.945551857413727475e+03
1.667710177785768337e+03
1.827071498321260833e+03
1.698105360510070341e+03
1.915523379041836279e+03
2.137557198038489787e+03
2.202346365698721456e+03
2.198710697662293569e+03
1.836670498286445536e+03
1.681029263427781189e+03
2.195336251959524361e+03
2.345828345308548251e+03
2.591933270955910302e+03
2.233512198827927023e+03
1.759024501485547034e+03
1.700641765041426879e+03
1.765259859259791710e+03
2.032956320952773694e+03
2.117415882477452215e+03
2.358417501265952524e+03
2.493841845197888688e+03
2.463666489116041703e+03
1.931953314196568499e+03
1.526946513562479140e+03
1.656269455687324808e+03
1.931157973674799905e+03
2.427385296947444658e+03
2.682686200894896501e+03
2.120137008261662231e+03
1.788211308943392169e+03
1.623769805666588582e+03
1.730211424093764663e+03
1.958663652364121617e+03
2.203082781766964217e+03
2.348572175101637185e+03
2.402305557430149747e+03
1.614195205375014666e+03
1.479156188686467203e+03
1.115552404397756618e+03
2.353649242899739875e+03
2.453273076051140379e+03
2.411888910258997839e+03
1.964899333091052767e+03
1.836754395436496225e+03
1.735414731768172487e+03
1.795172756672014430e+03
2.016437752261874266e+03
2.352799996462069885e+03
2.299674459182467672e+03
2.200872968470195701e+03
2.027144362416826425e+03
1.784063127903973736e+03
1.805029662877437886e+03
1.907495847889592369e+03
2.092117385279086648e+03
2.442754076417491888e+03
2.997514807915611073e+03
1.815284814505864006e+03
1.704760566086046083e+03
1.221049629121874204e+03
1.106343038295849283e+03
1.961582818484425616e+03
2.645947573494163862e+03
2.372624494982530450e+03
1.794937219097930665e+03
1.589690795778063375e+03
1.611940057144632192e+03
1.946277255184137857e+03
2.199363941359868932e+03
2.485892501496714885e+03
2.139201396796514928e+03
1.986749950589227865e+03
1.640642142359564787e+03
1.710333019548555967e+03
1.988138023280188690e+03
2.115951850770007695e+03
2.455131913913321569e+03
2.303129843631300901e+03
2.057175196962623886e+03
2.105129295968392398e+03
1.879991403520008816e+03
1.795421099289143740e+03
1.749635787951098564e+03
2.014714868703111961e+03
1.961246501006344033e+03
2.145731663760078845e+03
2.177580050285759626e+03
2.253788885684480647e+03
2.291373563491107689e+03
1.941673719677488407e+03
1.674464060411665287e+03
1.660846981911882722e+03
1.789718938972540172e+03
2.050807415330928961e+03
2.190165182077769714e+03
1.898515171364015259e+03
