1.924938764629102707e+03
2.110517541774981964e+03
2.519718107076631441e+03
1.719718398397168585e+03
1.892676792800504245e+03
2.454048951062407468e+03
1.908729864249999537e+03
1.962971046545495938e+03
2.614736363709856960e+03
1.820857459864759448e+03
1.845226675535813911e+03
2.167252160951569749e+03
2.716725411806078682e+03
1.258723222827225300e+03
1.990520935474202361e+03
2.648055093113762268e+03
2.249760565556715846e+03
1.026118262102257404e+03
2.387738838519360797e+03
2.485868804190001811e+03
1.402515389405645237e+03
2.213965197512119630e+03
2.184115754030200151e+03
1.624045370353052249e+03
2.386166727407859071e+03
2.129446699761099808e+03
1.535404721745567031e+03
2.441542656288177113e+03
2.604623434041479413e+03
1.622141719715442832e+03
1.990844635843327069e+03
2.476563511896547880e+03
1.588191838263458976e+03
2.370751136505389240e+03
2.059035568355284340e+03
1.522685469823005178e+03
2.455908265552956436e+03
2.479935173773405950e+03
1.607489944419267658e+03
1.797639330368617266e+03
2.216604157982332708e+03
2.405676821848694999e+03
1.757715361609001093e+03
1.390624465536609023e+03
2.768230163394033752e+03
1.977909698739219948e+03
1.578929525394564052e+03
2.459961422678012241e+03
1.883432167389073584e+03
1.851983823961956887e+03
2.094176275194792652e+03
2.744515783835785896e+03
1.339568449276287765e+03
1.953971478531157572e+03
2.465334901393872315e+03
2.411909488928506107e+03
1.154649174199480512e+03
2.438387902014627343e+03
2.540567052654598228e+03
2.180166249260471886e+03
1.438892579060965318e+03
1.964144433968002659e+03
2.751233809449518048e+03
1.597802211162404774e+03
2.188498776363107027e+03
2.018055196227519446e+03
1.838062467057992535e+03
2.347228869920348188e+03
2.343071011018356785e+03
1.481632043601583064e+03
2.356538033955117498e+03
2.562115162213886833e+03
1.459647339486033161e+03
2.538243130678032685e+03
1.864872777583313791e+03
1.824807995781227874e+03
2.574695949385841232e+03
2.141115776543866559e+03
1.330800086434777313e+03
2.601968011642375586e+03
2.844808271966397569e+03
1.512545451345325546e+03
1.551875458779682958e+03
2.946113781004231896e+03
2.119525693197569581e+03
1.404890121073271075e+03
2.229333389271684155e+03
2.474777538710407953e+03
1.628959023413073510e+03
1.935898428544547187e+03
1.796311929552727406e+03
3.360262480392008911e+03
1.375504641943402476e+03
2.105784728582423668e+03
1.755413595152048629e+03
1.943453550549014835e+03
2.457335806073979711e+03
1.750104458736435845e+03
1.843085918830739729e+03
2.535154356417027429e+03
1.735850893947320856e+03
2.251356570401862882e+03
4.929193056068093028e+02
2.818783068655174702e+03
2.631542366022546048e+03
3.103557476919979763e+02
3.743586542082040069e+03
1.515132451851498445e+03
1.988822221670316139e+03
2.102691113256021708e+03
1.246934186662904494e+03
2.166608122162005202e+03
1.573265753516144287e+03
1.864872360798266527e+03
2.186668240620766937e+03
1.866907790062336744e+03
2.213134249259848275e+03
2.195425428682313850e+03
1.954303553885055408e+03
5.259312013767422656e+01
2.772692461645441654e+03
2.739918584719343016e+03
2.874407367466315463e+03
2.171374164297275911e+03
2.290095144547223299e+03
2.472893186224237070e+03
2.076426277649263284e+03
1.874950840944147330e+03
2.195485864217504059e+03
2.427753990111793883e+03
1.921234351930162120e+03
1.929644806057899132e+03
2.475113833831535885e+03
1.927538351518805257e+03
1.884178418489455908e+03
2.275181908882570042e+03
1.600138228421658141e+03
2.228740102830812702e+03
2.346045365839116585e+03
1.028610006548018418e+03
1.861597438243218676e+03
2.408237894244321978e+03
2.159047740154488110e+03
1.708041131863123837e+03
2.645731999308027753e+03
1.683096339631805222e+03
1.942209416486210102e+03
2.662476025626523096e+03
2.074032312289247784e+03
1.454594473292708244e+03
2.745099567223284794e+03
2.255496682471462009e+03
1.536748350413022536e+03
2.283235320026425143e+03
2.093643874992796555e+03
2.020243646716589865e+03
2.326519671800156630e+03
2.129909866483094447e+03
1.263749588576657288e+03
2.624581709282934298e+03
2.498682002125599411e+03
2.171532844654812834e+03
1.704834183761306804e+03
1.804337114535824185e+03
2.142581542386371439e+03
1.665295132436262747e+03
2.021422341452049523e+03
2.372773297526491206e+03
2.440605368525501945e+03
9.310154400398272401e+02
2.073809608357028083e+03
2.392703240233734050e+03
1.613114615510541853e+03
2.344672089866891838e+03
2.016721518703558559e+03
1.803879760634859394e+03
2.413929371601953335e+03
2.047385597456588130e+03
1.665229473588847668e+03
2.428617819074318959e+03
2.229676303967248714e+03
1.856205859020091111e+03
2.056795284871082458e+03
2.281952065130180472e+03
1.995742300036969027e+03
1.948942187651067115e+03
2.586972043399111953e+03
1.547781556140368593e+03
2.010109077800439081e+03
2.480413085201375907e+03
2.538517131549047463e+03
1.296369957664855065e+03
2.190975903147273584e+03
2.876740185577217289e+03
1.451042236331828917e+03
1.762939995266346841e+03
2.794067542882634825e+03
2.258177492393501780e+03
1.421690025026489138e+03
1.987619972187795611e+03
2.706393742330605619e+03
2.322492007257645582e+03
1.210957830106384336e+03
2.154853073506973033e+03
2.455357800228916403e+03
1.641853490204537366e+03
1.557426575915925923e+03
2.246210939345482075e+03
2.511925358627879177e+03
2.230484388340349597e+03
2.101114690127044014e+03
2.078730528902995957e+03
2.286930035789713202e+03
1.856795891815362893e+03
1.556491702943808832e+03
2.175902861564682553e+03
2.386647573127891519e+03
1.654400463798424198e+03
1.837968273943418581e+03
2.427237815155508997e+03
2.632941827803922024e+03
1.612879810635239210e+03
1.601246363896269941e+03
2.932950627710482422e+03
1.060956885382955761e+03
2.095547212668252541e+03
1.801007148799613788e+03
4.168719898289124103e+03
2.240055957642272915e+03
3.740366352599091897e+03
2.447855770048402974e+03
1.614241195495956731e+02
9.032784470575376190e+02
2.606904040789411738e+03
3.321400291739084878e+02
2.559227108091261471e+03
1.479538859889781634e+03
1.788073977141663363e+03
3.124691632345716698e+03
2.807599226135955178e+03
5.456010779788536524e+01
1.410511709142412428e+03
3.837752957318426979e+03
3.111269340940550592e+03
2.300033120419505849e+03
6.393393993086091314e+02
2.403310200571635505e+03
2.303904368433339187e+03
1.925838154746632881e+03
1.927393400517070859e+03
2.468722758823648292e+03
2.216854530630752379e+03
2.008487306419662900e+03
1.952756623242192973e+03
2.095177931173343040e+03
2.220286445386646847e+03
1.833514997401562141e+03
2.014026036788950023e+03
2.233971832528303821e+03
1.958809027778897644e+03
3.378339437902689951e+03
5.764843138181265658e+02
2.424669494895699700e+03
2.266988042199257052e+03
2.103813316191009562e+03
1.870698230333896618e+03
1.786927550725876245e+03
2.358448529040030280e+03
6.214516750421159941e+02
2.401146762853723885e+03
2.417515528174420979e+03
2.536249362055709753e+03
2.171776843770254800e+03
1.806163494651739029e+03
2.131672535723289911e+03
2.427364385974312427e+03
2.044448038446880446e+03
1.746456732860668353e+03
1.880411637839535615e+03
2.579706721973747790e+03
2.045725909674758668e+03
1.708430353003475830e+03
2.372490066178941561e+03
2.551535235969156929e+03
