2.790088507243381173e+03
2.030449225801599596e+03
1.756551305668668647e+03
1.923454057463503887e+03
1.951242572877934208e+03
2.191980970083839111e+03
2.270160153573310708e+03
2.322186823797464058e+03
2.134395605923336916e+03
1.919888669693044676e+03
1.751732851316975712e+03
1.720832548927731068e+03
2.155085464822138420e+03
2.295304415616346432e+03
2.387761391525598356e+03
1.705589644445250087e+03
1.601092554032863973e+03
2.530734289340483429e+03
2.410601541174877639e+03
2.003517019791199118e+03
1.728553228169882686e+03
1.706805308007760232e+03
1.862983133079537311e+03
2.138508278485110168e+03
2.545146316409272458e+03
2.309725650962221607e+03
1.617052286176659436e+03
1.625971282515911298e+03
2.272172393220648701e+03
2.574836803627906647e+03
1.750356546730557511e+03
1.588964882673965121e+03
1.929733638923868739e+03
2.544748068739789232e+03
2.498156110628793158e+03
1.187876743364716276e+03
2.330784145754864312e+03
2.723927053363045161e+03
2.165916309164858376e+03
1.356576670501874105e+03
2.085987374114961312e+03
2.449046824185355945e+03
1.859955697257286602e+03
1.591275088769772310e+03
2.647055926732026819e+03
1.881592442715153766e+03
1.692445054080469845e+03
1.939908391185488426e+03
2.482813186314323957e+03
1.680822826957266898e+03
1.889021247182850857e+03
2.424007606563015088e+03
2.166360417632961799e+03
1.637303310930552016e+03
2.556903987400809910e+03
1.820071556153256779e+03
1.846643549246577322e+03
2.481927913445083959e+03
2.081069784053970579e+03
1.531158374467150225e+03
2.133591490764514219e+03
2.412822024003426577e+03
2.202047462336543049e+03
1.609677611841206044e+03
2.054331059709847523e+03
2.368115603811991605e+03
2.198371420232787386e+03
1.761643906790396613e+03
1.726592158449608405e+03
2.181406674838186063e+03
2.386916916966120425e+03
2.309839697424514725e+03
1.690740953017198990e+03
1.664885616303327197e+03
2.463001816824625166e+03
2.337158808340981068e+03
1.619615914113379631e+03
1.708617367302661705e+03
2.553746433223179793e+03
2.407459932949041104e+03
2.041260526251810688e+03
1.655004726237174054e+03
1.742255531907764407e+03
1.790023300573078586e+03
1.788817697570814971e+03
1.993888883808008131e+03
2.134611429838349068e+03
2.468221174830340715e+03
1.537617820677369309e+03
1.770513841557145952e+03
2.701477397743951769e+03
1.894746284279468455e+03
1.634357893292539075e+03
2.259198500176496509e+03
2.563974829453989059e+03
1.970216201471708018e+03
1.654197797411037982e+03
1.781826039271397121e+03
2.317217856111258698e+03
2.578758102700160180e+03
1.740309714223698620e+03
1.664744231315172328e+03
1.858499632946542988e+03
2.269101442771247548e+03
2.632669932775365396e+03
2.121644228654674407e+03
1.804038972353102736e+03
1.604588345508466546e+03
1.636475400187276591e+03
2.410161669568512025e+03
2.485987433496184622e+03
2.201727314454014504e+03
1.632658827947895816e+03
1.535629012717411342e+03
1.908210950652780866e+03
2.000288163393598552e+03
2.407894540316776329e+03
2.307602306937956200e+03
1.713700260330880383e+03
1.627010999363284100e+03
2.421935254066017933e+03
2.550955734795858916e+03
1.518858068843293722e+03
1.878717999447164630e+03
2.353279664971528291e+03
2.629670515827665440e+03
2.209835687777884687e+03
1.857123767129981161e+03
1.743731296019697083e+03
1.675143439109620886e+03
2.007301767202025303e+03
2.695194960292546057e+03
1.317147589046335497e+03
2.015368972385336519e+03
2.700583536460899722e+03
2.166085659400608620e+03
1.434538057980535086e+03
1.808119600144108745e+03
2.412627667581514743e+03
2.565397441225598413e+03
1.566188775018878687e+03
1.648575701616635797e+03
2.073380788869748812e+03
2.418973015734075034e+03
2.525106726073579466e+03
1.903448489421200975e+03
1.499131276624609654e+03
1.754751420635051545e+03
2.002071689371598268e+03
2.522475944402270216e+03
2.405626154682453944e+03
1.788313454753988935e+03
1.589955469218107737e+03
1.788489208906989461e+03
2.147670690484696934e+03
2.480413651735229905e+03
2.300263450162038680e+03
1.977930914639984621e+03
1.641623673701884172e+03
1.688322184935595942e+03
2.331390892121549314e+03
2.469613809215623405e+03
2.155765361455229140e+03
1.852250626503049261e+03
1.825841515821161011e+03
1.746363326449178203e+03
1.579628820697096899e+03
1.759316925360442610e+03
1.803797304988337828e+03
2.171631719952816184e+03
2.340756081641327910e+03
2.345065005097935227e+03
2.245768738366121852e+03
1.997838318098721402e+03
1.692700463738079634e+03
1.753176544882971484e+03
2.072746589198589390e+03
2.189387682217874953e+03
2.414027006854728370e+03
2.333183942721593667e+03
1.736534630739878367e+03
1.723025848273132624e+03
1.754078066309783253e+03
2.266430619655507144e+03
2.411211681117706576e+03
1.961638094098044803e+03
1.854961219188326595e+03
1.817419868922625710e+03
2.031036175536363999e+03
2.251548691787949792e+03
2.323178756011455334e+03
2.344385379334481513e+03
1.936119898560088131e+03
1.712090248944116183e+03
1.653582658824840337e+03
1.923862969971614575e+03
2.356198138207953889e+03
2.463634130469704360e+03
2.040680948319506797e+03
1.765379822748152264e+03
1.723413683055892761e+03
1.927631563459408881e+03
2.342889525772395245e+03
2.269229712434332669e+03
1.826304839382617047e+03
1.648590777514246156e+03
1.900460999610468889e+03
2.240232602198423137e+03
2.375092560509836403e+03
2.423751752951670824e+03
2.069355510864393636e+03
1.307003175521066169e+03
2.302537863835535518e+03
2.484591651678289963e+03
2.402653793645263704e+03
1.871374261847426169e+03
1.379732971243941392e+03
2.124893898880910911e+03
2.548050695015608653e+03
1.803746892750117013e+03
1.584690953658599938e+03
2.740895004256038646e+03
2.018360730676142111e+03
1.641890847304745648e+03
1.937108701366958712e+03
2.579098099431693299e+03
2.381636345175343195e+03
1.543300321016387215e+03
1.721116587597854050e+03
1.942823687187261385e+03
2.453469408153448057e+03
2.449832634083365974e+03
2.080266859816533724e+03
1.592057573578155370e+03
1.548560364537955138e+03
2.311468934900949080e+03
2.465963939285646575e+03
2.130156548587096950e+03
1.471951623774604968e+03
2.104350863927767477e+03
2.442280634903686405e+03
2.001698277913048742e+03
1.676812570933194138e+03
1.916239767723036266e+03
2.136101738893764832e+03
2.431339218816194261e+03
2.223268764205173284e+03
1.615834348787011777e+03
1.825589106342768218e+03
2.064770121025774642e+03
2.409603947903950939e+03
2.338368320267328272e+03
1.844602965147028044e+03
1.767132922395229343e+03
1.766405204131966457e+03
1.977319099080955766e+03
2.409918831014154875e+03
2.262493964725068054e+03
2.010893869584480626e+03
1.763308854147783904e+03
1.676276987049988747e+03
2.245743561618798140e+03
2.237709888796171981e+03
1.964905540712640686e+03
1.641083342300825052e+03
2.134154406033571831e+03
2.027717607295769994e+03
1.786406215400535530e+03
2.076523054636079905e+03
2.479568098420328170e+03
2.442662664102385406e+03
1.900415679261883270e+03
1.901074875387855627e+03
1.887786920576281545e+03
1.982353603474008196e+03
2.403943146323608289e+03
2.375398408506539454e+03
2.067372368565916531e+03
1.599482709592757828e+03
1.592016167505735893e+03
2.275948709638012588e+03
2.336209689002158939e+03
1.836985151199241727e+03
1.656547482510699638e+03
