1.830080965224818328e+03
2.337012257057161150e+03
2.076687602740053535e+03
1.892942380429576360e+03
2.157200431271922753e+03
2.357738067588416015e+03
2.229558933816327681e+03
2.184133124072935516e+03
3.198720384030880723e+03
2.568900530682612953e+03
2.212947162455354373e+03
1.937085416618782801e+03
1.772965603915753263e+03
1.666914521464904510e+03
1.637826158532873478e+03
2.097632252925247940e+03
2.035928125615724412e+03
1.773854186622540965e+03
1.896188973698060408e+03
2.353984549653958766e+03
2.209261074121124693e+03
1.889314631811870868e+03
2.068224289735204820e+03
2.438455005521982457e+03
2.194414447810877391e+03
1.893812874303897388e+03
1.983112373078408837e+03
2.488676291128287176e+03
2.159376269424287329e+03
1.988589535414155989e+03
2.114362375930539656e+03
2.352380646072610489e+03
2.276287435230372466e+03
1.790064154717919337e+03
2.253041999281800599e+03
2.486457402419477603e+03
1.829319448988893555e+03
2.117899370291172545e+03
2.304347953068462175e+03
2.221043613255159016e+03
1.709850076828666943e+03
2.124497645921645017e+03
2.623664977221548270e+03
1.970105377705428054e+03
1.908400527963364993e+03
1.901421910828506043e+03
2.609402973404314253e+03
2.131753539619308867e+03
1.773963868513674925e+03
2.206905168424911153e+03
2.269613873220904679e+03
2.492454838770493097e+03
1.940000470801285473e+03
1.794031007405329774e+03
2.252977215276544484e+03
2.158218689133740554e+03
2.110448157299956620e+03
1.741838271185131589e+03
2.538671377423311242e+03
2.269082487844778370e+03
2.024094555516347327e+03
2.076422312478299318e+03
2.174012266879593426e+03
2.364244116455789481e+03
1.909116383305476120e+03
2.165420108337573311e+03
2.302685328825116812e+03
2.157816243008895071e+03
1.898816122638939987e+03
1.750367773679364745e+03
2.424102313344500544e+03
2.192674807738413620e+03
1.996174402031000909e+03
1.772689308314249274e+03
2.103875639929993213e+03
2.328492670424294374e+03
2.003156514342210357e+03
1.935858802578576388e+03
2.000853093509629616e+03
2.292326899497788418e+03
2.188417852433951794e+03
2.154871214839044114e+03
2.222675449660984668e+03
1.972258122748024789e+03
2.066248245012977804e+03
2.167940773124933003e+03
2.283288221974500175e+03
2.153327105086865231e+03
1.787751606971159845e+03
2.110595229215145991e+03
2.165515310568548102e+03
2.536876357485218250e+03
2.257939224846017623e+03
1.863208248404812366e+03
2.216708673565471599e+03
2.092475033444457040e+03
2.252140013665247352e+03
1.674010868558380935e+03
2.021421384449766720e+03
2.136433351179418878e+03
2.297766505409244473e+03
2.320012389194928346e+03
1.997699231588435168e+03
2.146899954770099157e+03
2.261969252442197558e+03
1.556118454900763481e+03
2.129854286639513248e+03
2.040323977314871854e+03
2.205209836772075960e+03
2.278135697564843667e+03
1.802814554174220575e+03
2.552979304579851032e+03
1.689552375192490672e+03
2.576586257561616094e+03
1.824538772458244239e+03
1.266238842029552870e+03
2.605993499587360020e+03
1.690674704361940940e+03
2.138530095667234946e+03
1.625790810040710312e+03
1.880857889485367195e+03
2.200667931821878483e+03
2.136001023790701311e+03
2.042569096246536219e+03
1.940257495818706275e+03
2.170069234412475907e+03
2.357316111843964336e+03
2.114306917582115602e+03
1.999572859942527884e+03
2.019059374500125159e+03
2.126059912620669820e+03
2.183161533247093303e+03
1.885359800100324492e+03
1.779506830536855887e+03
1.961462444232487996e+03
2.265877455808860304e+03
2.304659738796749025e+03
1.728036758372569011e+03
1.993976501313019526e+03
2.242525406808583284e+03
2.536190856527853612e+03
1.800963870324663048e+03
1.881280132949686276e+03
2.294624927070772173e+03
2.609484441079942826e+03
1.997803380258645575e+03
1.808269292412053801e+03
2.151014433449332500e+03
2.325915366716594690e+03
1.959783947337928794e+03
1.991444011828332805e+03
2.002964889656065907e+03
2.266739842801165196e+03
2.030441779405949774e+03
1.658181484525093765e+03
2.067893851719431950e+03
2.057918021543465784e+03
2.224529511569391616e+03
1.823074712884477549e+03
1.977022502399501491e+03
2.368378042132041173e+03
2.148283998754808636e+03
2.318895973919912194e+03
2.004533127362165033e+03
2.030086725915237821e+03
1.871098276056811301e+03
2.001191108666253967e+03
2.200099691531010649e+03
1.987385610732681243e+03
2.243674596960495364e+03
1.889470163131697518e+03
2.250151028159414636e+03
2.126346272402511204e+03
1.894463790165504861e+03
2.078354406291211490e+03
2.085089669300006335e+03
2.409445712563135203e+03
2.020502229019585457e+03
1.960442497516726007e+03
2.013358929386917225e+03
2.404136537613838300e+03
2.163216801267206847e+03
1.850030027759064069e+03
2.397847266425377711e+03
2.339388118719950398e+03
2.099674610902183304e+03
1.972264948391507460e+03
1.785496792213817571e+03
2.357185325066307087e+03
2.199312339964009425e+03
2.346593569879870756e+03
1.803502318863420896e+03
1.966159488842107066e+03
2.517485774977573328e+03
2.349481635290421764e+03
2.137628626476728641e+03
1.924184004475552001e+03
2.198017832152633673e+03
2.498691195031790812e+03
2.342017718744983995e+03
2.108908009876059168e+03
1.899795993694307299e+03
2.228306203854427622e+03
2.385944176527139462e+03
1.958878427218465276e+03
2.049538619459741767e+03
2.111883114836139157e+03
2.503315452094345801e+03
2.311876596923902525e+03
2.043380726611540467e+03
1.979276736293358908e+03
2.202505632450749999e+03
2.328829798487069183e+03
1.870561213935274509e+03
1.882565832023281018e+03
2.199602612302627222e+03
2.324551774718698653e+03
2.102862396009073564e+03
2.044562948953166142e+03
2.241038080577492565e+03
2.431826992975942630e+03
2.202243492427221099e+03
1.938699729944768251e+03
2.058238671015811178e+03
2.417302281002245309e+03
1.699935495913896602e+03
1.522091518204735394e+03
2.800902294733538838e+03
2.323908552514415078e+03
1.962260076329792128e+03
2.931045826428922737e+03
1.541474617633160960e+03
2.109957707328695506e+03
2.141006149470696982e+03
1.942767867096900773e+03
2.274336910563034508e+03
1.837481747942067614e+03
2.130661128431249836e+03
2.265195967675883821e+03
1.625230148776724945e+03
2.647042713106620340e+03
1.784602268987250909e+03
2.411344240861596518e+03
1.871465423575088835e+03
2.054971408790058831e+03
2.123791742480767880e+03
2.341574368404334109e+03
2.170319682344354987e+03
1.903646502163599962e+03
2.351993080969300081e+03
2.301630765239042830e+03
1.814740120718078060e+03
2.042419779583098943e+03
2.044788253304434420e+03
2.514576509081215136e+03
1.956564623548277041e+03
2.170503474728789115e+03
2.284492450794620254e+03
2.424542682902445449e+03
2.186042929479862323e+03
1.891699820060337743e+03
2.411668432526981633e+03
2.520580372991032164e+03
2.308879287990919693e+03
1.925709304820994475e+03
1.940955792340003654e+03
2.270255230897877482e+03
1.892942898860294008e+03
2.150181957739918744e+03
1.919036760805711538e+03
2.206757244243248351e+03
2.026271354222876198e+03
1.827152123232833674e+03
2.164561505155866143e+03
2.196474786292775207e+03
2.199968619482083341e+03
1.974947701629366065e+03
2.063541243099153235e+03
2.250474462043458971e+03
1.678415150066043680e+03
2.150863741560624931e+03
2.144218962078893583e+03
2.487582644622202224e+03
2.069617531763236912e+03
