2.177355103083390986e+03
2.177474704368162293e+03
2.184852040589436001e+03
2.198945284836562678e+03
2.191068038897184579e+03
2.212568072222562478e+03
2.146308945548682914e+03
2.162301030547446317e+03
2.234407452277289849e+03
2.168915711064267271e+03
2.173390594708336721e+03
2.181916891669386587e+03
2.211828544615638748e+03
2.188033488363688321e+03
2.135559529778461183e+03
2.210651258770817094e+03
2.163789174432778964e+03
2.172919959826274862e+03
2.157848792983714247e+03
2.191142871148628274e+03
2.184173475448018507e+03
2.204948901407641642e+03
2.128286862095005290e+03
2.171436773855267347e+03
2.196966030143402804e+03
2.176020653057471009e+03
2.144541272807452970e+03
2.103883411484252520e+03
2.137184558778748851e+03
2.226043689212079698e+03
2.107846305341586685e+03
2.182271333380241231e+03
2.146240600549534975e+03
2.115503413904869831e+03
2.164578325632956421e+03
2.112694420446447111e+03
2.162143436174663748e+03
2.170320625448220653e+03
2.199080990653118533e+03
2.162560443670407949e+03
2.169358310106189492e+03
2.117613341858951117e+03
2.173465667867225875e+03
2.154976515700123400e+03
2.120472639915543368e+03
2.165932218102501338e+03
2.169120112793136741e+03
2.075542248662531620e+03
2.165866085820691751e+03
2.159794756013794995e+03
2.173729322650172435e+03
2.169619877928926144e+03
2.178869644950988913e+03
2.151021558771838500e+03
2.212505199209658713e+03
2.177302279736372384e+03
2.145943915587184620e+03
2.149815577566726461e+03
2.207709905995898225e+03
2.184294585498043034e+03
2.180806337994945352e+03
2.133565690144309428e+03
2.223471250664325453e+03
2.198713990076590107e+03
2.144494830250020186e+03
2.164930600831158699e+03
2.207886944017488986e+03
2.210270599985926765e+03
2.164849885321652891e+03
2.162912920468560060e+03
2.186600264216824144e+03
2.193070007087471367e+03
2.127758207600947571e+03
2.199520520851264791e+03
2.201005540291269881e+03
2.206537931460446543e+03
2.238603157446709247e+03
2.167466349932228241e+03
2.224412476220120880e+03
2.164259518873158868e+03
2.182509701240712275e+03
2.188739107006747872e+03
2.175601250752662054e+03
2.184927927528675809e+03
2.228413308111183596e+03
2.201312718316879909e+03
2.188328387648343778e+03
2.187989439301109542e+03
2.216189919800182452e+03
2.175573740443202041e+03
2.203830259032884442e+03
2.236205898689464902e+03
2.185145619622664071e+03
2.241275278567566147e+03
2.176456340398825432e+03
2.197299241773301674e+03
2.225111875330715066e+03
2.164057751478949740e+03
2.189235676236123254e+03
2.203455721533925498e+03
2.202391423336145181e+03
2.240706503833430361e+03
2.195004671660650274e+03
2.086970152779579621e+03
2.227357711938463126e+03
2.197808515495343727e+03
2.242043719260455873e+03
2.164828763940432054e+03
2.185586085777435073e+03
2.256219715596576407e+03
2.137760974555625580e+03
2.179417599405664987e+03
2.133343946093333670e+03
2.224506217748315521e+03
2.146977972235732068e+03
2.158453707179427056e+03
2.195291134540021176e+03
2.140448850562951975e+03
2.139601286585525486e+03
2.201728300593556924e+03
2.167780017762394891e+03
2.159238113520191746e+03
2.118387454762416382e+03
2.217860677055250562e+03
2.117302652164857591e+03
2.137807562710411730e+03
2.160452757425020536e+03
2.156257816907959750e+03
2.135996528322060385e+03
2.122107279874483993e+03
2.189995655754837571e+03
2.105164972480632514e+03
2.148023255952198724e+03
2.154852543608531960e+03
2.142629380119052712e+03
2.155372293207925850e+03
2.144919764009870960e+03
2.197923836246709016e+03
2.124449528542834287e+03
2.180135538537867433e+03
2.166350399323450802e+03
2.147683951793733286e+03
2.131048624020525949e+03
2.175700208748876321e+03
2.126396122449670202e+03
2.145818606382309554e+03
2.131545646505725017e+03
2.184799955583163865e+03
2.182395954272234576e+03
2.163128318706903883e+03
2.204181540888067502e+03
2.139542159882467786e+03
2.170866958468480789e+03
2.155344998630076589e+03
2.202933913026409755e+03
2.161781193427552353e+03
2.187552061531400341e+03
2.169466409570397900e+03
2.153693082416768448e+03
2.145824792414156946e+03
2.203401418402605486e+03
2.183766599290685917e+03
2.221785037186605223e+03
2.173788505960472776e+03
2.209634295404021486e+03
2.183990724620929086e+03
2.106220672007968915e+03
2.204818141323374675e+03
2.217941378551106936e+03
2.156647607749905546e+03
2.215856988413875115e+03
2.192657930189001490e+03
2.177879582354722061e+03
2.221953111180254382e+03
2.221067829706507382e+03
2.209850431859549190e+03
2.180378823655331871e+03
2.226091480309940380e+03
2.183880807266589727e+03
2.214131989004106345e+03
2.232681071602969496e+03
2.237263377612002387e+03
2.184306296057968666e+03
2.241719863778531817e+03
2.185897209935740648e+03
2.220447690394581969e+03
2.197900677502830604e+03
2.182410421317608325e+03
2.246082652520188276e+03
2.153031097797779694e+03
2.216791531434688750e+03
2.153531355466360765e+03
2.177854830868496265e+03
2.192292703915403308e+03
2.197680579630864941e+03
2.203020958083994628e+03
2.194261385480590889e+03
2.195144067243098561e+03
2.220532533022997541e+03
2.153637270775548586e+03
2.161078600883590752e+03
2.121111101270662857e+03
2.231750739685200188e+03
2.164886928732340948e+03
2.182331733240703215e+03
2.234113973892921422e+03
2.126528275102661610e+03
2.201553280802670542e+03
2.133964505859207748e+03
2.149556635677645772e+03
2.165642664354523276e+03
2.232141349117043319e+03
2.170842268342826628e+03
2.208802290494287718e+03
2.152932591736957420e+03
2.143175791687350284e+03
2.141159817366390598e+03
2.178987307258057626e+03
2.183363540448292952e+03
2.162442808278814027e+03
2.135667676894076067e+03
2.191996438793387370e+03
2.116557085911721060e+03
2.205190977238148207e+03
2.138431591364077576e+03
2.149067076146156978e+03
2.160011776127488702e+03
2.130227375211372873e+03
2.214881574056361387e+03
2.161037293364835023e+03
2.114244403223568042e+03
2.175162798978139108e+03
2.111729647346460297e+03
2.157441728455063640e+03
2.116243152006269611e+03
2.170137536529459339e+03
2.150009003386097447e+03
2.150343740158906712e+03
2.179897623663391187e+03
2.166964761056585303e+03
2.171493331635433151e+03
2.116429829298547702e+03
2.214474268491145722e+03
2.190636375062465504e+03
2.127824784546540741e+03
2.198889088126261413e+03
2.147687409762570951e+03
2.216860179998524472e+03
2.110413451683245512e+03
2.187668639216239626e+03
2.142665896318064370e+03
2.188293339125948023e+03
2.170668167344761514e+03
2.185200103135614881e+03
2.148607383068403124e+03
2.167225874666784875e+03
2.167940093545893433e+03
2.190228492547712904e+03
2.197370825149755547e+03
2.195851622812595451e+03
2.165046523690519734e+03
2.203182552568720894e+03
2.197345708971058230e+03
2.194095814589425117e+03
2.182666714242654962e+03
2.173457079137689107e+03
2.144849693883961663e+03
2.200495167073479479e+03
2.237730021468703853e+03
2.183541948186856644e+03
2.180960997836395563e+03
2.176570588732138731e+03
2.235151223257178117e+03
2.213990956644051948e+03
2.180971243217848951e+03
2.199551584854455996e+03
2.198699054646178411e+03
2.240392296031260685e+03
2.173350428827354790e+03
2.225620245670273562e+03
2.155949208438109963e+03
2.222734571038829927e+03
2.213761390466729154e+03
2.176096696813975086e+03
