4.067450569947998247e+03
3.146495863978560465e+03
2.060212288899049781e+03
3.200639032908271929e+03
2.331989676836914896e+03
2.590131865840235150e+03
2.009608191259753767e+03
1.564640706548951584e+03
1.059810089708064879e+03
1.412324237077217049e+03
1.187284788133630400e+03
3.568636985457109859e+03
2.651475909304721881e+03
2.417745801845100686e+03
2.290673423832628487e+03
2.424301822114289280e+03
2.077504203058392704e+03
1.877542201795986557e+03
1.982433873676906614e+03
2.306587273812989224e+03
1.985952212277256876e+03
1.934339120769062902e+03
2.537491642419652180e+03
1.988294599162052691e+03
1.867516449577736012e+03
2.602161747535911218e+03
2.455239421012878211e+03
2.390641551183251522e+03
1.053286224275160976e+03
1.896449337318859534e+03
8.298099247814673163e+02
2.350771168670020415e+03
2.191458741883689527e+03
1.782121081860791264e+03
1.014314438477423550e+03
-1.204649834276314238e+02
4.238927963623477808e+03
4.041552839724180558e+03
3.805307474425663713e+03
3.414682608991031429e+03
2.087855819483995674e+03
3.025209805957588287e+03
1.659498653601526030e+03
1.884945639034341411e+03
2.434554866621570909e+03
1.126145307342615979e+03
2.990980263058402215e+03
2.133218332908218599e+03
2.416888357315463054e+03
1.343723189704320703e+03
2.314142889891842970e+03
2.320310027973959677e+03
1.813004338204434816e+03
2.068290329238188406e+03
2.462711270768189934e+03
1.403408842115366042e+03
2.887389421105036035e+03
2.762441743130460509e+03
6.675996316743168109e+02
2.259686201841143884e+03
2.719516939380760959e+03
9.570547631616267381e+02
2.750139280227089330e+03
2.572403157003009255e+03
1.688710509656764771e+03
1.821511309776567714e+03
2.810270103271040171e+03
2.318943962486793225e+03
1.814547213578968922e+03
2.294524628086573557e+03
1.932167335663439189e+03
2.582323803396465792e+03
1.761164911791572422e+03
1.672901681200402663e+03
2.237437280306486173e+03
1.974296058700151207e+03
1.756061732870682818e+03
1.630994745842792554e+03
2.402683237440927769e+03
2.116668526841162020e+03
2.021408352290299035e+03
1.948500042555747086e+03
1.749074536373937008e+03
1.925960813074600765e+03
1.417154037169428193e+03
2.855308310950101259e+03
1.818416526285162945e+03
1.067075102406733322e+03
2.596163821604012810e+03
2.524277022604439480e+03
1.652330947455434398e+03
1.783746735671247961e+03
2.483106118808182600e+03
2.768190947018221777e+03
1.491747126958427771e+03
1.732977614670682215e+03
2.572401001803452800e+03
1.340431469212741376e+03
2.123017217274368704e+03
4.108127301100078512e+03
2.912753689163856507e+03
2.663298052874851010e+02
1.686538445561003982e+03
1.276208683074333976e+03
2.597679201096776978e+03
1.941354005141843572e+03
1.410163782302950949e+03
2.710500354455030902e+03
1.031626129435264374e+03
2.322450392079329049e+03
1.333250990261519064e+03
6.843868745385178727e+02
3.070044334568658996e+03
3.831418070342502347e+02
3.622394655391031392e+03
1.585279065495312352e+03
2.471454057857391035e+03
1.929526599253319091e+03
3.316791484278761345e+03
5.216958240916205796e+02
1.793055138337746030e+03
3.892547429164883852e+03
1.347864881840022463e+03
1.640190003784014834e+03
1.851817321818558185e+03
2.022575140719924548e+03
1.716337816638598042e+03
1.962172281758960025e+03
2.205801989374798723e+03
2.027340391359576415e+03
1.987156245719143726e+03
1.966926287632069261e+03
1.890440591859382039e+03
2.012689466036963495e+03
2.130482032332128711e+03
2.055317778549553168e+03
1.962148385022012008e+03
1.937368683506796742e+03
1.957077543753361397e+03
1.981139843548640329e+03
2.270861556949893384e+03
1.897381208190743337e+03
1.976490000447497550e+03
2.199384437838096801e+03
2.228729318459492333e+03
1.853831787759243525e+03
2.125544821021902862e+03
2.509499116312015758e+03
2.175722940375245344e+03
1.832804525279836980e+03
1.689955930943570820e+03
2.256760986615128331e+03
2.330947152234488840e+03
1.424634289717702814e+03
1.874968996393742373e+03
2.116242867570159433e+03
2.721545428849406562e+03
1.505347796452920875e+03
1.784593449523071740e+03
2.876195515364872790e+03
2.243223489565748878e+03
1.166973941247843868e+03
1.767379584090203934e+03
2.702757654749386802e+03
3.237530472937947252e+03
2.824509141582167103e+03
2.001988674978618974e+03
1.323108121565031297e+03
1.851668800425731661e+03
1.890971848917236912e+03
1.932363243632225021e+03
1.706133374612988064e+03
2.149972490587456832e+03
2.444748775279650090e+03
1.783214447956182767e+03
2.081749891265249971e+03
2.423989041776737849e+03
2.955499986320817243e+03
2.272723186512891061e+03
1.501774737414672018e+03
3.095355829351674402e+03
1.349268868971319534e+03
1.686900057251238877e+03
2.374427145479132832e+03
2.471411028832244028e+03
2.786575042953053980e+03
1.561040002230617119e+03
1.655307308581906227e+03
1.902863230484763562e+03
2.038987170582882982e+03
1.804564066897547718e+03
1.891211409777887184e+03
2.327986485114221978e+03
2.271702912884508351e+03
2.566828663019659871e+03
1.532178541920280168e+03
1.954944683335731952e+03
2.591519941916616972e+03
1.490296464199208458e+03
2.321236905874811328e+03
2.290672959968997930e+03
1.876013577774382611e+03
1.807585151072847111e+03
3.117689226129641156e+03
1.785299784672799660e+03
1.629091353354470129e+03
2.375539775087139788e+03
2.439989457777609459e+03
2.658483597977580303e+03
1.030030481204324360e+03
1.882763402403745886e+03
2.649295242701180996e+03
1.975338325412256609e+03
1.457914105515361371e+03
1.877728461232052950e+03
2.520417938342042362e+03
1.871644658008998476e+03
1.860756363942427242e+03
2.673841468506200272e+03
2.091783572214610558e+03
1.926896782336987144e+03
1.889491473552805246e+03
2.927063392094978553e+03
-6.345682374491943278e+01
7.610534156698470269e+02
2.147626131082437041e+03
4.084127695665504234e+03
2.858396597787581868e+03
1.287891722304608493e+03
4.391924201271453967e+03
1.018390581985757535e+03
3.492375146234604017e+03
2.025064029888480718e+03
2.728846876973748294e+03
2.300021456493191636e+03
6.209751140476632827e+02
2.085807709353029622e+03
2.245107807565172152e+03
2.504060069122876939e+03
2.381816898768342071e+03
1.932742873282903702e+03
2.123467875396062482e+03
2.027727809953351880e+03
2.391044346396721721e+03
2.823815151615980085e+03
2.017977275141126938e+03
2.285883299275209993e+03
9.092323085749984557e+02
2.314337137957008963e+03
2.044182889387676596e+03
2.080091001596219485e+03
1.996244174562405533e+03
1.879834525629283462e+03
1.822179287741173994e+03
1.886798833836387757e+03
2.044135288405208485e+03
1.882792662889953590e+03
1.991562912721938346e+03
2.290498415402280443e+03
1.937474191589872817e+03
1.877724746749732276e+03
2.140462537480224455e+03
2.150898455198116608e+03
1.696490056120422878e+03
2.255589359282949772e+03
2.307962107105066934e+03
1.328658390755837218e+03
2.170465819819234184e+03
2.631494050816011622e+03
2.303795058773666369e+03
1.980663655392216242e+03
1.879102979997948296e+03
1.647512844608506612e+03
1.208430337513259929e+03
1.806639370118844909e+03
2.690464764265761005e+03
1.747787708104589683e+03
1.189103502384562489e+03
1.962968449708040680e+03
3.002867011303910203e+03
1.801880066958980933e+03
1.929827033188347968e+03
1.702222903921818443e+03
2.644573301710785017e+03
