1.843700868691560800e+03
1.625104613786151958e+03
1.627194695462346090e+03
1.714519571504919213e+03
1.578781053291786066e+03
1.736985978114518730e+03
1.906306418797445758e+03
2.020508143249115619e+03
1.760701479048661213e+03
1.333954092428698232e+03
1.736000792933725052e+03
1.434570271517310630e+03
1.950797559006619849e+03
2.156823616607769054e+03
2.437450270277758136e+03
2.889437429154950223e+03
3.015264904715437751e+03
2.805284802983537247e+03
2.149457000651775161e+03
1.978812347985919587e+03
2.025126431251258055e+03
1.650620544355597758e+03
1.666694701597226413e+03
1.814690282952579537e+03
1.630054257011051959e+03
1.774059441290318773e+03
1.805574280065299718e+03
2.001756395974575298e+03
2.143672059929936495e+03
2.392832882697038258e+03
2.446884852215670890e+03
2.190054710001583317e+03
2.115126829843802625e+03
1.879448720188875313e+03
1.360873233522390592e+03
1.365847267668459153e+03
1.891594302511738533e+03
2.158373401908847882e+03
2.560840317007449812e+03
2.695924830165604817e+03
2.474776590024318921e+03
1.843367625856438735e+03
1.757031017012570601e+03
1.808177193608860762e+03
1.675707568862726930e+03
1.886316300828141493e+03
1.908254179875633781e+03
1.924653921618797085e+03
1.928645441326109676e+03
2.042144845081463700e+03
2.078478307630324252e+03
2.120806471351781056e+03
2.205300440531575532e+03
1.967192513299575012e+03
1.820939597578593521e+03
1.901024549028666797e+03
1.874185841293721296e+03
2.027501810503671777e+03
2.211617123909644306e+03
2.485012292505896312e+03
2.996225086031719457e+03
2.744415859308916424e+03
2.230811457748116936e+03
1.606511681600346265e+03
1.383203015852964882e+03
1.645291864725374580e+03
1.757612950936382504e+03
1.932871895231641702e+03
2.350317934637490907e+03
2.756168135572208939e+03
2.658602906010645711e+03
2.105826968722638412e+03
2.255086288738682015e+03
1.724439471250087536e+03
1.492966549517497697e+03
1.663311100487082513e+03
1.783156326746280911e+03
1.951463051521491707e+03
2.159934700596099901e+03
2.348050452671202947e+03
2.168723297518083655e+03
1.792650181122743106e+03
1.861336637201274698e+03
1.718100720652034397e+03
1.729768132092956421e+03
2.180975750913290995e+03
2.290221580829034792e+03
2.710302511845040499e+03
3.071800748938206652e+03
2.644297481520083693e+03
1.790537590955341557e+03
1.747223537224301936e+03
1.623107294970575595e+03
1.375876910259531996e+03
1.756092688267351605e+03
2.071759084176351735e+03
2.224810690181730024e+03
2.465147742825335627e+03
2.230508071679907516e+03
2.151295390520356250e+03
2.080465614263468524e+03
2.050352191743563253e+03
1.861328138818393882e+03
1.769281553936570845e+03
1.841526221283205814e+03
1.649250273034816701e+03
1.742629912675175774e+03
1.960736754180459457e+03
1.559477694783876132e+03
1.635304261841482230e+03
1.434166487306805038e+03
2.012213359509932616e+03
2.101290966428266984e+03
2.379495205963045919e+03
2.871834841194976889e+03
2.389794921155393240e+03
2.492730314883521714e+03
2.389782022716671690e+03
2.289262661263812788e+03
1.689097844733121974e+03
1.686881757196095123e+03
1.893440322071753599e+03
2.162506604685850562e+03
2.370861587601815245e+03
2.476509997623996242e+03
2.425945553715856022e+03
2.027932628814488226e+03
1.720403759826313717e+03
1.868424052001021664e+03
1.784305304957950284e+03
1.629399838614863484e+03
1.704092698460636029e+03
2.035858291211536880e+03
2.219370109894661709e+03
2.475770272614541227e+03
1.968050314877068558e+03
1.529238813975408448e+03
1.732896300791135900e+03
2.146196070207136017e+03
2.744287486761111268e+03
2.980530655368120733e+03
2.314566618893186842e+03
2.545570617939911244e+03
1.751703224071969998e+03
1.659858144336622445e+03
1.185786433096291603e+03
6.729202433915617121e+02
1.878216709148419568e+03
2.324649543200236167e+03
2.218257538825244865e+03
1.889981374978620124e+03
1.755393387014921018e+03
1.954339136981865295e+03
2.050881409236988475e+03
2.180025153680509447e+03
2.520161774801571937e+03
2.528521182258024510e+03
2.508825606068808611e+03
2.253199899893505972e+03
2.210198682465903403e+03
2.015244190174019650e+03
1.801433641653723271e+03
1.074415159395999581e+03
1.152746611279838589e+03
1.544282502342729003e+03
1.981683144214027152e+03
2.170995628183607096e+03
2.302735341621865700e+03
2.239242858864575282e+03
1.880855154864909309e+03
1.902226315590751028e+03
2.059530489785759528e+03
2.398917637607263714e+03
2.039571626461262667e+03
1.691648437503788045e+03
1.523436684609523809e+03
1.814058710061636248e+03
2.369810950574980779e+03
2.812142830239691193e+03
2.925013441645804050e+03
2.061111208578044625e+03
1.465577072709276081e+03
1.930835227950968147e+03
1.625262148049589541e+03
1.858326743967691982e+03
2.155324375772592248e+03
2.305750827135429972e+03
2.883390095050595846e+03
2.089412481549708446e+03
1.298282639412606841e+03
1.410914339578083855e+03
1.673444540176205692e+03
1.928163236620068346e+03
2.144096107551133628e+03
2.338655046655407659e+03
2.414733255330743305e+03
2.889470928466354508e+03
2.271422344731481644e+03
1.327996096134633717e+03
1.225326436152274482e+03
1.538689992897668844e+03
2.040225544405256187e+03
2.552464638400696003e+03
3.105096149187557330e+03
2.683764639853339304e+03
1.458263779070257215e+03
2.037929412768167367e+03
1.664386358839141622e+03
1.556403542604281938e+03
1.406133347027087439e+03
1.931055567196204947e+03
2.271746481968738863e+03
2.702182700684268184e+03
1.746560304874158874e+03
1.651550326396817354e+03
1.759166578265024327e+03
1.756383797735255939e+03
2.227840823113112037e+03
2.396105128592933852e+03
2.498520783022103387e+03
2.474228163882256467e+03
1.921393870111580782e+03
1.650284982014124580e+03
1.604555991601475625e+03
1.649679943689761558e+03
2.151385527413359796e+03
2.550093218357075784e+03
2.642109573456698399e+03
2.101289574765963152e+03
1.355206191069460374e+03
1.464800183948275162e+03
1.773423873144465688e+03
2.269873200933201588e+03
2.345377222672135304e+03
2.388489284326349662e+03
2.234600253248236186e+03
2.137055735582493526e+03
1.672089837190966364e+03
1.523509458449478871e+03
1.702825340069896583e+03
1.798283538607673790e+03
2.203155896765906618e+03
2.384135654254803740e+03
2.520964317777848009e+03
2.347214357281138746e+03
1.849170057851199999e+03
1.981389431975747812e+03
1.600317170197031601e+03
1.525877701181312887e+03
1.784005517060755665e+03
1.933128508604825583e+03
2.080456476425872552e+03
2.336203471476438153e+03
2.417594908502027920e+03
2.404904211656058578e+03
2.342193164653004715e+03
1.972287677716035660e+03
1.949078745966767201e+03
1.975457139834018562e+03
1.683831075596720666e+03
1.635933544855465698e+03
1.915821647762903694e+03
2.149324501341005998e+03
2.378720883148346275e+03
2.573183397785686338e+03
2.456370067410021420e+03
2.106315864555062944e+03
1.908622669952522529e+03
2.039183791325286165e+03
1.642706958864267108e+03
1.484747090193453687e+03
1.782235168293958850e+03
1.588958616920422401e+03
1.958359661564793214e+03
2.074373332482103251e+03
2.277020103244166421e+03
2.251278220359351508e+03
2.425610459592260213e+03
2.319430436495085360e+03
1.770142774849827674e+03
1.342426301723292454e+03
1.567652634653632731e+03
1.927624485855004878e+03
1.946849551619724934e+03
