1.952221126137972306e+03
2.087813240499147923e+03
2.148004312943397053e+03
2.229946778749547775e+03
1.909952527911237667e+03
2.110523231725309870e+03
2.181434875503304738e+03
2.280084511079979166e+03
2.035655859403113482e+03
2.166899333386571016e+03
2.200110309099018650e+03
2.027590965230234815e+03
1.983766133930802880e+03
2.049247798019819129e+03
2.131076507832144671e+03
1.979644461643290924e+03
2.075388175356185002e+03
2.271231216094696265e+03
1.797405614621562108e+03
1.858541318816006878e+03
1.885975092333656676e+03
2.285582998139209394e+03
2.119156470727156375e+03
2.092471071826636944e+03
2.206095420426202963e+03
2.076882245988717841e+03
2.126779011864120093e+03
2.127029927380099252e+03
2.136891095936000966e+03
2.205174462681223304e+03
2.227212568507760352e+03
2.149144450706488897e+03
2.298447923069313219e+03
2.104073064425534085e+03
2.294872631934606488e+03
2.238598078699604685e+03
2.203363674451064526e+03
1.958704756411466633e+03
2.248470604903386629e+03
2.107166957202128287e+03
2.303568908604730041e+03
2.236397222947605314e+03
2.133142292764572630e+03
2.342358380222548931e+03
2.235960802445827994e+03
2.169983352172951072e+03
2.225964729535312927e+03
2.056990520734977054e+03
2.109290790219793053e+03
2.044719494841132018e+03
2.121780169612803093e+03
2.130881969337999635e+03
2.078642014114021549e+03
2.042127153756833422e+03
2.285752240563363557e+03
2.245295747086210667e+03
2.193053849489499953e+03
2.408862605033461023e+03
1.918930276769601278e+03
2.268176034169985542e+03
2.115641091689242330e+03
2.142187733393691815e+03
2.140003689783600748e+03
2.238625745215276311e+03
2.118387344066819878e+03
2.039052645796370598e+03
2.110903654863751399e+03
2.132936861879459229e+03
2.350902289679592741e+03
2.220121345802131145e+03
2.010034860957074670e+03
2.360593703404499138e+03
2.287376346603453840e+03
2.295661193573010223e+03
2.234528501688027973e+03
2.164995758039198336e+03
2.340356138038202062e+03
2.226775733072401181e+03
2.442661331097275252e+03
2.280432474601120703e+03
2.206994635594788633e+03
2.388352519027392191e+03
2.419975827078008933e+03
2.332727388565363981e+03
2.096149925065608386e+03
2.371335712412970679e+03
2.152417114889160075e+03
2.233179329492960733e+03
2.252061216085448450e+03
2.134669060584367344e+03
2.357523686737249591e+03
2.237376127245590396e+03
2.125098782518729877e+03
2.235742587476197059e+03
2.328954163246392909e+03
2.181433763054746578e+03
2.259713554634444790e+03
2.210148626851722838e+03
1.999434621538932106e+03
2.256718713778549500e+03
2.233574331428323603e+03
2.190919826160316461e+03
2.183921979971367364e+03
2.207903716545371026e+03
2.348148673184491599e+03
2.148430892461873100e+03
2.264987685063688787e+03
2.134522940803559777e+03
2.344544120111983375e+03
2.122493094372744963e+03
2.328090374999107553e+03
2.224249918186694686e+03
2.112589321269087577e+03
2.134885898406430442e+03
2.289921079647081115e+03
2.084337881320876477e+03
2.265057299141477415e+03
2.167286867637530122e+03
2.275955998281822303e+03
2.149365010323421757e+03
2.175630343009422631e+03
2.367508929135428843e+03
2.128788954807707796e+03
2.338129309562543312e+03
2.263138743173644798e+03
2.205589544768964970e+03
2.285589143883767520e+03
2.418733206708338457e+03
2.359702477496901338e+03
2.396137445498091438e+03
2.315717060006469637e+03
2.104434135295711258e+03
2.392487642610306466e+03
2.015037103367651071e+03
2.079764990956124620e+03
2.220420375514129319e+03
2.038877426611576993e+03
2.286007411410123950e+03
2.121647733934967164e+03
2.129075682924233661e+03
2.265880888983022032e+03
2.148794940635020794e+03
2.237384861724409348e+03
2.195996942939398650e+03
1.987863928594804065e+03
2.130931517681143305e+03
2.233486584936921645e+03
2.055156921192065511e+03
2.256743150201918070e+03
2.181240221004380601e+03
2.054960521248224268e+03
2.369174451519940703e+03
2.129544519741836211e+03
2.233486183407933822e+03
2.235476114451920239e+03
2.134168244043374671e+03
2.196381183357923874e+03
2.336932433161206973e+03
2.250500364384778550e+03
2.118492975357267369e+03
2.078328346412202336e+03
2.275428846760491069e+03
2.182488179071583090e+03
2.003604129154857446e+03
2.008956715449116928e+03
2.266462672594014293e+03
2.001629865757969810e+03
2.174030272008140855e+03
2.064608313986856501e+03
2.203342540520596685e+03
2.151465425248758493e+03
2.110735094535426924e+03
2.171683830030293393e+03
2.280216937976039389e+03
2.243706942978314146e+03
2.178717433100298422e+03
2.119670469209153453e+03
2.189869503666530818e+03
2.274859453684990058e+03
2.129086508447063807e+03
2.064253648800881365e+03
2.024446961087202226e+03
2.160382988073098659e+03
1.987888064800162510e+03
2.087472311222786175e+03
2.004042106707148605e+03
1.978264692630120408e+03
2.081810148838640998e+03
2.226914862592073860e+03
2.075711149476936953e+03
1.970341941220783156e+03
2.113303854543794841e+03
2.045891191673334333e+03
2.022409054256940863e+03
2.139891917250822644e+03
2.111769317663329730e+03
2.123636886052034697e+03
2.210748047956111805e+03
2.145150731560245731e+03
2.193104417793379525e+03
2.062314587655283958e+03
2.276559381407610545e+03
1.801124505910786866e+03
2.317826614508274815e+03
2.160040977584178108e+03
2.130108573898859504e+03
2.101457062703543215e+03
2.135608536396491672e+03
2.047435829384430690e+03
2.012354321047349913e+03
2.084776306440527605e+03
2.028798746516511528e+03
2.039609756127061701e+03
2.079600206594703195e+03
1.958053056071697711e+03
2.052138982502145154e+03
2.024599228499331048e+03
2.178818969136275427e+03
1.885212371167916444e+03
2.040133460619923881e+03
1.986919387872776497e+03
1.946900645713373706e+03
2.048704869398309711e+03
2.053155153888461427e+03
2.072181879870103330e+03
2.012771033248409594e+03
2.035739948361249617e+03
2.008675488180344701e+03
2.037248570146725342e+03
2.034436868728747413e+03
1.827358627760623904e+03
2.061507928647894460e+03
1.980358713725982625e+03
1.953045715548350927e+03
2.132839661561982666e+03
2.200515024016122879e+03
2.014299901559667433e+03
2.067825957571645176e+03
2.052078929734471330e+03
1.996497088824028879e+03
2.076252714833185564e+03
1.997768037840637135e+03
2.068004682844534727e+03
2.143785301728756167e+03
2.074271162918060782e+03
2.146594426782773098e+03
2.126689203145241663e+03
2.026367871064845303e+03
2.168549115443277969e+03
1.983798684659535866e+03
2.271587896176029062e+03
2.033971978177560914e+03
2.167133361034687823e+03
2.247977691941965986e+03
2.279863491477975003e+03
2.227176195551595356e+03
2.092115442474763313e+03
2.195668188790371914e+03
2.116691582033083250e+03
2.067450628133321516e+03
2.085572899957690879e+03
1.923066189562014642e+03
2.137990084767672670e+03
2.025838223022931516e+03
2.089589388847565260e+03
1.959942382597943151e+03
1.945039021022697625e+03
1.961121499037933745e+03
1.867561597021807302e+03
2.006340289984107130e+03
1.873797972660223650e+03
2.111394610466877111e+03
2.055501362972820516e+03
2.126974717791359581e+03
2.053844740905852632e+03
1.850223675680330871e+03
2.047459824777064114e+03
1.791382879716688876e+03
1.929148439705774308e+03
1.955338639727691316e+03
1.760680900024246057e+03
2.084055858162332697e+03
2.015701496300881217e+03
2.134637780341269263e+03
