1.610993883059724112e+03
1.519288344658238657e+03
1.485448777136759873e+03
1.915168639330552196e+03
1.716849673501038978e+03
4.295519485217698730e+02
3.820113695733624354e+03
3.219756151867039080e+03
2.320155366299795787e+03
2.176794585122725039e+03
2.154052898047968029e+03
2.065848466117688531e+03
2.272947990041081084e+03
1.541448223043954840e+03
1.696014163930492487e+03
1.924930186727859109e+03
2.620138831126060268e+03
2.645854913851285801e+03
2.310218713468185797e+03
2.077239584351277244e+03
2.084995530473563576e+03
2.082703173690746553e+03
1.948009879894178766e+03
1.862519545651874523e+03
1.695150239268757332e+03
2.060840461208293618e+03
1.802298657599010994e+03
2.582993564838500788e+03
2.766491111979125890e+03
2.313080757616633036e+03
2.763841899847422155e+03
2.622626039316591232e+03
2.191338797140143015e+03
2.354187693422158191e+03
2.001764829642017958e+03
1.488737532806551371e+03
1.502312559975263412e+03
1.686916725876683586e+03
1.788120002889966145e+03
1.622166293867178865e+03
1.964412770158339981e+03
2.204301019651094975e+03
2.120449285699534357e+03
2.372061805058887785e+03
2.477083544433525731e+03
2.513798589541008369e+03
2.597627456055764469e+03
2.520733390442791915e+03
2.556941479739188708e+03
2.513178287421887035e+03
2.250683184464354326e+03
2.278237378346930200e+03
2.115052861675773784e+03
1.979034768296063703e+03
1.827727602764729681e+03
1.680434840887975724e+03
1.499548464566665189e+03
1.497893612323269508e+03
1.693357764285997064e+03
1.618140486562339674e+03
1.609831938214978436e+03
1.565984788442393665e+03
1.682943432759516099e+03
1.647546968837293434e+03
1.688213784768075357e+03
1.820824352902935743e+03
1.757618443853476037e+03
1.783255224568121093e+03
1.865523280138919972e+03
1.594828944280150154e+03
1.617366596739384477e+03
1.851051973251327581e+03
2.024475012396426109e+03
2.025803404778751656e+03
2.272537065395720674e+03
2.386654419885514926e+03
2.221918681811399892e+03
2.216716405878614296e+03
2.255860987514532098e+03
2.731522663417156764e+03
6.238775420952598552e+02
2.765696428055480283e+03
2.502925946871759606e+03
1.726700403926639638e+03
1.623226878464593710e+03
1.828702362237606394e+03
1.986037991398433405e+03
1.935789179439231020e+03
1.899406708349297105e+03
2.110887166108860583e+03
2.066651984529186848e+03
1.967745556562229922e+03
2.197026319614374643e+03
1.797725049975992306e+03
1.589208664817940644e+03
1.722829789128807079e+03
1.624856798225600187e+03
1.839323574903592771e+03
1.201153280223579486e+03
4.884885894206237822e+02
4.071448500810931819e+03
3.857497201661467443e+03
5.832933932079652095e+02
7.864912528489820254e+00
3.086351871207541990e+03
1.523612816729700853e+03
1.153290303783920081e+03
2.821781396234918248e+03
3.993974840055238360e+02
2.670808686306698746e+03
2.839040656419241259e+03
1.651575488280795298e+03
3.106334319962198606e+03
1.213533204542779004e+03
3.082785341538118246e+03
1.047205908805006629e+03
2.323902639356600048e+03
2.229463878068076610e+03
1.627964614100047356e+03
2.195526710872310559e+03
2.416057244571572028e+03
2.129395712467107842e+03
2.020106369501878135e+03
2.020679136645800327e+03
2.015512583405905843e+03
1.966119827060512762e+03
2.067707785067638270e+03
2.075965417382446049e+03
2.083703354362643950e+03
2.199552801242583882e+03
2.175645842026281571e+03
2.111001092580675049e+03
2.095320799556023758e+03
2.066089474710117429e+03
1.781840778847210686e+03
1.402630830025886326e+03
1.666702068063626484e+03
2.277209535256196432e+03
1.972967187543571981e+03
1.766597660639037258e+03
2.227752809235852055e+03
2.617986967702117909e+03
2.631667134788247040e+03
2.243534411976120282e+03
2.375686066808710621e+03
2.393692838265013052e+03
2.188440966895935617e+03
1.749846080429246285e+03
1.202852628045711981e+03
2.519843904993413616e+03
2.276233082877336074e+03
1.691211163831389058e+03
1.764091608757381437e+03
1.730291322274283175e+03
1.787591694601843756e+03
2.090652926342818773e+03
2.142512332958343904e+03
2.630580567645330575e+03
2.552515638938473785e+03
2.304272374846741513e+03
1.922526242724092072e+03
1.435884978928485452e+03
1.714631669759132819e+03
1.812640866875943630e+03
2.102542718716809304e+03
2.202388063493703612e+03
2.012102071844619559e+03
2.246811175110687600e+03
2.332329933775550671e+03
2.299610253099956935e+03
2.584911285878930812e+03
2.494606667510823627e+03
2.462642194382653997e+03
2.300565300184271564e+03
1.978180744691076143e+03
1.819864618852931699e+03
1.520296966972526661e+03
1.570882506061540880e+03
1.474154011869568876e+03
1.596098864294074019e+03
1.782929522294699609e+03
1.965989945326195766e+03
2.334427446035319917e+03
2.255445552241968471e+03
2.254399998828908338e+03
2.429165002332519634e+03
2.022679639060655290e+03
1.721125721960944929e+03
2.107043388525172304e+03
2.267573046957523729e+03
2.213108380153013059e+03
2.341456642352931794e+03
2.262544914210953721e+03
2.349065218940330851e+03
2.227509670363970145e+03
2.103323522752691588e+03
1.995764560871942194e+03
1.808742541454048251e+03
1.805226793490866157e+03
1.680294458679783929e+03
1.741588237677883399e+03
1.955105100173411074e+03
1.826177058994624304e+03
1.946985400448936161e+03
2.186787155042312406e+03
1.735415989508007442e+03
1.665833390309348033e+03
1.778347420846006798e+03
1.735643514138475211e+03
1.726238203794691799e+03
1.877027062834564958e+03
1.859695596959938257e+03
1.882581169410088705e+03
1.939265366715517757e+03
1.878004124025471583e+03
1.631570855070724065e+03
1.438021293746602851e+03
1.526575644023172799e+03
1.779114195985316201e+03
2.097408831178913715e+03
2.206231996464347958e+03
2.131593208106461589e+03
2.119235776092013111e+03
2.851189770483451866e+03
3.006918023300625578e+02
1.738953443407013992e+03
2.155366139778549041e+03
-4.990971754969582008e+01
2.628225964214981559e+03
3.014828691967803934e+03
1.439164091053034099e+03
4.061377361848888540e+03
-1.968378133844310867e+02
2.987309394954267646e+03
2.778420651225225356e+03
1.238400410562466504e+03
2.727540790378763631e+03
1.493480446875339567e+03
2.550397645517664387e+03
2.389877370826399329e+03
2.124577396137307460e+03
2.087570285861686898e+03
1.625790166831357737e+03
2.023073995157200898e+03
1.909103265170972008e+03
2.989480825143173206e+03
2.574937165172660571e+03
2.279554374320498937e+03
1.840949044762457333e+03
1.814244809544516102e+03
1.876918780156078356e+03
1.144445887705277983e+03
2.212668926101161105e+03
1.647164711407677260e+03
1.964141001093634941e+03
2.276097427393418002e+03
1.896209846917623963e+03
1.950414019260603482e+03
2.230353956003449184e+03
2.304697883361721324e+03
2.341472536860684613e+03
2.287323272796396395e+03
2.123389940792522339e+03
2.302615621681037737e+03
2.517322361173227819e+03
2.540172548718896451e+03
2.432586237635789530e+03
2.091430579338063581e+03
1.910665186793195971e+03
2.177145503514090706e+03
2.278901709723611020e+03
2.356975627949607315e+03
2.394974407100206008e+03
1.437725056291775445e+03
5.212224288873893556e+02
3.479780793375043686e+03
2.021761923596734277e+03
1.614225001141062876e+03
1.623593701708588014e+03
2.050491854478141704e+03
2.480116882018647175e+03
2.740776831184391540e+03
2.588908362973499152e+03
2.225764343227907375e+03
