2.111408805150282660e+03
1.924343712312770549e+03
1.744080227478771121e+03
1.614341377245341846e+03
2.255780948558893215e+03
2.270335769292783880e+03
2.336389717617530550e+03
2.814020630690050893e+03
2.253845735766266898e+03
2.279647846140830552e+03
5.676111480498293531e+02
1.592074064098461122e+03
1.860440560617048504e+03
2.109543530008058951e+03
2.259364889984428373e+03
2.132433180665517739e+03
1.877283776334088088e+03
1.666710969366886047e+03
1.756903165282506734e+03
1.962396979231320756e+03
2.648101120431449090e+03
2.496775114601543919e+03
2.256056688887973905e+03
1.866467862751988378e+03
1.710966189826396885e+03
1.633329450144388375e+03
1.905290679101789010e+03
2.422205950945308359e+03
2.299520658756910052e+03
2.182355077633264955e+03
2.113467050087233929e+03
1.697703381802204603e+03
1.685245486972080698e+03
1.965350887548105902e+03
2.155078227280086139e+03
1.530155414699044968e+03
2.413307465959813726e+03
2.578282272288060994e+03
1.969134783586435560e+03
2.341949683526868739e+03
5.544366124564758138e+02
1.819759410448437393e+03
1.665276317883357024e+03
2.070154773482518067e+03
1.876248865691347874e+03
1.670292179759023156e+03
3.059907120102898716e+03
1.672708824526922854e+03
2.069698666945614150e+03
2.481445826537154517e+03
1.993165405768128494e+03
2.465397874516057982e+03
2.005315787947348099e+03
2.298779148390655791e+03
2.033796126771181662e+03
1.866533466634523165e+03
1.927610995735029746e+03
1.786724223706074326e+03
1.835422680065083114e+03
2.017911843389240858e+03
1.912204788465930960e+03
1.963754911299979540e+03
2.214389491737626031e+03
2.212502437405124965e+03
2.225106690715768764e+03
2.505821778791599172e+03
2.435709182457717361e+03
2.272538905571507257e+03
2.268513631241679377e+03
1.873152244113033930e+03
1.589576095189068610e+03
1.651442836175912134e+03
1.685925683668987631e+03
1.571363693720001720e+03
1.948105488481507336e+03
1.963365360561170519e+03
1.896591391906979425e+03
2.208094234220554881e+03
2.281643094020036642e+03
2.477256095784834997e+03
2.480028039673140938e+03
2.531311246632893472e+03
2.061256615127446821e+03
1.557241986195802610e+03
1.917775211970638338e+03
1.543792128746683829e+03
1.459716747376559169e+03
1.873764979090770566e+03
1.653892393215394804e+03
1.961624605229022336e+03
2.273370601259674004e+03
2.317250969028060354e+03
2.378306098160750025e+03
2.481580694078929810e+03
2.111462411819532917e+03
1.737811869001580817e+03
1.818458584628444896e+03
2.529835980351871513e+03
1.836106508416806264e+03
1.681978326360077517e+03
1.720770094054573065e+03
1.472855236738164876e+03
2.442737376796116678e+03
1.999315661091941365e+03
2.561785239693730546e+03
2.944651866714419612e+03
2.184642783812735615e+03
2.242058801151149964e+03
2.097715744429244751e+03
1.947441160229391699e+03
1.915950466258616643e+03
1.277561117393037648e+03
2.038799459363399137e+03
1.810645231787264493e+03
2.024513622890839088e+03
2.415796395142243910e+03
1.916492224692797436e+03
2.464867357860025095e+03
2.322210377882660396e+03
1.614271557390845601e+03
2.341785157975472885e+03
2.155914083354934974e+03
1.939212524941332049e+03
1.774895939968670291e+03
1.879277762089144517e+03
1.738866774946414125e+03
1.795966646484975172e+03
2.159389452477074428e+03
2.200504938473347465e+03
2.266122290951540890e+03
2.260259008012161758e+03
2.530741280380912031e+03
2.067930233804879663e+03
1.669531665419312731e+03
1.922161949454917021e+03
1.637497753778829747e+03
1.697746332997543504e+03
1.677113947732058250e+03
2.387293812843186970e+03
2.311733174166978188e+03
2.321707469239564034e+03
2.306073905902925162e+03
2.375928389180651720e+03
2.069348212477517336e+03
1.662925342369184364e+03
1.924679131679091597e+03
1.806132412196287760e+03
1.485846275881817292e+03
2.069425099742192288e+03
2.029759883629860042e+03
2.099436612392883035e+03
2.553485268229327630e+03
2.363751785319815554e+03
1.951705116885440930e+03
2.152519683730131874e+03
1.856977765202669389e+03
1.551077042486809432e+03
1.966352271965751015e+03
1.747718648878922750e+03
1.681788647045861353e+03
2.098292513371210589e+03
1.921315441247135368e+03
2.044350465109447214e+03
2.355006026057661074e+03
2.309744939287054876e+03
2.240077196904156153e+03
2.006900595468619713e+03
2.336083954953679950e+03
2.041294936398323898e+03
1.710389943077945645e+03
2.216163725249269646e+03
2.057347239396982786e+03
1.947320927964476368e+03
2.643211568396842267e+03
2.197220447686674106e+03
2.378325441922592290e+03
2.425176027888427143e+03
2.437144629467931281e+03
2.151187824508605445e+03
1.799925161528242597e+03
2.999968385409769780e+03
1.411258006531143792e+03
9.996894109093612997e+02
1.919570382127141556e+03
1.760790473955948300e+03
1.628235517798565525e+03
2.088997868438305431e+03
1.949321809584663470e+03
2.050181608626735851e+03
2.435932483831779336e+03
2.398096465039596296e+03
2.258101424199975554e+03
2.375627718167667354e+03
2.096163839360272505e+03
1.638572023058876766e+03
1.715242005641900505e+03
1.714168777715088709e+03
1.807874151341177594e+03
2.092826552959833407e+03
2.463050754074326051e+03
2.480335849993761713e+03
2.199946041125998363e+03
2.281954317228946820e+03
2.084534885466709511e+03
2.253325720568522684e+03
1.540620887529480115e+03
1.120866873181153551e+03
1.537520165018617718e+03
1.945849858259442499e+03
2.107881581228825780e+03
2.175543655495288476e+03
2.335722086683511407e+03
2.323791678224110910e+03
2.005561453983551928e+03
1.708436732652852925e+03
1.675641256502053693e+03
1.570638783066940277e+03
1.837008134790055919e+03
2.117779403844020180e+03
2.539003797051987476e+03
2.366242197855541690e+03
2.301866424651054331e+03
2.049286946250819710e+03
1.117900817425380183e+03
2.156858771358687136e+03
1.767781403477387585e+03
1.995137788646957006e+03
1.713066936233763045e+03
2.121045303918745503e+03
2.136929474770226534e+03
1.804603165604904461e+03
2.349655618396930549e+03
2.431624763299313599e+03
1.966444260287689531e+03
2.735100529814696984e+03
1.793753640399179858e+03
2.254059162890686366e+03
1.813908544616873996e+03
2.103555597475564355e+03
2.115278930256002695e+03
4.714539772810598492e+02
3.145379944763847561e+03
1.756821400847427412e+03
2.170827480400271270e+03
1.879828884873013976e+03
2.183937157431751984e+03
2.255569238057587881e+03
2.269284624197514404e+03
2.232224560622289573e+03
2.045593806581264971e+03
1.820269669779834430e+03
2.002316280608459692e+03
1.726999736080492539e+03
1.733349490946909100e+03
2.028483166214516359e+03
1.924374136419361093e+03
1.827018646834288802e+03
2.256765192834257959e+03
2.105998939449085810e+03
1.898554031905998499e+03
2.286396973080464704e+03
2.452267067029693408e+03
2.075332250029185161e+03
2.510581298976082962e+03
2.433726150971339848e+03
1.956119222976081574e+03
2.035537929057068595e+03
2.086481125909309867e+03
1.807179478959990547e+03
1.523538614452996626e+03
1.946433646182677876e+03
1.824557827371266058e+03
1.732884791781622425e+03
2.341087980100286586e+03
2.417833173559622537e+03
2.373570272006655614e+03
2.495875610724737726e+03
2.517148099949653897e+03
2.269569649514521188e+03
1.848391752781330297e+03
1.975993250922143488e+03
1.460253002717998697e+03
1.451801778397674070e+03
1.845700454801131173e+03
