2.104455910005485748e+03
1.813952413382955001e+03
2.046318456931621313e+03
1.770873245576784484e+03
1.864548265077332417e+03
1.970764157450775656e+03
1.903414215017143306e+03
2.630851749639048194e+03
1.558223356828838405e+03
1.827518000167956643e+03
2.323674781662531132e+03
1.697471244249943538e+03
2.339185367830250925e+03
1.369010681699862289e+03
2.184159402849377329e+03
1.550372200392462446e+03
2.092874270324200097e+03
2.686125183300368462e+03
1.723681980259412740e+03
1.528416551894720897e+03
2.240805026060621458e+03
2.368588257753520338e+03
1.501305302653824810e+03
2.430614200084428830e+03
1.469521389068761437e+03
2.439054074472483535e+03
1.746614229006042933e+03
2.869510168907906063e+03
1.312067630588657948e+03
2.706789056833968061e+03
2.104814659453463719e+03
1.562227218303605014e+03
2.392443837930156860e+03
1.199455452607104917e+03
2.488446279182691796e+03
1.412380494043636418e+03
2.395125270580764663e+03
1.690152591040601237e+03
1.897914909074311709e+03
1.864806964727203422e+03
1.758531794832111473e+03
2.319340586882385651e+03
2.478872929236887558e+03
1.286030348759300523e+03
2.039805685731051426e+03
2.498781020801371142e+03
1.698532981978665248e+03
1.817104332124889424e+03
1.677128564749456473e+03
2.162715131386197299e+03
2.055997423918973254e+03
1.713251676985111999e+03
2.223103279471031783e+03
1.785278307487299116e+03
1.970602364229301202e+03
2.630138614707351280e+03
1.277954192960891987e+03
2.134377892567775689e+03
2.615908468520307906e+03
1.580238039587657568e+03
2.112868996403706205e+03
1.342324285288909778e+03
2.211996791815132383e+03
1.742090979352610020e+03
2.077273557549386624e+03
2.221199008347416111e+03
1.362354126555238736e+03
2.456058434241969280e+03
2.465631838728533694e+03
1.650008661190654266e+03
1.984726230891263413e+03
1.349809234113304683e+03
2.082359716784877946e+03
2.255564667791121792e+03
1.704896257107389602e+03
2.700218460963750658e+03
1.355699193042813931e+03
1.988362875152273773e+03
2.657294094872685491e+03
2.275613211035150016e+03
1.709116429524824071e+03
1.668624181633136232e+03
1.727551743137852782e+03
2.112615279752509650e+03
2.240686286188798476e+03
1.827567877914442988e+03
1.922381007404203729e+03
1.774583883192622352e+03
1.934740987244730150e+03
1.811646169535664967e+03
2.084419648035137016e+03
2.760839153088477360e+03
2.075280913797969788e+03
1.236705329078984278e+03
2.739207967309623200e+03
2.050763311093794982e+03
1.738171221543002503e+03
2.581211118023664767e+03
1.707095452639819314e+03
1.902364948792170026e+03
3.512569715500219900e+03
7.501919481528232154e+02
2.141137769349176779e+03
1.811066252988539418e+03
1.503181015929579189e+03
2.466809526336402996e+03
1.806848864754525039e+03
1.726557802885735782e+03
2.155243827137481730e+03
1.931423078765119953e+03
2.437012065408549915e+03
1.876362439514971129e+03
1.651487400146060963e+03
2.339065269348619495e+03
2.027031672863361791e+03
1.673146359942664276e+03
2.401504938955909438e+03
1.700037735747520628e+03
2.486897096176391187e+03
1.583130962417057617e+03
3.017281029586482873e+03
1.379724677207947479e+03
3.161798176783547660e+03
1.263282314818666009e+03
2.891139019562712292e+03
2.409834306916264723e+03
1.455286255985169646e+03
2.253197208313581541e+03
1.702136059625255712e+03
1.914839587031553492e+03
2.571306054226507058e+03
1.521534129913366769e+03
2.689444131169646880e+03
1.383076427557406760e+03
2.529144678185377416e+03
2.194595760676377267e+03
1.757109493582533105e+03
2.028210133061494389e+03
2.391741564000719791e+03
1.931839118583066238e+03
1.681528216822114928e+03
1.799425068663354523e+03
2.523068101734538232e+03
1.434342774854502068e+03
3.235064116114360331e+03
1.091650669244102801e+03
2.912958841216002384e+03
1.313810195829155191e+03
3.096674914666042696e+03
2.166348389439068796e+03
1.209442957762581273e+03
2.635490462758110425e+03
2.250528527397778362e+03
1.721484720062914903e+03
1.917293634375792180e+03
2.734233577903158221e+03
1.200320429422870575e+03
2.903776342195474626e+03
1.636832635220268457e+03
2.025265208429552104e+03
2.662911533284307552e+03
1.257080436399632390e+03
2.879735189231403638e+03
1.415131408679521655e+03
2.772037869150362440e+03
2.264796401885599607e+03
1.301376544580740529e+03
2.335758785038304268e+03
2.076301680093036339e+03
1.795861567408764813e+03
2.042441025837509869e+03
1.687010125919878419e+03
2.150201757495433412e+03
1.770821188620398971e+03
2.223511400182368106e+03
2.071737386424421402e+03
1.865348192001128155e+03
2.344738672335400679e+03
1.887562892579242316e+03
1.997493068623555928e+03
2.812828442290446674e+03
1.011621785830289809e+03
3.039472798731856528e+03
1.774645204204083029e+03
1.785320085828058154e+03
2.946312183515650759e+03
1.125187454637635710e+03
2.119620575121425645e+03
2.625837986599007309e+03
1.778626838954886352e+03
1.612117234950132570e+03
1.701822265633483767e+03
1.963533998568491825e+03
2.671923116789615960e+03
1.337336899354286288e+03
2.977236189610378915e+03
1.281550473585429245e+03
2.733657559066912654e+03
2.381577605342395145e+03
1.355549490775066261e+03
2.632957266675633946e+03
1.651950005507828337e+03
1.800131964362560439e+03
2.559608602934062219e+03
1.751015225806676199e+03
1.600446543286941733e+03
2.565407517654001367e+03
1.670828158832912322e+03
2.267725962476121367e+03
1.423884255669474442e+03
2.208918497167692749e+03
1.558450035616349624e+03
2.105048625590342908e+03
2.911483296632638485e+03
1.403275828553091969e+03
1.971642822739632948e+03
2.403885992940462984e+03
1.689199800632015013e+03
1.960120653183767672e+03
1.737632077183199272e+03
1.835992972902138945e+03
2.080617700784629051e+03
1.857890772306695908e+03
2.746485942874593547e+03
1.959410645399259920e+03
1.509509717467065911e+03
2.105932328819267696e+03
2.283946920907085769e+03
1.560887590440477879e+03
2.122671874960968580e+03
1.539514119716190635e+03
3.064013296081711360e+03
1.415499468258481784e+03
2.981946699009050008e+03
1.377505518561647477e+03
2.232272912575732789e+03
2.680839394780807197e+03
1.800255833678751742e+03
1.739199588647945347e+03
1.834554938021290127e+03
1.960857841116545615e+03
1.811823004375316259e+03
2.146118417427936492e+03
2.506042096306878648e+03
1.512884084786082894e+03
2.116103046558013375e+03
2.289198553291882035e+03
1.850332679437873139e+03
1.983823340610235846e+03
1.650206344653426640e+03
2.132748562293895247e+03
1.831470541594575252e+03
2.134674575319614178e+03
2.190793730159347433e+03
1.560035647757947800e+03
2.545925522293160157e+03
2.610126600403696102e+03
1.556294843875791230e+03
1.950040430460959215e+03
1.406115962902419142e+03
2.327887404902368871e+03
2.347771644437997566e+03
1.701941658309793638e+03
2.228093051317633581e+03
1.434646341996990941e+03
2.684030536377995759e+03
1.659307142551301240e+03
2.052484751877572307e+03
1.519146348145248339e+03
1.943719226422619840e+03
2.428733103088707594e+03
2.164227933738007778e+03
1.574378368034129153e+03
2.086796623392438050e+03
1.672045888707851191e+03
2.214653483418548149e+03
1.810506010273730681e+03
2.419329997720562915e+03
1.606362591973794451e+03
2.557416075908619860e+03
1.917532367205169066e+03
1.923842717942894751e+03
2.139737764407472241e+03
1.242611649075935929e+03
