3.116647102542699031e+03
1.959070207967431315e+03
1.470979206660979116e+03
2.140972081122354211e+03
2.451612035443706645e+03
2.256625451545573014e+03
1.633323031367483054e+03
2.152989055023130277e+03
1.990302687243338369e+03
2.031943350577466617e+03
2.035751951780306172e+03
2.223848448043416283e+03
1.844891008318326158e+03
1.519070643466947104e+03
2.101204113880094155e+03
2.398225087083088511e+03
1.742623325799458144e+03
2.637167867329021192e+03
1.888217455623456544e+03
1.048442097537393693e+03
2.556204269844456576e+03
2.675546174353102742e+03
1.831221007929381813e+03
1.723573444794342777e+03
2.436293664904741036e+03
1.389162807238919413e+03
2.355948716554756174e+03
2.793088361339914172e+03
2.379482298011526382e+03
1.350144673183811392e+03
2.392110418885971740e+03
1.912364417900593025e+03
1.892293774258243957e+03
2.507937132084290624e+03
2.467299946210348480e+03
1.076859724173640871e+03
2.473895418644549409e+03
1.947118829850578550e+03
2.152969720071789652e+03
1.805575065140450079e+03
2.437852839962690723e+03
1.420858014239473505e+03
2.241908336897044592e+03
2.753032490317601059e+03
2.180640165634663390e+03
1.934897718163664649e+03
1.533070616322778960e+03
2.218110010825999325e+03
2.356563407735804049e+03
2.811210409378130407e+03
1.455836909830442437e+03
2.115911593907102542e+03
2.181501763184970059e+03
2.219626627927026220e+03
1.918624212004415995e+03
2.009086777623331500e+03
1.186839681029014855e+03
2.151951547232766188e+03
3.653581472809268234e+03
1.656266740378695886e+03
1.074017793165435705e+03
2.410461981098530487e+03
2.006452266957064694e+03
1.858947186390114439e+03
2.695449206427203535e+03
1.918366418197829034e+03
1.491392666614545988e+03
2.182726430570264711e+03
2.365524921565035584e+03
1.696547000270044919e+03
2.278368105213588024e+03
1.806444678864052094e+03
1.297571200542408860e+03
2.534737373963347181e+03
2.490708394860499993e+03
1.440018017026502093e+03
2.366564998607413600e+03
1.629774569522087404e+03
1.106364254789692950e+03
3.286582924687015748e+03
2.921713395004994709e+03
1.215310708570515544e+03
2.138636174754344211e+03
1.916419036967612101e+03
1.617733307135217274e+03
2.579392551806775373e+03
2.446505408889331648e+03
1.185136701386280947e+03
2.220712495966613005e+03
2.013599923686814464e+03
2.358246648769660624e+03
2.153582520795316213e+03
1.403093637459632419e+03
2.396386758230608393e+03
2.155093465033627581e+03
2.185269784729970524e+03
1.833464646568742410e+03
2.986617490756674215e+03
1.586020476480769730e+03
1.521161347189869048e+03
4.212261088713640675e+03
5.044540775108113166e+02
3.708296905907825931e+03
-1.947325311615398959e+02
1.006845755941994980e+03
1.651163514790462159e+03
4.309047666179652879e+03
-4.361977229732328709e+01
3.522591262372474830e+03
4.398052056333796589e-01
3.480803862482587192e+03
2.374324442816305691e+03
2.028060269566883790e+03
2.383590694754826018e+03
1.445494627124058297e+03
1.814210000331228457e+03
2.513778027325277435e+03
1.294804586836454746e+03
1.446716432129175473e+03
2.744931432269458583e+03
1.243035975399875269e+03
2.055236773378397174e+03
1.854559409853290845e+03
1.883882852658056663e+03
2.010405447780279928e+03
2.000729933157002733e+03
2.319383437893420250e+03
2.099733630037566854e+03
1.894545874244452762e+03
1.886834597172128269e+03
2.007889298665864317e+03
2.242253748472186999e+03
2.159727828524140932e+03
1.952193533110323870e+03
1.745784682654657217e+03
2.253628064631892357e+03
2.276645541743299873e+03
2.110951419964262186e+03
1.588717551182901843e+03
2.225489888925351806e+03
2.088377248077035347e+03
2.200665710085876071e+03
1.823079872365099163e+03
2.035389091182337097e+03
2.010493486691766066e+03
2.223312767268061179e+03
2.145079178511569808e+03
1.573857293303065489e+03
1.534714055348756347e+03
2.686578116956116901e+03
2.287841608020166404e+03
1.555118792712183676e+03
2.468164327917094852e+03
1.575374257171206864e+03
1.273632806768434875e+03
3.147746248663576807e+03
2.597679268255746592e+03
1.967121210534946158e+03
8.110118117858675078e+02
2.395403515647949916e+03
2.231092935962185493e+03
2.236827675660801560e+03
2.466056458718180693e+03
1.332664863869975534e+03
1.874278415067363312e+03
2.001528516642270233e+03
2.660722625578457610e+03
2.372445567718217262e+03
1.576885260826721378e+03
2.110274975775429994e+03
1.810612691197967251e+03
1.697037737954695785e+03
2.640591394997099087e+03
2.158854100163368003e+03
1.042297657219904067e+03
2.556146470320677963e+03
1.796423878425969178e+03
1.210356945856603488e+03
2.707194672424463533e+03
2.717477202347422462e+03
2.376571364928469848e+03
1.202543907888359854e+03
2.414384658997847055e+03
1.973942924996068768e+03
6.047843310792469538e+02
2.937304683311984718e+03
3.082076745468684749e+03
2.344256911576819675e+03
2.150370004829730078e+03
1.648001166529222928e+03
2.219864171854734650e+03
1.871080694193719637e+03
1.627204497290052359e+03
2.667548810746593517e+03
2.221928045260317504e+03
1.837974466534260500e+03
1.409364593805587901e+03
2.942075918010583791e+03
1.108285623087595695e+03
1.648190588338147791e+03
1.786168934406586459e+03
1.661999559973023906e+03
1.886802527736071397e+03
1.694091842716817155e+03
2.264225361311719098e+03
2.368038154878756814e+03
3.890569794163641291e+03
2.446441247946394014e+03
1.281499630238349255e+03
1.787374377265875410e+03
2.326311454159953428e+03
1.805845054857170453e+03
1.582502950944040094e+03
1.869568666789462213e+03
2.172594836495034542e+03
2.018165587380502302e+03
1.699613373264195843e+03
1.896328469691780356e+03
2.063422329100032584e+03
2.413525212989448846e+03
2.039587761895409585e+03
1.875024598208737871e+03
1.914797226272116177e+03
2.881380362961399896e+03
-1.258025884424427687e+02
5.292612470449572584e+02
4.266734314766475109e+03
3.054953586481560706e+03
2.780622923799658111e+03
1.487989238210940584e+03
2.869433884614915769e+03
2.802267680740579635e+03
2.361413454147717857e+03
2.555731459458339032e+03
3.223617125045401735e+03
2.249122284638466681e+03
1.877617887630381119e+03
3.214370923953556485e+03
2.812916802233497492e+03
1.147719221499868581e+03
2.039727926842021816e+03
1.088046260505250530e+03
5.239986199391914852e+02
2.889754556229970603e+03
2.733497153698998318e+03
9.604890379025324592e+02
1.962632939555005123e+03
2.328712424381998062e+03
2.410412670518038340e+03
2.264847367005379965e+03
2.189550678741297816e+03
1.991423971665695035e+03
1.948629097166452993e+03
1.993658581103768938e+03
1.957615623534707993e+03
2.086755088923702715e+03
2.094114584384471982e+03
1.992255955011092055e+03
1.856534423866500902e+03
1.969076521288572849e+03
2.004304934262179813e+03
2.049984402048668926e+03
2.232072123926248878e+03
2.095128627585366758e+03
1.793764103552399320e+03
1.964456578983988720e+03
1.795401074146760720e+03
3.478313326670316656e+03
2.088742351661378052e+03
1.642149600365021342e+03
1.580450173303536758e+03
1.763484283201263452e+03
1.640835031202922892e+03
1.673855145322747831e+03
2.228682071704828104e+03
2.020619441192391150e+03
1.906625705587589891e+03
1.735361467998767466e+03
2.058631315703870769e+03
2.120104415659180631e+03
2.117151975219026554e+03
1.947654096896372948e+03
2.093606744384795093e+03
1.962302039743259911e+03
