3.099967964004040368e+03
1.895293477208375407e+03
1.263071726945155433e+03
2.024060430256183736e+03
2.456541231089628127e+03
1.821995243430270193e+03
1.707872118069322823e+03
2.479476126110798759e+03
2.104716405170980124e+03
1.386073046837768970e+03
2.413674819960773675e+03
2.526703573126038464e+03
2.160559884779088861e+03
1.409903829847610041e+03
1.706998070115527298e+03
2.904250207069819680e+03
2.126760693123679175e+03
1.568812841328152899e+03
2.259019338581685588e+03
2.079960598509412648e+03
1.986507850451177774e+03
1.917761860380464896e+03
2.447169727231385878e+03
2.005735644191190204e+03
2.110855862614363105e+03
1.767493266181234958e+03
2.148757911509891073e+03
2.502508399803506563e+03
2.171080677957994794e+03
1.570334425092922629e+03
2.085625505392254126e+03
2.394010299165303877e+03
1.823857356769099169e+03
1.866579363782917653e+03
2.103924109194378161e+03
2.468874423406115056e+03
1.635883336545771726e+03
1.807655620872653344e+03
2.285782044865162788e+03
2.481743723420145670e+03
1.458671712154944316e+03
2.053253640045870270e+03
2.391099860913122029e+03
2.275274246799535376e+03
1.436607810443517337e+03
2.096058896552948681e+03
2.552164459899261601e+03
2.011215780265211833e+03
1.435722815594163194e+03
2.367857442818102299e+03
2.608317191355732575e+03
1.745925822877524752e+03
1.529949969687135535e+03
2.617754350597092980e+03
2.239213951912886387e+03
1.499402057509245651e+03
1.742693477981570368e+03
2.677234416253291784e+03
2.282519160708026448e+03
1.792130889546204799e+03
1.570159744072657986e+03
1.994570142138975370e+03
2.718506336013884265e+03
1.823057317205803429e+03
1.538092241764684331e+03
2.212822982838236385e+03
2.122697207866208373e+03
1.776357012957989809e+03
1.901015993376477354e+03
2.324883915165832150e+03
1.922284205147608873e+03
1.959356857033049891e+03
1.966827200313806543e+03
2.286665026788578871e+03
2.015247759155084168e+03
1.902247003745097572e+03
1.988518843896264798e+03
2.375141833810937896e+03
1.559314690774546989e+03
2.062813283565725214e+03
2.619078145193991077e+03
1.935197377937325200e+03
1.513621889347673005e+03
2.404431766820012854e+03
2.525907513072996608e+03
2.121398773187719144e+03
1.958658354896728270e+03
1.743241742504336571e+03
1.632226987475325359e+03
2.349338725915974010e+03
2.349143924134991721e+03
1.905661452543524547e+03
1.380423946087600370e+03
1.994822508533112568e+03
2.126585796980362375e+03
2.523422398528931353e+03
1.439124748261468540e+03
2.071749186077847298e+03
2.324322950113743900e+03
1.841986109148245532e+03
1.639005549727661673e+03
2.983606567367583011e+03
1.093846264019517548e+03
3.791230218578539279e+03
8.265763573880843751e+02
4.221136057962021368e+03
1.390656006707949928e+02
3.230023833996911435e+03
9.251775394168440698e+02
3.455446102637029981e+03
2.860861078127554720e+03
2.979544748045185315e+03
1.598058532927958595e+03
1.260864967212813326e+03
1.382040605739753346e+03
1.440460358332306214e+03
3.419159875563512742e+03
1.456249913277369842e+03
3.917037900537502537e+03
4.404678596421628640e+02
1.331653227671577724e+03
1.481608597349709498e+03
1.819535432031835853e+03
2.235571837808182863e+03
2.131257945801956339e+03
1.765263310904617356e+03
1.976606672762469088e+03
2.213037465118744421e+03
2.124889899510475971e+03
2.037886462574092093e+03
1.922992028294890133e+03
2.239706805045161218e+03
1.761449224673321851e+03
2.152563121864640379e+03
2.219574264719350595e+03
2.197369865803892026e+03
1.634168484076885079e+03
1.737148174826649210e+03
2.735572587422554534e+03
2.311562911128421547e+03
1.484795189307995088e+03
1.863536155098791824e+03
2.656809145098181034e+03
2.026234820232288484e+03
1.392979112871043071e+03
2.051231073785698300e+03
2.527631007283605413e+03
2.088916573961906124e+03
1.696224945141895887e+03
1.866108482326668991e+03
2.317962838986344650e+03
2.160479792849936985e+03
1.772974707882336816e+03
1.942564542229357357e+03
2.233250068970634402e+03
2.078507036289808184e+03
1.836760807363014464e+03
1.944982342134227110e+03
2.241981871732585660e+03
2.126253372741883140e+03
1.858035427077012400e+03
1.893848289559001387e+03
2.390590004569120083e+03
1.868398439903808139e+03
1.863372215039342109e+03
2.117460513171130970e+03
2.387173546727820394e+03
2.317516596596509316e+03
2.135915839329703431e+03
1.761867255566555514e+03
1.995759522567703016e+03
2.126289846145601132e+03
2.240994922757229688e+03
1.582845381334481999e+03
2.021535123795128584e+03
2.224244710464916807e+03
2.288194376385007217e+03
1.533622733340884224e+03
2.109805210352411905e+03
2.456197778060001838e+03
2.243202166533394120e+03
1.637201268825293027e+03
1.629796939539417053e+03
2.462559824924455825e+03
2.206244529514947317e+03
1.719423483296202676e+03
1.882609722386204339e+03
2.640233182163521178e+03
2.624963322904554843e+03
1.656346262869044494e+03
1.430400948164695592e+03
2.683072338512886290e+03
2.606236916521952480e+03
2.405942151919595290e+03
1.334407586770307717e+03
1.538532588943012570e+03
1.921378705853181827e+03
2.759330771758917763e+03
2.128236697908429960e+03
1.360517016271639250e+03
1.602575482825339577e+03
2.757586062952929751e+03
2.214733235893968867e+03
1.410172018736614518e+03
1.655199176333976766e+03
2.575328641464123393e+03
2.188827145497564743e+03
1.716268875497380350e+03
1.948819109247055621e+03
2.507601518111663609e+03
2.046021656449298234e+03
1.695135592073620501e+03
1.959070511395292442e+03
2.291233709515628561e+03
2.184289279461740534e+03
1.900914531614758289e+03
1.932664596922670171e+03
2.402263089654980377e+03
2.248686299581231651e+03
1.992316028520153168e+03
1.861239447778873000e+03
2.289396249812220503e+03
2.460781489323580445e+03
1.586254210306413370e+03
1.953467067388184887e+03
2.510707174512515394e+03
1.879270994289633336e+03
3.378181667948807444e+03
8.546379123889781795e+02
4.296368922508038850e+03
1.304416836753040343e+03
3.139052945038708003e+03
7.496862807158200894e+02
3.324577524482886020e+03
1.563565254652193516e+03
2.582388853568427294e+03
2.475107431649215869e+03
4.330741324739250331e+02
3.814700384947577277e+03
7.080825593749555082e+02
3.194693124769009501e+03
1.769090292380849633e+03
5.395929931848440901e+02
2.617253672915871903e+03
3.725806048583775009e+03
2.502061703339502401e+02
1.503666300474025547e+03
2.080507512194894389e+03
2.041876794221363753e+03
1.862899650575524447e+03
1.945149099794161430e+03
2.147878729199542249e+03
2.167127669373125627e+03
2.158896529548308536e+03
2.159421173615075531e+03
1.950013538529656444e+03
2.085183391614074935e+03
1.994714596652814407e+03
1.815252551729821334e+03
2.062197103459317987e+03
2.346723520556608491e+03
2.053628787625101268e+03
1.482817418769315964e+03
2.145528786999635486e+03
2.226234308505779609e+03
2.260925071443436991e+03
1.954466540599705922e+03
1.816761809470762273e+03
2.033564309142275761e+03
2.780692851289254122e+03
2.278226335964365717e+03
1.425096700036398033e+03
1.919741527187130941e+03
2.234551565204852977e+03
2.027313758301741473e+03
1.861211806491789275e+03
1.815008104786589911e+03
2.432652921717306981e+03
1.979421504685770060e+03
1.928129845503455954e+03
1.911032640091820213e+03
2.127265958222147674e+03
2.442760444161940995e+03
1.597607548329561496e+03
