2.073598317764956846e+03
2.455227544936439699e+03
2.627569373991860630e+03
2.247973964880386575e+03
1.845411246006399779e+03
1.670236483697339509e+03
1.296604341269176984e+03
1.374641032883037269e+03
1.722023627600762211e+03
2.145828339279463307e+03
2.351008658443479817e+03
2.622638609709786579e+03
2.584312643514874708e+03
1.682079300820385924e+03
1.251461284855994563e+03
1.582082586028757532e+03
1.552502233242123566e+03
2.083139168581921695e+03
2.230931545616194853e+03
2.264533265594099248e+03
2.594928494397727263e+03
2.361562632440861762e+03
2.477629809577534616e+03
1.955150637133480586e+03
2.032502614352618139e+03
2.067937722185056828e+03
1.658317933317523739e+03
1.807025492201279349e+03
1.463016548082787494e+03
1.721213300775901189e+03
2.096498592062751413e+03
1.963606482755458046e+03
2.302255635729004098e+03
2.342563809721512825e+03
2.765261985036862370e+03
2.789828453124067437e+03
2.644244862495835605e+03
2.690595503545609063e+03
2.370903115454393628e+03
1.997397471710182117e+03
1.532670873480150476e+03
1.881043908605310435e+03
1.820391289071870460e+03
1.861727100720906265e+03
1.876796410997422527e+03
1.810566447233032022e+03
1.790206552332877209e+03
2.073360065984334142e+03
1.997310442300331715e+03
2.132893285056978584e+03
2.304265188859372302e+03
2.412890325656833284e+03
2.571098611019046984e+03
2.733910894919605653e+03
2.362149871102236830e+03
2.324361563334176026e+03
1.756498221933440163e+03
2.029340002864772259e+03
2.290649558799887018e+03
1.954585624333594751e+03
1.588660883196353097e+03
1.268605177599521994e+03
1.765007673535027607e+03
1.965539646237695706e+03
2.108690146533343977e+03
1.785491459117580689e+03
2.010651855069813337e+03
2.351195938314005161e+03
2.131722967264659474e+03
2.178563127619475836e+03
2.012261940161401753e+03
2.092117887913496816e+03
2.276029239469015010e+03
2.116065170164982192e+03
2.017568137665251697e+03
1.776211552870722244e+03
1.848681474816797390e+03
2.296171118307669985e+03
2.268848673161205625e+03
2.321610508532221957e+03
1.795588812860102735e+03
1.643916214332942900e+03
1.675555022780112267e+03
1.917099716495824168e+03
1.855989037887113227e+03
1.755739680476490776e+03
2.315191139252643097e+03
2.309336732078053501e+03
2.544994894616315833e+03
2.480802133753426460e+03
2.478392989493766436e+03
2.490509115479829688e+03
2.405857095241447041e+03
2.413156712426156901e+03
2.081307430945022134e+03
2.163567938690265692e+03
2.058238146879043597e+03
2.032392934788530738e+03
1.968722876429227881e+03
2.265002937026628388e+03
2.065177979657852575e+03
3.015952840920937206e+02
2.469732447142673664e+03
1.604323230220147934e+03
2.234615407638441411e+03
2.761039870276437796e+03
1.951562439852066291e+03
2.845329767798479679e+03
2.582183172566204121e+03
3.666553774366896960e+03
3.215319717232921448e+03
2.229172724346212362e+03
1.752404324503994076e+03
1.159197262324743406e+03
2.607626460003340071e+03
1.396741354391451750e+03
1.945879428771039329e+03
1.890631318836308765e+03
2.863587174113712990e+03
2.244841049734426633e+03
1.751814927142609577e+03
1.878266611461545608e+03
2.007900402802915323e+03
2.157932666560064717e+03
2.049906730611282910e+03
1.892203496137699631e+03
1.886645006312921169e+03
2.002480108914939819e+03
2.064750863959278831e+03
2.041014103528627174e+03
1.923701847983259086e+03
1.888273060789377951e+03
2.018007892293034956e+03
1.965820219942746689e+03
1.940166712839007232e+03
2.105662695065384924e+03
2.286513905202535170e+03
2.482549429065940330e+03
2.499973285028797363e+03
2.371233503883622234e+03
2.280816881544151784e+03
2.064889358197571255e+03
1.909980680440210790e+03
1.535083643639216007e+03
1.398501652101595937e+03
1.522943766415595519e+03
1.945598579385401536e+03
1.894855002669626856e+03
2.128225933111076301e+03
2.081604757631242137e+03
2.253023852315999648e+03
2.413677643697481926e+03
2.216264169848882830e+03
2.129056882741228037e+03
1.927615262369796028e+03
1.867977169753719409e+03
2.191366936066050584e+03
2.055417369904867428e+03
2.141648601908750607e+03
2.054325686788404710e+03
1.833922901001078117e+03
2.102727243114494286e+03
1.778801054114432418e+03
1.818337689929753424e+03
1.782574260598151113e+03
1.828655871272045260e+03
1.541097299122784079e+03
1.960044268428962141e+03
2.063438743836987214e+03
2.099956952110141629e+03
2.283636616385839261e+03
2.284221279689360017e+03
2.521228768392516940e+03
2.814583118613459192e+03
2.783589223197726369e+03
2.576204602030050410e+03
1.839098137428731889e+03
1.577409974384025190e+03
1.758147880489744693e+03
1.406747612116611890e+03
1.680265280489297083e+03
1.570756833311570290e+03
1.947925238806506059e+03
2.353223711562509379e+03
2.330934469469282249e+03
2.358013781061217287e+03
2.241918283701902510e+03
2.230621683461977682e+03
2.360957859504412681e+03
2.319893677974611819e+03
2.113889814006107827e+03
1.574334920400948477e+03
1.752137362658215807e+03
1.611781476142411520e+03
1.498506130753452908e+03
1.420878383476748468e+03
1.660845271342702517e+03
2.233213727061113786e+03
2.239552976037613007e+03
2.531891937973457971e+03
2.413701014337137167e+03
2.231032964253643968e+03
2.851288128764987505e+03
2.182147904718984591e+03
1.889778215547067020e+03
1.505670255285270287e+03
1.818183171539792966e+03
1.765953081406390993e+03
1.584668712090429608e+03
1.438957090540371155e+03
1.629536554667289238e+03
2.230953623688264997e+03
2.320731189570994957e+03
2.453434081541321120e+03
2.431637947708081811e+03
2.255207397984454929e+03
2.376922559416962031e+03
2.192770329945232334e+03
1.887671635516904644e+03
1.519300300881598559e+03
1.414513961902696792e+03
1.739841170140521399e+03
1.870302692225184273e+03
1.926670386122119226e+03
2.124392721627625633e+03
2.356623263818484247e+03
2.576172487872552210e+03
1.427044214876997103e+03
2.926581830125551278e+03
2.200150376308783507e+03
1.911241455933988618e+03
3.076949174217936161e+03
8.748386241481921388e+02
2.407763675339627298e+03
1.324939043947999153e+03
2.161845784607365204e+03
2.726368377644490010e+03
1.900283127650885490e+03
3.027120005069109538e+03
2.116332954156211144e+03
2.525137435017299595e+03
2.142075735820735645e+03
1.474926921796307624e+03
2.304542640327427307e+03
1.415814253236170543e+03
1.783189055602942517e+03
1.936663136284337270e+03
2.179331110583328609e+03
2.242954350088181400e+03
2.304149703044593480e+03
2.231099128464593832e+03
2.081143821648352059e+03
2.112608179068593017e+03
2.068733540333955261e+03
1.980935851512231920e+03
1.806575323091107293e+03
1.846028842843965322e+03
1.743385851992970629e+03
1.671940470591606982e+03
1.641022704238514734e+03
1.991447129919404915e+03
2.116929594322629328e+03
2.375522468044117886e+03
2.388781412748744515e+03
2.245521815607446570e+03
2.609290981137746712e+03
2.599534389083486531e+03
2.367003518319478189e+03
2.046549092166179662e+03
1.758826091430808901e+03
1.871908050176578854e+03
1.536118268372097418e+03
1.512077070672845593e+03
1.400582463212471566e+03
1.863656250549876177e+03
1.983552532044699319e+03
2.011330166691334171e+03
2.299589365273856856e+03
2.297582156725803543e+03
2.447109593748646148e+03
2.580707664348416984e+03
2.402132815487891548e+03
2.303041440635843628e+03
2.211320595392323412e+03
