1.920669695233605808e+03
1.909426635925124629e+03
1.763432858319663637e+03
1.879855388205690588e+03
2.139120625895184730e+03
2.302123833310421560e+03
2.213317496581676096e+03
1.979111800269355399e+03
1.679207544588980227e+03
1.740009678755393224e+03
2.004113435264470809e+03
2.311045745489706405e+03
2.554700388937159005e+03
2.257520705614480903e+03
1.641059863917751045e+03
1.590806831236401649e+03
1.977026445516526337e+03
2.468977188653161193e+03
2.432819559744098115e+03
1.784509958091741055e+03
1.494398383276651430e+03
1.830795398696114717e+03
2.185168620065837786e+03
2.496642747170414168e+03
2.332439694004850480e+03
1.748924220535602672e+03
1.742885864353402667e+03
1.699937351940444159e+03
2.157532834763436767e+03
2.381125262917211330e+03
2.140914097257356843e+03
1.821008062265505259e+03
1.575608166115178619e+03
1.841821717992997264e+03
8.931596381283920891e+02
1.830779995677572970e+03
3.968079182391197264e+03
2.376719153254256980e+03
1.789472567175176209e+03
2.078176967470011277e+03
2.337230463677069110e+03
2.311592177451788757e+03
1.910665497147685983e+03
1.761585286176041109e+03
1.805279371628062108e+03
1.826472166713425622e+03
2.154380255112678697e+03
2.330041870455840126e+03
2.325410533089922865e+03
1.890184186585758880e+03
1.677769073285187233e+03
1.745175444505857968e+03
2.067681630104803389e+03
2.400773428407891060e+03
2.379463449727139050e+03
1.765861224112351010e+03
1.596590850723229096e+03
1.932420412199020802e+03
1.991278255983331064e+03
2.450416348417605604e+03
2.126890523164204751e+03
1.730853214825676332e+03
1.866830114090474581e+03
1.660809864896669751e+03
1.839548650337583467e+03
2.103593256095610286e+03
2.368186087259214673e+03
2.442836604248245749e+03
1.698358123540628640e+03
1.456343306240056108e+03
1.726520142756957284e+03
1.957786654815657130e+03
2.249596223876852036e+03
2.260516121047813613e+03
2.089143508416130771e+03
1.932399803054513313e+03
1.726160661246752397e+03
1.672772338572292256e+03
1.993107013627006609e+03
2.215733126193202224e+03
2.479879548973963210e+03
2.382603351290090814e+03
1.898080994496820722e+03
1.563951343892231307e+03
1.801175732208005002e+03
2.014131254807146433e+03
2.224057163089685673e+03
2.255558093678871501e+03
1.934642497598818863e+03
1.761874709597155515e+03
1.780539214766834448e+03
1.900598435946397558e+03
2.303456226299364516e+03
2.481702225989230101e+03
2.097042952635324127e+03
1.647405508733813122e+03
1.679248113889068463e+03
2.044645652782378193e+03
1.700794242029828865e+03
2.360433189134388613e+03
2.372568840039969018e+03
1.663899319503782181e+03
2.463204148010284825e+03
2.324952479915858476e+03
2.479590810940533174e+03
2.117731884492015979e+03
2.241365156322461189e+03
1.479034856283979252e+03
1.517347663186548289e+03
2.062050758669338848e+03
2.397950920627468349e+03
2.557560834214966690e+03
2.237477276208877356e+03
1.324322427028866969e+03
2.188213775563235686e+03
1.490292392465209332e+03
2.229589023730292411e+03
2.046498102392013379e+03
2.155261693848038703e+03
2.272401046209909509e+03
1.829324756131706863e+03
1.493467438673821562e+03
1.581330092590015965e+03
2.186836654808815638e+03
2.377989848955658090e+03
2.303819347410824776e+03
1.718492468567880451e+03
1.635116659404444135e+03
1.774739917521720827e+03
1.977882281202709919e+03
2.194129945117660100e+03
2.114647818381013622e+03
2.097300267005188289e+03
1.904252921899704461e+03
1.776785718692536648e+03
1.728619773826258552e+03
2.089536363029021686e+03
2.520422462068268942e+03
2.443903424706373244e+03
1.787320028666998496e+03
1.511576569730433903e+03
1.836840610576792869e+03
2.263185185877144704e+03
2.465181244574372158e+03
1.984061052441198171e+03
1.504757327704987574e+03
1.731125183257988510e+03
1.927700341172204617e+03
2.131856555166021735e+03
2.317533546104076777e+03
2.238716420486077823e+03
2.179213733378377128e+03
1.657800108842451436e+03
1.518262068764410515e+03
1.975947040169336788e+03
2.331374203663642220e+03
2.441549087341015365e+03
1.877136403126922005e+03
1.493015353824034719e+03
1.822240663177555689e+03
2.030986700576045223e+03
2.594732761105301051e+03
2.200751701677491383e+03
1.926841820141630251e+03
1.966985147014936729e+03
1.707748664729808070e+03
1.872290265046487093e+03
2.227811100475192234e+03
2.280697933034004564e+03
2.016227214262041343e+03
1.696261317167203060e+03
1.616171520874610678e+03
1.986467725295282207e+03
2.367278669771826571e+03
2.429419890118826970e+03
1.820356666640715048e+03
1.526257800822674426e+03
1.976467398212349053e+03
2.235343316813659385e+03
2.433550752979476329e+03
1.984483326495498204e+03
1.780239565432807694e+03
1.832195953018927412e+03
1.889599222979349406e+03
1.896211538880759917e+03
2.315920732630974726e+03
2.434949805493382428e+03
2.370557188118114482e+03
1.658921490683168486e+03
1.609901455150424454e+03
1.759486866649249123e+03
1.998346012940465926e+03
2.256786369583153828e+03
2.065277255426972260e+03
1.998147944426921867e+03
1.689030570316729609e+03
1.716387981162995402e+03
2.079679816087475956e+03
2.363134610619683826e+03
2.388230080558271766e+03
2.016517641296998136e+03
1.595893213352460862e+03
1.721922825086278635e+03
1.721877267179560022e+03
2.285901794513068580e+03
2.152335782081697744e+03
2.303327581513726727e+03
2.366694472259922804e+03
2.140205382935168927e+03
2.002318586603161521e+03
2.093199460266443566e+03
1.811153434854202942e+03
1.682908566581356354e+03
1.950938493419840597e+03
1.736382304244788656e+03
2.010890580641489578e+03
2.267912161659389312e+03
2.117807528064623057e+03
2.053054735827368859e+03
1.665123110936063995e+03
1.863202836675437538e+03
2.155263688166639895e+03
2.234169807729648710e+03
2.272797268675436953e+03
1.685444324655444007e+03
1.671624129698183424e+03
2.075545763639490360e+03
2.379088726384962229e+03
2.771185161835501731e+03
1.858188506349968065e+03
1.581187174051704687e+03
1.652354984658647936e+03
1.872702600906410908e+03
2.361459543056895200e+03
2.229594866436068969e+03
1.735710770063759583e+03
1.649270104349056737e+03
1.864257102483459448e+03
2.222103427114095666e+03
2.321790366265522152e+03
1.992491418773143323e+03
1.941641932814016400e+03
1.728247207506833092e+03
1.856380342633031887e+03
2.078624720715183685e+03
2.593606159100002515e+03
2.213091300509659050e+03
2.070423472178712473e+03
1.827135822446743987e+03
1.609349360757689510e+03
1.866383703009588999e+03
2.157744584016785211e+03
2.160227364530250725e+03
1.981712455938376024e+03
1.559445505027865465e+03
1.760336902478482671e+03
2.086102831350297947e+03
2.281384702423632007e+03
2.264923119084803147e+03
1.699430608264830198e+03
1.872993389326925353e+03
1.865396190787867909e+03
2.269365898612502860e+03
2.387867439302389812e+03
2.187497526891584130e+03
1.977225184377663254e+03
1.516879244471296261e+03
1.854010928463203527e+03
2.002291860429251983e+03
2.254767245555747195e+03
2.530821221295977921e+03
2.319684277206097249e+03
1.910455697882983941e+03
1.372247722592262562e+03
1.693573406100498460e+03
2.103939822225339867e+03
2.344265235527341702e+03
2.489931102986581209e+03
1.606503103123849769e+03
1.497769613478796828e+03
2.005334577848805793e+03
2.395925776106466401e+03
2.475290201818472724e+03
1.488793710094379549e+03
