2.749390444162876975e+03
2.198276026984169675e+03
1.646914726814064352e+03
2.215761218328604173e+03
2.215209270334509711e+03
1.990068614181589282e+03
1.885937213709493562e+03
2.078503440472089096e+03
2.208213977749519927e+03
2.001117791117463184e+03
2.123586505717205000e+03
1.793473977106222492e+03
2.216361122906809669e+03
1.925466868411208225e+03
1.818361062043495394e+03
2.127342742678822106e+03
2.285614839220256272e+03
1.924852354918492210e+03
1.491781431861857982e+03
2.307092898110399346e+03
2.501835204645807153e+03
1.815751366800536516e+03
1.839063272121900809e+03
2.212334358655163214e+03
2.264828691188987705e+03
1.841073156371351615e+03
2.501686391870777243e+03
1.819480375837961674e+03
1.761154638174208912e+03
2.676800380200423206e+03
2.300054060383934484e+03
1.631660567723916756e+03
1.946615521208141445e+03
2.271914672212413734e+03
1.977432626458791674e+03
2.714498852876351521e+03
2.304229264973546378e+03
1.960072520082851270e+03
1.928372049489627670e+03
1.432500250259234917e+03
1.754359924336548602e+03
2.121694867747046374e+03
1.201731492057875812e+03
2.239914177121994271e+03
2.213408767309300856e+03
1.884523551698377332e+03
1.791810684882856776e+03
2.749422975751024296e+03
1.213647025788378414e+03
1.710705952759877164e+03
2.282634554586873037e+03
2.894473696502730036e+03
2.320058678650479578e+03
1.824884867850614910e+03
2.343811622698360225e+03
2.533909710322203409e+03
1.632923623641722088e+03
1.808533348051872736e+03
2.277923803756322741e+03
2.125947325175027800e+03
1.779748890409595788e+03
2.049679784770459264e+03
2.459589307922201442e+03
1.967676938977369673e+03
1.561419772414894169e+03
2.097393680723462694e+03
2.401206640967732255e+03
2.192391170998372218e+03
1.701303408932686580e+03
1.770106360125191486e+03
2.364825385998209185e+03
2.549940052970337092e+03
2.120495412529671739e+03
1.619665182452137515e+03
1.695200419621908623e+03
2.275551462019771861e+03
2.299216287046586331e+03
2.087881095633155837e+03
1.855810579467435673e+03
1.843749667214696046e+03
1.531844581087239021e+03
1.819299579836205339e+03
1.861477559111675646e+03
2.365917070221045378e+03
2.697456268164182802e+03
2.032862496601667317e+03
1.646353370042505048e+03
2.470911451340410167e+03
1.897836117826229838e+03
2.485091675843666962e+03
1.785051150743400513e+03
2.248318490241562358e+03
1.896673719891524115e+03
1.841100282431491223e+03
2.343057112556050470e+03
2.001761546990700936e+03
1.711693785076218319e+03
1.807304085819471993e+03
4.145223532555402926e+03
8.364499731092950014e+02
6.014757240527909516e+02
2.318275728560885909e+03
2.318214683260149286e+03
2.708223583493806018e+03
1.886246283934203120e+03
9.143299901476856348e+02
1.127095417129949965e+03
2.157293426507087133e+03
2.974611554441577482e+03
1.401225872646371045e+03
2.431236520912179003e+03
2.508666274596107087e+03
2.395258271580513792e+03
1.277177045139065058e+03
2.170226312347613202e+03
2.259278400026711552e+03
7.197317688383625409e+02
2.341399829897708059e+03
-5.712351390249011018e+01
3.696204709227017702e+03
3.111308036822042595e+03
2.680155409543309361e+03
-1.539454229986075973e+02
1.758735311306558060e+03
2.683245809987622579e+03
2.682555830629084085e+03
2.293046352723611562e+03
1.993812224577406823e+03
2.133396445700918775e+03
2.220236805413065213e+03
1.801647628537074070e+03
2.501718580675759313e+03
4.043945628634833611e+03
1.560326367792463088e+03
2.375939862767903378e+03
1.485857983567083920e+03
1.301284432532510436e+03
1.564763062560126400e+03
1.847245902927292263e+03
2.034836486524411384e+03
2.008241655874523076e+03
1.943709935549771672e+03
2.115588537454073958e+03
2.110536929424006303e+03
1.894950640062698085e+03
1.879365045814611449e+03
2.178416636013013431e+03
2.306941368985791087e+03
1.808181487413381092e+03
2.102142900419561556e+03
2.177183534523196158e+03
1.763544005699671743e+03
2.106821520770530697e+03
2.265047213113441103e+03
2.230657958826916001e+03
1.836362652477097527e+03
1.485535839606997797e+03
2.096306032804317056e+03
2.846975414475297839e+03
2.061138244227755877e+03
6.556460902317883210e+02
2.594604898006476560e+03
4.072227941110039410e+03
3.842552614944991092e+03
3.584634765908271675e+03
1.795306854321888295e+03
1.713783479853481140e+03
1.291359964960027582e+03
2.710454840650335427e+03
3.297546252046359314e+03
2.460596967073621727e+03
1.898205081671863354e+03
8.893487551794141837e+02
2.951240845508540588e+03
2.164576246876605182e+03
1.920456780207239717e+03
2.114560464607568520e+03
1.819145873521317753e+03
2.670242394292073641e+03
1.721859115459295481e+03
1.757671064475942785e+03
2.296583439038183769e+03
2.142134739566964527e+03
2.138186595544999818e+03
1.752428860977447130e+03
1.896682781874721286e+03
2.109179095646368751e+03
2.439874357099051394e+03
1.863874240563423655e+03
1.766200507143404366e+03
2.328496462416656868e+03
2.587894354898872280e+03
2.144861778858191883e+03
1.553177201430765081e+03
1.948132354733585316e+03
2.318479144490578165e+03
2.246223597451514706e+03
1.896344865765623354e+03
1.921528434401600407e+03
2.646967472021713093e+03
1.438392450030824648e+03
1.756120389055321539e+03
1.955094646224219332e+03
1.644465434958795186e+03
3.065368104112279525e+03
1.963652281107755016e+03
2.131262065115834048e+03
2.429759598063244994e+03
1.793858080747198983e+03
1.676062995896681514e+03
2.468015752369033180e+03
2.097222081926737701e+03
1.679566883048357568e+03
2.193463417526569174e+03
2.596117249341447859e+03
1.599401921521134454e+03
1.873183329990044740e+03
2.618027017010957024e+03
2.192937859404571554e+03
1.711425253220797686e+03
1.670495595611621411e+03
2.102285665791971496e+03
2.564410092057955808e+03
2.073433156310388313e+03
4.214956128142006492e+03
5.812979335181638589e+02
2.284016276661651773e+03
3.003004761418787893e+03
3.025835267875551153e+02
1.885365311947021382e+03
1.304625670976964329e+03
1.774681589916260918e+03
1.539983280246842696e+03
2.028586992351309391e+03
2.337751694342963219e+03
1.175763667288494617e+03
3.263532080780018987e+03
1.496013052139108595e+03
2.062499638169354967e+03
2.114539746628105149e+03
2.001670111309128515e+03
1.555114741696870169e+03
1.581947561708688227e+03
2.257623455247945003e+03
1.428169958601433898e+01
1.553081229171487394e+03
2.853946152224442358e+03
2.593843537173767800e+03
2.655895996778135213e+03
2.322090983931383562e+03
1.848583923051857710e+03
1.997094419566069973e+03
2.123089409783633528e+03
2.216638327403263702e+03
1.829555040597160769e+03
1.801877317740104900e+03
2.136711899137083037e+03
2.357044892835561768e+03
1.473685152995885119e+03
2.169191083037040244e+03
2.469171872554444235e+03
2.387829263444104527e+03
2.209952264662033031e+03
1.840560653618317474e+03
2.410575985752665019e+03
2.346265502229174672e+03
1.670375033762144085e+03
1.566254279419154500e+03
2.282745520567978019e+03
2.430668828474911606e+03
1.544942593946185752e+03
1.803385035794914074e+03
2.367260408418857878e+03
2.422729270636222736e+03
1.894615859245770707e+03
1.713799257534073831e+03
2.508118532834976122e+03
1.747027920943882236e+03
1.672732384486940646e+03
2.135177212496782886e+03
2.540502680815684016e+03
1.748127422833138098e+03
1.758675346558367437e+03
2.502434997473841122e+03
