2.413289177845274025e+03
1.888105182392529514e+03
1.710433744916909063e+03
1.885857960609966085e+03
2.352980490594547518e+03
2.896472437190641358e+03
2.856886306356420391e+03
2.036328654172267989e+03
1.211587214893337205e+03
1.795079063140774906e+03
2.492318811300524885e+03
2.578594979651672929e+03
1.853111895342355638e+03
1.405480020101871787e+03
1.985525797008602694e+03
2.434775527154991778e+03
2.530580837494608204e+03
2.431715065398465413e+03
2.058944801105934403e+03
1.557195526683383832e+03
1.637919787234845899e+03
1.742097699762861339e+03
1.889788376434088150e+03
2.045340676365473428e+03
2.278672451282021484e+03
2.291083508216197970e+03
1.579195967579007402e+03
1.897132502736281822e+03
2.441517849761417892e+03
2.147197832009117974e+03
2.238135103988399351e+03
1.959277723062863288e+03
1.850923194850081700e+03
2.120014916302379334e+03
2.841241670789570890e+03
1.792603576411443555e+03
2.342241082815182381e+03
1.712000864395561621e+03
1.274133568484752914e+03
1.164571100040437386e+03
2.099027786138653937e+03
2.240800643451466840e+03
1.604282898979432730e+03
2.040070789544306081e+03
2.245083376729047814e+03
2.607490134695662618e+03
2.568915435207936298e+03
2.384466358563957328e+03
1.997204035568972813e+03
1.578640654801155279e+03
1.941598538695125626e+03
2.588423198314754700e+03
2.348922588583602192e+03
1.558414029436004739e+03
1.453891395266696463e+03
2.452189918807683171e+03
3.000841434040437434e+03
1.958440533511958620e+03
1.242289951385777158e+03
1.672213546744073028e+03
2.248482221513335389e+03
2.627337526134296240e+03
2.366207420125498174e+03
1.511605368517823308e+03
1.476730880623409575e+03
2.001210273648589236e+03
2.536879235678778969e+03
2.467631786833402657e+03
1.655298060118019293e+03
1.529078680577466685e+03
2.247510896118935307e+03
2.729574735147654337e+03
2.396553921856221677e+03
1.432504440042812803e+03
1.678936307232068202e+03
2.106427932988215616e+03
2.604508879217197318e+03
2.360962015526056348e+03
1.960317788805154805e+03
1.631670831208450181e+03
1.784497403594826437e+03
1.461984037176723859e+03
2.213886756124473777e+03
2.353675034191441227e+03
1.900772500354026306e+03
1.762527706056939451e+03
1.954312178998217632e+03
2.243943748868898183e+03
2.517277919809463128e+03
2.477254778707831065e+03
2.200314807820750957e+03
1.782995714592263539e+03
1.626393140455744515e+03
1.843308068688191497e+03
2.133712240804706198e+03
2.464440844893093526e+03
2.635304634392386561e+03
1.632440124598457714e+03
7.076818434544659340e+02
1.883022790466620563e+03
2.160997954378179315e+02
3.452958489461082536e+03
3.765068503900648921e+03
2.947122927086563777e+03
2.046364275120791490e+03
1.506670595704387779e+03
1.914429407490732501e+03
3.009804857546848780e+03
2.970491183213365275e+03
2.349767726247356222e+03
1.765976111823413930e+03
1.700179644891825092e+03
2.090660145794978689e+03
2.450862626015725255e+03
2.581024330505624221e+03
1.944543234714592245e+03
1.500543093968065705e+03
1.611153659794767236e+03
1.821383499190828843e+03
2.879979330914668026e+03
3.098991363471245677e+03
1.871572578895148126e+03
1.266311186616334680e+03
1.468253829996521745e+03
2.147915691895210330e+03
2.468176975374894937e+03
2.067489288732801015e+03
1.603078075737199470e+03
1.638529446011507162e+03
2.403683141955156316e+03
2.509022678317064674e+03
2.048897484169933250e+03
1.774883507073356668e+03
1.655500975896020009e+03
1.834050658252848962e+03
2.225884596702803265e+03
2.415220914228609217e+03
2.178047439124759876e+03
1.624706559668585442e+03
1.587034297628172226e+03
2.199173038187355360e+03
2.537539272753169826e+03
1.964518165038578218e+03
1.531250386022083376e+03
2.011083709429443843e+03
2.498733892988438129e+03
2.228990868502786270e+03
1.867292071491134720e+03
1.781901228132012648e+03
1.927284505632637092e+03
2.182935241581290938e+03
2.192461366544290286e+03
1.794415485134375785e+03
1.760881801269829339e+03
2.052146100943983129e+03
2.496602369233344234e+03
2.166570241691933461e+03
1.850253418317756086e+03
1.971375973533961087e+03
2.369680309695950200e+03
2.643730579138329631e+03
2.296198362216224268e+03
1.855016472296064649e+03
1.554746651970315270e+03
1.868900256230117520e+03
1.278845060575587013e+03
2.240518415660472783e+03
2.119944148739026332e+03
1.704432787696549212e+03
1.800885013537568511e+03
2.312129014538447791e+03
2.491445388146977166e+03
2.345843077802551761e+03
1.981567637064273185e+03
1.819030658678837881e+03
2.183709716916981506e+03
2.525983897094400618e+03
2.830249396153078578e+03
1.883300129612356159e+03
9.852376377965783831e+02
1.357879879377401721e+03
2.729550180409315544e+03
2.847434804752486343e+03
2.254185986958558715e+03
1.689949548442908508e+03
1.438491119091593646e+03
1.266549710896631041e+03
2.054231246533738158e+03
2.768730925370348814e+03
2.053256336211995404e+03
1.631034565851906791e+03
2.120184428655801639e+03
3.050076843133561852e+03
3.080337517713400757e+03
2.001656696954547215e+03
1.286857490134496402e+03
1.610858297490151699e+03
1.897948332235104999e+03
2.715500560753288937e+03
2.373873477573935816e+03
1.241333993516315559e+03
1.484661791218360349e+03
2.205429167951110685e+03
2.290938998740110492e+03
2.195166600126683534e+03
1.864544471018658442e+03
2.009507731950971447e+03
2.424192405713429253e+03
2.449633642370046346e+03
2.231158589654516618e+03
1.602897038140488576e+03
1.861819431225494327e+03
3.053559970219492698e+03
2.052089440538006329e+03
1.565377924604332975e+03
1.573619132985527813e+03
2.286557051746378875e+03
2.672433848945364389e+03
2.114765755210839416e+03
1.629425798829852283e+03
1.640470182223460142e+03
1.969159320402098047e+03
2.615284306324994304e+03
2.129462905125687485e+03
8.234436835649892146e+02
2.573054510363836471e+03
2.548777722874358005e+03
2.203209076748147709e+03
1.363151128027931236e+03
1.719027915410711785e+03
2.246474625616356661e+03
2.380613410282484438e+03
2.343587761364288781e+03
1.868262044198181457e+03
1.606613504295175971e+03
2.018214492137737807e+03
2.394262700180694992e+03
2.254983475682030985e+03
1.740274084357159381e+03
1.850513569809449791e+03
2.259441571207843936e+03
2.607575860218404159e+03
2.268597488928984149e+03
1.874263406376583816e+03
1.534176834973377936e+03
2.692385161932101255e+03
1.943252998353735393e+03
2.120766669058931257e+03
1.933807891098490245e+03
1.633110497270152337e+03
1.874422143429798098e+03
2.181824562221913766e+03
2.251849669668072238e+03
2.073089110340727075e+03
1.883193987909894304e+03
1.996247288758114564e+03
2.316967800141197131e+03
2.857218327284047973e+03
2.529272190065731593e+03
1.618324859339635168e+03
1.546329571968429491e+03
2.203684991866976361e+03
2.584621594954788634e+03
2.237785911007485538e+03
1.341086578731388045e+03
1.927867082292034183e+03
2.540747821127098632e+03
2.682356809107130175e+03
2.642488102461751168e+03
2.385135427968461045e+03
2.299261344133539751e+03
8.369873619330803649e+02
1.891049072382670829e+03
2.326201465495189495e+03
2.139121437199674347e+03
1.855960340538441869e+03
1.886193486614928133e+03
2.118628719265703694e+03
2.029449083469776724e+03
1.983844478333730422e+03
1.793592677863604422e+03
2.319890527259166447e+03
2.283105365645676557e+03
1.948066748724867693e+03
