1.580172137325004996e+03
2.634152716111059817e+03
1.417019327508261540e+03
2.711978301550861488e+03
1.214264330523941453e+03
2.589186541821675746e+03
2.115859283897020305e+03
1.777162263719485281e+03
2.370577911228973790e+03
1.339287069380204457e+03
2.926396909648451128e+03
1.350543460076610700e+03
2.337683658900984028e+03
1.740237352629832003e+03
1.727112604408484003e+03
2.512974125873179673e+03
1.485372506013209659e+03
2.770663803171813470e+03
1.504200701951791871e+03
2.121135891411292960e+03
2.457988661723722089e+03
1.439972157978851328e+03
2.656650691499099139e+03
1.302788601049667932e+03
2.480649097704358155e+03
1.745335126474042909e+03
1.995316390974914384e+03
2.228110887125722002e+03
1.581305710796198809e+03
2.692145249624660664e+03
1.399450705719219059e+03
2.676453236377465601e+03
1.525817172003084579e+03
2.067206785660347578e+03
2.383078722765026669e+03
1.467506169632216142e+03
2.658631601646943636e+03
1.777869758769504870e+03
1.761634805034014335e+03
2.628336665508521037e+03
1.606857115470098734e+03
1.888673221040156704e+03
2.129754075660141098e+03
1.626670080226173013e+03
2.613990631694127387e+03
1.500193448914658575e+03
2.158526182666973909e+03
2.026348896560283265e+03
1.740292087485868024e+03
2.848567626679875048e+03
1.289964536073753834e+03
2.722902011451506951e+03
1.302892367745817864e+03
2.272112101727948811e+03
2.679848383839216694e+03
1.241209806342096272e+03
3.151722888683659676e+03
1.042885932323001953e+03
2.549586371596129538e+03
2.393171625972632228e+03
1.314693930288140564e+03
2.945415006164545503e+03
1.096613522906359094e+03
2.715631588163068045e+03
1.946746911823120854e+03
1.654944586748844131e+03
2.669035010818438877e+03
1.859687974308089906e+03
1.562953863999370924e+03
2.405677268436530085e+03
1.767183362908546087e+03
1.701869750358788451e+03
2.671035319130231983e+03
1.353616342764152023e+03
2.561198829510698943e+03
1.859083577389695392e+03
1.663854656511689882e+03
2.769735527107941380e+03
1.287649528751344633e+03
2.407687473352882535e+03
2.418012697548990218e+03
1.456384105241230600e+03
2.921107930347173806e+03
1.242851543735257565e+03
2.444792473086123664e+03
2.451834199383839859e+03
1.387721623393334539e+03
2.793799449709819328e+03
1.421358508051941953e+03
1.960565628092064117e+03
2.867565478840617743e+03
1.242357094175087013e+03
2.147481523806682617e+03
2.525351780916154894e+03
1.464634058499217417e+03
1.947223883746142747e+03
2.236879045086701808e+03
2.395241138599659280e+03
1.750816815934973874e+03
1.528541066377363904e+03
1.834996503854602224e+03
1.195524538841890262e+03
1.620785162846193316e+03
2.740496966088939644e+03
1.976807513430310337e+03
2.768042063217386840e+03
5.413279200364446524e+02
3.030348485437300042e+03
2.453657054326227808e+03
2.320994378258806137e+03
2.850402199299471704e+03
1.309408887495190584e+03
2.442230652791667580e+03
1.786957885553580127e+03
2.261931268453346547e+03
2.527008312717230638e+03
1.425748056667371657e+03
2.800073939794179751e+03
1.724897055955985934e+03
3.328249361222951393e+03
1.335863120635223822e+03
1.144372916782484026e+03
2.145024888355401345e+03
1.920395257498186766e+03
1.540594680733584710e+03
2.519169739050643784e+03
1.400688610555049536e+03
2.852384438215585760e+03
1.192786919407854384e+03
2.709474095523705728e+03
1.500816193808485423e+03
2.466434338989788102e+03
1.459051430913311378e+03
2.135527147587766649e+03
1.819322194678892629e+03
1.833895729229577910e+03
2.130476110271821653e+03
1.686899036201829404e+03
2.849818866548249844e+03
1.273999596556013785e+03
3.028776578742335914e+03
1.119248909623303689e+03
2.590911679568326690e+03
1.825706392500607990e+03
1.833426496094346703e+03
2.689038059636458001e+03
1.338193957222639938e+03
2.747675734555648887e+03
1.249034395009271066e+03
2.515644345005385730e+03
1.900272368427284164e+03
1.739422670471223228e+03
2.542710412042474672e+03
1.398750658954171058e+03
2.577714605870858577e+03
1.609905329011225604e+03
1.908499196494891976e+03
2.400439937829731207e+03
1.492099454477957579e+03
2.460638517134924768e+03
1.840778731116717609e+03
1.767619312647089828e+03
2.547458870261441007e+03
2.108067881573518207e+03
1.671770432928793753e+03
1.939504892488240330e+03
2.387691675392327397e+03
2.358542671142442032e+03
2.008124269324025363e+03
1.288512958684206978e+03
2.322452904481291625e+03
1.602697350137534841e+03
1.971799362535427235e+03
2.528866268337293604e+03
1.388699582026832104e+03
3.174405069897949488e+03
9.521761722874724683e+02
3.219075445776866218e+03
1.019239930305541407e+03
2.799454762323254272e+03
1.747825703835131662e+03
1.955547822700780443e+03
2.126727570341061437e+03
1.556903657630165526e+03
2.822855007364516041e+03
1.410524462880255896e+03
2.755709986371196010e+03
1.424787541659288081e+03
2.215886063932621710e+03
1.904295736085608269e+03
1.774483565083219673e+03
2.730682493148581216e+03
1.351540883635171667e+03
2.258092299480918882e+03
1.648642914417443535e+03
1.918917159613775539e+03
2.542243722265290671e+03
1.420592798795367571e+03
2.570083618031072092e+03
1.398837849985569164e+03
2.326741392437598734e+03
2.185440545315106192e+03
1.642799972712673934e+03
2.855265308454225305e+03
1.178889144516528631e+03
2.720513616791966342e+03
2.058906673635284733e+03
1.553878590087529346e+03
3.038745198943585365e+03
9.809612142834853330e+02
3.115352116355846647e+03
1.152766881414253248e+03
2.565176199681551225e+03
1.486035283379188741e+03
2.008462290100022074e+03
2.214015760521633638e+03
1.628385109594606320e+03
2.775663755979631787e+03
1.368724033846997372e+03
2.702377559023588674e+03
1.392370379914005525e+03
2.322267901885043557e+03
1.947554327441044506e+03
1.782003012181902250e+03
2.378607074768038274e+03
1.486898273536009583e+03
2.732489222469240758e+03
1.290371589792899840e+03
1.026087522505126344e+03
2.831755137616653883e+03
1.378217350310877691e+03
2.384190464553331367e+03
1.814067916756342356e+03
1.754047272493008904e+03
2.400437119451242324e+03
1.680213980476097504e+03
2.283835135957859166e+03
2.129000039725431634e+03
1.986362231089998886e+03
2.519952644584791415e+03
1.810632608859033326e+03
2.516170292201628399e+03
1.723314047073374468e+03
2.123357360327523566e+03
2.628810568808462449e+03
1.599901343094688627e+03
2.650065994964614219e+03
1.136041956671602065e+03
2.441409046394251163e+03
1.976387024687660642e+03
1.427269335389063372e+03
2.700099712785487554e+03
1.570447947991779756e+03
1.916268779527001925e+03
2.600099156158536061e+03
1.246262335923484898e+03
2.498750052089258133e+03
1.861535488567041284e+03
1.705196038727894802e+03
2.698690598777314335e+03
1.315760619736947774e+03
2.579790167606683099e+03
1.565568725752686987e+03
1.953389348840349840e+03
2.483370767239438010e+03
1.405628323149308699e+03
2.804125808617299299e+03
1.549981791840871892e+03
1.844613408957941829e+03
2.468736539814963180e+03
1.363259645332813534e+03
2.978809324591596578e+03
1.144376368814437228e+03
2.409994203707456563e+03
1.555882377218724287e+03
1.922558321572665818e+03
2.765359761120267649e+03
1.250293525430066211e+03
3.115230294422960469e+03
1.082154437027749509e+03
2.937273286382453080e+03
1.190212167658475664e+03
2.599299320506820550e+03
1.398128867245145329e+03
