1.678953858527369448e+03
2.290980133537344955e+03
1.702656320371748734e+03
1.775006673111518012e+03
1.906796254013739372e+03
1.973632352093998179e+03
2.661566865997473542e+03
2.216750698973628459e+03
2.307178866509372256e+03
1.858585583340359790e+03
1.846119992117170113e+03
2.290167695109043962e+03
2.146907405634516635e+03
2.596283263110927237e+03
1.509626224322973258e+03
1.878683811037483565e+03
1.713329745903456342e+03
2.300735028854741813e+03
2.792770567299145569e+03
1.967960024907025172e+03
2.019425986607032883e+03
1.586372206086289907e+03
2.241161052216069947e+03
2.351516094313247322e+03
2.200870231963913739e+03
2.267782156812432277e+03
1.519257922489237899e+03
2.071261798196529526e+03
1.877745404302142560e+03
2.327885022226340880e+03
2.202888842013409885e+03
1.746188709234147609e+03
2.127451287784674150e+03
1.958022530111763899e+03
2.637068026166851723e+03
1.941759657063414807e+03
1.974714570897172962e+03
1.969484287687383812e+03
1.952211092167752895e+03
2.555470605065156178e+03
1.979572580038591013e+03
2.178058542517227124e+03
1.372660660027285985e+03
1.784062107383140983e+03
2.419646942116249193e+03
2.162260598900983950e+03
2.462609949223346575e+03
1.218911050252265113e+03
2.113364990505467176e+03
1.917811653987189402e+03
2.383703269218017795e+03
2.738989796441458111e+03
2.321272066698570598e+03
2.514357114285134685e+03
1.489610264198547611e+03
2.040465497894701684e+03
1.795280649566275997e+03
2.363048659124738606e+03
2.066148853951803630e+03
2.028289819716306965e+03
2.507541857991120196e+03
1.526910124403279497e+03
1.930306018623116643e+03
2.182219750627741632e+03
2.286133169166888365e+03
2.721129878214982000e+03
1.956857274996671549e+03
2.384743776181290741e+03
1.771129399647872560e+03
1.874751532568242510e+03
2.170141376673506784e+03
2.042051041103817170e+03
2.554950863662261327e+03
1.801442435939128927e+03
2.040553368824895188e+03
1.770564723108419003e+03
1.804920401841231751e+03
2.062258491487336414e+03
1.778366040672390000e+03
2.363911468167434577e+03
1.872323669536385069e+03
2.173055977980875014e+03
2.484665536626904213e+03
2.200010154597000565e+03
2.437839741388480434e+03
2.162567053492215564e+03
2.299181851135632769e+03
1.728723848238857272e+03
2.080657456482269026e+03
1.901198045957145496e+03
1.888556423351995591e+03
2.235787357033016178e+03
1.861941156313890815e+03
2.396670277806627382e+03
1.984780539214769533e+03
2.444429368514958242e+03
2.511944512250505795e+03
2.745248522301814774e+03
3.854417753487731716e+03
3.345166374058821930e+03
-2.699305064554533828e+02
3.907327953416194305e+03
1.529386967623634064e+03
6.923689808959097718e+02
3.233961754190026113e+03
7.161671609246920980e+02
2.244340982267394338e+03
2.900851230430834221e+03
1.618995172394750625e+03
1.623825969164040316e+03
1.568857043388895363e+03
1.996990587272480752e+03
1.674386171216708135e+03
1.782125903244371784e+03
2.840691982457618451e+03
2.268713281173261748e+03
2.737750911988011921e+03
1.957291046860583492e+03
7.358889151025348383e+02
-1.728348065029458880e+01
3.741779731376342170e+03
4.041388895579600103e+03
3.802652036647052682e+03
3.260453691514080219e+03
3.061667763718961851e+03
2.134120584534313821e+03
1.883284541999245448e+03
1.642182843371716444e+03
1.737804445950888294e+03
2.369358406235663551e+03
2.182700535681638485e+03
2.420869289521227529e+03
1.932310490439958130e+03
2.053317344725292060e+03
1.673939224093349367e+03
2.041757446319149949e+03
2.382742409167402457e+03
2.373689010771146513e+03
2.291673988282032042e+03
1.611709562958634706e+03
1.980856187045413435e+03
2.331748106613837990e+03
2.390757440198124641e+03
2.386315313813536704e+03
1.621940775105435250e+03
2.134471763623525021e+03
1.650279680367900710e+03
2.241947254354167853e+03
2.275770481843671405e+03
2.283003490171237445e+03
1.984019347927266608e+03
1.528210176183950352e+03
1.723817960490692940e+03
1.737389078716787253e+03
2.248862462384797709e+03
2.545533240825830944e+03
2.238471323625187779e+03
2.568110941934801303e+03
2.174855362790695381e+03
2.629308762572863088e+03
1.811125247871586225e+03
2.049158137216001705e+03
2.223664880067120976e+03
1.637052518104611863e+03
2.414980013305066677e+03
1.967801279989684190e+03
2.735275025893493876e+03
2.133070981641042181e+03
2.218966422456659984e+03
2.004138754426178139e+03
1.507728163657924142e+03
2.312719150125374199e+03
1.907621632181519999e+03
2.597471330415009106e+03
2.139429254456883882e+03
1.910708636313561101e+03
2.137042913429205782e+03
1.701510338976630237e+03
2.441319056207185895e+03
2.061138082850487990e+03
2.591181354936976277e+03
2.196759377485197547e+03
1.638900871049426087e+03
2.033540077552978119e+03
1.487896996364047709e+03
1.920476737451450163e+03
1.741439004558588294e+03
2.235351818251837813e+03
2.146109829982303381e+03
1.762573299450735703e+03
2.044135996557633462e+03
1.581422599596590999e+03
2.081385757961755644e+03
1.874861278898239561e+03
2.414055977401090331e+03
2.762816983210254421e+03
2.372283563867757039e+03
2.320175892617061891e+03
1.560723365766018105e+03
2.238477682868516240e+03
2.167737860410906251e+03
2.443357030418165778e+03
2.267012636355201266e+03
1.872281600277703092e+03
2.112061456392300897e+03
1.647227673671069397e+03
2.255099713346137833e+03
2.301894560608263419e+03
2.350315098167833639e+03
2.198396251595458125e+03
1.679713118664608828e+03
1.869756122337643319e+03
1.526038230437676475e+03
2.153613864887362070e+03
2.353643502722855828e+03
2.621290333536897833e+03
2.828871137015397380e+03
1.541675365387215606e+03
1.960097588802094833e+03
1.464308575236769457e+03
2.306688416786855669e+03
2.318912141986802453e+03
2.184351977657578573e+03
2.932404231740078558e+03
4.203259501104809715e+03
3.426044288759420056e+02
-4.664568812086633187e+01
1.655506123315273726e+03
2.582350289797167989e+03
2.352409690268484326e+02
2.511111859330481821e+03
1.060306708718346272e+03
1.994715870487063967e+03
2.184276730700805274e+03
1.517229828219671390e+03
2.669819883108497379e+03
2.008025498681717863e+03
2.366118975068320651e+03
1.881814822708560541e+03
1.815805417106063942e+03
2.229889291650700216e+03
1.765682507584103632e+03
2.605760972253151067e+03
1.971615369520425247e+03
8.895200828286168644e+02
5.602743986153444666e+02
3.056528620158288504e+03
3.184802903389461790e+03
2.944451017712943212e+03
2.883646346174736664e+03
2.371202435677057110e+03
2.519531834433999848e+03
2.086647867394346122e+03
2.169582564596070370e+03
2.075658348238237977e+03
1.850857315169597086e+03
1.893728188262924277e+03
1.702190001201692894e+03
1.996117770587214636e+03
1.933852688957972532e+03
2.198067215113260318e+03
2.340719285274905360e+03
2.101276657793084269e+03
2.314496665941720948e+03
1.770684648533843756e+03
2.106879800860815521e+03
2.094976227880849365e+03
1.586524176132635375e+03
2.362289614717904442e+03
2.045568842927132209e+03
2.261648232697222284e+03
1.526379004486469285e+03
1.838764109284203414e+03
1.941711635974642832e+03
2.192160520357750102e+03
2.723378205487878404e+03
2.293418087284651847e+03
2.701664148688849764e+03
1.641386697845796334e+03
1.925004961629572790e+03
2.230380611089995000e+03
2.317061911854319078e+03
2.185488572712784389e+03
1.539838027547384172e+03
