1.896579622901290804e+03
2.164198852241472650e+03
2.231901487089798593e+03
2.352531079094248526e+03
2.388227126734767808e+03
2.389709230651293637e+03
2.417977242038234181e+03
2.314668978138488910e+03
2.527850253487385544e+03
2.485955638186509077e+03
2.304610974879673904e+03
2.202819161229722340e+03
2.330956455285394441e+03
2.267360200932696443e+03
1.868977426872960677e+03
1.911641475152389603e+03
2.103143918251750620e+03
2.259909973886338776e+03
1.984563239146160868e+03
2.012002910215579959e+03
2.132706701195901132e+03
2.272222641156748978e+03
2.311037878611307406e+03
2.158087564833139368e+03
1.646402148241614213e+03
1.796895825304904974e+03
2.152689742892343475e+03
2.485053818440346276e+03
2.694240480755165208e+03
2.584697391546923427e+03
2.156985370636311927e+03
2.136650088849860822e+03
1.962560250094418507e+03
1.595668519103860262e+03
1.566102939004337941e+03
1.884190074055353307e+03
2.142353287813893530e+03
2.274178853394639191e+03
2.400049104593351331e+03
2.134250531107032202e+03
1.773497009130498100e+03
1.871204282410476935e+03
1.854559143314289713e+03
1.765308222920691605e+03
1.563862978439692142e+03
1.835680289123322837e+03
2.153186793042821591e+03
2.476145800097339361e+03
2.694424556127433789e+03
2.374174593820603604e+03
1.758383336762748513e+03
1.563292045061467661e+03
1.413956644086355936e+03
1.819349342698062856e+03
2.535499410465612073e+03
2.771416669665820791e+03
2.737885161546822928e+03
2.304190060606651514e+03
1.964027171043159797e+03
1.861379842876085377e+03
1.688603130054417989e+03
1.696773295950522424e+03
1.680104687317551452e+03
2.086741439730899856e+03
2.364192105152300428e+03
2.451347395766862519e+03
2.290808577915667229e+03
1.860428033393119904e+03
1.694260781086139104e+03
1.751459160091905687e+03
1.732307465427637453e+03
1.881226260624433507e+03
2.140554032437345995e+03
2.264021698264551560e+03
2.382289361015219583e+03
2.346691551401650486e+03
2.115759366427206260e+03
1.716186621332987897e+03
1.819524570821716679e+03
1.821931253502164964e+03
1.681532116838232014e+03
1.687372691571994437e+03
1.862509171170077252e+03
2.059699229608663245e+03
2.168636599669951465e+03
2.204935856220881305e+03
2.258792902065418730e+03
2.431562850087566858e+03
2.650842651818914874e+03
2.628985998389111046e+03
2.424601459548709499e+03
1.900399525710632815e+03
1.696986082421838546e+03
1.667823869487339152e+03
1.416123199335612981e+03
1.500375694295087442e+03
1.736078079666720441e+03
2.096530372531140529e+03
2.316455421293935615e+03
2.475160190021746985e+03
2.315982615623089714e+03
2.432840149097569338e+03
1.989725854948178267e+03
2.010016197479262473e+03
2.024436667098434327e+03
2.006056873428884956e+03
1.985888725504567901e+03
1.927819271383030582e+03
2.040762865361935155e+03
2.075146438120791572e+03
2.208267497921712220e+03
2.317268074308081850e+03
2.426672100843135013e+03
2.241464253475768601e+03
2.499515582313526465e+03
2.355009688261189694e+03
2.786113940309351619e+03
2.572340876910410771e+03
2.087042786183057160e+03
2.702024754193557328e+03
2.485722656580559033e+03
2.225570077365753150e+03
2.200114143179577695e+03
2.001529529990272522e+03
2.003478194533976193e+03
2.050998493152858373e+03
1.916496272895886023e+03
1.655661837602435298e+03
1.735602804637008603e+03
1.784942755045088688e+03
1.745989410081190954e+03
1.801987532227883548e+03
1.987314591727155857e+03
2.102372624346267003e+03
2.222001031784369843e+03
2.251065351588021713e+03
2.231156269643754058e+03
2.388091895246922377e+03
2.464021097421742070e+03
2.415213880455222352e+03
2.156487066844382298e+03
1.658253418926435870e+03
1.570526737012062085e+03
1.661494565529679676e+03
1.685473405615880438e+03
1.858169551981729228e+03
2.088228968299953067e+03
2.176176814260567880e+03
2.262731134191908041e+03
2.385754983029419236e+03
2.467157259960339616e+03
2.406095642613716791e+03
2.456429340224690350e+03
2.347695464442272623e+03
2.045201186279151443e+03
1.700619119084854674e+03
1.657665650676935456e+03
1.768394256108673062e+03
1.669543720852682100e+03
1.644912669781063869e+03
1.598353895359243552e+03
1.697166186658222841e+03
1.754217776218565405e+03
1.548930176828472668e+03
1.486451509284303029e+03
1.587304146506936831e+03
1.738831521849811679e+03
1.752185723568453341e+03
1.510718001608224768e+03
1.490748522229284163e+03
1.676461591244059946e+03
1.820427503826352222e+03
1.834758578741604197e+03
1.922049816029652220e+03
2.099038031255130591e+03
2.048449426518061045e+03
1.900751400226677788e+03
1.837392862436257019e+03
1.784845782692426837e+03
1.898050458725442240e+03
1.733318143792597311e+03
1.580978222326131345e+03
1.798073812889776491e+03
2.012991103693461582e+03
2.057894168911355791e+03
1.889905570417459785e+03
1.640119968867624948e+03
1.804404882727116046e+03
1.981584964284647867e+03
1.838033305705677776e+03
1.748449086934360594e+03
1.807844666191274655e+03
1.830496408562897386e+03
1.660603117635844228e+03
1.543308602421320529e+03
1.719209241772940914e+03
1.844585890745382585e+03
1.700394261702903805e+03
1.661490343719332941e+03
1.674563812054565233e+03
1.800662056368248159e+03
1.694155280132359621e+03
1.598407398196387248e+03
1.445994662046493431e+03
1.708537750617173060e+03
1.933121226100669901e+03
2.021917385649522657e+03
2.114182918698840695e+03
2.015829631423725004e+03
2.132916224399521070e+03
2.170699674149814200e+03
2.174889401017035652e+03
2.264955580818049839e+03
2.304048543438626893e+03
2.465498232139439096e+03
2.486391755645137891e+03
2.502734467165684237e+03
2.359891708056758034e+03
2.476262824940260089e+03
2.387220468997456464e+03
2.119245289146578671e+03
1.678441710409690131e+03
1.553686539652579086e+03
1.961685624847488953e+03
9.867412241074372332e+02
1.783022490221043654e+03
1.877837737972106879e+03
2.106871877093544754e+03
2.442017507212446617e+03
2.287572847696146709e+03
2.391603987780554235e+03
2.114440635337505228e+03
2.041564914463674313e+03
2.229941925852674103e+03
2.010590868498044301e+03
1.963157599398508864e+03
1.740218632303916593e+03
1.851520944909855871e+03
1.710086582720806973e+03
1.673043877377383751e+03
1.886737509396994483e+03
2.098909216986623505e+03
2.352508471477367948e+03
2.816023719349604562e+03
3.365436799360425084e+03
2.218638822999711920e+03
1.892188946904951536e+03
1.858655982737999011e+03
1.787766241111974068e+03
1.500540120821732671e+03
1.542387570319412134e+03
1.814625924951148363e+03
2.058408437614493323e+03
2.480508853469868882e+03
2.092700589235776079e+03
1.708516052715796832e+03
1.749993220589217344e+03
1.844705810020653416e+03
2.054902774045307524e+03
2.259221423625780062e+03
2.313721967062816020e+03
2.339722200258459907e+03
2.222307025673881071e+03
2.150622149775447724e+03
1.772347118726095232e+03
1.698270869800427818e+03
1.603365434619159487e+03
1.458465285531067366e+03
1.701770334113759418e+03
1.857703247972325926e+03
1.776596086376047879e+03
1.698547325721147445e+03
1.703647787124295292e+03
2.110352054358196710e+03
2.279019985677134628e+03
2.468116888303668020e+03
2.476058852836478309e+03
2.126267760444048690e+03
1.956112593165724547e+03
1.857822840808980573e+03
1.656913187229057257e+03
1.559498484360990915e+03
1.816478690320514715e+03
1.901672585432279675e+03
