8.509093134663659157e+02
2.108046981464207875e+03
2.422057189292583189e+03
-1.384742759703714299e+01
2.631004315031393617e+03
2.376941422318127024e+03
2.213846168768013740e+03
2.259156458315481814e+03
1.897376955528451617e+03
2.356804632706624034e+03
1.565984580938464887e+03
2.439195090671653361e+03
2.102483792201414417e+03
1.974425997155246023e+03
2.422952494652396126e+03
1.474431892552127465e+03
2.179596429603981051e+03
2.162882766047644964e+03
2.002375727964438283e+03
2.178801576451063283e+03
1.941077469283776054e+03
1.929859897956039276e+03
2.074180441285882353e+03
2.244931741254015378e+03
1.722050669032804990e+03
2.638921896356501748e+03
1.732488421166945955e+03
1.834070814092094224e+03
2.743415135929155440e+03
1.535088860974213048e+03
2.460400055967846583e+03
1.955215107444398200e+03
2.190853768155344824e+03
1.740133225600060086e+03
2.328783761476512154e+03
2.337412418038325995e+03
1.458771450668156831e+03
2.029327278109883537e+03
2.288520089882330922e+03
1.985825192360406845e+03
2.029510580810624788e+03
1.908714631169762470e+03
2.355972853942776055e+03
1.696659811314226090e+03
2.666986923408037455e+03
1.892990380096948229e+03
1.713591550240415245e+03
2.266297627537000608e+03
2.043469147667870175e+03
2.114785126239616602e+03
1.772648074969943082e+03
2.545174275041401415e+03
1.888245799338335246e+03
2.115569924455818182e+03
2.231163756150308018e+03
1.545093459360288080e+03
2.199771781709560400e+03
2.198847393916638339e+03
2.319223867949498981e+03
1.766764133226421109e+03
2.061143971836377204e+03
1.996900415881478239e+03
1.913637400152259943e+03
2.563311521030423137e+03
1.718051068218625915e+03
2.092631479571737600e+03
2.365055462884889948e+03
1.752270811948255641e+03
2.329751114202025747e+03
2.069393762833693472e+03
2.194224287738802559e+03
1.922847446859530010e+03
2.489449488063315130e+03
1.786586664431425788e+03
1.608839314202521564e+03
2.490651347551876370e+03
2.033599407125845801e+03
2.240909043052689867e+03
1.587060760178879036e+03
1.879779826684711679e+03
2.376434854069872927e+03
1.653679941863396834e+03
2.041737297198935494e+03
1.606938357274390455e+03
2.380509652545443259e+03
2.012638383488179443e+03
1.769420843278307302e+03
2.223986605313867130e+03
2.026043045977039583e+03
2.251747338573290108e+03
1.852629324353340053e+03
2.261780508644667862e+03
1.897492329747560461e+03
1.962057138821718581e+03
2.406827891188285776e+03
1.879432148423263698e+03
2.310705404849298702e+03
1.749220693965470673e+03
2.573860523441604073e+03
1.942877163096769664e+03
1.401366638220580853e+03
2.579336525945790527e+03
1.467913395690797415e+03
1.974776917685614762e+03
2.118078180054661971e+03
2.213329294042890979e+03
1.723528410385309598e+03
2.268735215992795474e+03
1.891250479719238683e+03
2.026706216690560723e+03
2.260414068216265605e+03
2.172747744241967666e+03
1.732157737009408947e+03
2.272287892086734701e+03
1.944020089426108825e+03
1.901803412227603985e+03
2.134546723494642720e+03
2.331179235392882674e+03
1.708525829504085777e+03
1.313906218292900348e+03
2.765879782493995663e+03
-2.287264248301813154e+02
4.331636330459998135e+03
2.078208670040273773e+03
1.200371166912076887e+03
1.724746812992537343e+03
1.538130005976569009e+03
2.296722992292622621e+03
1.886341416971220269e+03
2.591088211850209518e+03
1.727565178566891291e+03
1.968701908508129918e+03
2.199748010497742143e+03
1.718089587200533515e+03
2.404689281346117696e+03
1.797093033632069819e+03
2.234362602457837966e+03
2.338127617883379116e+03
1.890010503125948617e+03
2.327755139702703673e+03
1.762803084825836777e+03
2.113654225778314867e+03
2.195276932628794839e+03
2.454392994276944592e+03
1.979401176315838029e+03
1.632813564992432703e+03
2.493986629256392007e+03
1.331865752851490925e+03
2.351369862697930330e+03
2.180886993984549463e+03
1.964362479047885927e+03
2.018261111583729416e+03
2.130657523095273064e+03
1.803149268276526527e+03
1.925828189578962110e+03
2.633327209703454173e+03
1.567340594813190819e+03
1.963555593423988057e+03
2.408458444444851466e+03
1.636121957589027943e+03
1.989191537410587443e+03
1.735080099460460133e+03
2.691651673937646592e+03
1.943142786414805641e+03
1.860679488237374471e+03
2.018212765756341696e+03
2.019529630412568167e+03
2.071574434081501749e+03
2.045301147313336060e+03
2.477523806297730516e+03
1.766661017435625581e+03
2.056291739513052107e+03
2.418605639732958025e+03
1.493023166230723518e+03
2.276740248316520137e+03
2.155505051537309100e+03
2.150726627259572069e+03
2.032324999342477668e+03
2.254274365560007482e+03
1.990699254455705841e+03
1.692278829411762217e+03
2.690794496504156996e+03
1.676666310994389733e+03
2.201254978909299098e+03
2.292967054438999185e+03
1.801044520201985733e+03
1.937458730680078133e+03
1.703628627141176594e+03
2.413199731817017891e+03
1.917325268952993383e+03
1.959736843695024163e+03
2.182368722522689040e+03
1.907603715161528498e+03
2.173917681209974489e+03
2.042742221917962070e+03
2.160920700545195814e+03
1.852579916781178099e+03
2.325914271495296362e+03
1.957246269253121682e+03
1.759530953362060700e+03
2.465735766886475176e+03
1.802088972126421368e+03
2.133201222736940963e+03
2.575125694376845331e+03
-1.010846474664318748e+02
3.628376474126346238e+03
2.574042715001831766e+03
1.674673291626426362e+03
1.569675842206890138e+03
2.321273794972998530e+03
1.496466901231967995e+03
1.874579541876456005e+03
2.134071632685549503e+03
1.861368679978921364e+03
2.650154861891920063e+03
1.826296703949555877e+03
2.117492391315622626e+03
2.420536655014964253e+03
1.825273415924219762e+03
2.493637260410574072e+03
2.009254968916438884e+03
1.875430650503028119e+03
1.911121252350915256e+03
2.777304236214725279e+03
3.685693642447026377e+03
-9.617935666031169717e+01
2.839603240919265772e+03
7.776628866683043952e+02
2.190850572938624737e+03
1.493627255472017623e+03
2.153514999540835561e+03
2.380100489766057763e+03
8.382200995412259772e+02
2.527596014863137952e+03
1.714051666583550741e+03
2.132749252768475344e+03
2.069637689235354173e+03
1.911244625509709977e+03
2.009583037657692103e+03
1.975264549684644408e+03
2.216474176666770745e+03
1.756383690736747894e+03
2.205053324544229781e+03
2.141158278561984844e+03
1.388914809400245964e+01
3.239778712143960092e+03
4.044821402968113489e+03
2.590213127507897752e+03
2.083421736504485125e+03
2.255988028266939182e+03
2.163346343433983293e+03
1.669595985790662780e+03
2.321526352507812135e+03
1.973865693988503381e+03
2.043492620986367228e+03
2.074470944543826590e+03
2.282581658917165896e+03
1.917170370575220659e+03
1.790503155850127996e+03
2.420777053849689310e+03
1.789625679991492234e+03
2.092771366320421293e+03
2.003820425735656045e+03
1.932096680691598749e+03
2.058920345828728841e+03
2.093614812514527330e+03
2.067276856518601107e+03
1.821103422250037511e+03
2.662050703133508705e+03
1.880139383345871465e+03
1.818177495856108180e+03
2.548036726658333009e+03
1.697584554235525729e+03
2.815110455786317289e+03
2.055487773955922421e+03
1.855481111370863573e+03
2.287470289017945106e+03
1.813474918845925231e+03
2.043229335751744657e+03
2.227368466721186905e+03
2.400408403400779207e+03
1.592180597490380023e+03
2.635584499139175023e+03
2.162034968192409451e+03
