2.081868760309728714e+03
1.974450218853519800e+03
2.243711191647469150e+03
2.057293110551051541e+03
2.213744561112670453e+03
2.103102296661446417e+03
2.020530410228998562e+03
2.199855698134443628e+03
1.995160172501708985e+03
2.299132233218997044e+03
1.954906520632827551e+03
2.217266887846053123e+03
2.092349911004616388e+03
1.935207954737918271e+03
2.169202957709348084e+03
1.959860333670083946e+03
2.249036134059663254e+03
1.977115549769403515e+03
2.120662396239667942e+03
2.090412349364097736e+03
1.949098199646750345e+03
2.157422367992199725e+03
1.932316491785348717e+03
2.350829468899865788e+03
1.914387376216027860e+03
2.091152253819033376e+03
2.174625743445059925e+03
1.914425581346671606e+03
2.122092409732033502e+03
2.028026804773714957e+03
2.295762008641389912e+03
1.980849118506936065e+03
2.053763694127296276e+03
2.122953087158934068e+03
1.918971590867282202e+03
2.193717940404578712e+03
2.089339737940193572e+03
2.182229833691827935e+03
2.152787780477596698e+03
1.920511357599698840e+03
2.153197777877000135e+03
1.914590711879062155e+03
2.294221332325506410e+03
1.999434189568558622e+03
2.263000982423442565e+03
2.086492439739287875e+03
1.891023939550969772e+03
2.182075209150551927e+03
1.876753738802091220e+03
2.352229332484402221e+03
1.975853475290434062e+03
2.122811820557798910e+03
2.088981047207781558e+03
1.911699580938934105e+03
2.279375135966645757e+03
1.990719447106804182e+03
2.330555437252485717e+03
2.040475371253188314e+03
2.089508549101753943e+03
2.152469551410899385e+03
1.813126541807006561e+03
2.294447123996782466e+03
1.981965804890078743e+03
2.273327950235287517e+03
2.038340258664367639e+03
2.056021806325528814e+03
2.065667374316155929e+03
1.949594903442177156e+03
2.353668162764336557e+03
1.939400815959491183e+03
2.270313722947430506e+03
2.086548040775037407e+03
1.968520118379165751e+03
2.176290988715023559e+03
1.830242230280786771e+03
2.348044456128008733e+03
1.948987191404910391e+03
2.129219723078716015e+03
2.098143863620986849e+03
1.969962463326542093e+03
2.229858237941440166e+03
1.922193452866917141e+03
2.291001161584204965e+03
1.995424028372341127e+03
2.097786630839739246e+03
2.186349949883359386e+03
1.973985289681585755e+03
2.220149215164729867e+03
1.934512075054215302e+03
2.280998678070474398e+03
2.006734242190724217e+03
2.129097315902931769e+03
2.125088238262842879e+03
1.960754643355878670e+03
2.268798547810962646e+03
2.006813732501542745e+03
2.207152612334720743e+03
2.068475321114989129e+03
2.022321294883435257e+03
2.121229877271515306e+03
2.015604500273405620e+03
2.090061341570923560e+03
1.956683225279998396e+03
2.311404514575063331e+03
1.968390741673447110e+03
1.966037947786790937e+03
2.221845939017178807e+03
1.955528881345773243e+03
2.349638097915817980e+03
1.884886865368640201e+03
2.190996200397083612e+03
2.004722297803473793e+03
1.962002472091968684e+03
2.288031894875409307e+03
1.826842604816684570e+03
2.500637419633760146e+03
1.900833035563092608e+03
2.109464072227134238e+03
2.104973095450388428e+03
1.774668620651350238e+03
2.164978510779145836e+03
2.058740294271362473e+03
2.327987635221904384e+03
2.057407685013730770e+03
2.059161033198730365e+03
2.080613570490031179e+03
2.003628437671110760e+03
2.209683164682741335e+03
1.962073458203163227e+03
2.198577307419951467e+03
2.037345118709047483e+03
2.053052643526772499e+03
2.117185529416483860e+03
1.896597731197411349e+03
2.260318671437591547e+03
2.043776020455844218e+03
2.276805850397959148e+03
2.001050357521263095e+03
2.008342199466972943e+03
2.093774931391582868e+03
1.865817166222159585e+03
2.253349831348214593e+03
1.923533782843717290e+03
2.154379882001733222e+03
2.000135527213011301e+03
1.943710383117219408e+03
2.218449179729067964e+03
1.881001313340565048e+03
2.248067322367782253e+03
2.068532221264023519e+03
1.992836046628279973e+03
2.026074202125065767e+03
2.000018772563648326e+03
2.172145241462418198e+03
1.945025962656318143e+03
2.267444083194378436e+03
2.052537978366436619e+03
2.014945975533788669e+03
2.095814352893783962e+03
1.841331717938503743e+03
2.330593711604843975e+03
1.940178880114021467e+03
2.201188863018657685e+03
1.946079062838222399e+03
2.045220334485547255e+03
2.175622784618022251e+03
1.794528681992241900e+03
2.324517108213031861e+03
1.986151171422881134e+03
2.141892910898578975e+03
2.088830545603059818e+03
1.964265043180628936e+03
2.172736265635630389e+03
1.916778943631001766e+03
2.246121022841950889e+03
2.011716098310277857e+03
2.192206920822352458e+03
2.078558417569855465e+03
1.922365870244520011e+03
2.267159553651073111e+03
1.884580498771633074e+03
2.228789970157570224e+03
2.050525763912180082e+03
1.947457605018516233e+03
2.137309729692857218e+03
2.034294458320072408e+03
2.118788065146981353e+03
1.947216485879889660e+03
2.205046621861959466e+03
1.997411147901151935e+03
1.989132061301652129e+03
2.108350143911073701e+03
2.013157390451789979e+03
2.233350462415230140e+03
1.972249879612914583e+03
2.258102629535740107e+03
2.033745378950158511e+03
1.936469192756394250e+03
2.241754022489995350e+03
1.901954448944261685e+03
2.221504023003314160e+03
1.955346300303084945e+03
2.143409798400901309e+03
2.196465844434216251e+03
1.887438673261164695e+03
2.189146609380416976e+03
1.845616630284283474e+03
2.366681683294933919e+03
1.994502670793428706e+03
2.126549181373297415e+03
2.071064129073248751e+03
1.862338333015271928e+03
2.296026713847584233e+03
1.988838041651923049e+03
2.225516653270878578e+03
2.103173102790998655e+03
1.968310447873387830e+03
2.099473807649875653e+03
1.968675723501951779e+03
2.264621345030440352e+03
1.946420786663000172e+03
2.285656756570110701e+03
2.062435449294969203e+03
1.951112980544451375e+03
2.350855738065353307e+03
1.893297222031817000e+03
2.239870169288512898e+03
2.244706127362346251e+03
2.021992036419317401e+03
2.080134647632984979e+03
2.080778724828108807e+03
2.075258117740291254e+03
1.883960279227035699e+03
2.291971559725293901e+03
1.966551427688672220e+03
2.303048607779063786e+03
2.010015122168116932e+03
1.957783027351275450e+03
2.111089802435840738e+03
1.930321177387203079e+03
2.316333542252791176e+03
2.023506289456834338e+03
2.140078987937820330e+03
2.117286406862033800e+03
1.823335049596335921e+03
2.364251314935657319e+03
1.927561947141022983e+03
2.321352777282081206e+03
2.083210241540016796e+03
2.040234099160830965e+03
2.138544394832750186e+03
2.042636534875977304e+03
2.208855240397451780e+03
2.033272624462002568e+03
2.214841667448638873e+03
2.066870531599557580e+03
2.170471603713335753e+03
2.104735813954483547e+03
1.986702588391524841e+03
2.250760563750878191e+03
1.989243702851468470e+03
2.154637344049417607e+03
2.161391133698932663e+03
2.017075055209750190e+03
2.133920629062220087e+03
1.851460615810721492e+03
2.342776300781027203e+03
1.990081095155962203e+03
2.128777827026847262e+03
2.135579692449506183e+03
1.973218573097759190e+03
2.140609307236085442e+03
2.041480572466547301e+03
2.333798372350305726e+03
1.978121306266114516e+03
2.121192532232961639e+03
2.103713801534932827e+03
1.941346213589911258e+03
2.301022294049650100e+03
2.022595122828990270e+03
2.225762658275416015e+03
2.033216436332370222e+03
2.049580320224945808e+03
2.184688723662362008e+03
