2.372030610285683906e+03
1.515827141192315139e+03
2.128816031318081514e+03
2.583283500320733765e+03
2.307809971529513405e+03
1.221811924117873787e+03
1.764991066394650716e+03
2.717942767105954772e+03
2.411446351647943629e+03
1.736941872236115842e+03
1.269223573355508734e+03
2.406470385086071474e+03
2.236562600053573078e+03
1.919501007496982311e+03
1.710204573614502806e+03
2.213753244683882713e+03
2.509468484408080712e+03
1.890450351089085643e+03
1.741861208020603272e+03
1.858055120488704233e+03
2.308734353687400016e+03
2.033931842659636914e+03
1.784183206782425714e+03
2.154920889244375303e+03
2.371754530497378255e+03
2.209586341356465709e+03
1.744050444403132815e+03
1.995657937425266482e+03
2.718177024760438144e+03
1.817419094693218312e+03
1.605265940965267191e+03
1.503616563017978024e+03
2.678012366602170005e+03
2.311530471394030883e+03
1.566158089368661194e+03
1.673064191623250736e+03
2.480270129165939125e+03
2.823030556544689716e+03
1.363310742911588704e+03
1.452336086919534409e+03
2.596013327312325600e+03
3.015003339612272157e+03
2.008122740321389756e+03
8.943701418814563340e+02
1.640771241960402449e+03
2.321607963433327313e+03
2.529599561641054152e+03
2.057923522823080020e+03
1.417828263162070243e+03
2.251815804213008505e+03
2.117886362932842985e+03
2.650685862708282912e+03
1.755227830904869961e+03
1.584875543400995866e+03
1.898617039942344263e+03
2.816092015671284116e+03
2.471870626531787366e+03
1.619932905739879970e+03
1.416432545362217297e+03
2.051993528003297797e+03
2.428361584335326370e+03
2.567803792552697814e+03
1.342467774927707524e+03
1.881154099877221370e+03
2.142340860236631670e+03
2.795130890381651625e+03
1.708262243025462112e+03
1.438171865348684832e+03
1.897275500685582756e+03
2.249844741165915366e+03
2.439798310644053345e+03
1.857296328191600423e+03
1.890232681758654962e+03
2.213289946239940491e+03
2.559071667601799163e+03
2.783769350521428350e+03
1.701773173374495855e+03
1.521898704081693722e+03
1.375551024713040078e+03
1.944660484051751155e+03
2.374352910543681446e+03
2.327315964316208920e+03
2.408326776312415859e+03
1.156305399937242555e+03
1.774883247659869767e+03
2.051927726982987679e+03
2.849887356608820937e+03
2.487026881347154358e+03
1.488970521985992036e+03
1.693016608357005225e+03
2.219948216427946136e+03
2.720555923743676885e+03
2.188174031811833174e+03
1.560209399328547761e+03
1.696630530166201424e+03
1.831171858330922305e+03
2.775202127212989581e+03
2.464272779293365147e+03
1.744438055923501679e+03
1.472199348061622459e+03
3.455720460825663736e+02
3.608600973736511150e+03
2.177436896490951312e+03
4.041797474384876523e+02
3.124268839769107672e+03
1.457179037861932557e+03
1.834814977630383964e+03
3.145550241160085534e+03
8.657186522710907184e+02
2.478538482352981646e+03
2.139945979318405534e+03
2.039643985402852422e+03
2.142937436387227990e+03
1.330457180175540088e+03
2.262967438999936803e+03
1.697016607831685633e+03
2.732716038382768602e+03
1.428033452109169502e+03
1.708604732953334633e+03
2.660071239265507756e+03
2.329578683978042136e+03
2.108202848819483279e+03
1.782278628707657390e+03
1.754496228650575631e+03
1.881043205995999642e+03
2.143263220639423253e+03
2.279651450743354417e+03
2.211586367526326740e+03
1.845219775179634553e+03
1.812697933997528935e+03
2.019640769326043028e+03
2.331557501609462179e+03
2.671328136123138393e+03
1.603542804032195136e+03
1.601663478002097463e+03
2.071115616511638109e+03
2.965178625042167369e+03
1.607411334500194471e+03
1.172061487969116797e+03
2.372157977992781525e+03
2.863508247501847563e+03
2.129465909098096290e+03
1.133175139387315994e+03
2.073290595275396754e+03
2.758603177845785012e+03
2.358396527544026412e+03
1.519538171500241788e+03
1.596184016626968287e+03
2.287528240303227449e+03
2.605999596585410018e+03
2.210888162166634629e+03
1.789942559133227405e+03
1.358357085707043325e+03
1.880483426676388945e+03
2.187864174853948953e+03
2.576107474648659718e+03
1.844894623219870709e+03
1.533512128287921314e+03
1.842469580762467331e+03
2.238812564863324496e+03
2.646155357335379449e+03
1.914407796473027702e+03
1.900128723938463054e+03
1.514121403753914592e+03
2.079924291321388409e+03
2.551890970839113379e+03
2.432499991135852724e+03
1.835675234333937624e+03
1.407770273011515428e+03
1.936335822080208345e+03
2.548299492582107632e+03
2.490094558853949820e+03
2.047926882576795606e+03
1.270096903648563966e+03
1.928620889618550109e+03
2.072810484387551242e+03
2.849040327054564841e+03
1.861321054852504403e+03
1.565214441155531858e+03
1.672800925485600828e+03
2.426243469941760850e+03
2.546699609492920445e+03
2.164226386443601314e+03
1.874409924603279705e+03
1.678816363874448598e+03
1.688424116864020789e+03
1.535883682445489057e+03
1.689081037577774168e+03
2.460243987435610507e+03
2.338179341097631095e+03
2.083851665211711406e+03
1.492638567721980735e+03
2.001610903423286118e+03
2.549889600294224238e+03
2.631135843336741345e+03
2.120900840119769782e+03
1.679556701249591470e+03
1.496138679053794931e+03
1.947897742898982187e+03
2.338936527244823992e+03
2.787009903154275435e+03
2.184363767960372115e+03
1.277861133294584988e+03
1.383481904919912267e+03
2.152396879396816530e+03
2.898732922956492530e+03
2.037918209617625962e+03
1.809093513964820431e+03
1.327467050966369470e+03
2.067248409815646937e+03
2.657221922583470132e+03
2.338846496469820522e+03
1.778741328066461165e+03
1.439584984723281650e+03
2.558966763964637266e+03
2.389393715015457929e+03
2.206258734147405448e+03
1.340913589022287169e+03
1.534400276137822175e+03
2.687392200851821144e+03
2.471858465273980983e+03
1.962019999283596007e+03
1.087923262218676427e+03
2.001355400853767151e+03
2.390080502010110649e+03
2.307675979090675810e+03
1.391023733002031804e+03
7.106556995897282150e+02
3.216998863465980321e+03
1.918842807662015957e+03
3.038655609266943429e+03
1.540881909102282407e+03
1.534487826607143461e+03
3.516839171481939502e+03
1.587568935081257223e+03
3.038366512657033127e+03
9.124864306049095148e+02
2.086890514817549501e+03
2.126788848311843140e+03
2.088661044948361905e+03
2.090439140882090214e+03
1.172644210351011452e+03
2.616290138090310847e+03
2.117335658222652455e+03
3.824758268747246802e+03
2.220098575012993479e+03
1.368045418351195849e+03
1.550800920105718433e+03
1.807990001151802971e+03
2.147332278880469403e+03
1.976505544550328977e+03
1.760218151244667297e+03
1.903605747827521782e+03
1.942776886067724945e+03
2.165737167846797547e+03
2.169921620052510207e+03
2.263901379097869722e+03
1.682019601389994477e+03
1.765810630171587491e+03
2.024919894132527588e+03
2.279644573038938233e+03
2.361447358495667686e+03
1.781549455022708344e+03
1.444882400047968531e+03
2.184937891395978568e+03
2.590291235230512484e+03
2.832182635184423816e+03
1.817500287058286631e+03
2.108517147063240373e+03
1.339252051036191915e+03
1.613814056008941179e+03
2.468451326381653871e+03
2.728389537952139108e+03
2.479711228758685593e+03
1.048627749170670768e+03
1.764102737049567850e+03
1.990897388543623265e+03
2.230338482220427522e+03
2.534952580344626767e+03
2.417838906984941787e+03
1.916458837359155496e+03
1.033887169803182132e+03
1.844074522112258819e+03
2.335952913009984968e+03
