1.976357529847066871e+03
2.067192678685111332e+03
1.550071157897186140e+03
2.350774043041222740e+03
1.980485581020644531e+03
1.751655395421338199e+03
2.476982618942489808e+03
1.826312563337576194e+03
1.515377443315482878e+03
2.826557014642423383e+03
2.099106633843806321e+03
1.171754400942391840e+03
3.032910314924642535e+03
1.298171349983210121e+03
1.332642979901777380e+03
2.680264545505278875e+03
1.050584978421808955e+03
2.105375866004228556e+03
2.617808689508303360e+03
1.743275439194544788e+03
2.052371645742637156e+03
2.427228650719824145e+03
1.438890660372210732e+03
1.952794529534957746e+03
2.731873798517115119e+03
2.098922994172101426e+03
1.194131712672624644e+03
2.877050004208850169e+03
1.120698539059644418e+03
1.792822516437387776e+03
2.558407385479250934e+03
1.690987487051681228e+03
1.948120945010836067e+03
2.494800394979562043e+03
1.483217718010873114e+03
1.696277651812550630e+03
3.454082671349417069e+03
1.703487792490225729e+03
1.428755874764803821e+03
2.829089402213906396e+03
8.309131199518982385e+02
1.937743608216008624e+03
2.444385534765538523e+03
1.849526161227107650e+03
2.058788288741047381e+03
2.241047021733597830e+03
1.702112704206023636e+03
2.000105732814446583e+03
2.906906949524069205e+03
1.653165528901670768e+03
2.243941546038820434e+03
2.483126156386190814e+03
6.034624035887062519e+02
2.824989810762125671e+03
2.365504547626881504e+03
9.568534691570049517e+02
3.174228603441972155e+03
1.386076323905269419e+03
1.084022130964619464e+03
3.053067970387533023e+03
2.390485735436019240e+03
1.497007696388176555e+03
2.328583967386086897e+03
1.718778209369747628e+03
1.803750205036007401e+03
2.488194819984442347e+03
1.988409717220953780e+03
1.710726264389896414e+03
2.375635880205599278e+03
1.843761372582550848e+03
1.834337505157719079e+03
2.457903112805223827e+03
1.940198761525185091e+03
1.503330830547190772e+03
2.238447046778731874e+03
2.580856404308907713e+03
1.688306227377794357e+03
1.692891195916793777e+03
2.448226944372759135e+03
2.280604453568287681e+03
1.734017441742371147e+03
1.645618708938079635e+03
2.232924905586501154e+03
2.057598032395519567e+03
1.795871815423045291e+03
2.380715594787190184e+03
1.413506744940767931e+03
2.045441727090476206e+03
3.158286280067226471e+03
1.306335002787960548e+03
1.493458358089824969e+03
2.895594760525554193e+03
1.597455739751916553e+03
1.613280172166943203e+03
3.167231598753080107e+03
1.157051939675499170e+03
1.829938591367329764e+03
2.352473190443613021e+03
2.060423910742375938e+03
1.751085923015349181e+03
2.600106021571013571e+03
1.730180671814035350e+03
2.321130586707992279e+03
3.148293503100785074e+03
6.302286108718029709e+02
1.506963213438486946e+03
2.257387619284274024e+03
1.493611384301079852e+03
1.936395922006650380e+03
2.255678361233950000e+03
1.487801807602970712e+03
2.071579728724016149e+03
2.828026998254454611e+03
1.824550009786154533e+03
1.008835032711984354e+03
3.743508731032406104e+03
4.633367372812479061e+02
1.697511891253242538e+03
2.873467870286592643e+03
5.160903200285127923e+01
2.413294927543041922e+03
2.993499517786659453e+03
1.764642997695153781e+03
2.401591437447868884e+03
2.546773023946057947e+03
1.549975586867196398e+03
2.400412994246480139e+03
1.866271091744898968e+03
1.843458132012626493e+03
2.497865173976839287e+03
1.740606844824398877e+03
1.812640901182488506e+03
3.012524089254505270e+03
1.244242559734124143e+03
2.360570355816660594e+03
2.555556521922449974e+03
7.916276852974982603e+02
2.898893683213243548e+03
1.965004727318375899e+03
1.566665350786468480e+03
2.526790272014592574e+03
1.696921242716751976e+03
1.820101866117251348e+03
2.450045240573329465e+03
1.782092427790430747e+03
1.881544290135792153e+03
2.579757912075342574e+03
1.478183917446837768e+03
1.927778491713457470e+03
2.602218148880593617e+03
1.674611111592492080e+03
1.919930166400551343e+03
2.397176061250400835e+03
1.671510538144371139e+03
1.899901350428759088e+03
2.502270377781307616e+03
1.562238151309004252e+03
2.095170370447917776e+03
2.227753742568756024e+03
1.812404245284900071e+03
2.045949352712805876e+03
2.622764361787973939e+03
1.084476472983219537e+03
2.002617120461968852e+03
3.436571696630747283e+03
1.269090779945994655e+03
1.989915881483935891e+03
2.733894304604820263e+03
1.065505787821506146e+03
2.348559891408722251e+03
2.366683426442932614e+03
1.651156544934010753e+03
2.226193243635625549e+03
1.922221330817567605e+03
1.833535648384151045e+03
2.338977037983106584e+03
1.826266210185858426e+03
1.479532587667323469e+03
2.597389638183337865e+03
1.900796586528352236e+03
1.317323619310079039e+03
2.673857856394999999e+03
1.924616955915244034e+03
8.970282152615876612e+02
2.773249908138363026e+03
2.809918122071795096e+03
1.278808113927877457e+03
2.532334564917666285e+03
1.995693476298241876e+03
1.613747343591251138e+03
2.319311716969541521e+03
2.289748817144077293e+03
1.656827493744806816e+03
2.344237265082374051e+03
1.743627872735310575e+03
1.627372309164278931e+03
2.924570248800339414e+03
1.507804532572191420e+03
1.830702646048469887e+03
2.774029198679057117e+03
1.186632301564502995e+03
2.672631079100875468e+03
2.025637503062018141e+03
7.092431928490489099e+02
3.283056341547178818e+03
1.510565169449885389e+03
1.853323235141160467e+03
3.034041066879319260e+03
1.502500740303848488e+03
2.404807665010313940e+03
1.828985650096216204e+03
1.747979628019888651e+03
2.629526258843365213e+03
1.751770330025186013e+03
1.764095781011966437e+03
2.617120911811331098e+03
1.636363592431458756e+03
2.109385551378990840e+03
2.595031712158189748e+03
1.375403757526446043e+03
2.294715671864190426e+03
2.248595813355205337e+03
1.538865679959089448e+03
2.386517124708920619e+03
1.642941026626486291e+03
2.103448737705507938e+03
2.418040843662088264e+03
2.353195802778483539e+03
2.610914136977644375e+03
1.141747977157448986e+03
1.643538192885794388e+03
3.175331483256655247e+03
8.020437069509375760e+02
1.998255500200017650e+03
2.445816173924637951e+03
1.077949109134797936e+03
3.094670894695676907e+03
1.344873011896061371e+03
1.555491629841732220e+03
2.966353232490866503e+03
1.073240832218622927e+03
2.294696897650165738e+03
2.182874068152459586e+03
1.567861253944978444e+03
2.378373489871574748e+03
5.568083368690896577e+02
2.727894846064280046e+03
3.205216358072608728e+03
1.427036448905496400e+03
2.504359250906270972e+03
1.583666154930022003e+03
1.989431234088151314e+03
2.497317140432693577e+03
1.719553944373080412e+03
2.252499991267005953e+03
1.825570272567151278e+03
1.949400704793204113e+03
3.284633570912332743e+03
1.328149208945120563e+03
2.364446488734502509e+03
2.381887791406457382e+03
2.332007757362622726e+02
2.841440248867575974e+03
2.006151139170991655e+03
2.024588841033678591e+03
2.024568611922190030e+03
2.024556324342677954e+03
2.024556743130328641e+03
2.024556737974363386e+03
2.024556737849761021e+03
2.024556737857093822e+03
2.024556737857093594e+03
2.024556737857093594e+03
2.024556737857093594e+03
2.024556737857093594e+03
2.024556737857093594e+03
2.024556737857093594e+03
2.024556737857093594e+03
2.024556737857093594e+03
2.024556737857093594e+03
2.024556737857093594e+03
2.024556737857093594e+03
2.024556737857093594e+03
2.024556737857093594e+03
