1.839721396793840313e+03
1.795970537633651929e+03
1.957750184903227591e+03
1.817232220946370262e+03
1.877756467342455608e+03
1.875591301691509443e+03
1.884598811268505642e+03
1.796248798527983126e+03
1.927724678690973633e+03
1.884933475450596234e+03
1.918026841376550692e+03
1.892317070358285491e+03
1.787366804386653030e+03
1.839823534287548910e+03
1.881839357960594498e+03
1.848807105782430881e+03
1.872965065503609139e+03
1.844438347045210776e+03
1.892789104749229637e+03
1.852462940438459327e+03
1.864167408190087826e+03
1.895090811585780557e+03
1.859502490833360298e+03
1.870017898035345524e+03
1.812262986839202540e+03
1.919737647444427012e+03
1.890790134354387419e+03
1.870772254307829371e+03
1.847953186088130451e+03
1.904063334084203007e+03
1.851793556642530348e+03
1.791191613770884032e+03
1.837426626514493591e+03
1.897814875167443233e+03
1.825884379964696564e+03
1.988851757523994593e+03
1.839185908603924190e+03
1.876708558753203533e+03
1.852967277310054897e+03
1.915468381631216744e+03
1.815764341981813004e+03
1.828023397088021738e+03
1.887083331167682900e+03
1.874620243408703118e+03
1.861494325809937891e+03
1.800988057011133833e+03
1.892924861285320048e+03
1.855630112485281643e+03
1.808312836086012567e+03
1.870376413859409922e+03
1.864330416469006877e+03
1.854206342848799295e+03
1.907289097939256180e+03
1.820853715767401582e+03
1.927683000192740565e+03
1.804412714864525014e+03
1.904925523853751429e+03
1.852095566921904719e+03
1.869219133737177572e+03
1.888899077365767198e+03
1.859101873196075530e+03
1.897888572441793031e+03
1.792915578346229267e+03
1.879246470942309543e+03
1.871198377466140300e+03
1.859196621682067189e+03
1.853884181533123410e+03
1.849541778429344276e+03
1.830058506269878990e+03
1.919625229151925851e+03
1.825243984862279376e+03
1.868804760927083635e+03
1.851641836557029137e+03
1.846074185697514849e+03
1.827130482779495878e+03
1.857342115550572316e+03
1.880051153352135316e+03
1.830334052763038926e+03
1.826899121141033675e+03
1.864389435029115020e+03
1.923905911601422531e+03
1.901940026013538272e+03
1.819222693235544284e+03
1.814397734082738907e+03
1.884684071602491940e+03
1.884121373014262190e+03
1.886841651164065070e+03
1.840749441756497163e+03
1.855711830382220569e+03
1.883648068939718314e+03
1.859870108710694467e+03
1.880261881432972586e+03
1.800683492122653206e+03
1.871101064231132568e+03
1.920660329506986272e+03
1.837548603921625499e+03
1.873687266292061850e+03
1.884674207107047096e+03
1.819332913185985717e+03
1.869861281153707068e+03
1.815976564242341965e+03
1.854484698287667925e+03
1.920377201376916446e+03
1.881407202547388579e+03
1.814993279315249993e+03
1.830141348638991076e+03
1.865072062058826532e+03
1.918687325374361080e+03
1.889288694392550269e+03
1.831526743496881863e+03
1.859486515816566680e+03
1.862956144191386102e+03
1.867486020654879667e+03
1.854709594547124198e+03
1.844012823698677494e+03
1.931774001125119639e+03
1.889667803190924133e+03
1.835275458203440621e+03
1.852990415987964980e+03
1.883146068912914188e+03
1.799460133260040038e+03
1.890846600090171705e+03
1.860858563088836945e+03
1.865694619696138943e+03
1.873872778244806341e+03
1.824383684878644999e+03
1.854792978109235492e+03
1.830580979435712607e+03
1.911635280627806196e+03
1.881616417732892387e+03
1.850666841507579420e+03
1.845632619284689099e+03
1.867537264516763571e+03
1.903668192596500603e+03
1.931921693920670805e+03
1.834442136218105361e+03
1.837341136384509809e+03
1.866184423746287393e+03
1.848437136052170217e+03
1.840606587158128377e+03
1.880374533966222771e+03
1.828080845975093553e+03
1.897910697084046205e+03
1.844812143865054622e+03
1.865889984190228461e+03
1.813862953895290502e+03
1.927241115030166384e+03
1.788053870792311045e+03
1.906864897850804709e+03
1.826936164394804337e+03
1.845632884497789519e+03
1.931992554502858411e+03
1.852392734248602437e+03
1.898219862733325044e+03
1.822878758800756941e+03
1.845228510825845206e+03
1.856336058761427239e+03
1.837892514770621574e+03
1.849854663671606886e+03
1.911607230909958389e+03
1.873019779289183816e+03
1.776686865911981386e+03
1.861505432506310171e+03
1.898338967867702650e+03
1.890992132653461795e+03
1.781996313233182036e+03
1.892775212072341219e+03
1.902482698151022760e+03
1.891926857208320371e+03
1.880913062684252736e+03
1.863083075416418751e+03
1.884780503373468036e+03
1.836700226156716553e+03
1.851289386322013797e+03
1.843553540694588946e+03
1.898694405082168942e+03
1.857733029933749776e+03
1.859202405088804198e+03
1.856211471325628509e+03
1.913334095745985678e+03
1.835863164591485656e+03
1.857395272502797980e+03
1.864602998111084389e+03
1.835657506458989019e+03
1.857185126139637305e+03
1.907920726596010581e+03
1.836170653865656050e+03
1.864238800240557566e+03
1.863087814404812207e+03
1.872124560499831887e+03
1.824052550370741528e+03
1.920085478568830240e+03
1.781623101824621472e+03
1.830105219480076130e+03
1.943975922932384037e+03
1.838029705937376548e+03
1.939714559898716061e+03
1.912846024046366665e+03
1.849967454149161085e+03
1.837798394669021263e+03
1.855794972216050837e+03
1.893334796630473875e+03
1.849906304774323644e+03
1.896340856892970578e+03
1.870456086955660794e+03
1.880751713653497973e+03
1.872319404259771318e+03
1.825540905901466886e+03
1.843992465365542103e+03
1.902724520368666617e+03
1.843826583751938642e+03
1.853012879746028830e+03
1.831992036205668910e+03
1.858729218550520272e+03
1.766257780782392729e+03
1.901336635200051887e+03
1.819212113445977138e+03
1.844902729477447565e+03
1.887426751694759332e+03
1.918681386984534356e+03
1.811066255168475891e+03
1.871198851653625979e+03
1.897457419420278256e+03
1.795343585331678241e+03
1.908461668081620019e+03
1.852549117279396114e+03
1.937668968256439030e+03
1.897809971361548151e+03
1.819500619530294898e+03
1.879517149479174805e+03
1.901536291588788117e+03
1.834292646253564499e+03
1.866813038435360340e+03
1.859392655794232951e+03
1.817808325055879550e+03
1.931188667568461824e+03
1.828641678893162634e+03
1.829066100571392781e+03
1.894009905226994306e+03
1.877249994423960061e+03
1.867295059224761189e+03
1.930637621233872324e+03
1.826565380963555526e+03
1.855272869795487622e+03
1.891960176828599742e+03
1.909166466462758535e+03
1.884776192026481567e+03
1.841907184464879037e+03
1.888737311307141908e+03
1.858229871471887691e+03
1.804403236375979986e+03
1.859720112791139627e+03
1.889655089645947783e+03
1.776945394444281646e+03
1.911002555977846441e+03
1.821139381909195208e+03
1.850704014061866928e+03
1.911953845143460967e+03
1.898576548380852500e+03
1.910434191207101549e+03
1.838456525572784813e+03
1.869352064767261936e+03
1.867675194432475337e+03
1.845836360009544251e+03
1.840534140855665100e+03
1.883528715261867092e+03
1.884709071474016582e+03
1.823506462145441219e+03
1.920742358186018237e+03
1.838135107375902635e+03
1.920268578032941605e+03
1.816018426850469268e+03
1.838340866350795068e+03
1.895441766594813544e+03
1.926476955420184822e+03
1.885451511046454925e+03
1.878151150454238177e+03
1.897117164643808337e+03
1.920699227584105302e+03
1.865741554196922380e+03
1.776630899572940734e+03
1.862491961800836179e+03
1.820473486926358419e+03
1.833283295118251544e+03
