1.718245279764206771e+03
2.053101724494881637e+03
1.764853955586732127e+03
2.266207697315825044e+03
1.893861113786936357e+03
2.295414214356650973e+03
1.963397821035451670e+03
2.012439458026085958e+03
2.168184020502944350e+03
1.862511114378590491e+03
2.233737225374658919e+03
1.878774171828414637e+03
2.248316357518662699e+03
1.923414153493088634e+03
1.862238032583220956e+03
2.179041330416895107e+03
1.771196755638776722e+03
2.220888249581255423e+03
1.890517063127903839e+03
2.070980882376817590e+03
1.934142331611617010e+03
1.809923312522657397e+03
2.129952160503922642e+03
1.777534507138053414e+03
2.386311766942455506e+03
1.903466694615450479e+03
1.995621004201720552e+03
2.087363051106086914e+03
1.780259983664750507e+03
2.263047897082004056e+03
1.756937260504423648e+03
2.364499095376179412e+03
1.947844026300367887e+03
1.962300607180251745e+03
2.129991073860240704e+03
1.772478376036934151e+03
2.253756522462661906e+03
1.888642079669125224e+03
2.331662850177126074e+03
2.015404016360602100e+03
1.933542831272262447e+03
2.227475700972727736e+03
1.748323099433908737e+03
2.399037319256436604e+03
2.050472115764063346e+03
2.267798640361827438e+03
2.010841475709447877e+03
1.945508534713508652e+03
2.190467676892682903e+03
1.717179061043861566e+03
2.573700867789726544e+03
1.891609432012830666e+03
2.149079325026822971e+03
2.086708276151166956e+03
1.874530984285535169e+03
2.178924983129902557e+03
1.697873428609459779e+03
2.480419480809857305e+03
1.978260658159070090e+03
2.119430803160259984e+03
2.117772497773572468e+03
1.853757331899595783e+03
2.345485749605671572e+03
1.871687325356396286e+03
2.359553547833410448e+03
2.028462007585469564e+03
2.029604515244142476e+03
2.154080766821829002e+03
1.798158599526041826e+03
2.315509466282371250e+03
1.821900157721513551e+03
2.246998550688419982e+03
1.953685849641375171e+03
1.855363668046021303e+03
2.049559286117385000e+03
1.613629411867380668e+03
2.268654853702584205e+03
1.251023375770970006e+03
2.064347355005593272e+03
2.202247657907595567e+03
2.092502821639755439e+03
2.266386850141624564e+03
1.858012654452353445e+03
2.351809826472843270e+03
1.917805589347254681e+03
2.164598984723298599e+03
2.069347076124161504e+03
1.829575071798730733e+03
2.319319934086923695e+03
1.808650823747938603e+03
2.373470835917374643e+03
1.925749057257337199e+03
2.016488098853629026e+03
2.081370279618590757e+03
1.813252681746201461e+03
2.309418039865829542e+03
1.913890873539931818e+03
2.326537469791994226e+03
1.416781170198976270e+03
2.397328799824862926e+03
3.147407332284401036e+03
1.658257718770369138e+03
1.759231599590353881e+03
1.083277363429181150e+03
2.797550011251684737e+03
2.061281518834199687e+03
2.227003280376924522e+03
2.068171143817046868e+03
2.191108878211781757e+03
2.092746603406655140e+03
1.856588317177188628e+03
2.577828824092071500e+03
8.890820006918777381e+02
3.117149369058966386e+03
9.774372141410536869e+02
2.366099976329241144e+03
2.454606013073079339e+03
1.334474996744201235e+03
8.713586486395164457e+02
2.027661297852343978e+03
2.193612498736078578e+03
2.664975634072911362e+03
2.246878535976804869e+03
2.408209853842037319e+03
2.046794685903585560e+03
2.012826438628176675e+03
2.043723851169419049e+03
1.887698914172045988e+03
2.055915006830078710e+03
1.943927036573290479e+03
2.152894437038999513e+03
2.002543791663989396e+03
1.978227410135794116e+03
2.031518924599886986e+03
1.898775856650400556e+03
2.332344539848036220e+03
1.901281535988011456e+03
2.221429164835276424e+03
1.904468533748285154e+03
1.846209319439719820e+03
2.238248443022353058e+03
1.724337001429062866e+03
2.294615853368663920e+03
1.788063349552382533e+03
2.038584893622958816e+03
1.929364737900796172e+03
1.744409418139518721e+03
2.137627922551469965e+03
1.769130437051461058e+03
2.326540428847404200e+03
1.938731951120774966e+03
2.094528397636016507e+03
2.061384320912119165e+03
1.789145311500810749e+03
2.290767150931254037e+03
1.857467974713973263e+03
2.389198038515529788e+03
1.978037390586116544e+03
2.058033727285155237e+03
2.135341198425538096e+03
1.696266141018204280e+03
1.610807251380472962e+03
2.238712816608758658e+03
2.481476404671965156e+03
2.124486317465158209e+03
1.998812097861691655e+03
2.190917479918420213e+03
1.713902655840342959e+03
2.298660099451718452e+03
1.903213760017303684e+03
2.195352883023034337e+03
2.058628618196062234e+03
1.937289329763405703e+03
2.216132946707902647e+03
1.789956064660556422e+03
2.374254532233730970e+03
1.961230861906774180e+03
2.189440481199188071e+03
2.031503441575604484e+03
1.842756809245778641e+03
2.156842302023962020e+03
1.490070085746862787e+03
2.289049734856405394e+03
2.110913417655021021e+03
2.161374435019507018e+03
2.172068439170383499e+03
1.827071455376012182e+03
2.316060718095458924e+03
1.821680703297416130e+03
2.393459826485512167e+03
2.003161996391161665e+03
1.992365530608825111e+03
2.170317599561164116e+03
1.866983172586944420e+03
2.333630998846035254e+03
1.933125610273680650e+03
2.287329884066082741e+03
2.067124765617090361e+03
1.937148780702768590e+03
2.175634187080815991e+03
1.823379784675504425e+03
2.327368830673956381e+03
1.657249489628997935e+03
2.032041757538057254e+03
2.113604284283893321e+03
1.883792344741024181e+03
2.236953958334776871e+03
1.842787253686298754e+03
2.339080921835746722e+03
1.829902041127829534e+03
2.102524984653907723e+03
2.029751560754074944e+03
1.823185206947101051e+03
2.219606518324698300e+03
1.822732927777424948e+03
2.418685896331511231e+03
1.990662892158410841e+03
2.096729282031306866e+03
2.149436937969624978e+03
1.791491104641041375e+03
2.301717195320535211e+03
1.783586116591981863e+03
2.245038581701500334e+03
2.435005760681562151e+03
2.569607604130868367e+03
1.741145305060645398e+02
1.986035902391943637e+03
4.297913133034912789e+03
-2.456098048997008902e+02
2.032929840431940875e+03
5.204094994997500407e+02
6.947534833229605056e+02
1.928371929077044115e+03
1.103656078320397455e+03
3.268565696174762707e+03
1.310092142623249629e+03
2.070430417526440579e+03
1.843174468875847424e+03
1.883154216736767921e+03
1.895430182392380630e+03
2.062212666809150505e+03
2.030974594715319427e+03
2.075778091810730530e+03
2.042413829061606975e+03
1.406163274353155884e+03
4.505104611946638897e+02
2.966880680568190201e+03
2.460420683288696182e+03
2.515412173567357968e+03
2.207325442624891821e+03
2.086714109982697664e+03
2.211708572345509765e+03
1.982747628094126640e+03
2.139401085152432188e+03
1.930642649418551855e+03
2.239001610961047390e+03
1.994725809795650093e+03
1.955370905780074509e+03
2.124483078096085592e+03
1.845228807614180369e+03
2.338314571312032058e+03
1.860009496063188180e+03
2.244157912449172727e+03
2.040676404943306807e+03
1.876984761228748312e+03
1.923072670106751730e+03
1.677868660872245982e+03
2.421209537299608655e+03
1.917146283755489094e+03
2.175282410959248409e+03
2.081907000002577206e+03
1.844470242028247185e+03
2.205228420242213360e+03
1.801583556890940599e+03
2.403526398205992336e+03
1.947508273453317315e+03
2.125068963182873631e+03
2.064226395085759123e+03
1.772376892304038392e+03
2.227149645548675380e+03
1.784482431919700275e+03
2.338264052062369046e+03
1.905748159201084491e+03
1.968835510080739596e+03
