1.576873734406256517e+03
1.614589276573747838e+03
2.673785620430582185e+03
2.025719765836074203e+03
1.375626099139573171e+03
2.167294741137603523e+03
2.774894648334962767e+03
1.683840486883818585e+03
1.550799901811592463e+03
2.517875718636011698e+03
2.423291303064394015e+03
1.532301302911515450e+03
1.768517633079311963e+03
2.532079005646954556e+03
2.007120675630088044e+03
1.680838524511868627e+03
2.200178085531357283e+03
2.464274848055013081e+03
1.707293737678779507e+03
1.832564865913639323e+03
2.436878410283079120e+03
2.177828752702137535e+03
1.577192393975018831e+03
2.097793547208246309e+03
2.541048966321297485e+03
1.986669147955012932e+03
1.598842676281209378e+03
2.238975636521997330e+03
2.582073782520489658e+03
1.855658123750494042e+03
1.584883555999723058e+03
2.311968074765466099e+03
2.524445318067333574e+03
1.606838552783421619e+03
1.906236296639759530e+03
2.564164367341979869e+03
1.825851910235324112e+03
1.712137089126147885e+03
2.447720709320177320e+03
2.215954047780086512e+03
1.686060630157220658e+03
1.781572466751430511e+03
2.311346316795962593e+03
2.401599493210517267e+03
1.838228299039688409e+03
1.769754000106935791e+03
2.447995413917989481e+03
2.339929561945343721e+03
1.602114207700257339e+03
2.036763756134720552e+03
2.513533092393909101e+03
2.070726285515304880e+03
1.474825931529340778e+03
2.391002585035952961e+03
2.559753887632425176e+03
1.691512200471652704e+03
1.728205268217894854e+03
2.697073425364013019e+03
2.492791372802847036e+03
1.338695397686963133e+03
2.034004957831177762e+03
2.662692095874630922e+03
2.010071447899731311e+03
1.473471909253536069e+03
2.053181307688657853e+03
2.552961606884493449e+03
1.766834171347560641e+03
1.704391222693338023e+03
2.223981839312908960e+03
2.477111964691275261e+03
1.504343987082545482e+03
1.903922284992464256e+03
2.481285012274760902e+03
2.183212891384376690e+03
1.419694486919814153e+03
2.014623559329017553e+03
2.539754832904005070e+03
2.072960734226051500e+03
1.465767047642170610e+03
2.270881240365261419e+03
2.699543436035610739e+03
1.726739652902889702e+03
1.532106367399781675e+03
2.384437016668514843e+03
2.586164678884291334e+03
1.821327049225515339e+03
1.707196402171649879e+03
2.404209578527955728e+03
2.552011612020089160e+03
1.725312652772556930e+03
1.692755516203378647e+03
2.361585164518660349e+03
2.385324256155059174e+03
1.606932291932349926e+03
1.758664925461749590e+03
2.438488467290716017e+03
2.367630167484038793e+03
1.607440939106196993e+03
2.022374634489696064e+03
2.460339731828665208e+03
2.104320232519891306e+03
1.832149890881698184e+03
2.253664236129317942e+03
1.922480475077147730e+03
2.015841713814834975e+03
1.969525032374376451e+03
2.522496997232444755e+03
1.823126890014847731e+03
1.613051917352513783e+03
2.667533518904167067e+03
2.358828286430185926e+03
1.535890000402257101e+03
2.062940983888772735e+03
2.297983094336950217e+03
2.346009279683926252e+03
1.399884433639065264e+03
2.481113808933499513e+03
2.421511380696166725e+03
1.395471371062754088e+03
2.260059351045487347e+03
2.474816900088523198e+03
1.676864434082832986e+03
1.782339242256870648e+03
2.553136185403928721e+03
2.066653358379192468e+03
1.601382021420707815e+03
2.143153050478617843e+03
2.125324005152427162e+03
1.715118500943235404e+03
2.093921705765814750e+03
2.507385126815225703e+03
1.551079797085907103e+03
2.196823706910691271e+03
2.511317732292290657e+03
1.980117636844630852e+03
1.620569700110243275e+03
2.660442041605229861e+03
1.557085888888640056e+03
1.930017367038147995e+03
2.464982946491072653e+03
2.135305090857102186e+03
1.467445405278612043e+03
2.493977591578028751e+03
2.427581240276917924e+03
1.463065987122329034e+03
2.075559177220142828e+03
2.552394773366425852e+03
1.853916631288660710e+03
1.599350961415944084e+03
2.527511208553556116e+03
1.928834254456568942e+03
1.658928996486326923e+03
2.115354485198948169e+03
2.469711386457495792e+03
1.454366334775947280e+03
2.423573036133324877e+03
2.499551081219676689e+03
1.441124674044448966e+03
2.118766708573719370e+03
2.434638160067119315e+03
1.741866931495692370e+03
1.772377868292578796e+03
2.608763933430042471e+03
2.143812614055286303e+03
1.787699411375049749e+03
1.792164722166209685e+03
2.457631540302058966e+03
2.210996186730644240e+03
1.710793625020970467e+03
1.808429730111645540e+03
2.605503997521367182e+03
1.907819944040092423e+03
1.698640053289461093e+03
2.237632547768526365e+03
2.474246327583247421e+03
1.659847128288333124e+03
1.777459197674305642e+03
2.561985054129435866e+03
1.867147273881849969e+03
1.674200254123820514e+03
2.260813011663985890e+03
2.569792962876575075e+03
1.385247127302586932e+03
2.190540037361004579e+03
2.642912119570064078e+03
1.934595150565131235e+03
1.416620063719120481e+03
2.505823596359835847e+03
2.585587366847494650e+03
1.388950845053756893e+03
1.979189154518987607e+03
2.657857366434403048e+03
1.825510486092382962e+03
1.584351913785084662e+03
2.780334592481055552e+03
1.612956565435634502e+03
1.834612985140699720e+03
2.588943171446528140e+03
2.055482966021615994e+03
1.462819710578873810e+03
2.244822288340204068e+03
2.652147577230091429e+03
1.453370218005698234e+03
1.995742130919548345e+03
2.459317738175084287e+03
1.823235213342017460e+03
1.800410489237440288e+03
2.533141294901794481e+03
1.820301492949932708e+03
1.823879610899114368e+03
2.196859753275236926e+03
2.382978112977220462e+03
1.530699036796548171e+03
2.229267920194258750e+03
2.564293529339494398e+03
1.570094816260708512e+03
1.892467064087478320e+03
2.322167161857130850e+03
1.875637887855215240e+03
1.886970300569667188e+03
2.464242404658578835e+03
1.759775829562797526e+03
2.124569147587212228e+03
2.563767253209657156e+03
1.467213107224534951e+03
1.966396597819213184e+03
2.684631086257816150e+03
1.744608239531502932e+03
1.810152472966497044e+03
2.222537533400029133e+03
2.537545681396093187e+03
1.837189142640019327e+03
1.479369566648741056e+03
3.000020342614372112e+03
1.613059960879835444e+03
1.686863785177967657e+03
2.635390886342170688e+03
1.485311620213201422e+03
2.015254680551501224e+03
2.135074437310237045e+03
2.242150026173655988e+03
1.694722560158037595e+03
1.976790665868064480e+03
2.472032362091734740e+03
1.555601287134872791e+03
2.281452460426777179e+03
2.330623306334583503e+03
1.746466218092232111e+03
1.828302178782381361e+03
2.687229485840519374e+03
1.858756262144232778e+03
1.743738916629576806e+03
2.169976873503766456e+03
2.605919586197050648e+03
1.867678673486499292e+03
1.660169670472088683e+03
2.240391301254067912e+03
2.225220620463679552e+03
1.663371417822102103e+03
2.112410735092889354e+03
2.654447778072177243e+03
1.510094922917211079e+03
1.934835322579142940e+03
2.602803874500873007e+03
1.619021232823833770e+03
1.742329000488774000e+03
2.684716109623381271e+03
2.006147428615073750e+03
1.415986158691803439e+03
2.376950785027819620e+03
2.335439454094749635e+03
1.682477268199615537e+03
1.925667253897776845e+03
2.567874079941654600e+03
1.959092399652306085e+03
1.817141542636655686e+03
2.365128088445934281e+03
1.999824492198475582e+03
1.716658503126646565e+03
2.268338047353713137e+03
2.625089193156718466e+03
1.400988055902102360e+03
2.299644530932306225e+03
2.229375486655358600e+03
1.937317444048489506e+03
