1.634253897325076423e+03
2.446091035853363337e+03
1.953075801721400694e+03
2.063252820202221301e+03
1.951106634804358691e+03
2.090443555798137822e+03
2.157645030326027154e+03
2.226603458482207770e+03
2.261702178975615425e+03
2.272323162764490917e+03
2.349708435516972258e+03
1.985419044369577477e+03
2.120048918889577180e+03
2.083435065853426750e+03
2.072459263326013570e+03
2.161164815680835090e+03
2.140513690481911908e+03
2.296048205182235051e+03
2.234255676750662587e+03
2.150097766262703317e+03
2.067649389843248173e+03
2.035147737525027651e+03
2.100506598186832434e+03
2.023022373105666247e+03
2.118916818509166660e+03
2.080198493012700510e+03
2.086871764917865676e+03
2.069768552628175257e+03
2.009247472981868214e+03
2.027331043443483622e+03
1.815973747904178026e+03
1.919468507823678920e+03
1.916692777805162223e+03
1.972339817543101844e+03
2.110486448369611026e+03
2.174655810340669632e+03
2.341042039927963287e+03
2.146059050925178781e+03
2.104876348195008177e+03
2.087847737729561231e+03
2.088381800175197895e+03
2.174181610439565702e+03
2.152828796646992032e+03
2.242640706210915596e+03
2.175740551628479352e+03
2.222229747651061643e+03
2.087120424193597501e+03
2.054366752779577837e+03
1.981550367437497016e+03
1.903211051296093956e+03
1.989536455436736787e+03
1.994331318786508746e+03
2.138723139202952098e+03
2.204603531392498553e+03
2.168283968932371408e+03
2.182001565007672525e+03
2.146144904268769551e+03
2.119899308978926456e+03
2.069437188314564992e+03
2.140849303972079724e+03
2.136779772919571315e+03
2.150469642604330147e+03
2.162806258921519202e+03
2.089166411107667955e+03
2.089122103720050745e+03
2.067672268871789583e+03
2.033497995494526322e+03
2.023653387683374376e+03
1.965583277589488489e+03
2.042201749180572961e+03
1.966997420950602418e+03
1.947381126726409093e+03
1.927504532840330967e+03
1.935974585177532163e+03
1.922211309212236984e+03
1.931836125802237802e+03
2.021336373952694203e+03
2.076403034164780365e+03
2.222374816261788055e+03
2.311683857732120941e+03
2.223660513985553735e+03
2.342408514407904931e+03
2.277630260429416467e+03
2.237079244182382809e+03
2.217619954709418835e+03
2.208907086043679556e+03
2.226074648533651271e+03
2.209811914336657992e+03
2.274099308137356275e+03
2.182260933716155250e+03
2.184701342116656633e+03
1.956492109977772770e+03
1.867381114261150742e+03
1.833159354611127583e+03
1.817933699464100982e+03
2.028427345872149999e+03
2.126372144009553267e+03
2.227647002435328886e+03
2.198343887750491831e+03
2.125756620705096793e+03
2.087960277079143907e+03
2.034592332665672302e+03
2.104910386370171182e+03
2.122020885587179237e+03
2.149788179517448043e+03
2.126390464698349206e+03
2.142528439064049962e+03
2.178448834077921219e+03
2.055641204290996939e+03
2.167441777893961898e+03
1.980062052045229166e+03
2.003825202735155017e+03
2.008749016310827756e+03
2.073055811241023093e+03
2.171054050090099281e+03
2.245743573049485349e+03
2.411459954030624431e+03
2.127740334441951745e+03
2.096385939152494757e+03
2.069120307223474811e+03
2.078352183305431936e+03
2.122733069150005576e+03
2.235531506210101270e+03
2.318463457178737826e+03
2.267949790889466840e+03
2.275757093471439021e+03
2.196823842946689183e+03
2.082903727843241086e+03
2.069172151144315194e+03
2.090946242145068027e+03
2.104973052259621454e+03
2.133297507911932826e+03
2.232377903274889832e+03
2.257476477352096026e+03
2.298021025623406331e+03
2.298163661919393235e+03
2.097237646352620231e+03
2.081978422377886091e+03
2.022452834001854171e+03
2.111493969859547633e+03
2.207357212067734508e+03
2.165504316480391481e+03
2.217138323325473266e+03
2.135867527606025760e+03
2.107128439432137384e+03
2.057764898773464211e+03
2.043788874973935435e+03
2.039025254867277908e+03
2.017769572914875198e+03
2.166989034650279336e+03
2.146234910118603239e+03
2.188833783831963046e+03
2.242063634835890753e+03
2.240854446880274736e+03
2.274909573974784053e+03
2.092475312772890902e+03
2.313378344010114233e+03
2.277212023804892397e+03
2.411902621190290120e+03
2.404166347571132974e+03
2.314891659804740357e+03
2.344573016433282646e+03
2.170635022458733602e+03
2.218151661246339700e+03
2.092766781961913239e+03
2.073605406590957500e+03
2.093783477245866379e+03
2.070883434915773250e+03
2.196385164191741296e+03
2.100704492304737869e+03
2.138612054236090444e+03
2.033627795593385827e+03
2.076260438227706345e+03
2.051843775062878649e+03
2.030114554445480053e+03
2.228621709072406702e+03
2.242706797188529890e+03
2.434688857124410333e+03
2.336798429609170398e+03
2.279417261625697847e+03
2.195021638032184001e+03
2.029813795213391131e+03
2.150213082341340851e+03
2.064555241740325982e+03
2.109521171422575662e+03
2.148265460436306967e+03
2.109982108487058213e+03
2.130015004268747361e+03
2.021405581075279997e+03
2.051910267826094696e+03
1.963856708918792719e+03
1.981725277418413498e+03
2.025064699575457780e+03
2.133100734871020450e+03
2.264163289821259696e+03
2.366016872624109510e+03
2.506258183732816633e+03
2.292141206705422064e+03
2.209569122256476476e+03
2.182123649316156843e+03
2.213005014310429488e+03
2.269333799148976141e+03
2.210555391630136910e+03
2.311073509745905085e+03
2.245050973697189875e+03
2.155266699163714293e+03
2.086603070090331585e+03
2.049622601450629190e+03
1.947679993016368826e+03
1.920948524790722104e+03
1.974127672155471600e+03
2.001541232643477997e+03
2.059882522239158334e+03
2.167384350220934721e+03
2.144388828357986313e+03
2.216608993910988374e+03
2.068942522905489568e+03
2.001212729055329646e+03
2.037902792317413741e+03
2.085858419064676582e+03
2.179710989709269143e+03
2.196680306245134943e+03
2.225039730699250867e+03
2.185155705792901244e+03
2.074226685732454371e+03
1.963533415094961128e+03
1.882183087581616746e+03
1.879969279705725739e+03
1.920114874357495182e+03
1.986300965486969062e+03
2.009009969143839044e+03
2.018755498129400394e+03
2.103808141852648077e+03
2.065530582981100906e+03
2.103049641741064079e+03
2.002292850690741716e+03
2.051054137602789524e+03
2.113676349222287172e+03
2.103302211140829513e+03
2.174742261254578352e+03
2.192223994183065770e+03
2.146978104234366583e+03
2.085085340933237603e+03
2.069287051330892155e+03
2.008295643791346265e+03
1.974314023239824110e+03
2.027450785387075712e+03
1.960379042329687536e+03
2.066576172100920303e+03
1.989405269944731117e+03
1.935948142089916473e+03
1.914750898847865756e+03
1.857575724932610456e+03
1.870573247538533451e+03
1.817811015382530741e+03
1.953525633556423145e+03
2.032128878141331597e+03
2.059488758548161059e+03
2.120112071190443203e+03
2.103631796343495807e+03
2.073246966329341831e+03
1.960815454041111707e+03
1.986052651682908618e+03
1.966743918844953214e+03
1.965414764691083974e+03
1.999324323976785308e+03
2.052025881584470426e+03
2.043163881560905338e+03
1.956409015452677977e+03
1.909325884453606477e+03
1.758080778605587966e+03
1.768901778088752508e+03
1.864969327503034492e+03
1.888136658468874884e+03
2.010678455682847243e+03
2.069168656588590238e+03
2.104816004358324335e+03
2.067897699323952111e+03
2.001931634513253584e+03
1.979153761900941390e+03
1.989647229330980963e+03
2.030463254033404837e+03
2.035667499723253968e+03
1.995056104044640279e+03
