1.963072915605142271e+03
1.743697304565299191e+03
1.773001391252610119e+03
1.695410129666750663e+03
1.847764546802123959e+03
1.717014239563025058e+03
2.573416322896501242e+03
2.440184857687439489e+03
2.198907105457054968e+03
2.000600683855283251e+03
1.741399479141220809e+03
1.672844257401299501e+03
1.829740258942427090e+03
2.066510537508469952e+03
2.053688733309189047e+03
2.297817659586358786e+03
2.390997079711734841e+03
2.077921252527044999e+03
2.146836100011390045e+03
1.879789856528799419e+03
1.796108248727866112e+03
1.859553112783765982e+03
1.829504535316212468e+03
1.866030936452306150e+03
2.363624967644097524e+03
2.341417881146708169e+03
2.237317034747566140e+03
2.298378816136207661e+03
2.123344186455800354e+03
1.986296985450934926e+03
2.065717644850964007e+03
1.833855417202220224e+03
1.773630059933993152e+03
1.789413487441107918e+03
1.595721551982736173e+03
2.010278734493033426e+03
2.501314567242988232e+03
2.153261229924154577e+03
2.225254052990823766e+03
2.212263077431227885e+03
2.105661937186711384e+03
2.031230853689993182e+03
2.069439406850010528e+03
1.856565698918106364e+03
1.740267364456856740e+03
1.650429491803607789e+03
1.820847694523498376e+03
2.025563696150235046e+03
2.071936646941845083e+03
2.010047442434556842e+03
2.187012576120938775e+03
2.308581595293489045e+03
2.148168819376631745e+03
2.637099688931310993e+03
2.311722481079823865e+03
1.933705308912657756e+03
1.863491928646882570e+03
1.414373578724686467e+03
1.959787331559211225e+03
2.096139054082759685e+03
1.908372307943494889e+03
2.069873145682378436e+03
2.056605454217256010e+03
2.284020415496866008e+03
2.567065903700241051e+03
2.280861163648772617e+03
2.257006862006428037e+03
2.011346162468524199e+03
1.759507518597011085e+03
1.651164149242686563e+03
1.902954391757508347e+03
1.802712169983462672e+03
1.906735854458922859e+03
2.036307914766474141e+03
2.135430253144303151e+03
2.139983983411272220e+03
2.640057151818281454e+03
2.212331962420524633e+03
2.413948569859470354e+03
2.233280510768257045e+03
2.253698062684016350e+03
2.013839938380598824e+03
2.311745004637486545e+03
2.400750650930894608e+03
1.874998816000920215e+03
1.953339433163364447e+03
1.914704211118694730e+03
1.639378181025255572e+03
1.769027280717268923e+03
1.882701624596235888e+03
1.695451478145897681e+03
1.856794911228739466e+03
1.819949857966971877e+03
1.989637542072742690e+03
2.434368513252548837e+03
2.259900652934961727e+03
2.387948842743332989e+03
2.381230968815899359e+03
2.019656605390471896e+03
1.759694489176546085e+03
2.276956567900501341e+03
1.900592784847999837e+03
4.074766903001197988e+03
4.152602660488796573e+03
2.028379524602823267e+03
2.066278819546317209e+03
1.434090961572546348e+03
8.879898748045304728e+02
2.536897062004821237e+03
2.041261666196588976e+03
2.611515261472985458e+03
1.211822578318511432e+03
1.946675567707036180e+03
2.948486508738880275e+03
2.090970645489956041e+03
2.268388695025195830e+03
1.621754126819392695e+03
2.098858059923298697e+03
3.719673108784116721e+03
8.113786340091139948e+01
1.006286015007216065e+03
1.399891637471516333e+03
2.473278695629666800e+03
2.071737691343954793e+03
2.119127668519560757e+03
1.830141377278695927e+03
2.058657686024000668e+03
1.913966142145294953e+03
1.908237104365418645e+03
1.934408167366095995e+03
1.905074351977862307e+03
1.990024187867938508e+03
2.156053160003110861e+03
2.004823315805765333e+03
2.135294015077168297e+03
2.249988124782927116e+03
2.259865408673929323e+03
2.222263424444744032e+03
2.046708235931960871e+03
2.288703133007578344e+03
1.910091187564564734e+03
1.731381119605508047e+03
1.691668841141046187e+03
1.932750981607233371e+03
1.810876207809898233e+03
2.628373845336326667e+03
2.263437797362296351e+03
2.433861511336644071e+03
2.422571099289906215e+03
2.181381958525558730e+03
2.352401538083433024e+03
2.181430819711859385e+03
1.768376306331594833e+03
1.768435731977010164e+03
1.722107874347289908e+03
1.662704791284071007e+03
2.346484573843461021e+03
2.521396988023018366e+03
2.108615420658107269e+03
2.385001327915294951e+03
2.153870506751058656e+03
1.888465800997541919e+03
2.356551090109336201e+03
2.396274846569117926e+03
2.313369572434603015e+03
1.911340061173532604e+03
1.688730528876110384e+03
1.392472293870878502e+03
1.921449992131131012e+03
2.268270063940705768e+03
1.937347656624810497e+03
2.137442407575585548e+03
1.799082489570388134e+03
1.885667517887237864e+03
2.170080017445908197e+03
2.393200537482178333e+03
2.225051972297984321e+03
1.956159460854342115e+03
1.924041739333840724e+03
2.302053153773096255e+03
1.765421691899304278e+03
1.553417671272003417e+03
1.853311528245528507e+03
1.634442086943709228e+03
1.831577299678894860e+03
2.631906502674597050e+03
2.056968524725309635e+03
1.605347703157306796e+03
1.744325052205147585e+03
1.747714896646293028e+03
2.190338595657189217e+03
1.920955167084768618e+03
1.580767497930717127e+03
1.602374358618669930e+03
1.482569137999151280e+03
1.793676721680610626e+03
2.937699453176121096e+03
2.416831925588755439e+03
2.023631988199451371e+03
1.967100641157199561e+03
1.085610351203806886e+03
2.679739773283136401e+03
1.478843077650274836e+03
1.036801721413947689e+03
1.775604154156278810e+03
2.163061603549166193e+03
2.118976588240544515e+03
2.083828651396401256e+03
2.267363446759047292e+03
1.936764842558075770e+03
1.919013741275093025e+03
1.883716342809407024e+03
1.982615183116616663e+03
1.879545207001400740e+03
2.300987837727417627e+03
2.669894691414047429e+03
2.306330198784479308e+03
2.257180568736085661e+03
2.242887106806388147e+03
2.216513282730123137e+03
2.004147512539272611e+03
1.818077824652719755e+03
2.341482811495643091e+03
1.810409699514991189e+03
2.010932723897272126e+03
1.065929878757605366e+03
1.236145880655067458e+03
1.582476128102994608e+03
4.093376923152408381e+03
4.044705538842099941e+03
4.180329843308852105e+03
1.290141694151610182e+03
2.603463768815864569e+03
1.922541481508330207e+03
8.563673612233720860e+02
2.249118765600626830e+03
1.742713680138253949e+03
3.873528421383281966e+03
2.219388385404564360e+03
9.312109835985366999e+02
3.407551069469547656e+03
2.759776291382535760e+02
3.382867330683011460e+03
5.095476497485043410e+02
4.351755369834434532e+03
7.748096436412269838e+01
1.008888718246796579e+01
4.516193730913205684e+01
1.217055520799018950e+03
1.580132905296554100e+03
1.710020934770801432e+03
1.795567731693548012e+03
1.803828514243766676e+03
1.798817335929813680e+03
2.196775548825190526e+03
2.202058718128173041e+03
2.192537984630514529e+03
2.280255880038258056e+03
1.920464723347226482e+03
2.027549216520968230e+03
1.987749355177419375e+03
1.371893367296326005e+03
2.027469617942433842e+03
1.939665845487647857e+03
2.247917612950914645e+03
1.713664505410737775e+03
3.531428192473748368e+03
2.706305414337417005e+03
1.891080645536463635e+03
1.787878601857839385e+03
1.969169954488710118e+03
2.284235612374543962e+03
1.272727017297974953e+03
2.200873753585386112e+03
1.533510396319674783e+03
1.650198182628589393e+03
1.744140223481296289e+03
1.811259841081201557e+03
2.042398033541873929e+03
2.285493936443803250e+03
2.441180100421123370e+03
2.048600575055736044e+03
1.710366229013514157e+03
1.631543261348013175e+03
