3.791917802059807855e+03
2.009395171229541802e+03
2.907295762664557969e+03
1.194242208484806042e+03
1.999241930323437600e+03
1.874382702205606392e+03
1.796479449874801048e+03
2.119512872402713128e+03
2.056678860209075083e+03
2.224204748166601348e+03
1.609976663425335573e+03
1.892280386118990918e+03
2.319953196523243605e+03
2.125610331452316586e+03
1.568330886730974953e+03
1.477654908393713868e+03
2.642734787711640820e+03
2.011214519346397537e+03
1.692836033533014188e+03
2.437791265036504683e+03
2.366630259126801775e+03
2.246921660208773574e+03
1.281597537641906229e+03
2.338577199324401590e+03
2.223289053919825619e+03
1.902025164362148871e+03
2.015562048473166669e+03
2.035285188612912862e+03
2.603787062570439502e+03
1.621401183622581812e+03
1.573079399422439110e+03
1.778335638248020587e+03
2.378733731015836383e+03
2.627524074915645087e+03
1.283925119497359674e+03
2.294237283709820986e+03
1.945844464709922249e+03
1.520087446874514626e+03
2.157059069795665437e+03
2.349285503304344729e+03
2.445791364689958755e+03
1.285077071162224684e+03
2.257087595143595991e+03
2.115868159722319888e+03
1.857872958993437351e+03
2.091654631274767780e+03
2.366873345897326544e+03
2.598233319802749065e+03
1.115619053586843620e+03
2.109102345620927281e+03
2.257040223772392437e+03
1.882544603509110175e+03
2.086242811570083632e+03
2.363833821414874819e+03
2.137748801238189117e+03
1.331378719969744225e+03
2.506595593449217176e+03
2.498560975404298460e+03
2.290364511983101238e+03
1.844273034338897560e+03
1.927602419842974314e+03
2.397238177128698680e+03
1.192709380012883230e+03
2.256198749037453126e+03
2.185230385841841780e+03
1.503647318185770473e+03
2.516338946817806118e+03
1.961143099712013509e+03
1.929791945025036966e+03
1.843363945098835075e+03
2.522135900963603945e+03
1.923685174312237905e+03
1.872560752922822530e+03
2.868706589482448635e+03
1.541583271839309191e+03
2.089010151500685879e+03
2.442128534421183758e+03
2.082929907173893298e+03
1.353036418080606381e+03
2.005426434633647659e+03
2.885269290153096335e+03
1.959856926246333387e+03
1.828454634632039415e+03
2.110441063441260667e+03
2.318392811835759858e+03
1.635314353415993082e+03
1.263325205353066394e+03
2.316914988802387597e+03
2.103644274394065178e+03
2.102011114692338197e+03
1.546263252551829964e+03
2.062513154423914330e+03
2.666383216356940920e+03
1.802556852408048599e+03
2.067322272146820069e+03
1.942654295830057890e+03
2.372790055740172647e+03
1.650250166922846120e+03
4.030579718787585989e+03
2.746456781542527779e+02
1.167873160842432981e+03
7.023130727371599278e+02
8.130291911663501878e+02
1.616774834862037551e+03
3.132402668648784584e+03
1.543411590852770132e+03
3.531690753234941440e+03
1.386192660959875866e+03
2.692159295556903999e+03
2.077658085662841586e+03
1.578098765978365691e+03
3.083930591077590634e+03
1.784668080038556582e+03
1.920079400476771752e+03
1.850101184701273041e+03
2.613342061902530077e+03
2.133536944031770872e+03
1.649163963966955407e+03
2.515424919397747544e+03
1.871124459030783100e+03
2.214728784787395853e+03
1.623420578357054183e+03
2.150266613956972378e+03
2.459052057838241126e+03
2.289944858475578712e+03
1.531064738516831540e+03
1.611936285891731359e+03
2.361319150591338712e+03
1.544112040173552487e+03
1.877647920331452724e+03
1.775761845976637687e+03
2.306129164876560480e+03
2.168047040971067872e+03
1.254409528357214185e+03
2.389387699896833510e+03
2.299618703464902865e+03
2.232213896800847124e+03
2.559252871051260172e+03
2.339562855704542471e+03
2.313741492253538127e+03
1.003229785869432135e+03
2.258864163772168922e+03
2.083553018505172986e+03
1.706417462331403158e+03
2.000531168053872761e+03
2.246741122969279786e+03
2.172554382801386510e+03
1.250769195405066966e+03
2.613962666772548346e+03
2.072756187831216721e+03
1.670372457962466569e+03
2.726540887788087730e+03
2.062288811266456378e+03
2.007182803542744068e+03
1.878411693185322974e+03
2.579384138497116965e+03
1.734370487245389768e+03
2.060772767314513203e+03
2.881059700055596750e+03
1.606627035489407490e+03
2.120183725432877054e+03
2.256950715228855188e+03
1.945671323439546313e+03
1.428488381741741478e+03
2.043702369025403414e+03
2.849534912727118808e+03
1.692271862538080313e+03
1.548479764645867363e+03
1.557504923326291873e+03
2.083646486889777407e+03
1.880025872888117419e+03
1.418091983896296369e+03
2.061797681281301720e+03
1.926694343282936870e+03
3.275551063192673155e+03
2.075522892352866165e+03
1.708853353593027123e+03
2.769979405780953584e+03
1.648461138353643491e+03
1.954553412311767261e+03
1.708217396745181077e+03
2.813679784979307897e+03
1.991221811510110911e+03
1.639769546209961391e+03
2.267275600581352137e+03
2.186743971137725111e+03
2.542280484146989693e+03
1.825848850193993485e+03
1.684826184696231621e+03
1.988416664701819400e+03
2.689954705788176852e+03
2.599732954935698217e+03
1.267719184905551174e+03
2.199894513782384365e+03
1.628301574667254727e+03
1.542294109351133329e+03
1.880816575575797515e+03
2.109682455589495930e+03
2.883198441329274829e+03
1.930825826179023124e+03
1.746972317447060504e+03
2.105918471666352616e+03
2.216857767645413787e+03
1.799752073791596786e+03
2.092832542086317062e+03
2.794313674844820071e+03
1.621615916042328763e+03
1.584759933289403989e+03
2.301427967102537423e+03
2.514947061574654981e+03
1.698523686109459959e+03
1.702070175218886561e+03
2.303339696232824281e+03
1.543331509445847360e+03
2.515282028280503710e+03
1.838888046974978124e+03
2.212506509175339488e+03
2.071821276032992955e+03
1.404199102054500372e+03
2.459436346225115358e+03
1.847489990200519742e+03
1.864589883969520542e+03
2.248611591220559148e+03
2.357901392836376544e+03
2.069834422919647295e+03
1.633994779877894644e+03
2.796327644503166539e+03
1.199561868327610000e+03
2.412739230918035446e+03
2.402938587249854663e+03
2.473756962618552734e+03
1.911332303288862704e+03
1.404049760887183538e+03
2.612976428029933231e+03
1.776343310715046982e+03
2.010864361893823343e+03
2.052738249600107338e+03
2.045214720344776424e+03
2.163627510129594157e+03
1.212018875849958476e+03
2.266933065573775366e+03
2.098470484178233164e+03
1.385192318832919227e+03
2.326874614400310293e+03
1.901151975497560215e+03
2.482589407826858405e+03
2.044400641124118465e+03
1.910300371556678328e+03
2.190654330905684219e+03
2.273136736107297111e+03
1.934825140587203805e+03
1.656047201200019799e+03
2.516979029350895416e+03
1.710310840827776246e+03
1.674486353803696602e+03
2.094800493687586368e+03
2.212459949644787230e+03
2.294897909736011115e+03
1.399654055099498237e+03
2.274874912825842330e+03
2.281860718726126834e+03
2.091156136137143221e+03
1.901165937945092764e+03
2.113826071960268564e+03
2.867845404479247009e+03
1.398268053228127656e+03
1.885628089218980222e+03
2.269047937997591362e+03
2.281622021778951421e+03
2.532408148459936911e+03
1.736086112021514055e+03
2.912469880315696173e+03
1.135116584072134856e+03
1.763279160813627868e+03
2.370789693941282621e+03
1.604550765622440622e+03
1.942153636471532764e+03
2.147534106909469301e+03
2.069371480501212318e+03
1.468992771490576160e+03
2.368499099764060247e+03
6.275147789379482788e+01
3.846349769519727943e+03
1.489447936543232345e+03
2.078327310940160714e+03
