1.070533050389880827e+03
3.060738105589003226e+03
2.156476289190351054e+03
9.786404096062505005e+02
2.224852502828453453e+03
2.995742134874459225e+03
1.348294734423518094e+03
1.379319639958660900e+03
2.623840274182649864e+03
2.184333762998757265e+03
1.295168582410181671e+03
2.260178681614334891e+03
2.406412741281500985e+03
1.514564447381916580e+03
1.871927827943925195e+03
2.435962913215828848e+03
1.776302888153488766e+03
1.646697500694434666e+03
2.142447639347437416e+03
2.142005328960238785e+03
1.953713503589137645e+03
2.209160582223312758e+03
2.454113495387556213e+03
1.841693614253294982e+03
2.292124703060541833e+03
2.485882602306711760e+03
1.415720462830612405e+03
2.056737757644766589e+03
2.484538398140187837e+03
1.444587269585059403e+03
2.116306162242568462e+03
2.658562472983554471e+03
1.412299642200155176e+03
2.124054766880512943e+03
2.630667615001902959e+03
1.312739432326253336e+03
1.958123999294386067e+03
2.714786460529112901e+03
1.716204803454445255e+03
1.502728997179050111e+03
2.442453886234187848e+03
2.294017295563946846e+03
1.397495061005906337e+03
2.095861278676183701e+03
2.813749449163958616e+03
1.585395447294375572e+03
1.568503702587094267e+03
2.619267782797830023e+03
1.861608077276702716e+03
1.520811935518390328e+03
2.636094903997367965e+03
2.374717351348308512e+03
1.389279478914549600e+03
2.359767287135385232e+03
2.693803749853437239e+03
1.407397266704050026e+03
1.516873602275007443e+03
2.701085200279179389e+03
2.016738921421172108e+03
1.412161220184884314e+03
2.157253188868693087e+03
2.567804709641996396e+03
1.362839413437074199e+03
1.806510640100803812e+03
2.432385625670268837e+03
1.765761058048494533e+03
1.683447374468634507e+03
2.556261569133389457e+03
2.137705322532586706e+03
1.466870354920214822e+03
2.058874722019469118e+03
2.334564916800032734e+03
1.934129492004005670e+03
1.967819168304221193e+03
2.533234489438745186e+03
2.153245346581131344e+03
1.642859024877977845e+03
2.089031942491429618e+03
2.543473781775850512e+03
1.794731475653203915e+03
1.758201068974146210e+03
2.450587078758630923e+03
2.275093867129171031e+03
1.609032000460624204e+03
1.669256364142453094e+03
2.257265951884839069e+03
2.453197544220567579e+03
2.042654372755727536e+03
1.635418640582563739e+03
1.707849725363232665e+03
2.280246214745092402e+03
2.450840517509319398e+03
2.099255532092685371e+03
1.680488658644738734e+03
1.540946887477511837e+03
2.243724869058469267e+03
2.546924816599234873e+03
1.970087417745825860e+03
1.327845370430790126e+03
3.860625396136410018e+03
1.120038159365638194e+03
2.321902749461638905e+03
1.938238026763262269e+03
1.197862932679958476e+03
2.356724704755506536e+03
1.789902355152896234e+03
2.479672520047927264e+03
2.452634727426914651e+03
1.699601758841703486e+03
2.281033698764402288e+03
2.286078740987821675e+03
1.526495827240867129e+03
1.972830830973304501e+03
2.287165300479384769e+03
2.148803227231825986e+03
1.545054085156352357e+03
2.220764224045411083e+03
2.621674088786276116e+03
1.344450401392454978e+03
1.616399811894863660e+03
2.922498129257292931e+03
1.885381107316349244e+03
1.554194962840405196e+03
2.232824275155053783e+03
2.373401625255994531e+03
2.111593306096165179e+03
1.861195710851249487e+03
1.772782949019519037e+03
1.715013538989257768e+03
1.675864021836757956e+03
1.952556614267261011e+03
2.300911353884634991e+03
2.143799213662493457e+03
2.183766011234979032e+03
1.819344395864254693e+03
1.899553364415492297e+03
1.897665474009629179e+03
1.998195304094117319e+03
1.985369647335549189e+03
2.056410556969623030e+03
2.017252590402678834e+03
2.364260770991500976e+03
2.585160365282580642e+03
1.920762690733894260e+03
1.761076442489153123e+03
2.536259192037307002e+03
2.194964662498311100e+03
1.415446997891330966e+03
2.217455632848185815e+03
2.445188848924620288e+03
1.411195881070500036e+03
2.160008870988235685e+03
2.488965058362621676e+03
1.416976470918412588e+03
1.914445174755191601e+03
2.735724448874821064e+03
1.706814814011497674e+03
1.613539186428994071e+03
2.686223864980589951e+03
2.366442524060445521e+03
1.250588297302634601e+03
2.255247279714612432e+03
2.617011308137248307e+03
1.571209954536661826e+03
1.476323514198817520e+03
2.082681725821827513e+03
2.338767423538357889e+03
1.921583232324690698e+03
1.611990466840118415e+03
2.057747587597339134e+03
2.541596344086908630e+03
1.825016396268768631e+03
2.095935289040291536e+03
2.625058964188970549e+03
1.749672959101846118e+03
1.715625497701944141e+03
2.790064852311940285e+03
1.735697457758819837e+03
1.381459139250586986e+03
2.541221855906542260e+03
2.075089923723564425e+03
1.377202883294841968e+03
2.248373306793748270e+03
2.527409829607044230e+03
1.427958424655580075e+03
1.985314381621414441e+03
2.606846290387182307e+03
1.524836463333482470e+03
1.761509647659171605e+03
2.881906314766306878e+03
1.823129774346575232e+03
1.486776250566783801e+03
2.397095051529915963e+03
1.993028934767825149e+03
1.464640231932058668e+03
2.257864498128017203e+03
2.433444291385505949e+03
1.749086348450653304e+03
2.236620066671915993e+03
2.572661343563189348e+03
1.456100087219790112e+03
2.186290132919815733e+03
2.683854877285456041e+03
1.468375793537861682e+03
1.892045831992869807e+03
2.812998569828733707e+03
1.621171119390784497e+03
1.474859399929696110e+03
2.189105628313766374e+03
2.676534657107697058e+03
1.911540142763786662e+03
1.622482910806155132e+03
1.652188554406738149e+03
1.883548566618385848e+03
2.198435508697774821e+03
2.554974813481116144e+03
1.794805502375773813e+03
1.383277330386772292e+03
1.971266152658202600e+03
2.151064053119327127e+03
1.779662030267456885e+03
2.032130994661294608e+03
2.621043448651017570e+03
2.300443143574613259e+03
1.817775020749102623e+03
2.567448210742803894e+03
2.882819146933455158e+03
9.152037257695631070e+02
2.313955384930854052e+03
2.105891430306260190e+03
1.010141739066206014e+03
2.377002738761373621e+03
2.244927809036333656e+03
1.943425859463282677e+03
1.932723626014623960e+03
2.611794047666428014e+03
1.735102478090975410e+03
1.269341041285026222e+03
3.811556535121174875e+03
1.116957187613452788e+03
1.784972889119431784e+03
2.348486946915676072e+03
1.841867168315023491e+03
1.801277607658427769e+03
9.976604501416582025e+02
2.824914699067807760e+03
1.862315391290257821e+03
1.726353416477075370e+03
2.049105712766002398e+03
2.565450514772725455e+03
1.989133963065963599e+03
1.660758862427937629e+03
1.863709602657919049e+03
2.217855908706821083e+03
2.201298231042534553e+03
1.823502498287494291e+03
2.016063128310703178e+03
2.596012976640656234e+03
2.024505640787391712e+03
1.561799993356946970e+03
1.999898371932294822e+03
2.689924525619544056e+03
2.027010280561640002e+03
1.429716665295086386e+03
1.872521849238210507e+03
2.378313191868229751e+03
2.172092141613065905e+03
1.394392876687814351e+03
2.121584038936042816e+03
2.670654178863108882e+03
1.777742083728567877e+03
1.492129031780851619e+03
2.807472622401654007e+03
2.439517216239802565e+03
1.323317761568297556e+03
1.887531609220087375e+03
2.785489322955906118e+03
1.699031069713525994e+03
1.540164242674746220e+03
2.424025647167978150e+03
2.362871147183860103e+03
1.534112315972512079e+03
1.899169007408502466e+03
2.471526258014103405e+03
