2.351616849824515612e+03
1.845984925679860680e+03
1.796383330501621913e+03
2.656800997196616208e+03
1.765650713494811043e+03
1.829232883636075940e+03
2.563398054067117755e+03
1.884300739328718237e+03
1.739771010233539982e+03
2.528429617672375116e+03
1.677468229070207144e+03
1.859018258859694924e+03
2.397567407677919164e+03
1.585338429840786830e+03
2.429617416502792366e+03
2.114994149892538644e+03
1.795017175070160874e+03
2.744091271277337455e+03
1.619544282401729788e+03
2.096935297217685275e+03
2.309507479858013994e+03
1.579268096681619454e+03
2.486656730091689496e+03
1.724518551578859160e+03
1.980608681307615598e+03
2.729334600439146925e+03
1.629028955254189214e+03
2.152885100392936693e+03
2.364629538883425084e+03
1.589458654959175647e+03
2.427244453331739805e+03
1.775883701191397449e+03
1.865894120964090689e+03
2.515180372773333602e+03
1.823415244105028478e+03
2.160056163199987168e+03
2.518939634396279871e+03
1.417387918832436753e+03
2.274796353571516192e+03
2.328909372381624053e+03
1.509923198940974316e+03
2.732721679192104602e+03
1.466776407782739398e+03
2.078750950369424572e+03
2.267738777468891840e+03
1.697119063210109971e+03
2.564213702777244180e+03
1.767472979434976651e+03
1.878913209209417118e+03
2.572336438005610034e+03
1.542623429408021821e+03
2.218743588848328727e+03
2.623602157148012338e+03
1.514731414901006019e+03
2.206433801089598546e+03
2.079039195084473249e+03
1.552681185748422195e+03
2.374880413011538622e+03
2.382089087212105824e+03
1.605090328982544861e+03
2.480295329658462833e+03
1.623830431685236817e+03
2.133653085892888157e+03
2.463793333644608992e+03
1.585487056677040300e+03
2.650133529023958999e+03
1.902636383423494181e+03
1.844470555273504260e+03
2.862253072939548474e+03
1.637128322672502918e+03
2.174892107483751715e+03
2.513346387709575993e+03
1.603917538965978565e+03
2.290431984166138591e+03
2.485854950531237137e+03
1.200450210802749552e+03
2.305651953242813761e+03
2.610010876331510644e+03
1.659028861322690091e+03
1.896795533186079638e+03
2.750671435958288384e+03
1.535921888274997855e+03
1.367766741528226248e+03
2.548684493994450804e+03
1.810016648898174253e+03
1.785601536277177274e+03
2.872691222363204361e+03
1.382164219312091063e+03
2.302283464575262769e+03
2.297764887768244989e+03
1.738506193796369644e+03
2.563908312448638299e+03
2.087433198867762258e+03
1.576053203240998528e+03
2.660658728673273345e+03
1.764490284030556950e+03
1.844151566827421448e+03
2.867772016187790996e+03
1.323576908194826501e+03
1.587378327425739599e+03
2.285066628259491608e+03
2.074323774524730652e+03
2.438401330954964124e+03
1.796659312845680233e+03
1.575918223788287833e+03
2.676264234678444154e+03
1.748447551433322587e+03
2.164431669412170777e+03
2.383707634342204983e+03
1.632901455172801889e+03
2.333493990204681722e+03
1.926271146083765188e+03
1.895563190608018203e+03
2.309199345912310037e+03
2.364818694455232162e+03
1.601534012181186199e+03
2.704012103933451272e+03
1.506616673413219587e+03
2.589780651316100375e+03
2.662902444780196220e+03
1.592449097041956520e+03
2.528024511218358384e+03
1.672864106901342211e+03
1.870529592285732406e+03
2.687121894810717549e+03
1.765170420978748780e+03
1.841470678455141979e+03
2.487163500044712237e+03
1.742482333658279913e+03
1.934218317802081856e+03
2.590869976487196709e+03
1.554567286590978483e+03
2.338129369847046746e+03
1.927374634513462979e+03
1.562697445909939461e+03
2.676617942838506679e+03
2.126978386728625082e+03
1.579802586269693847e+03
2.902960208144591434e+03
1.305054054849347949e+03
2.104299979020843239e+03
2.369403802166124478e+03
1.611880580819707120e+03
2.642218967635536501e+03
2.112875436071785316e+03
1.443324298628729821e+03
2.798052745438572401e+03
1.503803797258115537e+03
1.943137095835507353e+03
2.695924531148794358e+03
1.328832183699269535e+03
2.673339033456468769e+03
2.033522698922139853e+03
1.633881600785911814e+03
3.095947138297288348e+03
1.360733229110735920e+03
2.069149780781383924e+03
2.713281792700962797e+03
1.465636479053974199e+03
2.260362264229313951e+03
2.500766786846977084e+03
1.168430137711234011e+03
2.254823307169234795e+03
2.733449832648461324e+03
1.470163222977069154e+03
2.136570613268263969e+03
2.473605455882507158e+03
1.240532657955595823e+03
2.264812817622047532e+03
2.183891488489276526e+03
1.677637688373891706e+03
2.476904717175053975e+03
1.797992624368516090e+03
1.907304938384824027e+03
2.364493800002661374e+03
1.641758456377053790e+03
2.547758625444684185e+03
2.309616776485100672e+03
1.686058081999684418e+03
2.685201388924606363e+03
1.660026111546396123e+03
2.095796857019334311e+03
2.186731934439222641e+03
1.830557067654943467e+03
2.710855999955128027e+03
1.808351122419183639e+03
1.788117082250302701e+03
2.367695314730803148e+03
1.456634531908830922e+03
2.750769604797944794e+03
1.468047614632224622e+03
2.427404942302644486e+03
1.792960146457847486e+03
1.940152014429499786e+03
2.919167895085254713e+03
1.509853917691430297e+03
2.291999199249446974e+03
2.258138793734733099e+03
1.413427723341615319e+03
2.758336094015083745e+03
1.672927477197976941e+03
2.084770315262906479e+03
2.413293193325902848e+03
1.298210775115140905e+03
2.744116042317861684e+03
1.766641382515422038e+03
2.210502000039231461e+03
2.429350567344014507e+03
1.428628502787004663e+03
2.364291222082330933e+03
2.151192145644250559e+03
1.709303310108760570e+03
2.688391139757485234e+03
1.681709948990494468e+03
1.723147266680976827e+03
2.604697628934458862e+03
1.856750968092732364e+03
1.944492703006379543e+03
2.412421788278094027e+03
1.469557514718999528e+03
2.769809858389256988e+03
1.629405789033014116e+03
1.941063895778891265e+03
2.627228157529898908e+03
1.746917171919567409e+03
1.925247823768662329e+03
2.571439679246462219e+03
1.652706516843580857e+03
2.249884715659686663e+03
2.599930822981507845e+03
1.503801373914946680e+03
2.185246742540257401e+03
2.617943042850484744e+03
1.533984540760634900e+03
2.554099063261496667e+03
1.925820429834881452e+03
1.878601166337955647e+03
2.600325976975175763e+03
1.813549036672063266e+03
1.836500659394209606e+03
2.446269824033631721e+03
2.019546445676037138e+03
1.977767067873444830e+03
2.618086481413703950e+03
1.606810732481250398e+03
2.265462757241130930e+03
2.213374954402077492e+03
1.681746786816590657e+03
2.589754746965249069e+03
1.918318402627385240e+03
1.522391613317007568e+03
2.593027696368423221e+03
1.776964962776979291e+03
1.942197366618700244e+03
2.464537292144463208e+03
1.503336199914411054e+03
2.580099786378539193e+03
1.736054152300383066e+03
1.983885214137497996e+03
2.631905913273859824e+03
1.553955968372256393e+03
2.663094978596031069e+03
1.617345804203604985e+03
2.020641106677662719e+03
2.718753538577405834e+03
1.644587670179717406e+03
2.577810660450582873e+03
1.996534194014334844e+03
1.568007227636677499e+03
2.610173199668609413e+03
2.094630498762380284e+03
1.474600031686283046e+03
2.933074669660834388e+03
1.151650666302081163e+03
2.109289270233007301e+03
2.188799951917857925e+03
1.528124701449491113e+03
2.730254463391883746e+03
2.165996329160740970e+03
1.402287221901708790e+03
2.669826220408890094e+03
1.860045562469734250e+03
1.598645614708854509e+03
2.891032906853758959e+03
