2.627359981188954862e+03
1.507839607414102375e+03
1.730127885717398840e+03
1.602863521900317664e+03
1.678134934084063161e+03
1.898542820135363172e+03
2.157072250748091392e+03
2.394014558070784915e+03
2.379076373346956643e+03
2.290107016903629301e+03
2.074575707920868354e+03
2.051236749419013449e+03
1.873773663878467232e+03
1.844854924348597933e+03
1.085200959391121160e+03
2.187133494234060436e+03
1.911718653254581341e+03
2.117329733674532235e+03
1.912619761150391696e+03
1.881074172394875404e+03
2.343027575925534620e+03
1.917169113713674960e+03
1.830362677990359771e+03
1.939283600824297537e+03
2.084407161978932436e+03
2.130854022930489919e+03
2.222756162646018765e+03
2.270048848620890567e+03
2.366329122574905796e+03
1.773474347805443585e+03
1.548655785514750733e+03
1.965247536103551511e+03
2.530013535809802306e+03
2.562964044599553290e+03
2.354301370969798427e+03
1.778177501640441960e+03
1.842751430491332030e+03
1.589570769782980278e+03
1.311431864667054469e+03
1.979180848288176094e+03
2.250379619856363661e+03
2.679017625822206355e+03
2.354669807158763888e+03
2.178820671445552307e+03
1.855625435541435536e+03
1.641941722009396926e+03
1.716902191659238042e+03
1.805845106546940769e+03
1.957031811819171253e+03
2.156492869236414208e+03
2.332920819326248420e+03
2.359817625232295995e+03
2.162202957020013400e+03
1.772510518161580421e+03
1.758087867594080990e+03
1.704241302316841029e+03
2.045225452875372184e+03
2.053577722767588511e+03
2.193675814620591154e+03
2.099617794586626133e+03
1.955312757270839938e+03
1.800452050950259945e+03
1.751986511032694807e+03
1.956775393329280632e+03
2.189094968678414716e+03
2.367817880410121688e+03
1.810618403248514596e+03
1.701216444101468369e+03
1.866306209954356063e+03
1.914644295171068734e+03
2.094802279545727288e+03
2.361579015938226803e+03
2.442107041359487994e+03
2.614981732448223738e+03
2.298838812707386751e+03
1.829062024082565131e+03
1.493509873932289793e+03
1.562792678111686200e+03
1.768772426804113138e+03
1.967430564413509956e+03
2.008151713442026676e+03
2.275210653970407748e+03
2.283823676244029684e+03
2.241909339503806677e+03
2.024335450353323722e+03
1.696667558503763985e+03
1.795998161714549951e+03
1.910766609446365464e+03
2.248999047398523999e+03
2.288341905328657504e+03
2.391859699750615164e+03
2.198429934684710133e+03
2.206950223781918339e+03
2.187894662153603804e+03
2.110507259892695402e+03
2.151606377208950562e+03
1.951905199220097302e+03
1.776469184819508655e+03
1.591521377760719133e+03
2.057066354690635762e+03
1.955246443969582288e+03
1.886536798372723069e+03
1.964997663802062789e+03
2.047634935876643794e+03
2.100777102994611141e+03
2.214372917841181788e+03
2.287072121052614875e+03
2.266749811553323980e+03
2.215149839560890086e+03
1.769182669126827477e+03
1.698025277588331392e+03
1.770304695450074405e+03
1.905431813478057393e+03
2.035952175650817480e+03
2.213081840642073985e+03
2.454498439307228637e+03
2.084128928999815798e+03
1.488211225494545261e+03
1.765031545540115758e+03
2.515069007670224437e+03
2.407517164734065773e+03
2.416436808216940335e+03
2.519322048601547522e+03
2.462267684672907308e+03
1.293035527208263147e+03
1.653207306086206472e+03
2.397974974408437902e+03
2.431274688297483863e+03
2.025238190079105834e+03
1.664862506203288831e+03
1.691248825512909434e+03
2.043721563467089709e+03
2.388092947420847850e+03
2.594756638600571932e+03
2.127983372288050305e+03
1.365191029575817311e+03
1.783997309212954406e+03
2.441397634142710558e+03
2.559088108484305849e+03
1.994703803202561176e+03
1.792860601000264069e+03
1.586772218313108624e+03
1.747123652943032539e+03
2.202454477105415208e+03
2.560485739540737541e+03
2.510696013873451648e+03
2.132074396285554485e+03
1.725334131264214420e+03
1.753605109961141807e+03
1.737787231588992427e+03
1.818923017932251014e+03
1.902398850451343151e+03
1.872337261670073985e+03
1.793110717054371435e+03
1.830818529826251051e+03
1.830418179546573583e+03
1.845650100211118342e+03
1.734194847473227583e+03
2.178465828977230103e+03
2.253345680677454311e+03
2.500564484949237794e+03
2.482996038510066683e+03
2.329055441083790356e+03
2.081075028500989447e+03
1.859790092532966128e+03
1.689482365436340842e+03
1.679770035852469391e+03
1.520452471530536059e+03
1.949769365745190044e+03
2.067340925472216441e+03
2.498779108578057730e+03
2.541093383185329458e+03
2.475163282471497951e+03
2.023156126532168628e+03
2.002674864787902834e+03
1.705157040383429830e+03
1.816541342978041030e+03
1.591287888499035262e+03
1.639529948969489169e+03
1.757861496259046135e+03
1.870828942834250256e+03
2.109850909927564771e+03
2.337022688668727824e+03
2.349707886607363434e+03
2.345268046350075565e+03
2.243365207257662860e+03
1.970215046760910127e+03
1.758973216834329605e+03
1.665841129521948233e+03
1.828285408744240158e+03
1.920442287119981756e+03
2.349758014317585548e+03
2.450962218780727198e+03
1.918357726736239329e+03
1.655593910410580520e+03
1.836017516978703270e+03
2.213202884344191716e+03
2.471034632000840702e+03
2.326210253093437132e+03
2.172485442398482974e+03
1.803154062464190474e+03
1.733262615999616855e+03
1.685927244711766889e+03
1.894921330316441299e+03
1.961073028715848068e+03
2.205814629676996447e+03
2.320611442549560252e+03
2.435428131121272145e+03
2.257698582526587415e+03
2.052834628841042104e+03
1.760575602816108585e+03
1.782719010018753806e+03
1.674695570342147448e+03
1.790997401543576416e+03
1.921423198649173855e+03
2.011949545858981537e+03
2.224537983379188518e+03
2.223494629274956878e+03
2.317790801237258620e+03
2.195457932561859252e+03
2.250735939699253322e+03
2.121334356969985492e+03
2.126659881572058566e+03
1.914907755342251676e+03
1.056130730306806981e+03
2.316223058203554956e+03
2.105993252273879534e+03
1.862976518159654916e+03
1.657400764613669480e+03
1.923872829218782499e+03
1.728344007971003748e+03
1.800698732830333711e+03
1.845194812148499750e+03
1.778172071903140022e+03
1.948501997632170514e+03
2.146408287896247657e+03
2.231731522212867731e+03
2.471337373775399101e+03
2.377066549713586028e+03
2.258473821017038063e+03
1.962582426038621179e+03
1.682299214314292385e+03
1.668843028132021345e+03
2.025865041760760505e+03
2.709497490187342009e+03
2.431938503786973342e+03
2.353425571950748235e+03
2.305640343158017458e+03
2.029002526190882463e+03
1.828530475498818078e+03
1.572367530396142683e+03
1.691957983020939082e+03
1.650854764075081448e+03
2.097729628891972425e+03
2.314887889114032077e+03
2.488922861982823633e+03
2.519182313301145314e+03
2.158401603690251250e+03
2.003283490937530814e+03
1.627593790325020564e+03
1.681617670464268258e+03
1.557304336283020120e+03
1.835527622224597962e+03
1.941241520210344788e+03
2.076516560064956138e+03
2.081329490503917441e+03
2.189072802385425348e+03
2.061852759289399273e+03
2.058986006261550756e+03
2.005177060685385413e+03
2.027347162179750512e+03
2.243997724222001125e+03
2.340037887712629527e+03
1.719981861480611542e+03
1.838003931744787906e+03
2.215567522797575748e+03
2.231234250776591125e+03
2.265295653125812350e+03
2.293763586541275799e+03
2.111955944033464220e+03
1.978118265321495755e+03
1.807576601477574059e+03
1.579627931642864951e+03
1.584234526772085246e+03
