1.443539370634797024e+03
2.503687584005592726e+03
1.775684586754435486e+03
1.805677373993367610e+03
2.518105975274963384e+03
1.795250168274594216e+03
1.905809186447287630e+03
2.851877541089520491e+03
1.394069596795198777e+03
2.186390469159402983e+03
3.011623223310727553e+03
1.453972121048908321e+03
1.705721209961488512e+03
3.057312265629614558e+03
1.863637801339773432e+03
1.347183050283459806e+03
1.945431262793846827e+03
2.440943563085947517e+03
7.095430250747175478e+02
1.720369454086274345e+03
2.204639813065727594e+03
1.698198959140370789e+03
2.034157719992492048e+03
2.353367640069976460e+03
1.955485216132991809e+03
1.957814677072279665e+03
2.469362851918057913e+03
2.460506931858556982e+03
1.758864161438279780e+03
2.186657900730865094e+03
2.665627682226117486e+03
1.748433608961486016e+03
1.358988252013377860e+03
2.812254430745088030e+03
1.576686102766537942e+03
1.456982927034065369e+03
2.961935899743611117e+03
1.672948660083377035e+03
1.384770457846624367e+03
2.788588390168758451e+03
2.467103280599710160e+03
1.198634469182385374e+03
1.797783626175104700e+03
2.567630872485545751e+03
1.552619775476631048e+03
1.408714969436191268e+03
2.255024383548086917e+03
2.206334398344854435e+03
1.521942810890901683e+03
2.237383828487172650e+03
2.556675070016171503e+03
1.581100067686287048e+03
2.173833721709065685e+03
2.770263989265438340e+03
1.854063206634985136e+03
1.694989898751496867e+03
2.575401330285615131e+03
2.604243739043233745e+03
1.276268072836904139e+03
1.791680526742040911e+03
2.755586312141365397e+03
1.776572977324345629e+03
1.262186444400934761e+03
2.461830465996524254e+03
2.709301840283870206e+03
1.168638129454604950e+03
1.783692054268564789e+03
2.870147056818200781e+03
1.931366771378285875e+03
1.256740991520529633e+03
2.334726803266736169e+03
2.526469349126213274e+03
1.465623746625750755e+03
1.754212526036860481e+03
2.622274468500460443e+03
2.112687882415522836e+03
1.364407733035290676e+03
2.123376168356143353e+03
2.515729113997127115e+03
1.677096987797561042e+03
1.597305442334794861e+03
2.470093962541675410e+03
2.059914315831857948e+03
1.624764753075780391e+03
1.959345074212363670e+03
2.403954431136589392e+03
1.883162244153180154e+03
1.621203447696934745e+03
2.037099356481048517e+03
2.367580556613409499e+03
1.969329752655334460e+03
1.790209647122028400e+03
2.468391220400548718e+03
2.164561740960329644e+03
1.616985043733882094e+03
2.284692769362495255e+03
2.739122296050912610e+03
1.737842241309032715e+03
1.567743915846065192e+03
2.729770348481428300e+03
2.331002016688895765e+03
1.894900720635140260e+03
1.893524536305157881e+03
2.625491909996266259e+03
1.216584457045426689e+03
1.183081534103956074e+03
3.262366145647775284e+03
1.405451923762675733e+03
1.407966295802192690e+03
2.441481226730119488e+03
2.521675206657092531e+03
1.807549880164183378e+03
1.645894230531964467e+03
2.854614971110272108e+03
1.917950201582614454e+03
1.490393593136360550e+03
2.234803852255098263e+03
2.311628562499441159e+03
1.771164227555880643e+03
1.799637627712937274e+03
2.394480946869033687e+03
1.838578420907738973e+03
1.672803085069686631e+03
2.576943293433355848e+03
1.838887731556697645e+03
1.764940759929131445e+03
2.642602613486494647e+03
2.046607195612039277e+03
1.498539860399927875e+03
2.457339911888670940e+03
2.824761431982703471e+03
1.522171384897855432e+03
1.478179243533455065e+03
2.485011892580606855e+03
2.571778506059738447e+03
8.990965602631553111e+02
2.134529924726301033e+03
2.420255428539235254e+03
1.168806539851073012e+03
2.766012227083332164e+03
2.111492622588950326e+03
1.546441440646376122e+03
2.810381685016332995e+03
2.296820567797697095e+03
1.658349859538555847e+03
2.204168022557275435e+03
2.885304306760160671e+03
1.388726781818516429e+03
1.480206618290494816e+03
2.825815589414458373e+03
1.553777447597569335e+03
1.488359365532292486e+03
2.800584511531686530e+03
1.954466120369181681e+03
1.219781690263335122e+03
2.984873148456233594e+03
1.897593462404184947e+03
1.344601739500692702e+03
2.659733841065300567e+03
2.062270685182822490e+03
1.608684323179655848e+03
1.843401515911262777e+03
2.421413511869213380e+03
2.153645495218381257e+03
1.787017090841678282e+03
1.966191224040325096e+03
2.576816327804894172e+03
1.841016171001449720e+03
1.482781680231741575e+03
1.960560415231543175e+03
2.424226390512882062e+03
1.678802139272326940e+03
1.881933123303129605e+03
2.723661045037064923e+03
2.401169081912762067e+03
1.612881799510832252e+03
1.849498898115414022e+03
2.691761042014973555e+03
2.289763308142772530e+03
1.481770864542759455e+03
1.782345273001474652e+03
2.575369840319629930e+03
2.025409192765689568e+03
1.248026836771046419e+03
2.379052168567134686e+03
2.676314089527593751e+03
1.604980251597709639e+03
1.533314344395008220e+03
2.633619896615126891e+03
2.584450590251361064e+03
1.464324498086108633e+03
1.609364323567354404e+03
2.843806403925035738e+03
1.841039733936593620e+03
1.242031696247964646e+03
2.606404180969268054e+03
2.266805531126091410e+03
1.496066333424417053e+03
1.874711175717685364e+03
2.682407881337697745e+03
1.848047573992686921e+03
1.634813675052183953e+03
2.228990830274693053e+03
2.312039929254920935e+03
1.476416535476829722e+03
2.052296081617523669e+03
2.565903023371351082e+03
1.766312471280831232e+03
1.404826244926313620e+03
1.828203659918992116e+03
2.262383141753494328e+03
2.028683692015333008e+03
1.605538922572151932e+03
1.987269468385682103e+03
2.357575375411740424e+03
2.124863788294674123e+03
1.813505783273057204e+03
2.460790708646892199e+03
2.475320228904948181e+03
1.740855326733755192e+03
2.149042995317958230e+03
2.758629503256011503e+03
1.921388331879483985e+03
1.346337332891311235e+03
2.336753345700076807e+03
2.348228351404862224e+03
1.350537163735321201e+03
1.881701333655366398e+03
3.147039111682590374e+03
7.616687499918861022e+02
1.928567808118046059e+03
2.788291625177350852e+03
1.421532080414797747e+03
2.059345074565519553e+03
2.024262117739910991e+03
3.132512684741681824e+03
1.136758090540156672e+03
1.927457558419388533e+03
3.023982399094089033e+03
1.395871632710567837e+03
2.077908258321652738e+03
1.972677560316686368e+03
2.598917942805179337e+03
1.263491160263980873e+03
2.216299663470586893e+03
2.701516917723186452e+03
1.376690222692437374e+03
1.925047011523158744e+03
2.737046238924137469e+03
1.936800517312071861e+03
1.445120708700390196e+03
2.150665434181457840e+03
2.268993209402970933e+03
1.655577343336764443e+03
1.608342784900736660e+03
2.358940654112323045e+03
2.018761433925273650e+03
1.670264195318652355e+03
2.339740460844513564e+03
2.344921302830757213e+03
1.718925046447845716e+03
2.076738303606451154e+03
2.962721104910708618e+03
1.964099296417076175e+03
1.526379822654949749e+03
2.193176056316712220e+03
2.689659557432428755e+03
1.999661872488043173e+03
1.282466989770903638e+03
1.920045400084996118e+03
2.586045085154120898e+03
1.662243529970498230e+03
1.666331824436310626e+03
2.614366431804122840e+03
1.893989317490880921e+03
1.503131665751923947e+03
2.657431219767881430e+03
2.358509493544599991e+03
1.422276736046157112e+03
2.053599778148182850e+03
2.704963232603558936e+03
2.102597067636930660e+03
1.305650526895182793e+03
2.482886758446222302e+03
