2.582557291857454857e+03
2.320471133195039329e+03
1.344966438849177621e+03
1.816090784744926850e+03
1.995476297784479812e+03
1.659856141435439440e+03
1.722818038550149595e+03
2.084258951871152476e+03
1.492769659093015889e+03
1.794612982593383094e+03
1.987234689192220912e+03
2.240972432038953229e+03
2.789668771845628271e+03
1.739676672674762131e+03
1.578130994486845566e+03
2.216135262248442814e+03
3.072033432539104524e+03
2.090808819897546982e+03
2.016579308977353321e+03
1.899964864921691515e+03
1.916022677051558730e+03
1.789937851644565399e+03
2.468249989213642948e+03
1.819567122940825357e+03
1.749285595002399305e+03
2.393190249042650066e+03
2.264853305979848756e+03
1.832595485593534249e+03
1.890797131998040641e+03
2.054162159449664614e+03
2.126146596544012937e+03
2.094405275993663054e+03
2.659598626398841589e+03
1.913918355602334714e+03
1.678432842339668241e+03
1.717260167531585921e+03
2.153585684772807781e+03
2.631696791389901591e+03
1.594361772626003358e+03
1.851160092810325068e+03
2.103668315360864199e+03
2.199557302212860577e+03
2.392253093116855325e+03
1.848786452435895171e+03
2.375262920640726861e+03
1.813230504390954366e+03
1.910958788911129659e+03
2.259276219070174193e+03
1.587058621414514391e+03
2.303259012945694849e+03
2.011266368542922237e+03
1.875651546810167702e+03
1.450593125429559677e+03
1.866269753328237357e+03
1.912652543694961196e+03
1.505671350181990874e+03
2.146635530419972383e+03
1.075932431215266661e+03
1.897997376773393171e+03
2.032476044198228010e+03
2.189997139729223363e+03
2.256540012328311150e+03
2.335186594257739216e+03
2.343271539355783716e+03
2.305055315077966497e+03
2.354832713062202856e+03
2.392794205873997726e+03
3.014630697183454686e+03
2.468165980060843140e+03
1.950419343852020347e+03
1.750486013696057626e+03
1.463967860352593334e+03
2.065017956680932002e+03
1.157135548703779250e+03
1.562054410544691791e+03
1.788283735993228674e+03
1.647785220782272972e+03
2.349495603621530790e+03
1.856967546606796304e+03
1.917441682647576272e+03
1.719834721324180691e+03
1.629565876742562295e+03
1.924378047721725807e+03
1.145141911660722599e+03
1.763788491405855893e+03
2.140151376110171896e+03
2.217095072096282820e+03
2.195463471166467116e+03
2.508055432994829971e+03
1.606312010149427351e+03
1.556814414959354963e+03
2.369128459482132257e+03
1.794737449857631191e+03
2.871249080619055803e+03
2.548202492967361650e+03
2.184155651891629077e+03
1.787179266818477799e+03
2.238060587545845010e+03
9.880432279240936850e+02
1.966615359270994077e+03
3.468700457123131400e+03
2.570687134266437170e+03
2.110146454574763538e+03
1.721272514266750022e+03
2.313530757581442685e+03
1.999542279454110258e+03
2.095580167101847110e+03
2.392753092543824550e+03
2.242665664814265256e+03
2.428574447703391343e+03
2.516648644506005894e+03
2.182273347569961516e+03
1.335312703796333381e+03
1.834268291524838332e+03
1.686062027030493482e+03
1.994139657779239997e+03
1.522959225610637532e+03
1.098715941553705306e+03
1.439790685903329404e+03
1.488140924148282238e+03
2.692572153094741680e+03
1.167802834802443840e+03
1.224683401044527955e+03
2.076168095696695218e+03
1.443924936417588015e+03
1.634848134638579495e+03
1.735924339372019631e+03
1.904180466754609370e+03
2.275953656081895588e+03
1.724413614845320353e+03
1.745379806566807702e+03
2.383484623264965649e+03
2.123105230032114832e+03
2.180231684548110934e+03
2.220861983593916648e+03
1.441364412199498247e+03
2.428855766054559354e+03
2.204955342755683432e+03
1.862614208497544041e+03
1.448277287681758480e+03
1.059967832720699334e+03
1.772469364575435065e+03
2.130327329961477062e+03
2.269470799017275112e+03
1.207068735912707780e+03
1.003449340057616837e+03
1.730925007351600243e+03
1.618961716024318321e+03
1.702058802396893043e+03
9.562757859026737606e+02
1.295658167969388160e+03
1.761431299306437722e+03
1.989585224006023736e+03
1.825330554789084090e+03
2.103140936219665946e+03
1.731657700375712466e+03
1.381354320509313084e+03
1.948134565351899255e+03
2.335800522203181572e+03
1.816586681295897961e+03
1.258043083756703481e+03
1.741902347843682946e+03
1.608413844420565738e+03
1.620485623578621926e+03
1.872515750287938090e+03
2.340438184513042870e+03
2.101486007683134630e+03
2.165420622414282207e+03
1.715332808145474928e+03
1.882949259467607817e+03
1.831685874041703528e+03
2.033287326055245103e+03
2.169984112308507520e+03
2.158704371582332442e+03
2.235248398726081177e+03
1.458660274737932014e+03
1.542980150845253547e+03
1.566540619281206318e+03
1.553471442174837648e+03
1.505519108006511715e+03
1.535528734307917603e+03
1.609645409642474533e+03
1.758174142928681476e+03
2.075226756278872472e+03
1.939409757161974312e+03
2.041942433261312317e+03
1.802615613805073508e+03
1.862993911048245309e+03
1.838878669418957770e+03
2.181496944100596465e+03
2.433960973229338833e+03
2.359112154217020816e+03
2.032146260094616309e+03
1.526459685034769336e+03
1.747436611679878524e+03
2.126097306121109341e+03
2.211116297920657871e+03
2.124918874168387902e+03
2.089110110600988719e+03
1.373577426881023712e+03
1.630460725218355947e+03
2.113254352065428975e+03
1.729652015727458547e+03
2.053367846565543914e+03
1.529741176938376157e+03
1.698815708177021406e+03
2.621775755371359082e+03
1.665029135170779682e+03
1.902945570061281387e+03
2.299108934586345185e+03
2.367815753021389355e+03
1.861449065496631647e+03
2.094227127051521620e+03
2.089117380338847397e+03
1.980083433974543368e+03
1.673179105200319782e+03
1.744589584389600304e+03
2.276459124475799854e+03
1.577148666249045618e+03
1.517141699135387398e+03
1.568351621725621044e+03
1.602633845557493942e+03
1.762571607917759138e+03
2.358695741285558597e+03
4.609692103850546800e+02
8.488118983093246470e+02
2.105115147768162842e+03
2.305222999886366779e+03
2.099677863029211039e+03
2.191653285637966292e+03
1.946326136845471865e+03
2.006720601287518548e+03
1.775505444936652339e+03
2.060672870439162125e+03
1.989514583954966383e+03
2.350153501464462806e+03
2.394067066174016418e+03
2.187940704972437288e+03
2.278933869519367818e+03
2.005906001301043261e+03
1.828974165296487854e+03
1.829899925810404056e+03
2.360099342309397343e+03
2.281158688510187403e+03
1.999872742144942549e+03
2.276005484992761467e+03
1.832882950242216111e+03
1.854895474853328096e+03
1.783732764511540381e+03
1.839993438976827747e+03
2.006229697278844014e+03
2.091897552511872163e+03
2.046624909455104444e+03
2.015421180939622218e+03
2.113662544221155258e+03
2.178927427915097724e+03
2.274912416053529341e+03
2.231602029000465791e+03
2.423419399479581443e+03
2.518403067449543414e+03
2.667358125051283423e+03
2.647345932155644732e+03
2.421703270118951423e+03
2.298765113801102871e+03
1.521132103379966338e+03
2.104334914916800699e+03
2.141693530635337083e+03
1.874303046896778369e+03
1.699315194390176657e+03
2.022673629672882498e+03
2.173024007313742914e+03
2.170912662954006009e+03
1.752380561702022305e+03
1.999285556185877113e+03
2.503110139191150665e+03
2.420665748800070560e+03
2.083407108861219967e+03
1.901595797588546020e+03
2.019225261838359074e+03
2.728438455549443916e+03
2.398229387539289291e+03
2.037298511495247567e+03
1.737920308332605146e+03
1.983682098321278318e+03
