2.552937105588253416e+03
2.175874877728982028e+03
2.154232761551870226e+03
8.921519126005622411e+02
1.648943762990221785e+03
3.540326210732043819e+03
2.355187899282930630e+03
1.825574089909263421e+03
3.287146350953002525e+02
7.650919038999678605e+02
3.347379837369631332e+03
3.070298482723520010e+03
2.263253421222787892e+03
9.092049150338294794e+02
1.921267464175697341e+03
2.344991613180655349e+03
1.788239426530465607e+03
1.545821927331990537e+03
2.206115525732441256e+03
2.153214563217158684e+03
2.180680611038622374e+03
1.233308151051068762e+03
2.235537666328391879e+03
2.307167890377806543e+03
1.577864701280475629e+03
1.098695440514122993e+03
2.204923835987344319e+03
2.385480595170220113e+03
2.268085464737744132e+03
1.034159785027519320e+03
2.194079980766506196e+03
2.695397503010267883e+03
2.119420189415279310e+03
6.252308215249341856e+02
1.498785964507366543e+03
2.887983025795052072e+03
2.136144377146563329e+03
9.738698408718388464e+02
2.506913878266039774e+03
2.402018170549163642e+03
1.953038407897683101e+03
5.302964924465389913e+02
2.268026213851145712e+03
2.357104596938359919e+03
1.799333408487461611e+03
1.131807675708298802e+03
2.570695809574254781e+03
2.661604068484550226e+03
1.454058049325746197e+03
1.275604335153492002e+03
2.873302390145579011e+03
2.077169809914591042e+03
1.389583072784964770e+03
1.269416448419599874e+03
2.975440117379634557e+03
2.302711597999543301e+03
1.532231733179679395e+03
1.363773167851122935e+03
2.843671989510770800e+03
2.259725372761965900e+03
1.198715331508535428e+03
1.497353635730180940e+03
2.556250643851755740e+03
2.357436530424110970e+03
2.011214011529164281e+03
1.269659170697365653e+03
2.662987862246354325e+03
2.236790350351021516e+03
1.707472010758564920e+03
8.716289414260993453e+02
2.287576946788030455e+03
2.611668742353310790e+03
1.922628912492854852e+03
8.030018271359363098e+02
1.838744864297171262e+03
3.058953875899776904e+03
2.136077962213003957e+03
2.991483687443654276e+02
1.842349853608130161e+03
2.364799083910903391e+03
3.095454052765893266e+03
7.188176824310960455e+02
2.997202518894295281e+03
2.557203827205511516e+03
1.468930994377700245e+03
5.509960545843249520e+02
2.911050763228556207e+03
2.459285955666360223e+03
8.729538942173518308e+02
1.131404691974048774e+03
2.779194386905161991e+03
2.361028669198951320e+03
7.605380520289243123e+02
1.811126095196819961e+03
2.785979929983354396e+03
2.127931575454638732e+03
1.113156667164708097e+03
1.838083607526230253e+03
4.943679186541679655e+02
1.748332480359900046e+03
1.135106684975782628e+03
3.570437350913619412e+03
3.806282909236450450e+03
3.070325898926408627e+03
2.903978468051691834e+03
2.285201972243451110e+03
2.320587412204648444e+03
1.552612013312575300e+03
1.867932809261810689e+03
2.131796886530783922e+03
2.526266958426612746e+03
2.371085345142913866e+03
2.349045289543785202e+03
1.691276201246773326e+03
1.267059565520876959e+03
1.764354914676830049e+03
2.359223918479086933e+03
1.945817065772658680e+03
2.239953776896383715e+03
2.633839679434110622e+03
6.325142016271591956e+02
1.894168246950094272e+03
1.785074763977940393e+03
1.656619827434828721e+03
1.054083139972434765e+03
1.984188498621414283e+03
2.259724232133442001e+03
2.255694184431314625e+03
1.659962900696871884e+03
1.793582476421410320e+03
2.504986032259760577e+03
2.367180691647751701e+03
1.981155311870925971e+03
1.264316085189369915e+03
2.368745306208320471e+03
2.020087001641344614e+03
2.275291444891630817e+03
2.197581503071356565e+03
1.529663604729028066e+03
3.136698902359415570e+03
2.403824865021641017e+03
1.363463683572597574e+03
9.934282533722064272e+02
2.331320619060937588e+03
1.785354014145693782e+03
1.049759015220729225e+03
2.486951982821319234e+03
2.040046036461857511e+03
1.885470122145222831e+03
1.024400328541503086e+03
2.215341039979833567e+03
2.170259604866282643e+03
1.971056003478986440e+03
1.369375171663077708e+03
2.342427311899936285e+03
2.654623845766587237e+03
2.466781004499613118e+03
9.082886125598402032e+02
2.267270200579344873e+03
2.633161690080044991e+03
2.293277506849379733e+03
2.322719083741593806e+02
1.198209489723300294e+03
3.132318060115322623e+03
2.550506842611524007e+03
7.383444477382653304e+02
1.837816207651726927e+03
2.932368658843925459e+03
2.253167914097613902e+03
1.096550806955106054e+03
1.630501653935339618e+03
2.431033213591225831e+03
2.260058730346887387e+03
8.419837726007061747e+02
1.564701682710256819e+03
2.749674424521835135e+03
2.576109403665466743e+03
7.470866770890237376e+02
1.405105469463361715e+03
2.666605858516494663e+03
2.210977868491297613e+03
1.444037378406077778e+03
1.820344199076114137e+03
3.067052709263915858e+03
2.508849628929109713e+03
1.484355271031507982e+03
1.429663985075191704e+03
2.350304512694213372e+03
1.934712306513172734e+03
8.579151548069520459e+02
1.508176394155512980e+03
2.638230391790997601e+03
1.829858713444786872e+03
1.634899891492325878e+03
2.097051967294300539e+03
2.429573714146548355e+03
2.008227956957294282e+03
3.269948309222475586e+02
2.662991513359886085e+03
2.574985278580425074e+03
1.531185728507590284e+03
9.521900710850349014e+02
2.584368846377536101e+03
1.756353450504887178e+03
2.009630050636040778e+03
3.839340177905447717e+02
2.868558844781853622e+03
2.322988460022119853e+03
1.202096195751827054e+03
7.672821672347827189e+02
2.984798137191372916e+03
2.664861665932206506e+03
1.835347006401608496e+03
8.304666509080020660e+02
2.172938116161039488e+03
2.639497984231824830e+03
2.133822446691492587e+03
1.773681624388627824e+03
4.628564947814276707e+02
1.982920461363060440e+03
2.422768663830822788e+03
2.415437944759464244e+03
1.942975142657540118e+03
1.319914939759087019e+03
2.718137839593026001e+03
-2.061954439025475097e+02
4.226402107485929264e+03
3.200507412338137783e+03
1.506468908017732474e+03
2.048605917737706022e+03
9.523987075580486135e+02
1.361728345309443057e+03
1.940526413265557721e+03
1.757488944986343540e+03
1.950039300045043092e+03
2.360226462361018548e+03
2.111450791447485699e+03
2.073452371520535962e+03
1.487721113229936009e+03
2.207179829275000884e+03
1.520026301601655405e+03
6.913053387585870269e+02
2.702995818461640283e+03
2.184698612082559976e+03
2.622249036135272490e+03
1.885000294713698565e+02
9.356326354195849149e+01
1.084700242486357638e+03
2.109502534458235914e+03
1.934772124336504248e+03
1.014047874661359742e+03
1.632030278007376410e+03
2.489751909915047236e+03
2.260690091574371309e+03
1.377945480860257248e+03
2.177131021950940976e+03
2.378693652314544579e+03
2.319381305248240551e+03
8.764141416183891806e+02
1.618952122717121483e+03
2.580009676422712346e+03
2.249407361874747949e+03
8.412099139766662574e+02
1.870535310174276674e+03
3.202211998125994796e+03
2.647908093413029292e+03
4.294621722972029261e+02
1.090597799415320424e+03
2.994808401531102845e+03
2.275899981576760183e+03
4.783985901656319584e+02
1.255355978585639150e+03
2.653122386823149100e+03
2.470929022232343868e+03
1.564573001922870162e+03
1.234359840520103717e+03
2.556748987922278502e+03
2.708083973785004673e+03
2.347781000106005649e+03
6.482504657670795041e+02
1.711451465969736319e+03
2.538610664151265155e+03
2.245192712702562858e+03
9.894119485112491930e+02
