3.183266441352026504e+03
1.237240116993047877e+03
1.337275087651493322e+03
2.706645240021111022e+03
2.611282397119550296e+03
2.121161321829343251e+03
1.234891299051146916e+03
1.781895758030498200e+03
2.042486193757104047e+03
2.054425307711325786e+03
1.711976913975609023e+03
2.014144385659344380e+03
2.428495012250490618e+03
2.340316232181989562e+03
1.719245965270421266e+03
2.366035249158182978e+03
2.470249513366894917e+03
2.168477059595416904e+03
1.558135312699335145e+03
2.097830950767260674e+03
2.407589186315515235e+03
2.366550478099523843e+03
2.065365058435486389e+03
1.881701953764480550e+03
2.370331495513810296e+03
2.465165963506339722e+03
2.041545243291603356e+03
1.625583063254869785e+03
1.737071047684643645e+03
2.347761069078631863e+03
2.199366250324779230e+03
1.725307503844778466e+03
1.809078784231536474e+03
2.346655558340838525e+03
2.421667311044919188e+03
1.371684092899308553e+03
2.150704767861448090e+03
2.238670511240330143e+03
2.462914521889074877e+03
2.148551226307994966e+03
2.104505004101112718e+03
1.747934031889438074e+03
1.708534158783791781e+03
2.299063135004702417e+03
2.399435737247994439e+03
2.239429922732815157e+03
1.685670864590149449e+03
1.861264157251144525e+03
2.094583893115564479e+03
2.334666135849432067e+03
2.555580858509764312e+03
1.863112877202909203e+03
1.491268254916266869e+03
2.480933738150465160e+03
3.014914150558293386e+03
2.058978858335963650e+03
1.220952594583639666e+03
2.501773162705538653e+03
3.536750705586413233e+02
2.618660935970996434e+03
2.370562517744321212e+03
1.595991190684755338e+03
1.535050369856794077e+03
1.718618934011191186e+03
2.392815407458774189e+03
2.314998287990996232e+03
1.943631444321289337e+03
1.889711471423360308e+03
2.572309909075378528e+03
2.540536280407944560e+03
2.088022082300237798e+03
1.752785226679276093e+03
2.492483626068308695e+03
2.576276077129155055e+03
2.075986396834884999e+03
1.439670363234119350e+03
2.025400691216167161e+03
2.518558460216718686e+03
2.170050050825861945e+03
1.579520387593352098e+03
1.276084129927191498e+03
1.774281715300635142e+03
2.177912930809132831e+03
2.438838561545248922e+03
1.945851590909625656e+03
1.626207763074447939e+03
2.072356625084623829e+03
2.255788958747973084e+03
2.286029112531502960e+03
2.273880772755706857e+03
2.089736361609565392e+03
1.551853994104158346e+03
2.034953236707594669e+03
2.376370973774228787e+03
2.234802605794392548e+03
1.867278709827189687e+03
1.547606613836063843e+03
3.462311034349209876e+03
2.602251905516446186e+03
3.657729352225096591e+02
3.494031460838175462e+02
1.240993053989468535e+03
8.515423609904182740e+02
7.439435989884477749e+02
3.239136384320074285e+03
1.616543982179729028e+03
2.494482779349675639e+03
2.127235616792688234e+03
6.905245615625365190e+02
2.973283376248091827e+03
1.565960640763252059e+03
1.795885656233201871e+03
2.622782940718465397e+03
2.436670172423303029e+03
1.587004769884802727e+03
2.252922214625507877e+03
1.659643928853784473e+03
1.741457578087835373e+03
2.621963102166763292e+03
1.802137685409128153e+03
2.003197947743641635e+03
2.044998172491042624e+03
2.233830408729826559e+03
2.007655011850359642e+03
1.724183520398898963e+03
1.992989493844944263e+03
2.326901463218964182e+03
2.123463982618010505e+03
1.802649384956223457e+03
2.052947516101966357e+03
2.365656418203149315e+03
2.140840943123107991e+03
1.631974286281830246e+03
1.948520654434562857e+03
2.559865643482398355e+03
2.240807825798919566e+03
1.625176988967773468e+03
1.710565193265633070e+03
2.642730110479164523e+03
2.155029959866256377e+03
1.581221093642779579e+03
1.770876130695844495e+03
2.215181224192695026e+03
2.540959582237286668e+03
2.086994083985956877e+03
1.904709523271994613e+03
2.322809350351875764e+03
2.518745053248824661e+03
1.865825827077040231e+03
1.556847187723953994e+03
2.357751489083710567e+03
2.581692725661352597e+03
1.822627087666676289e+03
1.671415642608945291e+03
2.445407261838465274e+03
2.686081793400289826e+03
1.965530316354417437e+03
1.483328316250412172e+03
1.634451868431263620e+03
2.158496050881485189e+03
2.548510861182482586e+03
1.988419714860183376e+03
1.885313863773639014e+03
2.242382153705054407e+03
2.505962234942743635e+03
2.200004504000888574e+03
1.910082030113898327e+03
1.874428591062120859e+03
2.014635133929751419e+03
2.121038264874299330e+03
2.200144769907801674e+03
2.564855670549031856e+03
2.258856980695838956e+03
1.645004683595283950e+03
1.693636551959830058e+03
2.488743905861268559e+03
2.826786036195549059e+03
2.306668903883823987e+03
1.808278963729287170e+03
1.610173606842225809e+03
1.837657305002463090e+03
2.508322673605617183e+03
2.698155894917569185e+03
1.857656707316130905e+03
1.731509455178013468e+03
2.014900273571294974e+03
2.304690759788218656e+03
2.567352512798214775e+03
2.009338594575897787e+03
1.847883514997214888e+03
1.653397638711385753e+03
1.987718731842998068e+03
2.573212556263953957e+03
2.441451895844202227e+03
1.865043290756122133e+03
1.366597595480436667e+03
1.797770782954498600e+03
2.168572231285244470e+03
2.206955675831046847e+03
2.188217375375938445e+03
1.871138606674739776e+03
1.970466347418688883e+03
2.060551133358540028e+03
2.608811701698452453e+03
2.194785157917379365e+03
1.648599724825992780e+03
1.889108127863685240e+03
2.369741192362558650e+03
2.698241690222454508e+03
2.039914390538648149e+03
1.629209699280187806e+03
1.658872000493329324e+03
2.241618446356992081e+03
2.381507970716716954e+03
1.871596430243009536e+03
1.584905660239180406e+03
2.220558174101786790e+03
2.427883716092038867e+03
2.011093235027478613e+03
1.521577872527919908e+03
1.891105198300256006e+03
2.511678770523295043e+03
2.688833927387946005e+03
1.475833541482870487e+03
1.378480372585137729e+03
1.433949107632573487e+03
2.929918237264729669e+03
1.917690435414443982e+03
9.739328581307374861e+02
1.790717088002957780e+03
3.179599382771581077e+03
1.256894099464902638e+03
2.278795720249048827e+03
2.161541807959206380e+03
2.376865188614838644e+03
2.336061273595708826e+03
1.198473958055048342e+03
2.159541903533825007e+03
1.516824965262896285e+03
2.199699289696782671e+03
2.048196854830126540e+03
1.529381948983420671e+03
2.128988998064660791e+03
1.763283337970573939e+03
3.014005486495020250e+03
1.740804252578388287e+03
1.855436013512456384e+03
1.953356566600679116e+03
1.803431631711771161e+03
1.919779024643865114e+03
2.035941998545886918e+03
2.085557895878007912e+03
2.076024515266297840e+03
2.075394734210677143e+03
1.985743906834912423e+03
1.957739686592550470e+03
2.048246915617193736e+03
2.149639029600767117e+03
2.114047358080259983e+03
2.051576471495902751e+03
1.978031125357451401e+03
2.011477722033739610e+03
1.925389785918769121e+03
2.092902855295376412e+03
2.261983177882003929e+03
2.074712310107839585e+03
1.814887636898173696e+03
1.861334289607310666e+03
2.069531403027878696e+03
2.200599603130233390e+03
2.335706111362305819e+03
2.057327644182095810e+03
2.106423247403845835e+03
2.189015714218771791e+03
2.683240286627010846e+03
2.074586004645975208e+03
2.271583928034652217e+03
9.538040588234179040e+02
1.621876260566221163e+03
2.335709159123346126e+03
1.820042332176564969e+03
2.036182510830458114e+03
1.709838254627366950e+03
1.795874989536873954e+03
