2.353705478018820031e+03
1.379956677653083034e+03
1.986677885708899566e+03
2.914477528380215517e+03
2.009414050493441891e+03
1.420898423457380204e+03
2.407144579798613904e+03
2.093314439937419593e+03
1.604523833707611402e+03
2.043762369916575608e+03
2.784241884884271258e+03
1.568091500896172647e+03
1.729018113367291335e+03
2.553850318094951490e+03
1.925470978362982578e+03
1.629182828764093756e+03
2.686195332929657070e+03
2.124350298412976372e+03
1.359869920544947718e+03
2.083705123828114210e+03
2.879026998043781532e+03
1.745806254108892745e+03
1.459343893933944173e+03
2.264617454110069048e+03
2.290528732579045027e+03
1.789907724274473821e+03
1.776555163776236896e+03
2.663783497837743653e+03
1.710732635426959860e+03
1.396489006095164996e+03
2.451784966737222476e+03
2.607350230007307346e+03
1.327228108063921127e+03
2.110709375458156046e+03
2.627956535713908579e+03
1.435116947032600592e+03
1.751450115674513654e+03
2.538964680743035842e+03
2.241225192598335525e+03
1.467334115107403250e+03
1.922613269456374383e+03
2.236962369660100649e+03
2.004900702086556066e+03
1.794649412014220161e+03
2.344361182700468817e+03
1.984572989698266383e+03
1.733182427551893852e+03
2.313988318606086523e+03
2.287051756503345587e+03
1.674139299195303238e+03
2.260231015585502973e+03
2.250716574676469008e+03
1.514031480874713452e+03
2.058948909364914471e+03
2.652182342105008502e+03
1.585922113902292722e+03
1.737142843767132490e+03
2.214665334276973681e+03
2.126741272517114339e+03
1.681105757621268594e+03
2.325040276030782479e+03
2.407944504836688793e+03
1.555901446654598431e+03
1.940120458078133652e+03
2.391418935928259089e+03
2.236334505881452060e+03
1.592817294729894002e+03
1.957148532977084869e+03
2.419886914214612716e+03
1.948024205117168776e+03
1.895080974436227962e+03
2.577080741409487928e+03
2.138399819030700201e+03
1.369325176363392984e+03
2.033192941656353014e+03
2.782839225649649961e+03
1.827104953164559220e+03
1.519244255847560453e+03
2.322257426232602029e+03
2.317474384682152959e+03
1.420311386605880671e+03
1.792007627228420006e+03
2.605215561634531241e+03
2.226408529384799749e+03
1.535502032129430063e+03
1.967070152507699277e+03
2.321469397776711503e+03
1.861626687249129645e+03
1.838552068411552682e+03
2.638388190825898619e+03
2.018635679229834068e+03
1.581980591360667177e+03
2.267900171666693495e+03
2.448951831914768718e+03
1.513053921959839727e+03
2.069459704473338661e+03
2.569103720586926556e+03
1.554474636210936296e+03
1.817579294425824173e+03
2.735154771679352507e+03
1.975665583766266536e+03
2.963802573024037429e+03
1.853755344736751567e+03
2.219496192679503110e+03
2.183153508059356227e+03
1.045556847004878364e+03
2.352003594181162498e+03
2.104931322849801745e+03
1.866430750673370767e+03
2.039080101815267653e+03
2.014622520196471214e+03
2.176473583095463709e+03
1.690721004261291000e+03
2.062681272203284607e+03
2.388845601575876117e+03
1.472657611104546731e+03
2.176813121620924903e+03
1.594024367108412207e+03
2.303366905756568030e+03
9.535701285496313631e+02
2.225911149061076685e+03
2.608246787353403761e+03
2.160744573134983511e+03
1.674666841242209102e+03
2.161238653690342289e+03
2.349395426259912256e+03
1.894749596610897242e+03
1.840898053386332776e+03
2.401157259320345020e+03
2.250489078932972461e+03
1.506134498860330041e+03
1.864762104790508374e+03
2.547877899115479977e+03
2.450392426462584353e+03
1.578269800948500006e+03
1.832685337225331068e+03
2.488661669765075203e+03
2.136848284691337994e+03
1.605803872364158678e+03
1.722198826673793292e+03
2.369287741229058156e+03
2.470476128411362424e+03
2.049670730697863291e+03
1.916900248647933040e+03
1.534306019350946372e+03
1.726271789011044348e+03
2.234442434156751006e+03
2.107689550014046290e+03
1.699126567720898720e+03
2.261043884104054086e+03
2.318361647734011967e+03
1.574439232014360414e+03
2.150031977523608475e+03
2.703285430998284482e+03
1.741260828152722524e+03
1.669565439868632211e+03
2.229299863663779888e+03
2.310772171332884682e+03
1.811329286093140354e+03
1.816163334438531137e+03
2.238091114716861739e+03
2.086613117325387975e+03
1.671342148627481720e+03
1.821917741501819592e+03
2.264778059986168500e+03
2.428855824191281954e+03
1.792678815976856868e+03
1.736228858934518485e+03
2.089852477892367460e+03
2.261842085890737962e+03
1.848139211372683803e+03
1.914298451659059083e+03
2.163133611505446424e+03
2.021876990754972667e+03
1.971471105965999641e+03
1.888201147973695015e+03
2.313860988125862605e+03
2.382918867022092854e+03
1.778651769572294597e+03
1.833732020845213356e+03
2.288630353655884846e+03
2.574935576014470371e+03
1.568115371493103112e+03
2.056544717202337779e+03
2.402758498916186909e+03
2.163567022356700818e+03
1.363021789204236484e+03
2.356211358634663156e+03
2.877156388316042012e+03
1.420841219866455049e+03
1.358173019598970086e+03
2.257043699217652829e+03
2.713243624459560579e+03
1.959993136436220084e+03
1.540246055751749054e+03
2.309418244396587852e+03
2.316041010484686012e+03
1.725757076155235154e+03
1.949747434292306934e+03
2.500394963827797710e+03
2.030869002890431830e+03
1.299376415495159108e+03
2.215200663383880055e+03
2.910539931312337558e+03
1.854342886658562065e+03
1.411597057029067855e+03
2.154223543890944256e+03
2.586468394075638116e+03
1.674035284530361650e+03
1.762999444958921458e+03
2.464682560588918477e+03
2.167280115893403035e+03
1.449116575862253740e+03
1.944271117710585486e+03
2.605887833778330787e+03
1.972941650063460429e+03
1.638646937976543086e+03
2.241872974626557607e+03
2.405780097364378889e+03
1.581463187042480968e+03
1.809710145812472319e+03
2.674504802127122730e+03
2.098528013391963214e+03
1.511525818865719884e+03
2.200652508853308518e+03
2.698367494839706069e+03
1.595651794925105378e+03
1.555580766560551183e+03
1.977979906475870848e+03
2.362351740810152933e+03
1.501775553035664871e+03
1.798136943144801990e+03
2.590899002729447602e+03
2.182386555483615211e+03
1.735602796934305616e+03
2.292497661001721553e+03
2.352678503759992509e+03
1.641094086562862230e+03
2.604428925868643091e+03
1.819149925760444830e+03
2.679476448799649006e+03
1.099675764309797614e+03
2.903652608500037331e+03
1.579234038219378590e+03
1.249886106473625887e+03
2.333609818180341790e+03
2.307331666386534380e+03
1.925812618235377158e+03
1.986286109205102093e+03
2.553876049272662385e+03
2.390510850633334485e+03
1.678653858507399718e+03
1.954459957700751147e+03
2.257797725922924201e+03
1.992349985983675651e+03
1.754528465619272765e+03
2.268678134760756620e+03
2.260662353265689489e+03
1.498416473646421082e+03
1.896082355247224768e+03
2.488771130835811164e+03
2.229101520138183332e+03
1.650681997657635975e+03
1.798559269494677892e+03
2.217211944517540815e+03
2.282720531954289982e+03
1.794962588518518942e+03
2.043454499467428832e+03
2.384786266588272611e+03
1.830576603365992241e+03
1.534668636288157813e+03
2.062545920303436560e+03
2.637642933333239398e+03
1.858893939278364996e+03
1.823812921146518647e+03
2.398595913352477055e+03
1.792623507529701101e+03
1.746377548466384724e+03
2.329267238981192804e+03
2.642216427406302500e+03
1.534102003869992814e+03
1.554281793701471315e+03
2.570427578915307549e+03
2.599765761929003929e+03
