1.819036619005252078e+03
2.155954849726421799e+03
2.307056172147257257e+03
1.890826850665602024e+03
1.994224759080172362e+03
1.914236031971038983e+03
1.835704462687642945e+03
2.068333085243659298e+03
1.867044794488826255e+03
1.924934229019448594e+03
1.961950426991669246e+03
1.790444859485272445e+03
1.517556718745870285e+03
1.551858763947436046e+03
1.951198787034616316e+03
2.017616091983960587e+03
2.470551252824054245e+03
2.518551118283934102e+03
2.207241997743347383e+03
1.959471871435805497e+03
1.923373027601295462e+03
2.032282173133067317e+03
1.449879653344697317e+03
1.542727031541760425e+03
1.904868872024662096e+03
2.325069410336491273e+03
2.535524068344504030e+03
1.949886274690682740e+03
1.609536329752286065e+03
1.543765919616667588e+03
1.996964474420942679e+03
2.481934070196104585e+03
2.443021889192466460e+03
1.858068432196802178e+03
1.259349948119898727e+03
1.653848199321874063e+03
2.653095855328495418e+03
1.224807009235045825e+03
7.269730478116645145e+02
4.114298094888342348e+03
2.794603953154002738e+03
1.377772406478804442e+03
2.422178469849523935e+03
1.650855529879815776e+03
1.651353665263637367e+03
2.093834841588260588e+03
1.053958744042714443e+03
2.416664557058027640e+03
1.540106979049468919e+03
2.550421299724251639e+03
2.035955248104696466e+03
2.020760548831730375e+03
2.362837049262550863e+03
1.564554947455530737e+03
1.872510143885729804e+03
1.363861008090438645e+03
2.180525427296995076e+03
2.300930431895000766e+03
2.011557529439931386e+03
1.919802654719349903e+03
1.985245488860596197e+03
2.193182499466421177e+03
1.810116424331332837e+03
2.040897242143975745e+03
2.029275670752914266e+03
1.849472095561174683e+03
1.592984811161582456e+03
1.809475147669563967e+03
2.168719136724510008e+03
2.296470032789226025e+03
2.391919204320273366e+03
2.156778352881497085e+03
1.595960123853224786e+03
1.482088964618276123e+03
1.621690231672572509e+03
1.990340058440036046e+03
2.238687794397977086e+03
1.981557413292634237e+03
2.609352643314467514e+03
2.357597837791648544e+03
1.924781701837828450e+03
2.378230782051659389e+03
1.617697136851977803e+03
1.468140102207206382e+03
1.728909813657589439e+03
1.484099016655276500e+03
2.008126447093195566e+03
1.916896705468087248e+03
1.476930460706735857e+03
2.292662721669733855e+03
1.986568979076745336e+03
1.992627554389183615e+03
2.347371362849887191e+03
1.783463403316935455e+03
2.274630319223619153e+03
1.295518091816997185e+03
2.348688096120557475e+03
1.519554493225333317e+03
1.788447422981472982e+03
2.168089879193465094e+03
1.921124428100150226e+03
3.920318816644090020e+03
-1.486855642083789064e+02
2.192486312042110967e+03
1.612130581825793342e+03
-1.290976553593445146e+02
2.770379348457064680e+03
1.167211676953541932e+01
2.670717837874196903e+03
1.743653054627816573e+03
1.161138225432976014e+03
2.454217382339445521e+03
1.208286366401393934e+03
2.856836370083084603e+03
6.777619408888047019e+02
2.277360940239926549e+03
1.053034534341798462e+03
1.946525900001646733e+03
3.899741030133794197e+02
6.103977440451376424e+02
3.766113949065046654e+03
2.591872133137519995e+03
2.225608380397694418e+03
2.312679985941061659e+03
2.167905910734126792e+03
2.138398666857722674e+03
1.915495107355450955e+03
1.394914104814496341e+03
2.852010316228579995e+03
2.029411655684534708e+03
2.155962101278589216e+03
2.149385171494350743e+03
2.123832227526611405e+03
1.894831714414622411e+03
1.845748039005223973e+03
1.842634402528134615e+03
2.233233755739629487e+03
2.045544848093221162e+03
1.989173807281730205e+03
2.028648222979130423e+03
1.887775329908234880e+03
1.868201232908710381e+03
1.864629506228828632e+03
2.042408321504457945e+03
2.133250064763156843e+03
2.169310226548732771e+03
2.133885445738577801e+03
1.690720340036260950e+03
1.760123969993734590e+03
2.025018062259987801e+03
2.001294257194197144e+03
2.087208871193011873e+03
2.206523294076672300e+03
2.278486310085560490e+03
1.857214472815416684e+03
1.990615933629337405e+03
2.069325565475084204e+03
1.685575455390376874e+03
1.700290485510957296e+03
1.291255815192659611e+03
1.100089535326568921e+03
4.144215998010288786e+03
-1.848191408087574246e+02
3.159864342012765519e+02
1.598972170368005436e+03
2.658135366694492063e+02
7.442487295988448750e+02
2.442273889018681530e+03
1.700596856414295189e+03
1.801566828987904955e+03
8.641397254691979697e+02
2.370265565328191769e+03
2.910322185488847936e+03
1.908624938521444165e+03
2.131809485857311756e+03
1.390303884625006049e+03
1.764661911553776918e+03
1.733224042749484852e+03
2.099210566890882546e+03
1.546326192921382244e+03
1.894077119176912674e+03
2.072850897639696996e+03
1.533580668569065210e+03
2.086422213930980888e+03
1.943627351961650902e+03
1.927965780940507557e+03
2.095414786346103938e+03
1.841125719036531336e+03
2.253230774155865674e+03
2.114232264246945306e+03
1.639976411858437814e+03
1.587832132367942222e+03
1.649366168126841330e+03
2.248476258216767292e+03
2.532918708634500945e+03
2.174113964013079112e+03
1.601099549158745049e+03
1.182656278073284966e+03
2.175809697812675040e+03
1.728467144866523540e+03
2.106967012195012103e+03
1.686238724312462182e+03
3.103826211398981286e+03
1.935695109509008489e+03
2.306935134548251426e+03
1.796572475808874515e+03
1.998789924082142534e+03
2.390980356998574734e+03
1.633091688038298344e+03
1.500599025114972164e+03
1.678384246263036857e+03
1.633507523422136956e+03
1.879049172264571780e+03
2.305526819051717212e+03
2.380069027518806706e+03
2.104892747675295595e+03
1.556491996388077723e+03
1.599760799471971723e+03
2.020737953598988042e+03
2.317234079544792621e+03
2.324897881853576109e+03
2.035444163285859531e+03
1.348210304236281218e+03
1.384409237312139339e+03
1.839994161377665478e+03
3.100903049328982888e+03
2.357456938090986569e+03
1.913593103200375481e+03
3.594880059728064680e+03
2.883711433931023294e+02
3.232896563164177337e+02
2.913884540292289330e+03
5.794933917383461903e+02
2.868083805622534783e+03
1.151204644205436125e+03
1.888498318789814903e+03
3.014157622395606722e+03
6.236747076383338140e+01
3.714569030389277032e+03
4.978976369349283004e+02
2.324307785868667452e+03
2.307025278306802193e+03
9.574325966379237798e+02
3.648580931804848660e+03
5.382294587659494027e+02
3.976948602637329714e+03
1.236882437091270504e+03
1.911120369710983368e+03
2.085765245485774358e+03
1.844811700911729986e+03
1.789167045596011576e+03
2.032539936612454994e+03
2.094829076090927629e+03
2.388427660915602701e+03
1.914984899990379517e+03
1.978022776716236649e+03
2.024760152790597886e+03
2.211960441905981497e+03
1.902608880990937678e+03
1.877046356886025251e+03
1.865042470152690839e+03
2.072909718232607247e+03
2.298335165407792374e+03
2.178477794844268828e+03
2.188969165087781221e+03
2.057812632063652927e+03
1.615568508735549585e+03
1.613134663427975283e+03
2.352294014595571298e+03
1.983653400381366055e+03
2.318059328170048502e+03
1.099013356203173544e+03
1.252293990876290309e+03
2.505849875931771294e+03
1.874040468707045420e+03
2.348443030957858355e+03
2.020053144112965356e+03
1.551661365908037851e+03
2.222902907252359455e+03
1.652619036249454666e+03
1.835195213000958574e+03
1.857686889500171446e+03
3.395484567320665064e+03
2.469741878732109399e+03
1.183095434339068333e+03
