3.488057845206615184e+03
2.135657213134260928e+03
6.138655154396417402e+02
2.873670847127994875e+03
2.322154988458314165e+03
1.075811577305148376e+03
2.546291915114613403e+03
1.714669679002380008e+03
1.877850817837978184e+03
2.496423666662371488e+03
1.653210153720851622e+03
1.968345476916525740e+03
2.829823665386262746e+03
1.388177215714336853e+03
2.077033598184831590e+03
3.249518024849155609e+03
8.004762998905505356e+02
2.191702273530016100e+03
2.764543305871912708e+03
1.134076969834199417e+03
2.139996322777698879e+03
2.221196864079612169e+03
1.610987654085919985e+03
2.114435678044791075e+03
2.367622519007729352e+03
1.586227798311457036e+03
2.018744066137256368e+03
2.327999790824459524e+03
2.229827175165099561e+03
1.652783770091163433e+03
1.795217481139842903e+03
2.129986466449196087e+03
2.321619892629872993e+03
1.547126562324982615e+03
2.064005462682020152e+03
2.784957208722276391e+03
1.044372086221164409e+03
2.678542209825278405e+03
2.237854085024347114e+03
1.113784639241361901e+03
1.829419435529102884e+03
2.682594102025968823e+03
1.854242855778913054e+03
1.404943165106734341e+03
2.082898801170347724e+03
2.494156507466004769e+03
1.534336929433964997e+03
2.123101889080878209e+03
2.460815564820060445e+03
1.808837071122942916e+03
1.596454953267405017e+03
3.001984773539919843e+03
2.200082776822522192e+03
1.231128723739818270e+03
2.009548922308106739e+03
2.809587062230490574e+03
7.470174668726142500e+02
2.695300048349016379e+03
2.787496978618357389e+03
1.089575514242286090e+03
1.996973284190087270e+03
2.341742967978423167e+03
2.277076774188262789e+03
1.509000369907336335e+03
2.233182684832817813e+03
2.395407659418377989e+03
1.804715191871363459e+03
1.626059490598417142e+03
3.043689504522353218e+03
1.527923784376118419e+03
1.511783255789187933e+03
2.299731993101749140e+03
3.229163237627165017e+03
5.199214010835056570e+02
1.990221589761745236e+03
2.799531929865091115e+03
2.386849148728373621e+03
1.140144435029711985e+03
2.037211051282954259e+03
2.398455402890009282e+03
2.330048585379729957e+03
1.485717689025755590e+03
2.108247316929658155e+03
2.424353698793305739e+03
1.564488640471433200e+03
2.166947658031376250e+03
2.377967724456854739e+03
1.185099446561765035e+03
2.045725241557627669e+03
2.645523031404565700e+03
2.298834498378695116e+03
1.880515832320075333e+03
1.867160533602924033e+03
2.186842596090932602e+03
2.360125180015140359e+03
1.679887714783384126e+03
2.304509940994013050e+03
2.480577433425053187e+03
1.210291231337299450e+03
2.956401576769070743e+03
2.138788562222418932e+03
1.942732659084834950e+03
1.231090283994965830e+03
1.379619943905982836e+03
2.888458539245200882e+03
1.058902369202124191e+03
2.086717435597606254e+03
2.781884478747203048e+03
1.805770344225491954e+03
1.730960608989244975e+03
2.435542400497406561e+03
2.335710593024256468e+03
1.647111845383879427e+03
1.733971871981464119e+03
3.290132132668426948e+03
1.871039179062990343e+03
1.318875397745166765e+03
1.295258525495655476e+03
2.926023163082023075e+03
8.075458210709252853e+02
1.998017393249456745e+03
2.895341857027544393e+03
1.421449857027803773e+03
2.186938557599594333e+03
2.380817023575931216e+03
1.625493594351382626e+03
2.323587608504731179e+03
2.121750085457818841e+03
1.631144111192078299e+03
2.333723007812256583e+03
2.335803556353557724e+03
1.534688707215701697e+03
2.130574582325180472e+03
2.181307347378521627e+03
1.878605654047378493e+03
1.815688163247615421e+03
2.094820946880606698e+03
2.270313808664527642e+03
1.668360161321868873e+03
1.928065661952287655e+03
2.887419017890930263e+03
1.110206892443586639e+03
1.726371643705293991e+03
3.257557584050332025e+03
1.738689275280260517e+03
7.473431027196296554e+02
2.792532458937998399e+03
2.499243540584911443e+03
2.364282029747678735e+03
1.489095287903501230e+03
2.387725314074872585e+03
2.128056228003960769e+03
1.627164466805803386e+03
2.202070603795063107e+03
2.362221858222847459e+03
2.403049355976948391e+03
1.425460490967249143e+03
1.382215848857163564e+03
2.550610460681255518e+03
2.289432742620015688e+03
9.801303415698912431e+02
1.644324462202915129e+03
2.432777441839494713e+03
2.353488237068301714e+03
1.312436618002934210e+03
1.924993957636271261e+03
2.147309676906038476e+03
2.434371689174573476e+03
1.759535275614258580e+03
1.735322151105003513e+03
2.260369830360000378e+03
2.384326450008587017e+03
9.422633358279814502e+02
2.373395985218267015e+03
2.905939678482274303e+03
2.011915666912662800e+03
6.360356016408791220e+02
3.311725858723393230e+03
1.230693210564280889e+03
1.372337771413931705e+03
2.549630305906706781e+03
1.880365276973149776e+03
1.894002505474282316e+03
2.162893342403679071e+03
2.294319112092608066e+03
1.873496341530310019e+03
1.902148702040356284e+03
2.072438519242709845e+03
2.291391607786836175e+03
2.003256008878213379e+03
1.478721687698699952e+03
2.924306243168923629e+03
2.903565783615105374e+03
1.407328174747509138e+03
1.178602569718120549e+03
1.805444971376869034e+03
2.447924401495152324e+03
2.929964857882673186e+03
9.356015842445880253e+02
1.718748804044907956e+03
2.407485915835083688e+03
1.873412923206001778e+03
2.021830399527473674e+03
2.143832611968635774e+03
2.048540467530244314e+03
1.968756473214894413e+03
2.166026831286159450e+03
2.240103480654802752e+03
2.180136606790034421e+03
1.912547113896579503e+03
1.535838363539492775e+03
1.780845285847974310e+03
1.605758859955129765e+03
3.047100323481203759e+03
2.522369863994472780e+03
3.912354243187476186e+02
1.469885332746740687e+03
2.621072578367740334e+03
2.717775481123055670e+03
2.321694924044789332e+03
1.193925014179289519e+03
1.950051884527003494e+03
2.715024025812564560e+03
2.502734732561901637e+03
1.784811892007043298e+03
1.843276183892653307e+03
2.053298690004548462e+03
2.189053690762721544e+03
2.293012194667539916e+03
1.627531875449673635e+03
1.717936456697474796e+03
2.769819737001641442e+03
1.657484676762341905e+03
1.455874832078263807e+03
2.492045851436004341e+03
2.904372655146604757e+03
1.340645423613392495e+03
1.451121156140289941e+03
3.199851407075431780e+03
1.656293819671413303e+03
1.630433900556727849e+03
1.959855594121161857e+03
2.709106765687359257e+03
1.649744873035227329e+03
1.612883275280257976e+03
2.174316175290540741e+03
2.267007377760005966e+03
1.518264647387451305e+03
2.282842599207924650e+03
2.408226476445441676e+03
1.814835288253181943e+03
1.673176675649617664e+03
2.391469858275750084e+03
2.354803345837863162e+03
2.149007773773580539e+03
1.437061749054233360e+03
2.483291470693754945e+03
2.079366002428584125e+03
1.553235572348567530e+03
2.556532105259526361e+03
1.916636656692133101e+03
1.650249372562931285e+03
2.451198575193156103e+03
1.967334752830820435e+03
1.680762457039925266e+03
2.076153895968408506e+03
2.279816455998230140e+03
2.268203705084724788e+03
1.484354540150333833e+03
2.186886848111239942e+03
2.394081584334215677e+03
1.664526045444055171e+03
1.783299800204317989e+03
2.418132206614732695e+03
2.293459135805414917e+03
1.917462107648732172e+03
1.555701770258908482e+03
2.482470055621256506e+03
1.894454503960108468e+03
1.511102203825794277e+03
2.034913497316252460e+03
2.733942993698100054e+03
1.286393878270285541e+03
1.730357025730192618e+03
2.755810606983011894e+03
