1.656733925706783793e+03
2.512559363808465150e+03
1.633540430124315208e+03
1.999854419537559806e+03
2.593967490633035595e+03
1.353255216400050585e+03
2.598796596025953477e+03
1.379476617317229056e+03
1.832547751349927694e+03
2.673533878312940942e+03
1.057279843140844832e+03
3.029275101828447077e+03
1.083143338178633257e+03
2.578243157998547304e+03
1.441377073236235447e+03
2.184020864026737854e+03
2.050571563668144336e+03
1.674131484791137609e+03
2.412387610026976290e+03
1.622548600789583134e+03
2.613436427715813352e+03
1.573519766384699551e+03
2.284819726689930121e+03
1.757027188367696226e+03
1.945816182083315880e+03
2.188054065359810465e+03
1.671885278109340106e+03
2.638693129143926853e+03
1.469773588817947484e+03
2.581504708229335847e+03
1.652763568770179972e+03
2.042864869684117593e+03
2.347969690550948144e+03
1.488929672755704132e+03
2.692358623299418923e+03
1.549759913122288253e+03
2.161999437075155583e+03
2.175448233139733929e+03
1.521484804610643323e+03
2.519946018454622390e+03
1.531663710547566097e+03
2.398578607399130760e+03
1.807854531227302687e+03
1.829292256008599452e+03
2.306986899485425056e+03
1.642695719897968047e+03
2.305568058055275287e+03
1.777948193490399035e+03
2.020500136955856760e+03
2.328148322186509176e+03
1.777460487185275269e+03
2.647006148946600206e+03
1.625553546515106518e+03
2.125487229757426576e+03
2.142832747278621810e+03
1.491386303456551332e+03
2.692114269361441984e+03
1.273921039753992318e+03
2.448690275775267310e+03
1.513563459622101391e+03
2.063854767057057870e+03
2.269522846578150165e+03
1.616516548506807567e+03
2.624002812734357121e+03
1.557815399573728428e+03
2.050525182153998685e+03
2.291681012776987700e+03
1.552879254716859123e+03
2.336945640905189521e+03
1.979611506717740895e+03
1.727065258623367072e+03
2.574878917234476830e+03
1.897127459464566527e+03
1.522049386199812943e+03
2.526334335075549461e+03
1.628797568186660556e+03
1.644965293894429351e+03
2.268278178685356124e+03
1.768812161552660427e+03
1.803088606506182714e+03
2.403086072432331548e+03
1.692084902819850186e+03
2.194396951974454169e+03
2.279309427416143990e+03
1.827148622766142807e+03
2.350303311536374622e+03
2.363844980817891155e+03
1.437990122567598291e+03
2.669188363662744905e+03
2.056337691590729719e+03
1.605666244127700338e+03
2.890546764347981025e+03
1.589948549327443970e+03
2.017907908299111341e+03
2.859856640865652935e+03
1.143187416397874358e+03
2.259754623277452083e+03
2.469778799963140955e+03
1.194418956557643696e+03
2.023894810943553921e+03
2.150767952003142909e+03
1.520514416851021906e+03
2.314071645958462796e+03
1.700974478489649300e+03
1.821503426262965831e+03
2.415125500772018313e+03
1.693254947445320568e+03
2.245794319231215013e+03
2.124803746601273360e+03
1.645828730967561569e+03
2.617341186234020824e+03
1.817380732750854577e+03
1.676014743286953490e+03
2.895694447671223770e+03
1.339970372683226742e+03
2.085790871147040889e+03
2.768269137680623771e+03
1.136821771772824150e+03
2.225739493552593103e+03
1.937557330571553848e+03
1.557465859280572431e+03
2.469599604012590589e+03
2.285862778717497804e+03
1.845967838887130938e+03
1.666977858795229395e+03
1.605390441530025555e+03
2.049508755007396758e+03
1.944802916518875008e+03
1.686684996878333322e+03
2.476108202619675922e+03
1.787894484159920239e+03
2.299192365531601808e+03
2.312560990689538812e+03
1.570052011285845310e+03
3.053919981208078752e+03
1.630002939332370943e+03
1.996145932757705395e+03
3.002093538171829550e+03
9.371472445017246855e+02
2.364897226609003155e+03
2.406193418071527049e+03
1.164972047758487179e+03
2.607245270280457135e+03
1.465166370931972324e+03
2.132017154538062186e+03
2.128242944107813400e+03
1.660008621597705996e+03
2.362331716041974687e+03
1.744925458585540355e+03
1.950609419385494675e+03
2.340043011319714424e+03
1.624115191649805411e+03
2.414162656872651041e+03
1.817536290561021133e+03
1.773318206649277727e+03
2.928487998924467774e+03
1.244156975132367506e+03
2.206521918717021890e+03
2.118977928368727135e+03
1.328517399577285232e+03
3.084651417439748002e+03
1.641120842367144178e+03
1.532851344718523023e+03
2.518603691019459802e+03
1.224872235722783898e+03
2.159765578359619212e+03
1.942136233277818292e+03
1.740327320365979631e+03
2.451176213782765899e+03
1.699593893346241657e+03
2.194854555364367570e+03
2.330364907825335195e+03
1.706672538825651827e+03
2.375692267280225224e+03
1.988369705713093708e+03
1.715583650970172584e+03
2.395514686085103222e+03
1.638994751051112871e+03
1.748600120484875106e+03
2.462820390737356320e+03
1.663863157172764431e+03
2.178520691432596777e+03
2.140983561429260590e+03
1.674535319572331900e+03
2.563960203238857957e+03
1.901433455155420461e+03
1.539366811368724257e+03
2.680244159536146526e+03
1.510732860914397634e+03
2.061447732541028472e+03
2.556438754730997061e+03
1.354876482177603521e+03
2.531941873977756586e+03
1.870827974277310659e+03
1.662534783293182727e+03
2.794460350351168017e+03
1.338526005660610053e+03
2.242940552580751500e+03
2.240903321438527655e+03
1.395684718527525547e+03
2.782424838895620269e+03
1.489197755427243237e+03
1.999531710159463046e+03
2.327498289656946326e+03
1.438215721342984807e+03
2.539054506134588337e+03
1.575039053873518014e+03
1.914469265607002171e+03
2.323851160039417664e+03
1.623476367409822842e+03
2.282302986745168710e+03
1.911717971698647716e+03
1.878915382870386566e+03
2.552236017493959480e+03
1.559197606706639363e+03
2.259768863489809064e+03
2.152131084010558425e+03
1.564823461315399527e+03
2.420168363548137222e+03
1.673310980815646190e+03
1.621165358828452554e+03
2.369793254563850951e+03
1.713308653947326320e+03
1.942275471770416743e+03
2.438507744378184725e+03
1.813350414648275319e+03
2.348812636509678214e+03
1.678897153349473911e+03
2.074351506892596717e+03
2.286005818529915814e+03
1.748885035351031092e+03
2.263813158440613734e+03
2.254225329741264886e+03
1.516719938563961932e+03
2.120036981078551435e+03
2.111035090350177143e+03
1.566565743227386747e+03
2.308240177526897241e+03
2.117841163276756106e+03
1.826106692918643375e+03
2.746364679112179601e+03
1.548332886663823729e+03
2.595325427272235629e+03
2.345938647485373622e+03
9.353310500385391606e+02
2.314717230547844338e+03
1.857330214075630010e+03
1.753733959105802796e+03
2.607471895492360090e+03
1.365918879378352585e+03
2.353632824216258996e+03
2.117879323763585944e+03
1.564878799534900963e+03
2.597704538242587205e+03
1.733551481796716416e+03
1.310742090029564224e+03
2.154274062374513051e+03
1.879891009400796520e+03
1.965417109876484801e+03
2.401116487028027223e+03
1.622917133303245009e+03
2.478644506656013618e+03
2.194087462946714368e+03
1.943687296306858570e+03
2.801904641754647400e+03
1.477426847217256181e+03
2.524455182419324956e+03
2.521018141680111057e+03
1.058823485849029112e+03
2.045100006299983988e+03
2.131656291252146730e+03
1.363272363997129560e+03
2.540546569476005516e+03
1.590322533491814056e+03
1.572564505840216725e+03
2.853922109518562593e+03
1.349843771896649741e+03
2.445269255144618000e+03
2.163590493135550332e+03
1.235680646375470133e+03
3.035265888946403265e+03
1.562066295206221412e+03
1.740152098837621907e+03
2.533419328718129691e+03
