2.278887238755902217e+03
2.557936778750221947e+03
2.861739710747279332e+03
2.038738457485323806e+03
8.563923826032028046e+02
1.470098841151855822e+03
2.623501507996563760e+03
2.799684960221296024e+03
1.788941737146769583e+03
1.718873264019255657e+03
2.012302539454060707e+03
2.036175718362349471e+03
2.096803202339227028e+03
1.860229286324167333e+03
2.176891413652491337e+03
2.556907869734973701e+03
1.127808900743541017e+03
9.866128344821410110e+02
2.224018436372873111e+03
2.703119857395566669e+03
2.805049090698058080e+03
1.369099218519737633e+03
7.321659120287549740e+02
1.641182591029268906e+03
2.588378088216361903e+03
2.527308396697090757e+03
1.902464857612845663e+03
1.256173129859792198e+03
1.794902064898667504e+03
2.467209682212727785e+03
2.525406541835433018e+03
2.260613178168930517e+03
1.405822466513735662e+03
1.864177517780576181e+03
2.682012683448626831e+03
3.004234542876405158e+03
2.371857281893607706e+03
9.145399001077225876e+02
1.353897056513929783e+03
2.434006391799274752e+03
2.608198009428389923e+03
2.290614655039446916e+03
8.505066913525264454e+02
1.166309206767436308e+03
2.590271200557718657e+03
3.044100945809734640e+03
2.382971949368964943e+03
1.111665278959199895e+03
1.260551075098818956e+03
2.394179736747601964e+03
2.765377201747167874e+03
2.459956640432600580e+03
1.740975719142309799e+03
1.176246985074231816e+03
1.724735825682034147e+03
2.623173817926328866e+03
2.598847541192384597e+03
1.919007176114974527e+03
1.043271250871453049e+03
1.406178173090431756e+03
2.412977846928263261e+03
2.688695418153949959e+03
2.015684076639911154e+03
1.523898726350990273e+03
1.301878037001650227e+03
2.248580817571297757e+03
3.182118916794386678e+03
2.754707663969117675e+03
1.930665980711036127e+03
1.212835350924848626e+03
1.727159019895277424e+03
2.797971018213867865e+03
2.984053041151386878e+03
1.741980366828356864e+03
1.706487277722350200e+03
1.649941433764029171e+03
1.889519794491786570e+03
2.185898105203579235e+03
2.408842869280190826e+03
2.054117425390779772e+03
1.975998603953955126e+03
2.086353347017214219e+03
1.582660811969414908e+03
1.113411917776102655e+03
1.413252693847379305e+03
2.720729855269521977e+03
2.988395305282804202e+03
2.509022904245016434e+03
1.665576825026293818e+03
1.011980058802588587e+03
1.853577296701743080e+03
3.024021884911115649e+03
2.965319552107875097e+03
2.082550319351313647e+03
1.047912419783482164e+03
1.555591626925280480e+03
2.553235072330583080e+03
2.783086613741249948e+03
2.067637470105619286e+03
1.608281727051824419e+03
1.361160364485505170e+03
3.879512483151248944e+03
2.080639186417673500e+03
1.015574788091271216e+03
7.930740138123329643e+02
1.460398125453227749e+03
1.935128856914072912e+03
1.866164944447287780e+03
1.750788723955569139e+03
1.863829062363294270e+03
1.944856672750368489e+03
2.548162499936084714e+03
2.398943237067817336e+03
1.697767679958047438e+03
1.747274292451741303e+03
2.553486322228694462e+03
2.523467404399838415e+03
2.179331348589427762e+03
1.556313532407737284e+03
1.720963621950195375e+02
2.319359964266022871e+03
2.255376584043597632e+03
2.200649429788305497e+03
2.750262009399632916e+03
2.839865698100423742e+03
1.643152660478748885e+03
1.894891540144097689e+03
2.048735119864877561e+03
2.340646524290401885e+03
2.309625038794546072e+03
1.756715171220693719e+03
2.394118989723220693e+03
2.054463478415058034e+03
1.614071309513058850e+03
2.030293921495627046e+03
2.028083666971069761e+03
2.312650605023874505e+03
2.226080218243529998e+03
9.607043506972315754e+02
1.209466067751902074e+03
2.317517872009399525e+03
2.562611626351465475e+03
2.245833298899653528e+03
1.382599238418102232e+03
1.712090979425025580e+03
2.268380154267942544e+03
2.705686071952556176e+03
2.504665509937419301e+03
1.794147022438304930e+03
1.307047143552581929e+03
1.306810911937446917e+03
2.173577639410322718e+03
2.840067060021926864e+03
2.397635336993359488e+03
1.832460305741863522e+03
1.607091930404845016e+03
1.854366895027850433e+03
2.412155605543642196e+03
2.630584093099552774e+03
1.916627069246307656e+03
1.899662267977185820e+03
2.396181972803883582e+03
1.810092807376999872e+03
1.595512656078431974e+03
2.091368257075629117e+03
2.084506006601067838e+03
1.840318291005105493e+03
1.816114926053526688e+03
1.273983640015507035e+03
1.491408553318670783e+03
2.101629549877953195e+03
3.530695849592128525e+03
2.896525446802320857e+03
1.965273562429956883e+03
1.517498873484633577e+03
1.446650420932531460e+03
1.752209498098191489e+03
1.934276790165925604e+03
1.889440593369669159e+03
1.911250458809796100e+03
2.097595849178253047e+03
2.771498962657273751e+03
2.223862368431158302e+03
2.134893159317772188e+03
1.974590387207405911e+03
2.111319618392997199e+03
2.313174925958489439e+03
2.006609480540192408e+03
2.087876181105873002e+03
1.458042118060349139e+03
1.462963416527488107e+03
2.531822948055299094e+03
2.486821741393985576e+03
1.675729305760533180e+03
1.330378341047707636e+03
1.776741051888880520e+03
2.420833681752616485e+03
3.024200371258439191e+03
2.165333702546237419e+03
1.809914189183331928e+03
1.810464317704490895e+03
1.790353874295376954e+03
2.239054495532120200e+03
1.821899642406879821e+03
2.226621706585785432e+03
1.949444254228411182e+03
1.727527875916520088e+03
2.350959490734795509e+03
2.629659428260374170e+03
2.074436530138654689e+03
1.649353012722626545e+03
8.368934109249433959e+02
1.464753635042688074e+03
2.806661896332328979e+03
2.903299512341528953e+03
2.255706796499493976e+03
1.287639585359507237e+03
1.226947499040538560e+03
2.105647673161571220e+03
3.129826462164423447e+03
2.598847588801012535e+03
1.730164178030635640e+03
1.135600750570051332e+03
1.926118072890076064e+03
2.853337373322488475e+03
2.369563326673157462e+03
1.808810485168624609e+03
3.558842468165594255e+03
2.704656381142223381e+03
2.720455018106608804e+03
2.137519354414293048e+03
-1.295400391620170808e+02
1.318846767470573013e+03
7.213186980859255755e+02
2.813612481877958544e+03
1.972829835463532390e+03
2.629558580489820542e+03
2.388119325415079857e+03
1.499030488933771494e+03
3.025462621543258592e+03
2.558448552464450131e+03
1.773983451593001519e+03
2.118268248902365940e+03
1.662669022865294664e+03
1.088931980623403661e+03
2.429763117421990046e+03
2.668403995419480907e+03
2.051213156372341018e+03
1.894920157014467350e+03
2.203752890625408327e+03
2.173141765100375324e+03
2.233915077873951759e+03
2.017195608486110586e+03
1.741664353698196464e+03
1.787971609216834395e+03
2.090337421804865244e+03
2.639398924100533350e+03
2.497431808488653587e+03
1.854762824253536337e+03
1.401373727485576410e+03
1.212077020451594080e+03
2.439533176642101353e+03
2.968855826282880116e+03
2.665951069436730450e+03
1.976395859088263705e+03
7.730076738683839039e+02
1.410173802246778905e+03
2.344824305645539425e+03
2.323993345766626589e+03
2.193306920578943846e+03
1.772681790222045493e+03
1.533238419610287792e+03
2.094666574032003155e+03
2.501860883334703885e+03
2.536939394736250961e+03
2.310182053392806665e+03
1.268366854782401333e+03
1.464798487660428009e+03
2.364959267933677893e+03
2.827047165192152079e+03
2.676419023952572388e+03
1.933425667595177856e+03
6.634915902012356810e+02
1.297643163798916248e+03
2.864824903738057401e+03
