1.543343715111278016e+03
2.668410069389344244e+03
1.862687420473621614e+03
1.903578942704417386e+03
2.127954791966104040e+03
1.637929501255225659e+03
2.274114731230171856e+03
2.471314445927246197e+03
1.732038263213028358e+03
1.613917783058449004e+03
2.654734724751745944e+03
2.015719642432383580e+03
2.010384408872150289e+03
2.161387826083394884e+03
1.687253833069976508e+03
2.281814796947534887e+03
2.399268033420651591e+03
1.622688171492803349e+03
1.822809909689483447e+03
2.274654534144754962e+03
1.960975258533982696e+03
2.210358712012715841e+03
1.997685940516225173e+03
1.476294654878050096e+03
2.545422811459414788e+03
2.395172110493255332e+03
1.692023595153730867e+03
1.661574031005912730e+03
2.578997554985554871e+03
1.962024906011679150e+03
1.993209219300017821e+03
1.993483945032985275e+03
1.835038745388639654e+03
2.134009175630168102e+03
2.475390662625228288e+03
1.270176711882019163e+03
2.151592812526035232e+03
2.603087073730974680e+03
1.745802160015711024e+03
1.981467449500559724e+03
1.869061278805866777e+03
2.034186709913749382e+03
2.209599812238483992e+03
2.238145929417056777e+03
1.171546935994290607e+03
2.462828144547771899e+03
2.670199536481767154e+03
1.679135199266211657e+03
1.833849278022237286e+03
2.164066973163973216e+03
2.230475596400875929e+03
1.800968090797124887e+03
2.460245988605901857e+03
1.373223974356453709e+03
2.281864876804721007e+03
2.737937823416034917e+03
1.634711796835117411e+03
1.882555019250120722e+03
2.126214167484163227e+03
2.330106102760709746e+03
1.806520843217238962e+03
1.927016485076487925e+03
2.128008430511619736e+03
1.943797001518449179e+03
2.466265118494061880e+03
1.331892371053396346e+03
2.059837386500515095e+03
2.594269959119393661e+03
2.183510826917696704e+03
1.126723835486319558e+03
2.532117619768809618e+03
2.510134198238558838e+03
1.551974912330353163e+03
1.582448307240594204e+03
2.442211096485228154e+03
1.933307450758333971e+03
1.987833716525592990e+03
1.856588360529754027e+03
2.195322050390606819e+03
2.213506040961308827e+03
2.518453691658910429e+03
1.327294145106135375e+03
1.843890167054755238e+03
2.853304330583909177e+03
1.831743052583862891e+03
1.518088081680353071e+03
2.213145297594071508e+03
2.523551371068683238e+03
1.705229194593513284e+03
2.181896877893015699e+03
1.844104538374807589e+03
2.164501210104723214e+03
2.194674854303453230e+03
2.330585582575831268e+03
1.119919350187391274e+03
2.497451266440712971e+03
2.625859234448904317e+03
1.295925049676073968e+03
-1.179367999320920433e+02
3.007280722565832093e+03
3.648015082591678038e+03
2.656588055868717220e+03
2.683841287460723834e+03
2.417086289119072717e+03
3.254578874630885366e+03
2.918328611248029574e+03
2.564052041669252958e+03
2.171406395357702877e+03
2.766838783706776667e+03
1.834618396254197705e+03
1.933117312710897295e+03
3.098688185023774622e+03
1.846866669864027244e+03
1.871713824302600415e+03
2.091200674985267142e+03
1.922579956578413203e+03
1.970950713004811632e+03
2.131354801756624511e+03
3.619214051644142728e+03
8.426945600840430188e+02
9.712801922725074633e+01
1.296254656013306430e+03
9.752496582450278311e+02
1.677101150900687117e+03
2.337704965890232415e+03
1.761155300449353263e+03
1.759943461849828509e+03
1.695391095979640113e+03
2.203442125793081686e+03
1.905802039560837784e+03
1.751861025117515055e+03
1.888989111338937619e+03
1.789762377970352873e+03
2.078831665712669746e+03
2.592220341140831806e+03
1.626606192142448435e+03
1.480596817029724889e+03
2.705333260237925970e+03
2.050952335897796729e+03
2.018096944293437673e+03
2.326930099573919961e+03
1.529375069098257200e+03
2.426593355750467708e+03
2.645360374539438453e+03
1.396784529115169335e+03
1.802205938051434714e+03
2.840274348170349185e+03
1.446759292751791463e+03
1.778008991960286494e+03
2.208495027199441211e+03
1.998568341151054938e+03
1.761476098657365128e+03
2.485591934054864851e+03
1.356665130775496436e+03
2.025852828080738846e+03
2.500807991572016817e+03
2.291375293977650472e+03
1.074803159659489211e+03
2.438006248273461097e+03
2.676757318902261886e+03
1.636818210900047234e+03
1.284458702260038081e+03
2.755362366670869051e+03
2.138942501376581731e+03
1.672141941853686603e+03
1.863311100982965854e+03
2.310921621471923117e+03
1.999879984300173646e+03
2.350134805279203192e+03
1.575857959511662557e+03
2.022696555899698296e+03
2.540046761486880314e+03
2.337353965753435205e+03
1.059682875205362734e+03
2.650656256194755315e+03
2.748174135745619878e+03
1.575031083316485365e+03
1.708048001644578335e+03
2.346719544038804997e+03
2.092169606030814521e+03
1.650557182349364666e+03
1.966299170755459045e+03
2.078407951182582110e+03
1.979888008260064908e+03
2.300162968022219957e+03
1.776252719008655504e+03
1.676250856401041347e+03
2.529137247110490989e+03
2.081420252638019065e+03
1.247551791749054473e+03
2.562919129279065601e+03
2.452644978156850812e+03
1.642179243638167691e+03
1.754722680344978016e+03
2.396308418697359684e+03
2.026824829201991861e+03
2.317777922233562549e+03
1.656735686252665801e+03
1.845721071865368685e+03
2.626160421195533218e+03
2.090788963244563092e+03
1.323954776154992260e+03
2.528631338332346786e+03
2.297676066522924430e+03
1.556127158765580589e+03
1.798038229578587334e+03
2.292114185106967852e+03
1.801540950377580202e+03
2.180723516571919390e+03
1.862285567630760852e+03
1.498281342605325790e+03
2.638855789603558605e+03
2.405109136102708362e+03
1.662904347747072734e+03
1.875579424289792541e+03
2.419383419809085353e+03
1.949244060519162758e+03
2.161197932953256441e+03
2.187437351114722333e+03
1.375733587497780263e+03
2.366396757518747563e+03
2.616741777627435113e+03
1.733980079189582057e+03
7.717744788931058793e+02
1.799486218130083728e+02
4.188598716760337993e+03
3.810369234113078164e+03
3.055115505936762020e+03
3.368115838723398610e+03
2.180662717124770552e+03
3.045226275472864927e+03
2.535033181617461651e+03
1.744909161143425536e+03
2.541111750382827722e+03
2.323202122482806317e+03
1.946759592668860023e+03
2.144660561572964980e+03
2.158437223075683960e+03
1.908638246131490178e+03
2.147653677756836260e+03
2.065426705849762129e+03
1.812740663540931564e+03
2.607622867445958491e+03
2.102737612140621422e+03
4.233872320136319104e+03
4.447595556865639423e+02
3.250389010651055628e+02
2.653768682196609348e+02
1.347126055155148379e+03
8.420983650872634598e+02
1.797946260544705865e+03
2.198299071827139414e+03
2.098978784074193754e+03
5.393863447561440125e+02
2.259295177069843703e+03
2.674130201731473790e+03
1.621193174710344465e+03
1.307554099734443753e+03
2.381274192915639105e+03
2.436504497870074374e+03
1.702029817615376487e+03
2.006300623195380695e+03
1.583689388513455924e+03
2.445898303731264605e+03
2.558435477967616407e+03
1.566562413382487648e+03
1.531051952772422510e+03
3.018293479775631113e+03
1.865951376252446380e+03
1.557130709330033142e+03
2.139727849284403419e+03
2.286698438564236767e+03
2.034931861461751623e+03
2.464230515252333134e+03
9.259187390975395147e+02
2.409042374545364055e+03
2.693442605121016186e+03
1.616924655812561241e+03
2.246348933486064652e+03
1.376744332632716578e+03
2.155594252881711782e+03
2.757731917944302950e+03
1.790564097355722424e+03
1.593788068467261610e+03
