1.694080158850604903e+03
1.513521323951343220e+03
2.076763900197290241e+03
1.910503328801685029e+03
1.674569583641029794e+03
1.904192903609591212e+03
2.224812600985782410e+03
2.076422843819629634e+03
1.951753952463735459e+03
2.251882613305802806e+03
2.519992384509224394e+03
2.438018936365207992e+03
2.299606221406436816e+03
1.976528773325277371e+03
2.119291127198076992e+03
2.514630610379374048e+03
2.139876888385645543e+03
1.575129761053041420e+03
2.035124726471968188e+03
1.830765315312948360e+03
1.721008801148916518e+03
2.269662774418839035e+03
2.622129134296156735e+03
1.772012615802779465e+03
1.405692258072208460e+03
2.208508792219750831e+03
2.508562608244080366e+03
2.092299602770710408e+03
2.012119092355179191e+03
1.900686102381782348e+03
1.728071130799512503e+03
2.038047136712792053e+03
2.614973887082289821e+03
2.357157559876861342e+03
1.823883067900050946e+03
1.954056739691014400e+03
1.875526704548989073e+03
1.738527256801074827e+03
2.262385718718918270e+03
2.410351406150931325e+03
2.007353809389467415e+03
1.989415664028112587e+03
1.857795733417074871e+03
1.791378913251422546e+03
1.952714738372446163e+03
2.465820670685214736e+03
2.478004586571185428e+03
2.024028064105753856e+03
2.211706747508796070e+03
1.892890276731644008e+03
1.651954015984054195e+03
1.995595167438457565e+03
2.177893242701151848e+03
2.223421927300849347e+03
2.251794813624395374e+03
2.165711688202145069e+03
1.671553884547112830e+03
1.731673541053501140e+03
2.268467156115937541e+03
2.338350310399564478e+03
2.206330133227891110e+03
2.195695333609153295e+03
2.180673790866788295e+03
1.772870630908577141e+03
1.605391644368261268e+03
2.029483060212779264e+03
2.064481040634138935e+03
2.039562059868829238e+03
2.370111328439109457e+03
2.388577041158074280e+03
1.843295208888717752e+03
1.717888754605247414e+03
1.981011401851728579e+03
2.052571123656681721e+03
2.228735376079240268e+03
2.533971875729671865e+03
1.968453664822709243e+03
1.517008371127293231e+03
1.865615399467323641e+03
2.221746946479375310e+03
2.367685186970089035e+03
2.286568684418571138e+03
2.270671082763797131e+03
1.745367942412688308e+03
1.623694432353550610e+03
2.094483588139188214e+03
2.355460491609827841e+03
2.155163016356239041e+03
2.078804400257733050e+03
1.786865828007614937e+03
1.636071796430139557e+03
2.196444686668008671e+03
2.546195259286022974e+03
2.102947800596347861e+03
1.640606126604992596e+03
1.918425143403972015e+03
2.029206551489633739e+03
2.001043090842230640e+03
3.561072798611546659e+03
-7.386881343150801627e+01
2.762163215397321892e+03
2.517968707685220579e+03
2.127214393341580944e+03
1.050205551317330446e+03
3.510587326058796407e+03
1.778454197324372899e+03
1.851404550034077374e+03
2.004278084023609154e+03
2.045001339111606740e+03
1.994905318484751660e+03
2.180141563835138641e+03
2.221272084159768838e+03
1.921226214288077472e+03
2.081872857876380749e+03
1.970799845311180434e+03
1.922982868374014515e+03
2.350044874574119149e+03
2.318789301148839968e+03
1.512352765591298748e+03
2.729479763154153716e+03
1.774689661395574376e+03
1.740346855420432348e+03
1.927562994077170742e+03
2.176413669455883337e+03
2.229204984002358287e+03
2.127981312930147851e+03
2.149352230181788400e+03
2.202059071594929719e+03
1.946774778800166132e+03
2.398079932999280572e+03
2.282798948999463846e+03
2.034824437927072040e+03
2.153728310762193814e+03
2.533352849155616241e+03
2.325745152824403249e+03
2.049002921019448877e+03
2.485448159582481367e+03
2.462703248511263155e+03
2.376770968645596895e+03
2.154938323179000236e+03
2.602503355782795097e+03
2.447145287611667300e+03
2.135361137728291396e+03
2.340023886190598205e+03
2.376589231828711945e+03
2.125235154651723860e+03
1.942945145229280342e+03
2.272176500671877875e+03
1.959210530630658468e+03
1.659353841381587927e+03
2.100263833825671554e+03
1.776033347570458091e+03
1.593615157784817939e+03
1.983599926952690794e+03
2.015914590772792280e+03
1.719571955482041403e+03
2.162881622172467814e+03
2.265981810968754871e+03
1.948629458545477291e+03
2.189703260230949127e+03
2.269731234990415942e+03
2.109851123727816685e+03
2.028253048621095104e+03
2.398949328122917905e+03
2.255541594769983021e+03
1.937483866321137839e+03
2.117871662304410620e+03
2.353673278265543559e+03
2.165582999092197042e+03
2.031582230040480908e+03
2.402862880275026782e+03
2.428281763563029017e+03
2.108020548656842493e+03
2.369911653545193531e+03
2.443216811813656477e+03
2.154060192121370619e+03
2.151509620314945096e+03
2.447557275623102214e+03
2.292063996166179095e+03
1.995334490974402570e+03
2.393511167852479502e+03
2.438111328036872237e+03
1.861691462129075035e+03
2.037745280569152555e+03
2.268646494319252724e+03
2.031544289788428159e+03
1.592289384675398651e+03
1.959349936915879425e+03
1.644367023415006315e+03
1.608006958288914575e+03
2.086742006581992882e+03
1.900124232330051882e+03
1.887892300112249586e+03
2.321536922417194091e+03
2.475875407814425671e+03
2.223803767583603985e+03
2.323839643022698056e+03
2.272912396462560537e+03
1.625260678697372441e+03
1.711192093929090788e+03
2.025498053072223456e+03
1.859690504739139215e+03
2.146942417415537420e+03
2.682381000286899962e+03
2.361199205072906807e+03
2.234925802028430553e+03
2.456789230355805103e+03
2.226106741439708458e+03
1.619733905894907366e+03
1.698685381790300653e+03
1.998099803545292389e+03
1.879509547357942438e+03
1.870076894171466620e+03
2.187879537320117834e+03
2.268698837532943799e+03
2.233872711283681838e+03
2.001027409483435349e+03
2.440891734085147618e+03
2.462036279204734910e+03
1.901409599003894755e+03
2.306302527796217873e+03
2.509252403235509519e+03
2.134280655641520298e+03
1.988564563731267299e+03
1.028740082208315016e+03
1.005306301313516428e+03
1.706519060662383708e+03
9.763487657304092409e+02
3.282731987079922874e+03
1.801347576246175549e+03
2.201256716509393755e+03
2.270416776182978538e+03
2.381794377009230175e+03
2.124581750226808254e+03
1.650476776730188476e+03
2.057824449948926940e+03
1.975123255973646792e+03
2.285753283966480467e+03
2.261934906283811415e+03
1.806713607691075822e+03
1.813439107694688118e+03
2.096512773406480392e+03
2.450878413118374738e+03
2.280873364099798437e+03
1.653931106346877186e+03
2.706193379702827315e+03
1.408787734382402959e+03
2.136281055412061505e+03
2.391547623590920921e+03
1.755946338572545756e+03
1.725363834819918793e+03
2.036229911120191900e+03
2.234390214963921608e+03
2.043481883829986600e+03
1.960584510745662101e+03
1.819976501164202773e+03
1.936449324217142930e+03
2.400806255009156757e+03
2.318451129169864998e+03
1.775806950415665142e+03
1.840683954747725920e+03
2.002937702842699537e+03
2.262431169941496137e+03
2.215458647594077320e+03
2.251257331964064633e+03
1.879260750414239283e+03
1.659900323580770191e+03
2.067282194407503084e+03
2.223759266055912121e+03
2.229694124367554650e+03
2.188849592798803769e+03
2.219291926128002615e+03
1.863080734308479805e+03
1.627985959325156045e+03
2.049762844537666297e+03
2.332012832414028708e+03
2.258527861159276654e+03
1.735226910500396116e+03
1.887036436617115669e+03
1.955855856814437402e+03
1.897212139767157623e+03
1.905372654395089512e+03
2.239718760097241102e+03
2.221150597391968404e+03
