1.825307232797315692e+03
1.757680762447042298e+03
1.933282088732275497e+03
2.289901030513391106e+03
2.280667986355109861e+03
1.828909989157810514e+03
1.722000177349605110e+03
2.042760929873343912e+03
2.621675256937389804e+03
2.384854815531547501e+03
1.646298906119878438e+03
1.358436010418314709e+03
2.176486528940849894e+03
2.522268709394085818e+03
2.148972890766267483e+03
1.845407432550794965e+03
1.557532157395604827e+03
1.689712585751521146e+03
1.989030394798987345e+03
2.632035270654962005e+03
2.275050479564045872e+03
1.480102631497659786e+03
1.315967229679605452e+03
1.835353231469572620e+03
2.152177220593034690e+03
2.445675813801754884e+03
2.318400268685356878e+03
1.742264972690241166e+03
1.337991042849534779e+03
1.642982178063100037e+03
2.302972648521149949e+03
2.514126501396438925e+03
2.024459608987709544e+03
1.651972553097209584e+03
1.448660833130747278e+03
1.963845940240731579e+03
2.098244768268473308e+03
2.487643524693489326e+03
2.366731925124815916e+03
1.778064348395942034e+03
1.405066877061925879e+03
1.649489615677215852e+03
1.938178356255190693e+03
2.036944707760444771e+03
2.257775282274076289e+03
2.305140207785076655e+03
1.973916734423221214e+03
1.682057162016811162e+03
1.639368814900811458e+03
2.079469409885096866e+03
2.066730436999967424e+03
2.424424307767766550e+03
2.160076207367046209e+03
1.993637759759340270e+03
1.640935329471430350e+03
9.034436649411842382e+02
2.340442985903648150e+03
1.955987596992749786e+03
2.095584240674423199e+03
1.960409401600671117e+03
2.095118381656299789e+03
2.257148121905036987e+03
2.257652126227178996e+03
1.983545007708886487e+03
1.867078893343375739e+03
1.718327518628457028e+03
1.759135449082163859e+03
1.728796038948345995e+03
1.668353154597531329e+03
1.961475097862238727e+03
2.224541100098253537e+03
2.449363445380653047e+03
2.188269328649364979e+03
2.031749033395883089e+03
1.332354240213681805e+03
1.668042715894194544e+03
2.322394509406208272e+03
2.571177097972439242e+03
2.070253813019069185e+03
1.704549715192629492e+03
1.616531674501941552e+03
1.941511587952570380e+03
1.955360137198589882e+03
2.340728278182172289e+03
2.353801524042333313e+03
2.115413063720215632e+03
1.637074888899730240e+03
1.582171949621411841e+03
1.654238140536736182e+03
1.846904979715963691e+03
2.009369862993195056e+03
2.265938650890259396e+03
2.257241617282789321e+03
1.837837056550408079e+03
1.595565057517304922e+03
1.809130971466914616e+03
2.024326400587058060e+03
1.658804797177382170e+03
2.522963576411690156e+03
2.458163682626191530e+03
2.038025774021743018e+03
2.599723319023355089e+03
1.149999275417626677e+03
8.712226855634505682e+02
2.303524996258542160e+03
1.916344431713336007e+03
2.458766565127752528e+03
2.157131670768786080e+03
1.570155836681935853e+03
2.087120190711948453e+03
1.652041768443707042e+03
2.128406729117688883e+03
2.124759976697231195e+03
1.922841929929251137e+03
2.179366167206750561e+03
1.881456285021672102e+03
2.322171200197607504e+03
1.391882128516424700e+03
2.334884726621534810e+03
1.801559636064921733e+03
1.112302770810994843e+03
2.198961263938840148e+03
1.693890683320419839e+03
2.541132375348736787e+03
1.783431489593109063e+03
2.125656907280339965e+03
1.922464634213861927e+03
1.637593378729499818e+03
2.196408461180330960e+03
1.556772302527293505e+03
2.452681475400381714e+03
2.045649798348926652e+03
1.830290232107461634e+03
2.071395182293080325e+03
2.095191630215935220e+03
2.136439000621739979e+03
2.179149774967086159e+03
2.356105931244967906e+03
2.171163686211148161e+03
1.841798167620043841e+03
1.611159515135532729e+03
1.681116962945011892e+03
2.045050068770427970e+03
1.962830841750447917e+03
2.376666311610041248e+03
2.098780204435244741e+03
1.915094432958502921e+03
1.514297014997207270e+03
1.554875297606091408e+03
1.954217301135767684e+03
2.241680410886612208e+03
1.948732030719012528e+03
2.079217352422248041e+03
1.607555856938458192e+03
1.689299224913975195e+03
1.626916780392531109e+03
2.254315779341403413e+03
2.423019684618895553e+03
1.955029459405804118e+03
1.522537339271798828e+03
1.823318015670073692e+03
2.222689594475553349e+03
2.659292075619134721e+03
2.437835562669559749e+03
1.505603093662286255e+03
1.842681452602442278e+03
1.501701253256551126e+03
1.692479805686633199e+03
2.201826774150543770e+03
2.230164189151525989e+03
2.173203242978696835e+03
1.814113445705635286e+03
1.567488722049601165e+03
1.653114410892875412e+03
2.252617926673448892e+03
2.391265267691433564e+03
2.101724361370318093e+03
1.589660934863167540e+03
1.526226805207916186e+03
1.865144067635120109e+03
2.176266609179379884e+03
2.379557789621704615e+03
2.035004695243079141e+03
1.857803393433293650e+03
1.854718233936989691e+03
1.644095452226760699e+03
1.325992932234226828e+03
1.439801569431826010e+03
1.717393058072043914e+03
2.206067898834661264e+03
2.311413646881526802e+03
2.490862146353009393e+03
2.058993232107235599e+03
1.820335004452481144e+03
1.689202652280179336e+03
1.715142734481014941e+03
1.635032177666848384e+03
1.959310773239182026e+03
2.288251384317375596e+03
2.461680074607241295e+03
1.953066082239926573e+03
1.719101037595756907e+03
1.730800418210718590e+03
2.164953813970228566e+03
2.158848803227851477e+03
2.289569495660816756e+03
2.263585739037707754e+03
2.052802208913102277e+03
1.825226749625829825e+03
1.462665798924511819e+03
1.833737698051030520e+03
2.031516193310050994e+03
2.357351396951879906e+03
1.998987030359742448e+03
1.734233739423662655e+03
1.564161675031640243e+03
1.715512601190634314e+03
1.660796758563341427e+03
2.044952393897604679e+03
2.428224090659778085e+03
2.400518584880936032e+03
1.835009016807936177e+03
1.379005797963094437e+03
1.425239570496678652e+03
2.186695057895728041e+03
2.118334905602812796e+03
2.358043300973860369e+03
3.185405041191814689e+03
2.299181504867112835e+03
9.322983991025079149e+02
2.812410340493916010e+03
5.241818824888786139e+02
2.192592993917042804e+03
2.095998661841153080e+03
7.731284868939466151e+02
2.939103402796621140e+03
8.471664461007443379e+02
2.514831522059508188e+03
2.154760631364621077e+03
2.562028991539121762e+03
2.385168821887225477e+03
1.807968459519397584e+03
2.140912241684555283e+03
1.787112703897364099e+03
1.975989716325258314e+03
1.923680776586136290e+03
2.248300688969294697e+03
2.144341814921007881e+03
1.980810762984872099e+03
1.823408702662516134e+03
1.853070616670779373e+03
1.796527439203314543e+03
1.899034525613407141e+03
2.146783518146979077e+03
1.706473527422546795e+03
1.155074997506228783e+03
2.939925403635205384e+03
1.810049663124772678e+03
1.735792826963568814e+03
1.500711195922045817e+03
1.863859050850604717e+03
2.106036878148785490e+03
2.228428678592448250e+03
2.437182025248613627e+03
2.111332330009454836e+03
2.217061824375231026e+03
1.724915146471425942e+03
1.593092199342894219e+03
1.482358615530887164e+03
1.737317921563259233e+03
1.712775379866811363e+03
1.781671571043996892e+03
2.109309073748547689e+03
2.308788079139480487e+03
2.265157248276573227e+03
1.713903047209815213e+03
1.654207908838651747e+03
1.572144338192900932e+03
2.345214729902916133e+03
2.244689186701705694e+03
2.609737714627755850e+03
2.518239034367805743e+03
2.173961059715955344e+03
1.374809174615435950e+03
