2.665128813088645074e+03
1.648076350497940894e+03
2.019322947880911215e+03
1.476590585319300317e+03
1.860897118004358845e+03
2.491694140160827828e+03
2.124959430200178758e+03
2.597030559542806714e+03
1.515973498553343916e+03
2.249769170283463154e+03
2.237495088819508510e+03
2.215326821597683647e+03
2.343082075981340495e+03
1.737268819189932174e+03
2.298085624789235226e+03
1.454667297013342704e+03
1.987605042603187258e+03
2.084258414813921718e+03
2.094964698320965454e+03
2.687956681259695870e+03
1.866600607947390245e+03
2.510498755037432602e+03
1.655511733291990595e+03
2.040695068375219535e+03
2.053117847569312289e+03
1.972285424753332791e+03
2.597942791140927511e+03
1.404196570983809579e+03
2.864198253717520402e+03
1.041913145554240600e+03
1.640085553230027699e+03
2.672382544960862560e+03
1.459042634711202936e+03
2.100706172949934171e+03
4.079282516951715024e+03
-2.175282462763560716e+02
1.963177911531918653e+03
2.248070351396319893e+03
2.521571893194786753e+03
2.198248173925819628e+03
2.557918408178478785e+03
1.970284630632887684e+03
2.293169574891752291e+03
2.021817380081938609e+03
1.953525819811153497e+03
2.228041232688673972e+03
1.708067138473114483e+03
2.437330547213933187e+03
1.864228516093699227e+03
2.408105587576454582e+03
2.342727715246372100e+03
2.205663347124370830e+03
2.524079989980874416e+03
1.518846121420414420e+03
2.051375989456661500e+03
1.852202076061803155e+03
2.067620233293009733e+03
2.267874741398009974e+03
2.016667634643092015e+03
2.633214561297720593e+03
1.778642338983780974e+03
2.466104942412082892e+03
1.876856763463804327e+03
1.901775106874782296e+03
2.563442433347820952e+03
2.044647394495888648e+03
2.273779985988036060e+03
1.318908535884619823e+03
2.300482245458874331e+03
4.241321410120659493e+03
2.060267755637121354e+03
3.612691987193348268e+03
8.418445800625130460e+01
-1.490137302961873900e+01
3.336696727624316168e+02
1.904664432274622641e+03
1.605511245734404838e+03
-1.433879080334125717e+02
2.779702367951786982e+03
2.703410174306624413e+03
2.795031050588669132e+03
2.194217552619935304e+03
2.361081365762981022e+03
2.502577873475873730e+03
1.891689387541833412e+03
2.192921230657772867e+03
1.557241180094149286e+03
2.453257724719865564e+03
1.815250790274061274e+03
2.053702786528572688e+03
2.476632389755842723e+03
2.162331416514880402e+03
2.426294116237336311e+03
1.657878639620442982e+03
2.523601168302173846e+03
2.108710698971832244e+03
1.879253472040604947e+03
1.877272621068894750e+03
3.689252752682810751e+03
2.733945805358342568e+03
3.906902952219422332e+03
-1.766926980575547361e+02
5.922736377083847401e+02
1.385999206235146175e+03
2.560987362022041452e+03
1.283681762716918911e+03
2.181041080936929575e+03
1.474549513665869881e+03
1.568590912249751455e+03
2.395495720664841429e+03
1.864184232451330445e+03
2.387571328952906697e+03
1.545834542673926308e+03
2.421648113959528928e+03
2.168934070854163110e+03
1.541777872698570263e+03
2.018613010730333144e+03
2.303107921143139720e+03
2.270049708199122961e+03
1.633482317490387004e+03
2.084071033312190593e+03
1.865268233895999856e+03
2.246545462808993307e+03
2.219442959900316509e+03
2.048920497855971007e+03
2.059534682715369399e+03
1.582781551466310475e+03
2.590366378864810940e+03
1.819845995916603215e+03
2.225717724856775476e+03
1.576672589350439694e+03
1.910941538363523932e+03
2.522692712132660745e+03
1.019253875303295217e+03
1.902870058747600751e+03
2.268931128812329462e+03
2.730358021535528223e+03
2.043360738348323594e+03
1.661384345336923843e+03
1.165695546082618421e+03
2.495287379548266927e+03
2.561363877401870013e+03
1.856131560475673496e+03
2.051835148522430245e+03
3.226653517428039322e+03
1.484910962461314057e+03
2.020652591432914051e+03
1.239792948002306275e+03
2.349439333685837028e+03
2.002689113853715753e+03
2.786187433665690605e+03
2.468875759921047120e+03
1.157203069195878470e+03
2.455529147527008263e+03
1.857781860256633991e+03
1.865540408711671034e+03
2.422379749669389184e+03
1.792030344545723892e+03
2.775513997653100432e+03
1.424825218220010811e+03
1.781855563466176591e+03
3.364049599745871546e+03
2.399294973810533065e+03
2.473818319355375479e+03
1.683646821609819199e+03
2.131836713652102389e+03
1.613934888161195431e+03
1.886197751214190021e+03
2.302702180533536648e+03
1.956280939438213409e+03
2.490528460884684591e+03
2.122049725262283118e+03
1.742639896221447316e+03
1.807693623240095803e+03
2.682906349619850062e+03
2.394833132260507227e+03
1.357318342267732760e+03
1.898311317945740257e+03
2.517635887091599670e+03
2.203767017387247051e+03
1.521978680119422279e+03
2.148431446889039307e+03
2.590698912223334446e+03
1.571163516329922231e+03
1.916433446471238767e+03
3.209855303344544154e+03
2.112686560156693758e+03
1.909075094321627375e+03
2.010020435476463035e+03
2.406873090150353619e+03
1.812701058727308236e+03
1.702302991294415506e+03
2.420659002979959496e+03
2.230607631692929317e+03
2.041082818976750104e+03
1.563392350327298118e+03
2.407091355986091912e+03
2.268598301997260933e+03
2.470806287288944986e+03
1.260675286711853460e+03
1.829331340744366344e+03
2.594164628833599181e+03
1.968565201487893091e+03
2.321997228638597790e+03
1.192417138392116158e+03
2.121712192264839814e+03
2.721490153149864000e+03
2.046222077741813337e+03
1.815582658633629762e+03
1.690510235330384603e+03
3.375914334363503258e+03
1.438178668751887244e+03
2.261781266766014141e+03
1.485028209321493250e+03
2.099577550679325213e+03
2.796427948369411752e+03
1.838775629086610024e+03
2.245819281537004827e+03
1.073237936450094139e+03
2.846542172622758244e+03
2.069049202774108835e+03
1.911302012056781678e+03
2.238627641896267505e+03
1.461572706573969754e+03
2.363004234581299897e+03
2.663455918880136778e+03
2.438331288240416598e+03
1.136880898226928139e+03
2.514592781366226518e+03
1.840448369108452880e+03
2.177783203004617917e+03
1.550471812344886075e+03
1.921551722540470337e+03
2.523326180924556411e+03
1.550560008184662365e+03
2.199051567726869507e+03
2.421878299759696802e+03
1.469070660096680513e+03
1.853654213386825631e+03
1.243358283650781459e+03
2.735211745663618785e+03
2.290107223680045081e+03
4.088470608710532588e+02
2.196728760447805598e+03
2.661551995118955347e+03
2.049876796816216029e+03
1.813320710966401748e+03
1.725957090002008044e+03
2.344246045864161715e+03
2.257846323365121407e+03
2.324812847467610027e+03
1.660806509028571327e+03
2.021253642476044888e+03
2.505664657904727846e+03
2.108096687436848242e+03
2.228041609751160649e+03
1.110478601480650468e+03
3.172739507399567174e+03
1.620633939927921574e+03
2.196985385385487461e+03
1.483592623551892530e+03
2.363857719860426187e+03
2.564613099363645688e+03
1.824546196925786717e+03
1.770761035458372135e+03
1.712631468320221302e+03
3.357613332077679843e+03
1.883889412154708452e+03
2.097901791041439992e+03
2.179454869030308600e+03
1.352601587423364890e+03
2.197866527932776535e+03
1.595372337157879883e+03
2.239330884927868283e+03
2.516848916283820472e+03
1.847723965678211016e+03
2.771118358380476820e+03
1.848443547367132169e+03
1.882553814162487924e+03
1.606428045541268148e+03
3.367193136143058382e+03
2.461556793575513893e+03
1.789208794945874388e+03
2.131881059486993308e+03
