1.454714693370020996e+03
2.898271868284658012e+03
1.889086583800792368e+03
1.876701652580717791e+03
2.991528892379745685e+03
1.234020538435589060e+03
2.159270170847863028e+03
2.842888703799198083e+03
1.266668079848695470e+03
2.170264541147149885e+03
2.547733985450039199e+03
1.724740019900324569e+03
1.721269293306022973e+03
2.761444002521445327e+03
1.383993351979593854e+03
2.236188824976645265e+03
2.509924028107269805e+03
1.404758166377515408e+03
2.307902212282718210e+03
2.162121930849292767e+03
1.479151881953876909e+03
2.024104877555383382e+03
2.374894334622485985e+03
1.587694046836476218e+03
2.392364558470136217e+03
2.197572109110106339e+03
1.693109341672437495e+03
2.622129036434020691e+03
1.717623973169235114e+03
1.903558622402950277e+03
2.686866358579154166e+03
1.455322482259706476e+03
2.206934782601028019e+03
2.466115048433425272e+03
1.503419933904489199e+03
2.173718409526099549e+03
2.311987028248880051e+03
1.435965044208594918e+03
2.711693863303438320e+03
1.860816620279073277e+03
1.597073723590142890e+03
2.630561668492011904e+03
1.669451347092418473e+03
1.845747321727887083e+03
2.428658301382394257e+03
1.737726003018216261e+03
1.912649987465950971e+03
2.310961936326167233e+03
1.796093384251089446e+03
1.902331649208460249e+03
2.471879356049592388e+03
1.672991224486033616e+03
2.008302907634898020e+03
2.709979080282626001e+03
1.468356373941029688e+03
2.043906086057322000e+03
2.514402535276788058e+03
1.360213968788698139e+03
2.665271258540353301e+03
1.727746941378080919e+03
1.818965712708265528e+03
2.848749737514953267e+03
1.478606292853573223e+03
2.050418114047265590e+03
2.650840536839360539e+03
1.375059786635857563e+03
2.256177548765017946e+03
2.393196618047890752e+03
1.473702067547745173e+03
2.473713892758014026e+03
1.931795906334609299e+03
1.716141699327433344e+03
2.361758681288243679e+03
1.905849082258462659e+03
1.733981966126191764e+03
2.459087654444681903e+03
1.834210149499238014e+03
1.741150885177114333e+03
2.443975132679445323e+03
1.994393307669509340e+03
1.695794467717910038e+03
1.843678650280734473e+03
2.243847970338795221e+03
1.820363777426119213e+03
1.979923635051928613e+03
2.260489853796698299e+03
1.943112621005542451e+03
1.941803821556172124e+03
2.332703064396071113e+03
2.094712436362534845e+03
1.792627375312951699e+03
2.203613205083070625e+03
2.262936930486848723e+03
2.001041153109831157e+03
1.736082265351491969e+03
2.273867992334870905e+03
2.434735835000137740e+03
1.689384157019799204e+03
2.619582589276484669e+03
1.682475440957357023e+03
2.271372432247895176e+03
1.843336734185526211e+03
2.417125002879387011e+03
1.680834445875032088e+02
3.316415555107495038e+03
2.135697821957550332e+03
3.969915269489712273e+02
3.619254092860968285e+03
-1.364660031506275857e+02
3.889095185414381831e+03
3.008520656412801600e+03
1.301008908380991898e+03
2.945991366808778366e+03
1.792240653121808009e+03
2.456031788383863386e+03
2.131357060498424289e+03
2.269284456906399100e+03
1.651573272461267834e+03
1.965814195177062402e+03
3.293011225253414523e+03
1.860249296744373169e+03
1.442462273440733725e+03
1.889426677954659453e+03
1.940712926927526496e+03
1.649306411799919260e+03
2.042087396432601508e+03
2.132133191060032004e+03
1.845862399959127515e+03
1.996203367257829768e+03
2.243074666256516593e+03
1.949644477713016386e+03
1.677406241360521790e+03
2.087043208701439198e+03
2.180039709169940579e+03
1.814915052529186823e+03
2.211603249279078682e+03
2.036465265592073138e+03
1.877403322269092996e+03
2.308493109987129628e+03
2.476880845786725786e+03
1.481830862545501986e+03
2.422024206965487338e+03
2.327186485584048114e+03
1.429459291035101387e+03
2.547560586271622924e+03
2.073666369409500021e+03
1.557762009996077950e+03
1.963877470138903391e+03
2.713039736484799050e+03
1.684014943352841783e+03
1.404811028330626186e+03
2.615839563139254096e+03
1.757728796161960418e+03
1.753478596500879348e+03
2.837656815129497772e+03
1.443165491304335774e+03
2.212195911699127919e+03
2.683674888727614871e+03
1.347662415482303686e+03
2.452814655811294870e+03
2.126417422253426594e+03
1.488339069044238158e+03
2.105699501289967884e+03
2.773706995515042763e+03
1.487880008798430254e+03
1.860954416824183454e+03
2.377195680563256246e+03
2.220414195457243750e+03
1.618161584618867209e+03
1.747911925684411699e+03
2.216511519700959980e+03
2.259133770981523412e+03
1.846547882817902746e+03
2.029691947141908031e+03
2.495491998623875588e+03
1.703642124666230757e+03
2.215534072345573350e+03
2.548459648359117637e+03
1.486490306634593480e+03
2.051167251849603417e+03
2.732026774002855291e+03
1.574613387002900481e+03
1.765411471657622997e+03
2.617350199522275943e+03
2.266012875099996563e+03
1.457781714080919755e+03
1.804940174032611594e+03
2.539615290204785197e+03
2.002141173282135014e+03
1.485109798198453973e+03
2.286922920540985615e+03
2.242645999201117320e+03
1.626118954899108758e+03
2.142475664894422607e+03
2.496508480100954330e+03
1.742796030835430429e+03
1.848582543792852675e+03
2.443127916844193805e+03
2.024344739452439399e+03
1.612213958262172127e+03
2.380064726932112990e+03
2.099526062741956594e+03
1.560820508764657461e+03
2.252830124917978992e+03
2.620113520596851231e+03
1.502285069975724355e+03
1.802168903334509878e+03
2.492170767984961003e+03
1.812384812498788961e+03
1.574182754534095238e+03
2.419006696434264541e+03
2.219637157034553638e+03
1.598470159298595036e+03
2.315184291855826814e+03
2.151758140092419580e+03
1.670831365176588179e+03
2.085685240900661938e+03
2.537204447579020325e+03
1.558499889764080535e+03
2.132122787613559012e+03
2.484413553705332561e+03
1.719234620888673362e+03
1.869393721160374753e+03
2.505033698130795074e+03
1.798305755342818202e+03
1.012501457149402654e+03
3.517144966215608747e+03
1.424084779158189349e+03
1.889339944212375485e+03
2.145149940598794274e+03
1.971483943874218994e+03
2.582945799760133468e+03
1.680009962222201011e+03
2.399452164466862087e+03
1.712694420505180915e+03
1.921807572467899263e+03
1.995658832624895922e+03
2.000350155355020433e+03
2.486220459386889161e+03
2.023664954738149163e+03
1.425810788493756263e+03
2.512131181705077324e+03
1.913378280326249978e+03
1.934295007788770135e+03
2.302022137093966649e+03
2.317020175343374376e+03
1.878359765050921851e+03
1.713368395400957979e+03
1.758005746535018943e+03
1.927772838846295599e+03
2.015231340939253869e+03
2.202987283632063736e+03
2.058852615746584888e+03
1.881776683059575589e+03
2.043190922331705224e+03
2.403801665117033281e+03
1.819963868754243549e+03
1.841978222625677745e+03
2.320142388098730862e+03
2.445667767186281708e+03
1.514410996540840188e+03
1.813968837030626901e+03
2.560470066484017480e+03
2.134367774694820127e+03
1.409467440701900841e+03
2.179905533884953456e+03
2.820076208875549582e+03
2.037382710276078569e+03
1.477486503851734824e+03
2.371279752469219602e+03
2.272083789044400874e+03
1.559575832486932086e+03
1.771513616764756307e+03
2.557715941790670058e+03
1.847393042898021122e+03
1.765956023882509498e+03
2.197116599840296203e+03
2.441102748899169001e+03
1.563062036231674028e+03
1.952248476133484701e+03
2.459583254105834385e+03
1.957974008722934741e+03
1.629278418177175581e+03
2.543976216275699244e+03
