1.552946443146684715e+03
1.429175949653083762e+03
1.356564590454226391e+03
1.982846751221782142e+03
2.543219149956241836e+03
2.551500034433082874e+03
2.397874951743235215e+03
1.760649414660378625e+03
1.359181484468216468e+03
1.926654070720533355e+03
2.316650792116693992e+03
2.739847253108336190e+03
2.356841175238599135e+03
2.139075787881011365e+03
1.901178015371220908e+03
1.552606168857337252e+03
1.772553077463579939e+03
1.855246282667210380e+03
1.985212240229257759e+03
2.167926731858707171e+03
2.190732708303607524e+03
2.129394978710686246e+03
2.048731490859350288e+03
1.528720027122707279e+03
1.784073695985459381e+03
2.024897244401363196e+03
2.615069814001098166e+03
2.721774059967019184e+03
2.406727726829329640e+03
2.101755098772511701e+03
1.670157975696635958e+03
1.211122487613454950e+03
1.707998684337639361e+03
2.144265027519445539e+03
2.450219109999119155e+03
2.706129728736887500e+03
1.767855014545983295e+03
1.989180274476704426e+03
1.806152280591678618e+03
1.634892968611735796e+03
1.789998895073207905e+03
1.919850537358534893e+03
2.053356441685443770e+03
2.285892269963959734e+03
2.089011817931210771e+03
1.893991216639124332e+03
1.855972744248306071e+03
2.185875858429415075e+03
2.578461638934044004e+03
2.941363491671848806e+03
2.408601975925936131e+03
1.400063123373167173e+03
1.367424558893403628e+03
1.608158906780398183e+03
2.477859594454204398e+03
2.957810864979885537e+03
1.973968548322114202e+03
1.574422655143550173e+03
1.487835438432822912e+03
1.741455242324591609e+03
2.270211161952427119e+03
2.430733993373181875e+03
2.127595401098123602e+03
2.021517705743358192e+03
1.953548556982999798e+03
1.919169138947785768e+03
1.882900002437989087e+03
2.117607101505914216e+03
2.238404345894884500e+03
2.067538893713583093e+03
1.850570191949111404e+03
1.783547760270317667e+03
1.926054250676673064e+03
2.616895552087282340e+03
2.385753529807258928e+03
1.758647200040951020e+03
1.323389958542122258e+03
1.557495799504966044e+03
1.917280764890436558e+03
2.077318922217978525e+03
2.444643925801301066e+03
1.946160996185878048e+03
1.860437806028080104e+03
1.886687260460130119e+03
1.994097342028869207e+03
2.138714340631475807e+03
2.181645683852174443e+03
2.116509558781345277e+03
2.147965589260611523e+03
1.752946570615323935e+03
1.769992011786681815e+03
1.810145248930656862e+03
2.116247266097632291e+03
2.731431170575172473e+03
2.120776718061139945e+03
1.546799707492872358e+03
1.548730124155389149e+03
1.984445117487294056e+03
2.257207877593172270e+03
2.295407290760522756e+03
2.353580597774487615e+03
2.120660909539508793e+03
2.139022317303899399e+03
1.944546969514141438e+03
1.825629896409385537e+03
1.977666025952250720e+03
2.135203869892379316e+03
2.302117411984486353e+03
2.086034935132369810e+03
1.908054664687832656e+03
1.836508987956239025e+03
1.593885527828245813e+03
1.630735459905211428e+03
1.922459207575333494e+03
2.514215530662420861e+03
2.795428118502981306e+03
1.983084866400840838e+03
1.273588077096704637e+03
1.653836565984218623e+03
1.961556867046369234e+03
2.278082176055542277e+03
2.131921373395450246e+03
2.101747356306192614e+03
1.954890776960083258e+03
1.925771746769294623e+03
1.699379218632476295e+03
1.775697658445307752e+03
2.821779305381043287e+03
2.309784574305848764e+03
1.654341736795379120e+03
1.356822371702680130e+03
1.875911400980173312e+03
2.186279226578933049e+03
2.450686289195298286e+03
2.207701048739767430e+03
1.979488546159078851e+03
1.923803274377803064e+03
1.880017847201790346e+03
1.875283080992036048e+03
1.943357954314044719e+03
2.064907890108084302e+03
2.440659693629705089e+03
2.542939008146794549e+03
1.881748605324386290e+03
1.408195237953369542e+03
1.950355987399440664e+03
2.321148219276937652e+03
2.574256931254382835e+03
2.480019480780998947e+03
2.104703826406473127e+03
1.813655163665098598e+03
1.752825135533399134e+03
1.414335568388214369e+03
1.630872395813166122e+03
1.986102228704244226e+03
2.092958269953451236e+03
2.164952951350053354e+03
2.059215827453127986e+03
2.000842104976871042e+03
2.008667368398229428e+03
2.046249558643665068e+03
2.364816599294813386e+03
2.304726866845845962e+03
2.202130479225641466e+03
2.360586840865054910e+03
2.144552597475386392e+03
1.739374680612377006e+03
1.339875756537639745e+03
1.943592850349625905e+03
2.455620898568056418e+03
2.288484472238490980e+03
1.879473156105700127e+03
1.639129448037482007e+03
1.864270375888044327e+03
1.980818859987926999e+03
2.247434438504085392e+03
2.521022227061831927e+03
2.472473396357312595e+03
2.434832318881474748e+03
1.993447468888413596e+03
1.378584743002650384e+03
1.342875873320391293e+03
1.747634079559187285e+03
2.026524410515211002e+03
2.038148584579863382e+03
1.990380927493200488e+03
1.972151316020639797e+03
2.063656761918595748e+03
2.227418182432791582e+03
2.199957912127742020e+03
2.099277827756924580e+03
1.997149437399850967e+03
2.148288313152415867e+03
1.865098841960875461e+03
1.604528273374113269e+03
1.642376837140038106e+03
1.421188458502307867e+03
1.792827518795668993e+03
2.355095832833335407e+03
2.611516402502283654e+03
2.725105470073017841e+03
2.500848364573740128e+03
1.651580525097820100e+03
1.705663234875222315e+03
1.835272712453200256e+03
1.709571365472781054e+03
1.888312523663741331e+03
1.867807231077351389e+03
1.866314035944023090e+03
1.941986246477196346e+03
2.057288300600418552e+03
2.108029554333354554e+03
1.444666094650174500e+03
1.686108690834564868e+03
2.019954977851625245e+03
2.505962772115128246e+03
2.350600673519274551e+03
2.113630390113025896e+03
2.073973438986102337e+03
1.926858011006114111e+03
1.674572940516262406e+03
1.468148772656602432e+03
1.446710218405486330e+03
1.952145743321280634e+03
2.553526928675163617e+03
2.312039285954643674e+03
1.724338467307729388e+03
1.600102681188256156e+03
1.826336366896777236e+03
2.061804249770251317e+03
2.142687465268276355e+03
2.231806614998660734e+03
2.107435039515226890e+03
2.047386680300638773e+03
1.766413868612758506e+03
1.792803404680617632e+03
1.978755341513845678e+03
2.424174307350695472e+03
2.696003328476923798e+03
2.543806535801753853e+03
1.954017491764082934e+03
1.222794539792487740e+03
1.357901037128531470e+03
1.895099231072514613e+03
2.351880414910784566e+03
2.435661418341184344e+03
2.267390064007472120e+03
2.111937330476328043e+03
2.204675742261239066e+03
2.038321810055241258e+03
1.805525946021375603e+03
1.806511460649750006e+03
1.843609750641855953e+03
1.980879085143955763e+03
2.211289318884200384e+03
2.100939776150300986e+03
2.044502579027557204e+03
1.978261645754147594e+03
1.919051015135121816e+03
1.867207122103765187e+03
1.914293190215372533e+03
2.159002679812076167e+03
2.399037631535069977e+03
2.257098717469868916e+03
2.004088951781428250e+03
1.811599732528056620e+03
1.965338046998361961e+03
2.140383917785497033e+03
2.495206995842114793e+03
2.416891922901864291e+03
1.992354375936147562e+03
1.908333779569546550e+03
1.797319032567261502e+03
1.538518068294406248e+03
2.062837661180013583e+03
2.412626296643405567e+03
2.485557291351311505e+03
2.186149067911680504e+03
1.820041965533768234e+03
1.947431752871490517e+03
1.824586734921680318e+03
1.795596608661188156e+03
1.838576072366854987e+03
1.912279037250512829e+03
