1.596889089077049903e+03
1.647343087615027343e+03
1.999031645083601461e+03
2.527468322296825590e+03
2.103653227650350345e+03
1.604075913380019529e+03
2.029386445508013594e+03
2.368902249860410848e+03
2.026496048748131443e+03
1.723159937053022531e+03
1.921508235978376888e+03
2.451503525378640006e+03
2.076658397887254068e+03
1.825498462778956082e+03
1.814309207668669160e+03
2.410998349563039028e+03
2.158592846426942288e+03
1.682259167521863446e+03
2.266738554852132893e+03
2.392509707731387607e+03
1.635977794148972862e+03
2.072175760821987296e+03
2.625653026911717006e+03
2.041955376540075804e+03
1.615049049778632480e+03
2.674840707812791607e+03
2.132473675418467792e+03
1.726321076145673487e+03
1.964477543575485470e+03
2.584253937432202292e+03
1.780686026645902757e+03
1.605379989977053128e+03
2.314196479214174815e+03
2.013902990993462936e+03
1.365179538919096331e+03
2.251929807101382721e+03
2.562063051226931293e+03
1.616535759037588832e+03
1.717677993570049466e+03
2.769067975042297803e+03
1.825259603129235074e+03
1.412845099835975816e+03
2.554597930814743904e+03
2.433843075995943764e+03
1.580408241501509565e+03
1.680754524634393647e+03
2.688576008705268578e+03
1.596651212908784601e+03
1.800261108119532310e+03
2.613671019411308862e+03
1.929715207500487395e+03
1.698290299163506916e+03
2.347545790025084443e+03
2.465393684044671772e+03
1.627367153968129969e+03
1.817704320260128270e+03
2.788743411425125487e+03
2.000095116623508829e+03
1.462179467995659024e+03
2.203293743752603405e+03
2.731498883435555399e+03
1.650580376705968774e+03
1.467448695216237411e+03
2.528725099876326567e+03
2.100602255748064181e+03
1.527300197605736685e+03
1.816523337051100725e+03
2.746891483367894125e+03
1.967430441890418933e+03
1.710563452366621050e+03
2.374927600429427912e+03
2.299275892738268794e+03
1.604264966953636531e+03
1.897516179936711296e+03
2.322151697452608005e+03
2.404797912593647197e+03
1.474449283004885046e+03
2.023095101692574190e+03
2.048958246498788412e+03
2.243320039223269760e+03
1.994658288768453076e+03
1.877174652695546456e+03
1.817316781805887331e+03
1.732048809336433806e+03
2.417139071283716476e+03
2.181388052998970579e+03
1.607294841097089147e+03
1.987410064246828370e+03
2.625799328122258885e+03
2.287649994479481848e+03
1.340320422239481331e+03
2.520238340754854107e+03
2.635938111622349879e+03
1.865777001317534769e+03
1.893516112101750196e+03
2.626386821157681425e+03
2.562831931233336945e+03
1.334795055388660558e+03
1.945713257216934608e+03
2.455888468210598603e+03
2.077132533099776992e+03
1.073270489482012408e+03
2.332954550271116659e+03
2.998026477643445105e+03
1.548006006870559304e+03
1.591305369550577097e+03
2.496834883698887552e+03
2.354497999332005747e+03
1.691903462585945135e+03
1.652419510641206443e+03
2.521399640074962917e+03
2.284606083664247762e+03
1.619010878301124194e+03
1.738367109298078049e+03
2.699799039349867599e+03
2.126989253517832822e+03
1.282894457358625232e+03
2.144780261554586559e+03
2.564548688627920001e+03
1.723626698074765727e+03
1.427882247868629292e+03
2.097229246845263333e+03
2.464579577522509680e+03
1.634674720334791346e+03
1.725587922048963719e+03
2.376430308907743893e+03
2.454426806710921483e+03
1.793996702450776183e+03
1.748299071320755047e+03
2.471720231017100559e+03
2.041718071722012155e+03
1.708374758110110633e+03
1.945485884486912482e+03
2.584016651364705922e+03
2.187613919817305032e+03
1.623138688369644115e+03
2.295409709892749561e+03
2.492690386343235332e+03
1.892704385286140905e+03
1.570467105694459406e+03
2.335763899309812587e+03
2.486150563414784301e+03
1.433995542718413162e+03
1.937216443591244797e+03
2.595018367300582213e+03
1.665594385353488860e+03
1.766170166850507258e+03
2.366788521387685705e+03
2.423908207368550848e+03
1.385400092838892306e+03
1.983325829573394685e+03
2.411453395334452580e+03
2.305513102862282267e+03
1.548528101771091087e+03
1.878105014707781038e+03
2.496154056612408567e+03
1.789154776682433067e+03
1.543869950887927644e+03
2.136596975292400202e+03
2.494234095654549492e+03
1.775529593133420121e+03
1.697747453930325264e+03
2.549661417390000224e+03
2.223300859780747942e+03
1.629799314918708433e+03
1.852779313889565401e+03
2.379494458634431794e+03
2.509245819243971255e+03
1.530390120472820399e+03
1.902481298059998608e+03
2.427526038238184356e+03
2.109428561103205993e+03
1.567093992494289296e+03
2.250691116584492192e+03
2.639831327143036560e+03
1.664399959819302012e+03
1.775487271546066495e+03
2.421988548463704774e+03
2.321122786138811989e+03
1.662680801714659765e+03
1.796521315740265436e+03
2.618071176135923452e+03
1.814565065353624959e+03
1.598075827572992239e+03
1.980542902133664938e+03
2.435260617250253290e+03
1.473879430388241190e+03
2.025730554621444981e+03
2.533700755499710340e+03
1.646868812624013572e+03
1.746172757030132516e+03
2.413836000887883984e+03
2.210259161167940420e+03
1.609696148094524688e+03
2.041726276635615250e+03
2.696112569038347374e+03
1.695200512896153441e+03
1.804399493745625477e+03
2.625082254204622132e+03
2.156373972389051687e+03
1.561740666558682960e+03
1.898633358096163647e+03
2.493187316504699993e+03
1.728676811958531516e+03
1.749425976177372604e+03
2.397796889672288671e+03
2.191591931734139507e+03
1.840171179613177856e+03
1.768833453220520596e+03
2.542263607178938400e+03
1.954267692934414072e+03
1.839741951577452483e+03
1.864643580431974442e+03
2.340490599377993021e+03
2.155812353590245948e+03
1.673263685220010302e+03
1.939695879032774883e+03
2.498076134754258874e+03
2.060029703927775245e+03
1.887093705711389703e+03
1.987860712602695685e+03
2.711086886205274368e+03
1.549636862080718629e+03
1.808048793562169521e+03
2.112879873905050317e+03
2.391104040586229075e+03
1.624507823100155520e+03
9.358418832998927428e+02
3.146926560774206337e+03
1.930870678677921887e+03
1.646247969476784192e+03
1.895243789044949153e+03
2.268374320567863379e+03
1.874869759043211161e+03
1.784036900391723975e+03
2.330564676386772135e+03
2.115806900273685642e+03
1.849895773729708708e+03
2.304757662529762456e+03
2.342338975449062673e+03
1.962372153189930486e+03
1.797460015262487104e+03
2.490015480501041566e+03
2.203054691029866717e+03
1.614397890907609508e+03
1.954693804137457391e+03
2.391973804318809016e+03
2.037765997864279825e+03
1.433799823467803662e+03
2.367929609437269846e+03
2.378166177925933880e+03
1.677591479626280488e+03
1.870575752064815106e+03
2.564468365287547840e+03
2.308916273485147030e+03
1.491264447114808718e+03
1.846441338378023147e+03
2.537887606627574769e+03
1.730887819190820665e+03
1.773361791983416651e+03
2.281770464060262839e+03
2.182884322833542228e+03
1.394983278944558378e+03
2.210277406094724483e+03
2.482206631462547648e+03
1.666442040048047375e+03
2.016160768188889733e+03
2.538519439446439719e+03
2.353112753047294518e+03
1.408627350057184685e+03
1.990091044574895477e+03
2.501885147851332022e+03
2.016739822780408758e+03
1.549555991855051843e+03
1.854036273260591997e+03
2.703324457122644617e+03
1.864002287287847139e+03
1.460348536252127133e+03
2.459759784406468498e+03
2.554058170977154532e+03
1.738418912562980722e+03
1.475879221942052254e+03
2.744545811877765573e+03
2.299731579054087888e+03
