1.739536720325798569e+03
2.071670893228669229e+03
2.376877589278433788e+03
2.572048834580985840e+03
2.364310390501817892e+03
2.222060358251174421e+03
1.772803506677033283e+03
1.451939114875704718e+03
1.960466864982565312e+03
2.475209784075252173e+03
2.407318365749711575e+03
1.794802476588437685e+03
1.600442524205921245e+03
2.095610772862799877e+03
2.602845473291840790e+03
2.478863485703409424e+03
1.825170823061058627e+03
1.679147444181462561e+03
2.058779049863184355e+03
2.402706829900806497e+03
2.426676891896157031e+03
1.726162344931307871e+03
1.575444817406005313e+03
2.023577202401248314e+03
2.387704344221988322e+03
2.305026634856013970e+03
1.883439462641013051e+03
1.789722131764312280e+03
1.935246593104867088e+03
2.138946959404834615e+03
2.468330635817526399e+03
2.179246354997725575e+03
1.780789901744533381e+03
1.843009219126729704e+03
2.276227266419227362e+03
2.022647081563729444e+03
2.152733625999848300e+03
2.051160602242344794e+03
1.873462728102303117e+03
1.909015656892936477e+03
2.274251587559946074e+03
2.251642369714673805e+03
2.122921930457865074e+03
1.870667684348339435e+03
1.784716749436698592e+03
1.936352619804819824e+03
2.137586888647694195e+03
2.467937788862710477e+03
1.830911473716166256e+03
1.766550392169306178e+03
2.422578842164938578e+03
2.198814556855986666e+03
1.764466281821388748e+03
1.990614963616618979e+03
2.348494120497032327e+03
2.393191302362060469e+03
2.059508053962106260e+03
1.848847369203030212e+03
1.926505331799506848e+03
2.448460231654257768e+03
2.086653391784314863e+03
1.654020477796334262e+03
1.965545234940205319e+03
2.269292744655481329e+03
2.565329731760648428e+03
2.287461719850634381e+03
1.728744601269407895e+03
1.712927168268739479e+03
1.871028915363312763e+03
2.643649586570504198e+03
1.458409039007088950e+03
1.646260655012076768e+03
2.261628567794648916e+03
2.633484901947248545e+03
1.928814692652196982e+03
1.709252175684021722e+03
1.798161969306894434e+03
2.172464673801223853e+03
2.681232702946106656e+03
2.502221609590490516e+03
2.240158291694378931e+03
2.274006021812937888e+03
2.079533311772341676e+03
1.674174101483442200e+03
1.413915367566172563e+03
1.753564215256713396e+03
2.033942673873455988e+03
2.413923564119378625e+03
2.220729920505067184e+03
1.807980267505916117e+03
1.814674924961540228e+03
1.740193677474620699e+03
1.861446276359431067e+03
2.138969848768147585e+03
2.370932945980584464e+03
2.491872654654300277e+03
2.257784516403886300e+03
1.863756721394038550e+03
1.676248181410345296e+03
2.780245392762672964e+03
2.455173646529334746e+03
3.203864221955585435e+03
9.864473393989941314e+02
1.362452294401853351e+03
1.973068460708647763e+03
1.784272195395603603e+03
2.549002037589376414e+03
1.818791984153871908e+03
2.175075671720751416e+03
1.322736359838643693e+03
2.024095677702640160e+03
2.491105417571833186e+03
2.076578342408683966e+03
2.658601088456928665e+03
1.936740990867556320e+03
1.743654272902095045e+03
2.047757206670901724e+03
2.093100887732204228e+03
1.716575402136885259e+03
1.495182578237284588e+03
2.287975274981268285e+03
2.210048376071686107e+03
1.981685065035386515e+03
2.177774657723917244e+03
2.373631694419688301e+03
2.385421676228736487e+03
2.232815450832394617e+03
2.362621696673954830e+03
2.503939810870529527e+03
2.464575058966468077e+03
1.651538807501043493e+03
1.507446304028586383e+03
1.854373784672997772e+03
2.219354917640549957e+03
2.679045339808094013e+03
2.342975592741441233e+03
1.749132970593836490e+03
1.694046113900670434e+03
1.856089410347521607e+03
1.907419780992085180e+03
2.716511429611222866e+03
1.835811493442956134e+03
1.401841357886625701e+03
2.120752816799214088e+03
2.458330279980999876e+03
2.233510822364874002e+03
1.869520370064760300e+03
1.746660654758639339e+03
1.871269830900166426e+03
2.128358763540713881e+03
2.466362926574859557e+03
1.693971115637260482e+03
1.802310758360052205e+03
2.415190787031500804e+03
2.140093864577256682e+03
1.646128305094781581e+03
2.017680679490277953e+03
2.338432651858647660e+03
2.436347068352166843e+03
2.028052406225679533e+03
1.843143125739230754e+03
1.900573760444339541e+03
2.256636889266303569e+03
2.502915578294032912e+03
2.540449057722739326e+03
2.378883916659285660e+03
2.276551088062336021e+03
2.155144501134761413e+03
1.603679738904058695e+03
1.502641767177442034e+03
1.798810519729959424e+03
2.244420495233103793e+03
2.354272841585392143e+03
2.109206744377091127e+03
1.897760855048897611e+03
1.849722984745004624e+03
1.914454832866457537e+03
2.001806088401811849e+03
2.231784935370692892e+03
2.322039842707359185e+03
2.418718996229453296e+03
2.073347600271722513e+03
1.982779987785246931e+03
1.897296694310668045e+03
2.066688901193686888e+03
2.389827004796773508e+03
2.400069261971888864e+03
2.107659567939085719e+03
1.709997851183081593e+03
1.849647413578403302e+03
2.159172510597212295e+03
2.446624500364822779e+03
2.279785615444071482e+03
2.292390149964881857e+03
1.932212096423255161e+03
1.611192064277595136e+03
1.787809308339806876e+03
2.188426380267852437e+03
2.457565576217697981e+03
1.694275195758450536e+03
1.467502231367349850e+03
2.065056762628319575e+03
2.427988884121381943e+03
2.181106254151843132e+03
1.706053863463396283e+03
1.765527779524888047e+03
2.088209888651046185e+03
2.401129486960233862e+03
2.420122716211051284e+03
1.980714318987849083e+03
1.916626532243257088e+03
1.861175751976837773e+03
2.031562268699300603e+03
2.363762567788771776e+03
2.132178964609047398e+03
1.881254526665853064e+03
1.840704144195232402e+03
2.195724086468224868e+03
2.506133584402721681e+03
2.100508404826635797e+03
1.863720759080974631e+03
1.849540101908553879e+03
2.285944946686424373e+03
2.753683405069439686e+03
1.427343809702258341e+03
1.820673396867990959e+03
2.877618236644058925e+03
2.123294917775858266e+03
2.716799843127385884e+03
1.700822731066637289e+03
2.121829891660281646e+03
1.267676085436140056e+03
1.801857424337015800e+03
1.660956648639471496e+03
2.245727585302152420e+03
1.778285865934001549e+03
2.053724480037192279e+03
2.316293522279324861e+03
1.580561268014640063e+03
2.401197939999031405e+03
2.957347669754774870e+03
1.886635816206791333e+03
2.423845853092673224e+03
1.797788866174249051e+03
1.413729111344792273e+03
1.292364861619088515e+03
3.336435821527821645e+03
2.999397830310886093e+03
2.656877397079700586e+03
2.014951916333458939e+03
1.727782055139923841e+03
1.879241949472847864e+03
2.208121674780665217e+03
2.601133966100218458e+03
2.314647834518448690e+03
1.764879831598453620e+03
1.726452784918057432e+03
1.765193766429529660e+03
2.013510889969204982e+03
2.274435184917369497e+03
2.336142322868707652e+03
2.069174883045167917e+03
1.617608177423959432e+03
1.851343369558280983e+03
2.208684872123631521e+03
2.406114072909231709e+03
1.971106008132553825e+03
1.855284158499310479e+03
1.870010093383258209e+03
2.136999112712807346e+03
2.392528324773403256e+03
2.189694550246808831e+03
1.958593622276374390e+03
1.743334988894269145e+03
2.057416949247953198e+03
2.370991412785579087e+03
2.342026373027023965e+03
1.779673576098106651e+03
1.737461373523999328e+03
2.153237328585816613e+03
2.454025155232791803e+03
2.427976514597717596e+03
1.750826896764120420e+03
1.585142312716970082e+03
