1.337703177190912129e+03
2.303154426098149997e+03
2.719824724879217683e+03
1.892063102096876719e+03
1.673339230153037306e+03
1.793296454618971211e+03
2.374034482028697767e+03
2.553239412751654527e+03
1.597811116816010781e+03
1.536905833139461947e+03
2.214399187483857986e+03
2.639508805397904325e+03
1.785230230117560723e+03
1.665291413375780849e+03
1.628943095827874913e+03
1.763363923870960889e+03
2.546534479871992971e+03
1.972640179242263912e+03
1.465865648952632455e+03
2.296553753928442802e+03
2.630482288093597163e+03
1.757730678213446254e+03
1.708377343205970874e+03
2.547179349255832221e+03
2.383966141866463204e+03
1.567902687097329817e+03
1.951882880510015411e+03
2.703640165498308761e+03
2.063066506258381196e+03
1.317799801192215000e+03
2.203903359353978885e+03
2.594728430103319170e+03
2.071428308059063511e+03
1.486271379535164670e+03
1.992234068924774874e+03
2.363814756730555018e+03
9.222625574382077502e+02
4.187637759858897880e+03
1.413424427840922135e+03
-2.686428920716094026e+01
6.145542766560274686e+02
1.060997558496502279e+03
1.413419768593227900e+03
1.972783621172162157e+03
2.108602011779823442e+03
1.866459695186672889e+03
1.918849112492900304e+03
2.284463847664149398e+03
2.157946727706045294e+03
1.975681924912310933e+03
1.785884849000259692e+03
2.228448501940431015e+03
2.302994614813303997e+03
1.978213106831304231e+03
1.399501366364649357e+03
1.810155184264491709e+03
2.196269777770796281e+03
1.942166345491496031e+03
1.854160885123981188e+03
2.236987988151547597e+03
2.674583134032081489e+03
1.841830796110970368e+03
1.871238227303501844e+03
2.470682028080135751e+03
2.662394550291260657e+03
2.293104520916180718e+03
1.349386910313972294e+03
1.967267975076832272e+03
2.577042025394569464e+03
2.224761821417174360e+03
1.436279876034904873e+03
1.826910254793263221e+03
2.380023324738648625e+03
2.378250016974227037e+03
1.728179778593491619e+03
1.675262786419132226e+03
2.203438075176866732e+03
2.492985449672923096e+03
2.234131859172287022e+03
1.876788634614364128e+03
1.685683095670891134e+03
1.638162707881816232e+03
1.864264592656325931e+03
1.995242810932355042e+03
2.383711024424820607e+03
2.082883908677866657e+03
1.825792659219766392e+03
1.978053241076618178e+03
2.331876366659078940e+03
2.483446197697093339e+03
2.535431882746652718e+03
1.596404210143929276e+03
1.612118085805610008e+03
1.880926190221897969e+03
2.401007325324874273e+03
2.229981632887420346e+03
2.050422665511151536e+03
1.804979240050508452e+03
2.075984500046445646e+03
2.328896599351617624e+03
2.509222228534267288e+03
1.692563844700746813e+03
1.529203660226489774e+03
2.460427233713262922e+03
2.515560717418335116e+03
1.786446713399730243e+03
1.619483031708924045e+03
2.386443986499541552e+03
2.568520820559097046e+03
2.187387501858044288e+03
1.510748646733367423e+03
1.875239630284527721e+03
2.436139281440232480e+03
2.263847604532466448e+03
1.486508241146522778e+03
1.809930879274272911e+03
2.438498653021744303e+03
2.447156737954987875e+03
1.174443945078328170e+03
4.224137184326943498e+03
-1.495639683855162048e+02
3.716148655690638407e+03
1.707059334811679037e+03
1.597372896884307920e+03
1.624168389160497782e+03
2.009879455961766098e+03
2.376605964302279972e+03
1.934342668980594453e+03
2.280593058044631562e+03
1.608585612321940062e+03
1.894594520407637901e+03
2.145546093482155811e+03
1.817769435307153799e+03
2.065346904575241297e+03
2.403021235677482309e+03
1.942435018518920515e+03
1.768563317449603346e+03
2.396198275162666050e+03
2.657247009967615668e+03
2.354095858001691340e+03
1.775060090024797773e+03
2.055711138393789497e+03
2.657280985428820259e+03
2.459399341623655346e+03
1.905811571105932671e+03
1.542294614923557674e+03
2.041393502042935779e+03
2.451055008924040521e+03
2.424309044646965503e+03
1.447276693287413082e+03
1.864414112634446838e+03
2.607302467478371000e+03
2.344461700537511206e+03
1.601334107058114341e+03
1.582317735815570131e+03
2.372698955476393166e+03
2.475663120035882457e+03
2.255747729079177589e+03
1.569933412414002532e+03
1.525766280643330447e+03
2.115870565079017069e+03
2.460536049932934475e+03
2.221793943763742391e+03
1.954686724991192250e+03
1.772379151107221787e+03
1.815261976120940744e+03
1.832741157595578215e+03
2.259094245917172884e+03
2.351305476201103829e+03
2.185777453323065856e+03
1.874186751601457900e+03
2.090855593716766180e+03
2.404568359335458808e+03
2.488375648558921512e+03
2.384456412100780199e+03
1.790845804227434428e+03
1.676841520350883457e+03
1.943192362728209446e+03
2.432575870429734096e+03
2.159568553111744677e+03
1.678775358503958387e+03
1.847582165348375838e+03
2.402964160356953016e+03
2.681272473060109405e+03
2.401889650099941719e+03
1.724987814854024464e+03
1.544440266487318468e+03
2.240718838612092441e+03
2.488900372267957209e+03
1.763257132059204196e+03
1.551450330156151949e+03
2.356558771420775429e+03
2.574318840947701119e+03
1.865269991551720068e+03
1.622603764205544849e+03
2.156154144412095320e+03
2.514254975385045782e+03
2.306134019267949498e+03
1.467140539015658760e+03
1.761070783576633630e+03
2.220774619049246667e+03
2.600401769540410896e+03
1.811391121491496733e+03
1.357897269297963703e+03
2.096746591800697843e+03
2.466676375430723965e+03
2.592169293024132912e+03
1.905112756709703262e+03
1.735017708212244997e+03
1.535768160526660722e+03
2.174513867568995920e+03
2.552397884885042458e+03
1.936184562010958643e+03
1.637136259426898960e+03
1.999426787252740041e+03
2.581855750710197299e+03
2.380704244499775086e+03
1.817418313330472756e+03
1.554242693247478201e+03
2.174726417553627925e+03
2.327712238260387039e+03
2.084143818012123120e+03
1.524810100000558805e+03
1.887178441102010765e+03
2.362968563855130469e+03
2.075841763851172800e+03
1.742529298926233650e+03
1.713225281950534509e+03
2.191471156715468624e+03
2.371742350715517205e+03
1.859041550544959136e+03
1.808379786030713149e+03
1.868027716625516405e+03
2.586981780294706368e+03
1.952893484932625825e+03
1.614621577861530568e+03
2.413602705479921497e+03
2.328294884504519814e+03
2.239262332122119915e+03
1.542622512700371317e+03
1.717126991107570120e+03
2.357099673271377924e+03
2.216877322643574644e+03
1.935340490597256576e+03
1.714833562891115434e+03
2.481524912585399306e+03
2.467157958312829123e+03
2.135229027011161179e+03
1.722721893192280504e+03
1.531088494800282888e+03
1.773737197169838510e+03
2.155087005492541721e+03
2.179725042086114627e+03
1.840543011244652462e+03
1.900680639679845854e+03
2.192456364162726004e+03
2.539531776956326667e+03
1.947678444831393108e+03
1.711744988017625019e+03
2.126499531253169152e+03
2.406364309086426147e+03
2.456003276139244917e+03
1.996946125205630551e+03
1.343974792880550240e+03
1.897769178140588565e+03
2.382315535580924006e+03
2.501527293777568957e+03
1.492016501612096818e+03
1.584273984744160316e+03
1.778571784206276789e+03
2.433733052193973890e+03
2.437867736063215034e+03
2.273125708577488695e+03
2.220588873028304533e+03
1.949868735871473518e+03
1.872921394640144854e+03
1.532204743215924054e+03
2.035002596795239015e+03
2.171074237669743525e+03
1.966686222228375527e+03
1.719032518108798513e+03
1.986250420808145691e+03
2.401529912528468230e+03
2.498686661851767894e+03
