2.371516690309530077e+03
1.614913393027910615e+03
2.136226348700541621e+03
2.346826699717422798e+03
1.559105654527783145e+03
2.221247743140741477e+03
2.373764896868749020e+03
1.355412051273414136e+03
2.251473862130051657e+03
1.408756072550113458e+03
2.245973665473349683e+03
2.030694566403232784e+03
1.595964824801362965e+03
2.279528629594548420e+03
2.500585899197509207e+03
1.764657573926418081e+03
1.665036569786460177e+03
2.531172215665314070e+03
1.336568459667241996e+03
2.273736660633576776e+03
2.153186065505627084e+03
1.470339857393653801e+03
2.064859381223534001e+03
2.403681728683473466e+03
1.403583815729049775e+03
2.101989274889620447e+03
2.426846577641722888e+03
1.330037636909156618e+03
2.297461655229124062e+03
1.508974725676268235e+03
1.999807946589335870e+03
2.509371415732223340e+03
1.414471575284616847e+03
1.936173191617688644e+03
2.547070127007943483e+03
1.540431190299427726e+03
1.927196182389085607e+03
2.310545153121445310e+03
1.853210000327711441e+03
1.737950931663264100e+03
2.427757823666456716e+03
1.525267410015149835e+03
2.114794430583943267e+03
2.000326645905382520e+03
1.636627542423446812e+03
2.539625619835866928e+03
1.662677555743481207e+03
1.996826670561374158e+03
2.466637682580302680e+03
1.602188991129288070e+03
1.984725598286454215e+03
2.310705873831485860e+03
1.794540629831344631e+03
1.741874732037304057e+03
2.401760107618258189e+03
1.542913326904319320e+03
2.249713231554441336e+03
1.926261323410193882e+03
1.631994101914772727e+03
2.542436782390185272e+03
1.639549908902517245e+03
2.074941443774516756e+03
2.358923546922505921e+03
1.605268372951445144e+03
1.944800894805221333e+03
2.361107462760503495e+03
1.702331353019444350e+03
1.822071982664368988e+03
2.355485561468916785e+03
1.772904731127338209e+03
1.741240090039453889e+03
2.507739190247960323e+03
1.417547036433282528e+03
2.403433572248774908e+03
1.999595442272621085e+03
1.563364461167023592e+03
2.690257655182738290e+03
1.770773719630132973e+03
1.696171776459568036e+03
2.209978858794623648e+03
2.452643677076056065e+03
2.049905018236778687e+03
1.390432120553103687e+03
2.426886498595585635e+03
1.522490434560626227e+03
1.767443014621856264e+03
2.524111673793076534e+03
1.713596976565441082e+03
1.721673600081394852e+03
2.293025988683902597e+03
2.117261658510887628e+03
1.462192898415628861e+03
2.260562771303343652e+03
1.902597064095312135e+03
1.585554601477062079e+03
2.328185428113384660e+03
2.008825962661250060e+03
1.583237449856448848e+03
4.169472823754425917e+03
2.811824506936927719e+03
9.586870625877853627e+02
2.444871540824661224e+03
2.845976407705189558e+03
1.933229619640954525e+03
4.065621639161422536e+02
1.829873756152976057e+03
2.384272358371987593e+03
1.300386628929207518e+03
1.651909621631178197e+03
2.055040537446552207e+03
1.700233718396232007e+03
2.653829539224178461e+03
1.876584872882565151e+03
1.546095076557832499e+03
2.531177807221088642e+03
1.650200506980858563e+03
8.540743400796152400e+02
1.142130839858443778e+03
3.493325267556844210e+03
3.342844927775262931e+03
2.576851288919398939e+03
2.574402334593609339e+03
2.517726897937445756e+03
1.680933220257431003e+03
2.664636528313601957e+03
1.787048512624842260e+03
1.935279565057217724e+03
2.328420811038966349e+03
1.812543091981656517e+03
1.843371117926176339e+03
2.328316652957324550e+03
2.022423632496331038e+03
1.613936014184248279e+03
2.248189174925600582e+03
2.445298390312305855e+03
1.557063765547315370e+03
1.809773036710323822e+03
2.520134510311442682e+03
1.390286556081215622e+03
2.162301053194936685e+03
1.900747922713386970e+03
1.444372301978462474e+03
2.629720505232001415e+03
1.712735975132664180e+03
1.772295117955119395e+03
2.600213680674869920e+03
1.548479843185768914e+03
1.825671201260203816e+03
2.479931010480816894e+03
1.670886557299691276e+03
1.814904242372795352e+03
2.247415694555031678e+03
1.435223007334961494e+03
2.298765889059125129e+03
2.070400410901384475e+03
1.480908474346276762e+03
2.341845943693208937e+03
1.762361702810809220e+03
1.686209074239606934e+03
2.503101397654622815e+03
1.356025309938447435e+03
2.347291671556826714e+03
2.292330497435364123e+03
1.890290253763462260e+03
1.631280986274282441e+03
2.072866128008411124e+03
2.044463228478761721e+03
1.510675924130823887e+03
2.560683461590523166e+03
1.583667896708472199e+03
1.931747631448945640e+03
2.392707384748592176e+03
1.558137811176661216e+03
1.906265112258664885e+03
2.510794824057612914e+03
1.564674143552073701e+03
1.825143349587463490e+03
2.468184021168110576e+03
1.751965361122784770e+03
1.723672555367470977e+03
2.334465400509733172e+03
1.820270891694330885e+03
1.596810107714394007e+03
2.346639006730230903e+03
2.101837718150527962e+03
1.504856656392733839e+03
2.131171929552235270e+03
2.358915127093977844e+03
1.582486923639665974e+03
1.896953399303645710e+03
2.435048150702058592e+03
1.582654698707611487e+03
1.850987677628797428e+03
2.435777436406724973e+03
1.784157899997308050e+03
1.541229057763827313e+03
2.427875199651008643e+03
2.067016524355626188e+03
1.469754190481627802e+03
2.165813717731074576e+03
2.198137769764876793e+03
1.585154500711510082e+03
2.086390816261138752e+03
2.339000276441926417e+03
1.526826300870314526e+03
1.964431927546042289e+03
2.541557160967122854e+03
1.504710139869861450e+03
1.735020306864749955e+03
2.474899469779741594e+03
1.798495968137799537e+03
1.655346146211486939e+03
2.464738947086531425e+03
1.407797914734666620e+03
2.199135504444407616e+03
2.439950874712233599e+03
1.660064473072930468e+03
1.655507223119944911e+03
2.454536094209172916e+03
1.988243526540218454e+03
1.625390108154207155e+03
2.328294225325796106e+03
1.501281189401636993e+03
1.900885050702798935e+03
4.191382403543852888e+03
2.263762796639655335e+03
2.886480553596087475e+02
2.086987011530085510e+03
2.733815839713093283e+03
1.144003154125577794e+03
1.604523317888824749e+03
6.073504248036972513e+02
1.939109421146812110e+03
2.135303463646678665e+03
1.512994371781979680e+03
2.729928959521218530e+03
8.482639639805615843e+02
2.234407537035331643e+03
2.295440067735094544e+03
1.285503051789557276e+03
2.869298134377162569e+03
1.617658787999259403e+03
-1.109131119797872742e+02
2.104137039597803778e+03
4.104872490237045895e+03
3.388118203154618641e+03
2.225674320772221563e+03
2.552978138007615598e+03
2.474795642763410797e+03
1.585945386156525728e+03
2.156124692381135901e+03
2.250624221906302409e+03
1.757709493162486297e+03
2.051460493349773515e+03
2.241192738432579063e+03
1.720519642869510790e+03
2.114229197686790940e+03
2.359632511880811762e+03
1.760592050730411984e+03
1.846851919880170954e+03
2.411606798262064785e+03
1.861565381918515868e+03
1.644246708790935372e+03
2.223092958175779131e+03
1.869204984275112793e+03
1.668279930853347878e+03
2.326873883185015984e+03
2.057803041044097426e+03
1.404164736712753211e+03
1.921212205266143883e+03
2.311601654848510407e+03
2.233164364353253404e+03
1.966324253506444620e+03
1.437392627091661552e+03
1.853775380258458426e+03
2.128820579225004622e+03
1.574063771354816708e+03
2.353244949084152722e+03
2.233005746315399392e+03
2.932558522494528916e+03
1.227134390466201239e+03
4.390094189713829110e+03
5.124475410564486992e+02
4.165647664293421258e+03
