1.518641444223339249e+03
1.961461209795818149e+03
2.200122768888640167e+03
2.590748314031764494e+03
2.651285643517470817e+03
2.339596263619512683e+03
1.756104133300801323e+03
1.444679988721170275e+03
1.710241616025160283e+03
1.933334843122073153e+03
2.001587440927183252e+03
2.431017110658984620e+03
2.848970512865358160e+03
2.334123023449957600e+03
1.791635408338667276e+03
1.808093916242416526e+03
1.690279428426794993e+03
1.650550799702749146e+03
1.528204590802728035e+03
1.692667937128719586e+03
2.087466419038735694e+03
2.351302574070275114e+03
2.436257667290928111e+03
2.132973394649638522e+03
1.663390836267497662e+03
1.604551845286808430e+03
1.913560904186415200e+03
2.216826787668106135e+03
2.493475202767703195e+03
2.265426745874730386e+03
1.950242648170561779e+03
2.096556083869538270e+03
2.183212887825638518e+03
1.776588970517912912e+03
1.502058318116823102e+03
1.872410723401959785e+03
2.022362200052920343e+03
2.190529066896430777e+03
2.324823805919806091e+03
2.406312951989246812e+03
2.454522842582082831e+03
2.289746951135972267e+03
2.062332142545112220e+03
1.932289145587287067e+03
1.666322681779268805e+03
1.609167173267581802e+03
1.800642870626903004e+03
2.073833855297114951e+03
2.217643723323601989e+03
2.471501077901165445e+03
2.346685939828344544e+03
2.180879404640950270e+03
2.265701807033067325e+03
2.305586053295185593e+03
2.035476651105729843e+03
1.711825703507323851e+03
1.434942078179422651e+03
1.833080886854847677e+03
1.900580311732084738e+03
1.853090885773391619e+03
1.492810625955346495e+03
1.259564792709626090e+03
1.852382503436843990e+03
2.177194103583547076e+03
2.248127696295283840e+03
2.094124976078871896e+03
1.996273682035991669e+03
2.017831057160553428e+03
1.997836135566095436e+03
2.150495882449623423e+03
2.356977931093076677e+03
2.271461077936614402e+03
2.341399855634057531e+03
2.366494405844588073e+03
2.007661920145057138e+03
1.670946425919297781e+03
1.891738264086252229e+03
1.934855193089994600e+03
1.930409482351023144e+03
1.869560579598260347e+03
1.943977587741978141e+03
1.709063436731161801e+03
1.575428487720121439e+03
2.218833553464828128e+03
2.497547418199685580e+03
2.351135377377631357e+03
2.030061964544741613e+03
1.858994860307059525e+03
1.924150343014562168e+03
1.843881887003928341e+03
2.040437053133623294e+03
1.750401180723172047e+03
1.622118576526876495e+03
1.973258767192515734e+03
2.257245455403928190e+03
2.621639509050241031e+03
2.837993960443006017e+03
2.728098678024325636e+03
1.892500088886909452e+03
1.863271927741538093e+03
1.560943081765626857e+03
1.199830510915991681e+03
1.976149312930786209e+03
1.834132857778773314e+03
9.591531796241458778e+02
1.914176357251904847e+03
1.976988318883576085e+03
1.914496196451389096e+03
2.624025574573183803e+03
1.792734557917491884e+03
2.713930280947477513e+03
1.433214545829110193e+03
2.385116921018464382e+03
1.871236937795916219e+03
1.914711463122367377e+03
2.118738899316331299e+03
1.657781428877881353e+03
1.832124630136811220e+03
1.952869528309649695e+03
2.184919386145136286e+03
2.075959424089927325e+03
1.974453530531975275e+03
2.454463387728941598e+03
1.725630112741624544e+03
1.714842303897195734e+03
1.837834620669701508e+03
2.184800247663491064e+03
2.233517605631189326e+03
2.173446903736849890e+03
2.071573448453139463e+03
2.118920751495978038e+03
2.222226162745279453e+03
2.168033527372456774e+03
2.197674556369430320e+03
2.237360913531887491e+03
2.347898899030165921e+03
2.250873708611490656e+03
2.567108591597877421e+03
2.465372007573535939e+03
2.114057056044846377e+03
1.719604775689059579e+03
1.366928575565184246e+03
1.531849624075219708e+03
1.974489510180893831e+03
2.177627757097835456e+03
2.418348820295088899e+03
2.721255811461547637e+03
2.599502011245938320e+03
2.298960664158078089e+03
1.938421858837446280e+03
1.663450945794276322e+03
1.483206620229592090e+03
1.574886031508852966e+03
1.893483187594877563e+03
1.948957954271825656e+03
2.152660732062789975e+03
2.225662237923568227e+03
2.350784734143050628e+03
2.135208254342346663e+03
1.725641219507535197e+03
1.692995489216178385e+03
1.948019286996227720e+03
1.964619370420310133e+03
2.036661236884388018e+03
1.946940572417220892e+03
1.703708645776255935e+03
1.679343739533001553e+03
1.562651494363657775e+03
2.033662527519947616e+03
2.082186917024945615e+03
2.042721827972243545e+03
1.889291936326598716e+03
1.703378720552872664e+03
1.834159840529993971e+03
1.989068845813075768e+03
2.152822167435733718e+03
2.342714068157506063e+03
2.511533456772454883e+03
2.566649040002787842e+03
2.391831019045589528e+03
2.683958560101570583e+03
2.153372079815370853e+03
2.519933518286462458e+03
2.220067716252936407e+03
1.979041807012324171e+03
2.438734315087034247e+03
2.300437758528070844e+03
2.131323944730834228e+03
1.891647488501766929e+03
1.906105808742250019e+03
1.850607788134417433e+03
1.893749753923133540e+03
1.945916371900623517e+03
2.033427273707431141e+03
2.027239527724495929e+03
1.908610548650170585e+03
2.014728624675780793e+03
2.184824772628036044e+03
2.150524700838027911e+03
2.377989672156284087e+03
2.346594902688432285e+03
2.267623454263187341e+03
2.395524030107056660e+03
2.470992602509734297e+03
2.504471488047254297e+03
2.363267789978523524e+03
2.447151544663035565e+03
2.193988540799631210e+03
2.182612270539177189e+03
2.013526336683811678e+03
1.701503454730179328e+03
1.957765853206340580e+03
1.972270328956547246e+03
1.808869177983717464e+03
1.716999401761960826e+03
1.898031283153429513e+03
2.145869408231616944e+03
3.190269558714328923e+03
2.329058790519892682e+03
2.719986409869154159e+03
2.542582260894379488e+03
2.074118048783377162e+03
1.704710346220435213e+03
1.611284650250704544e+03
1.901627862773947754e+03
1.892599690129270130e+03
1.745990517752649794e+03
1.795671663751718370e+03
1.386423323909919418e+03
2.470003694211935453e+03
2.137618606131731667e+03
2.422827178479708891e+03
2.699258651641666347e+03
2.492054683447550360e+03
2.271194645929597755e+03
2.132413757316443935e+03
1.993728482057829751e+03
2.236681985066289599e+03
1.948485165757993855e+03
1.575763575547185610e+03
1.360581812210255748e+03
1.599936871624225432e+03
1.720140454693705578e+03
1.972387901661792512e+03
2.115464451130545513e+03
2.008391331940715418e+03
1.674235713809818890e+03
1.560091743294098023e+03
1.780827522157495650e+03
1.904410124114091559e+03
2.181932061279520894e+03
2.315605260215394537e+03
2.252602546818741303e+03
2.071274701577492124e+03
1.923590043232072958e+03
1.968512258628430800e+03
1.977835085970447153e+03
2.004619965888725119e+03
2.030406298930905223e+03
1.792931111286702617e+03
1.980495189213802405e+03
1.883017567837952583e+03
1.634503788711334892e+03
1.764366862057142498e+03
1.806884410508557266e+03
1.986004171309231879e+03
2.163296498864056502e+03
2.406443255705551110e+03
2.552673499661221285e+03
2.553067874696050239e+03
2.442042360778345028e+03
2.788402105606882742e+03
2.355370710323303229e+03
2.717491101153159889e+03
1.755293084406302796e+03
2.094012461549004001e+03
2.236825887708761002e+03
2.242422221260617789e+03
2.307584551329047372e+03
2.420624760192023587e+03
2.330347017222773957e+03
2.313481762717139190e+03
2.216631012286214172e+03
2.142058498467593381e+03
