1.914108841644297172e+03
2.304241826060268068e+03
1.971547664887093333e+03
1.879400641509609386e+03
2.136245488130841295e+03
1.738804608983988146e+03
2.428787826472095730e+03
1.814082153257647633e+03
2.245154455139122547e+03
2.007432209473060311e+03
1.799002536240991049e+03
2.196038559847072520e+03
1.756473413206639862e+03
2.438018768503033243e+03
1.863577637356121613e+03
2.137879020893674351e+03
2.039728134422070070e+03
1.764738134687534057e+03
2.246423739197414307e+03
1.774188558447255446e+03
2.425961008996855981e+03
1.903146189485531977e+03
2.040178723296265389e+03
2.073683401900565059e+03
1.740942214782583051e+03
2.295584743978229199e+03
1.795843699224889178e+03
2.351206472881057834e+03
1.952411614394754906e+03
1.933715123575997268e+03
2.114348056053607252e+03
1.741426522123680343e+03
2.362969144690820031e+03
1.817374725696614178e+03
2.305753673441370211e+03
1.975523842153122132e+03
1.862280692456287170e+03
2.158590243625012590e+03
1.749092618223332238e+03
2.416697394189041461e+03
1.842476664179322825e+03
2.213968593193869310e+03
2.013254794651615384e+03
1.779917709386128990e+03
2.193564175053141753e+03
1.775049405417737034e+03
2.441969825301341643e+03
1.869097781101227156e+03
2.120292942875546487e+03
2.048812393171529948e+03
1.756306332472723398e+03
2.202785254672337032e+03
1.840424383610482437e+03
2.323731547684140878e+03
1.940742661398197242e+03
2.016172731781621451e+03
2.074006873438546336e+03
1.803299425784988443e+03
2.226820811360438711e+03
1.869410151422486479e+03
2.259681270949109603e+03
1.974596942258781382e+03
1.943776394017696475e+03
2.100626852842299741e+03
1.808271573098952331e+03
2.260406412034984896e+03
1.886534923147187101e+03
2.234024266362662729e+03
1.989086539335301268e+03
1.897247191337096865e+03
2.140582680365909710e+03
1.795480132551824909e+03
2.314664363259306811e+03
1.898652808927306069e+03
2.153524641260562930e+03
2.022638607154275633e+03
1.844281328030006534e+03
2.167719376433741672e+03
1.823884170334175451e+03
2.321041085084934366e+03
1.919900239266130029e+03
2.086962834917057535e+03
2.051690481306663514e+03
1.819170090284540720e+03
2.213125875726318554e+03
1.834101520290087592e+03
2.330896395222143383e+03
1.942602568080623541e+03
2.006981958542422944e+03
2.079484323122442220e+03
1.808163131006051117e+03
2.236885270728536852e+03
1.860479803112689297e+03
2.266446480500555026e+03
1.976434780461146374e+03
1.929843913722869502e+03
2.103246653613040507e+03
1.792126220357805551e+03
2.291573605184860753e+03
1.879124340728234756e+03
2.218866832952438017e+03
2.009146814260731617e+03
1.894522000439000522e+03
2.140979559872566824e+03
1.799449678817129325e+03
2.296755132867587690e+03
1.909638279111467455e+03
2.130427861701092752e+03
2.023371322345363296e+03
1.846419575103370789e+03
2.181983739500519277e+03
1.821400845745744846e+03
2.326127939440767477e+03
1.928869343285045034e+03
2.064313359195274188e+03
2.050068770497186051e+03
1.821525349170105528e+03
2.223213367799270145e+03
1.834155431799609005e+03
2.266729032669620210e+03
1.959165706373091552e+03
1.989733613149026269e+03
2.090208276437186214e+03
1.805396848366579889e+03
2.257656992674692447e+03
1.865335331060933640e+03
2.264087193941015357e+03
1.975985434624221625e+03
1.921397753001990850e+03
2.115231029578226753e+03
1.807508444420883507e+03
2.290818047853843382e+03
1.882660883915489194e+03
2.202081265119421005e+03
2.002222522600256525e+03
1.875088571488757452e+03
2.155270671412972206e+03
1.804264869030699174e+03
2.297215514882704610e+03
1.911784965194651704e+03
2.127741471708019617e+03
2.028278457225660759e+03
1.837237705690297162e+03
2.201137096917716462e+03
1.820715404193185577e+03
2.324693632160219749e+03
1.933829572945793416e+03
2.041940938072100835e+03
2.061510145870502583e+03
1.820531482064186093e+03
2.236939780659974531e+03
1.840395178912748406e+03
2.256296344160573881e+03
1.970977401535141098e+03
1.962863689327044767e+03
2.083217641237882617e+03
1.819884531468357636e+03
2.262704158220981299e+03
1.870768356136036800e+03
2.246145082628613636e+03
1.985079318567097062e+03
1.907143187622978758e+03
2.125544608030872951e+03
1.806234527539258352e+03
2.306793801081802485e+03
1.888313926539726481e+03
2.179563352050313824e+03
2.011800518383885674e+03
1.868862734892768458e+03
2.152599675359031608e+03
1.824035968048615587e+03
2.312205565858443606e+03
1.918893291455200824e+03
2.097169081944527534e+03
2.038591435098662259e+03
1.833077136487963116e+03
2.205691596719864719e+03
1.826479459762282204e+03
2.294312134312942362e+03
1.946615000467349546e+03
2.027576911779682632e+03
2.071139181029276187e+03
1.810561811805310072e+03
2.238587189995805147e+03
1.858997551538967855e+03
2.260965706497494011e+03
1.975562439751080319e+03
1.938510745085928193e+03
2.096766091922499527e+03
1.811675352960575083e+03
2.288416953661059779e+03
1.877654387266181857e+03
2.214917623113645732e+03
1.998782716868049647e+03
1.891284646641920062e+03
2.135351174991678818e+03
1.816300215260436744e+03
2.300820471409119818e+03
1.906418455364822194e+03
2.146486983090931972e+03
2.025493566151499181e+03
1.836821172030581238e+03
2.171821677509388792e+03
1.827602588046302571e+03
2.307054359116316391e+03
1.927400270846879039e+03
2.075863156054082992e+03
2.042228506686125002e+03
1.827521643855441653e+03
2.207323355206868200e+03
1.846993289963930238e+03
2.300494386880664479e+03
1.951848532402278579e+03
1.995917435431369768e+03
2.080812321110352059e+03
1.794452265811453344e+03
2.247157624717865929e+03
1.868260271856692725e+03
2.251628234314839119e+03
1.978199922648640722e+03
1.931060276591592583e+03
2.106760823757268099e+03
1.820618119780733423e+03
2.290191033870697083e+03
1.886002556884540809e+03
2.211945806865116992e+03
1.999761609212783469e+03
1.870646348374793206e+03
2.151664577137670676e+03
1.793521666156443871e+03
2.310721169516017653e+03
1.908298798708043250e+03
2.127623367777021031e+03
2.026133950574836490e+03
1.825782289068831233e+03
2.173445649984480951e+03
1.837072931857553840e+03
2.324099311747886986e+03
1.927239278270822297e+03
2.061467627014357731e+03
2.061270509060176209e+03
1.808660854829997334e+03
2.217573512857683909e+03
1.847573329303246283e+03
2.280410607403720405e+03
1.950343710348096238e+03
1.997682151443689690e+03
2.095317748049981674e+03
1.795555897884319620e+03
2.258952268458744584e+03
1.869718459960437031e+03
2.262126656220295445e+03
1.983715609233728628e+03
1.922288833126491681e+03
2.120454449639708855e+03
1.800227814330225556e+03
2.315988914098792975e+03
1.877633719005035800e+03
2.189276915838351215e+03
2.011683128900789598e+03
1.861706880361267849e+03
2.157210619427710753e+03
1.805873540772639672e+03
2.318431826188599644e+03
1.909271914405446978e+03
2.111074846507675375e+03
2.032932910169193974e+03
1.828961177958660528e+03
2.185549353171189523e+03
1.837094664760435762e+03
2.338192323833193768e+03
1.928714533366118758e+03
2.040364422901496937e+03
2.071198233255448031e+03
1.785584377832803739e+03
2.231143250898209317e+03
1.847701991654396579e+03
2.298258841022445267e+03
1.963997831628353879e+03
1.972844150774310947e+03
2.102724543693780561e+03
1.782588504889625028e+03
2.263038551959564757e+03
1.880489065547272958e+03
