1.743879366138191926e+03
2.132291510628655033e+03
2.071856837474501390e+03
2.047474566905555548e+03
1.974332472914419668e+03
2.122403261318630939e+03
2.148105404130593342e+03
2.096528739775955728e+03
2.080099250208811100e+03
2.096149935697199908e+03
2.100017598981487481e+03
1.894776218485407753e+03
2.074528998610539929e+03
2.038913650879283750e+03
2.011536145197918586e+03
2.029101754812473018e+03
1.973546794418163699e+03
2.053727047996953843e+03
1.931628923689523162e+03
2.003165271580579656e+03
2.041379741368464693e+03
2.056801526386552723e+03
2.014059971585719495e+03
2.112922766756998953e+03
2.071668210626428390e+03
1.973455127081570026e+03
1.958987147223482907e+03
2.130272096547883393e+03
2.050079262460276368e+03
2.039782707364005773e+03
2.327895897493094708e+03
2.188518881981457525e+03
2.001630166477207922e+03
1.929853383671784513e+03
2.138386649411319013e+03
2.149130947782782187e+03
1.906626294742867458e+03
1.964337595181861616e+03
2.184256483172862318e+03
2.145891092288036361e+03
1.970897011289951934e+03
2.064019508998692345e+03
2.217382785978596530e+03
2.089449366220786487e+03
1.821884762783382939e+03
2.166462642388362838e+03
2.155426668188847088e+03
2.182566503721153367e+03
2.033539768720710072e+03
2.076120537696724568e+03
2.186670537834661445e+03
1.965481885980402467e+03
2.022764959691461399e+03
2.123436222744157021e+03
2.197256406260086351e+03
2.047859789606025288e+03
2.000504075111925204e+03
2.163849181758457689e+03
2.345555509670873107e+03
2.099827542305635234e+03
2.100756287391513979e+03
2.194721068104016922e+03
2.221436239756119448e+03
2.163056338282735396e+03
2.139142330583842977e+03
2.445567245441642626e+03
2.241128843110199341e+03
1.942293633182873236e+03
2.177204030574452645e+03
2.215010657094266207e+03
2.122862313862346127e+03
2.223056088684522365e+03
2.246044412828221539e+03
2.296291079984856424e+03
2.145687791806067708e+03
2.125582965002795845e+03
2.290046755832123836e+03
2.280328883215005135e+03
2.175552479299229617e+03
2.011530572470433071e+03
2.290516892816185646e+03
2.266854138187342414e+03
2.151668193248676744e+03
2.192741732885756846e+03
2.176142852402467724e+03
2.199223614776602062e+03
2.006990038330645575e+03
2.097775398497887181e+03
2.153740687289449397e+03
2.194279295810537405e+03
2.258029945237107768e+03
2.223544830587891283e+03
2.284978843063739987e+03
2.100889243602952320e+03
2.237363200256733307e+03
2.079822994879967609e+03
2.159957097292057824e+03
2.219429713122554858e+03
1.158207132771861779e+03
1.850284657310294733e+03
2.445406031868707032e+03
2.236839246779489258e+03
2.551658500190732411e+03
2.327844399454643735e+03
1.991504731074315259e+03
2.346433436772621008e+03
1.992373713610475988e+03
2.127389169294681324e+03
1.943666228146443018e+03
2.025286541216263231e+03
2.080186170587216111e+03
1.799828080092598157e+03
2.090976079140067668e+03
2.144388218777380189e+03
2.074853998093488826e+03
1.978929376911881263e+03
2.004196174781129685e+03
3.281070560960622515e+03
1.906887091409121467e+03
1.709793532064715464e+03
1.802182015105361415e+03
2.012771271055549732e+03
1.928416510865710052e+03
1.843293472301086467e+03
1.948127978877128953e+03
2.117644970666994595e+03
2.009062433614723432e+03
1.862260183340291178e+03
1.966168166969608137e+03
2.086132196150597338e+03
2.051442010365431997e+03
1.838918741584462623e+03
2.083860367556370875e+03
2.253898621233953236e+03
1.967546081688810546e+03
1.862492311071889617e+03
2.009139009934953719e+03
2.120081382917029714e+03
1.915279614783757324e+03
1.878711673674017675e+03
2.259235242530996402e+03
2.197615995007139645e+03
1.898280187055455144e+03
2.000366454141226086e+03
2.140513885737523651e+03
2.115342001207743579e+03
1.995227637737541045e+03
2.152751059554467702e+03
2.329229589199307611e+03
2.129394334404714300e+03
2.186862513151178518e+03
2.387349803920477370e+03
2.182259311344186699e+03
2.037183416342074452e+03
2.077233953502937311e+03
2.263546030080360197e+03
2.081813064471491543e+03
2.041577891875494970e+03
2.121625790557855453e+03
2.161170071616872974e+03
2.068802016213792740e+03
2.112644614157936303e+03
2.236674297244168883e+03
2.366952368749179186e+03
1.976334229682981686e+03
2.114038776040312769e+03
2.295011408491720431e+03
2.370633594280104717e+03
2.189382622632109360e+03
1.926281380981988605e+03
2.206091937723739193e+03
2.229577378996272273e+03
2.192746655198702229e+03
2.043351564475291070e+03
2.203667793668837476e+03
2.305748528649281980e+03
2.061607938416372690e+03
1.973870387743038236e+03
2.246897066907614771e+03
2.312028954862499177e+03
2.103217478387258780e+03
2.051889933162888610e+03
2.241175636554246921e+03
2.336980835260200365e+03
2.192231132306040308e+03
2.066836607598655064e+03
2.198961822553075763e+03
2.142903668359244875e+03
2.159906690425274519e+03
2.008582203691152017e+03
2.152059633991889768e+03
2.134453266471361076e+03
2.105797523426908811e+03
2.003715102162288986e+03
2.084121242772329879e+03
2.112729872326141503e+03
2.067910573321557422e+03
2.020192786495453674e+03
2.015037550864416971e+03
2.143468743074539816e+03
2.155724101501039058e+03
2.133431383328233096e+03
1.984299810681632380e+03
2.063675580399864884e+03
2.148243671663536134e+03
1.982315237220744393e+03
2.032464967371125795e+03
1.989242347193487149e+03
2.195422469366768837e+03
2.138826782504529092e+03
1.952034053465809620e+03
1.876908841609915726e+03
2.070374230962958336e+03
2.003279861173801919e+03
1.894994662222121178e+03
1.977915671362246258e+03
2.148713236648964084e+03
2.064956256895731258e+03
2.016399006774626287e+03
1.917407696856623033e+03
2.009615217960382779e+03
1.980256530733596946e+03
2.150603726436219404e+03
1.585241095990012809e+03
2.172170268574487181e+03
2.069784914191006010e+03
2.010962367709106502e+03
2.124514706188000673e+03
2.037213171964335970e+03
1.956082842859377934e+03
1.976106815695015484e+03
2.123755005015746519e+03
2.174242255378513619e+03
1.765061250635958004e+03
2.139156338215353571e+03
1.913601375936666273e+03
2.446406696449488663e+03
1.963566181944360551e+03
1.986555563543832250e+03
2.182915189582096446e+03
1.945652553677368132e+03
2.385495384331392415e+03
2.094573932142782269e+03
2.258883293569512261e+03
2.151836057974423511e+03
1.941785383359958587e+03
1.883059749241816689e+03
2.103436581118261074e+03
2.149393643097511813e+03
2.106295484301975648e+03
2.053201630827980352e+03
2.110812836304692155e+03
2.187545090453529156e+03
2.198070526480796616e+03
2.007959260628573475e+03
2.139494725550016028e+03
2.080677190219886143e+03
2.281188392933278465e+03
2.204499888044941599e+03
2.102513628993186558e+03
2.154678584580342886e+03
2.135505628052595512e+03
2.091217399809724611e+03
2.023210312287974602e+03
2.073276796963621564e+03
2.279205438271274033e+03
2.349778685947469512e+03
2.199692933978198198e+03
2.130267003499979182e+03
2.251058364357010305e+03
2.350804352981369902e+03
2.090015035674296087e+03
2.074014194023194705e+03
2.434361997591894124e+03
2.342246419624977534e+03
2.129381171606076350e+03
2.002919544104398938e+03
2.314391631330094697e+03
2.402479760148832611e+03
2.151874128239823676e+03
2.015702945896195843e+03
2.145572413478309045e+03
2.238674412980985835e+03
1.988225228734092525e+03
