1.751335758391732270e+03
2.400625632814882465e+03
2.685041375613172931e+03
1.213278367780130566e+03
1.882504489532462685e+03
2.926472636774933108e+03
1.846950255919432266e+03
1.190203444888345985e+03
2.623368344923232598e+03
2.527605289783101398e+03
1.666288518372464750e+03
1.425444668515350486e+03
2.482850991014741794e+03
2.493912656724648059e+03
1.457884980024957713e+03
1.542795509619944823e+03
2.289115790642913908e+03
2.323956494939052391e+03
1.802219004380906654e+03
1.856958850695401225e+03
2.283063584634861854e+03
2.108521704148443860e+03
1.891437446949587866e+03
1.810473559101248611e+03
2.265681257267805449e+03
2.025236769286427261e+03
1.623251741066158729e+03
1.974484002348119702e+03
2.594272027764660379e+03
2.216821397872020952e+03
9.428406568191516044e+02
2.263079427288539136e+03
2.477086282480346654e+03
2.031294758369793271e+03
1.319455717643731532e+03
2.124292128167958708e+03
2.278370385916283340e+03
1.804643419008552883e+03
1.557108551206099719e+03
2.045980671062955935e+03
2.493166648840583093e+03
2.159082746187035809e+03
1.753668471724594156e+03
2.078801513947881631e+03
2.555609000370269769e+03
2.027400828398209114e+03
1.628619769321798458e+03
2.004365586591400870e+03
2.528808124023011715e+03
1.922864994157020647e+03
1.343370579982447452e+03
2.263491958760263060e+03
2.586340364783626228e+03
2.090529575177361494e+03
1.516444288024018078e+03
2.174690986008915388e+03
2.416103689704817953e+03
1.922488086599865028e+03
1.369528196071324146e+03
2.267646687727119115e+03
2.408042265046302418e+03
1.582147320242664136e+03
1.824875782096707781e+03
2.713356767985631450e+03
1.976574243438318035e+03
1.191875413421275425e+03
1.820276098792788616e+03
2.536921016515865631e+03
1.877951358985393881e+03
1.770309966174570036e+03
2.539373784500936836e+03
2.671164629800947296e+03
1.538964889038727279e+03
1.690607753501259367e+03
2.580167302108234708e+03
2.298442954111651034e+03
1.597975325566782658e+03
1.454457331600737234e+03
2.454611379438662880e+03
2.501372246648789769e+03
1.403960975061044792e+03
1.366895409924919477e+03
2.194552124418910807e+03
2.200940112826893255e+03
1.762305803373279787e+03
1.772169312121368648e+03
2.200875656772763250e+03
2.413389095811515745e+03
1.976065606257298896e+03
1.758601086294434936e+03
1.918985493307962997e+03
2.324420743396639409e+03
2.242356179933255135e+03
1.573603099568636935e+03
1.721095380564883953e+03
2.504980574768175302e+03
2.502080547298688089e+03
1.050593002844684406e+03
2.574461085977104176e+03
-1.541395090943384538e+01
3.754051814766397456e+03
2.338009023769118812e+03
2.424885091332429965e+03
3.223694506317440300e+03
3.259249236898318031e+03
6.738549766263988658e+02
1.296450820568608606e+03
1.929397625574270478e+03
1.770492657228733378e+03
2.121143572268725620e+03
2.845198967181092939e+03
2.078255761445037024e+03
1.784484515033693469e+03
1.322251589770066630e+03
2.657052670634355763e+03
1.790294309594246215e+03
1.296764576603168280e+03
2.076559157120138480e+03
9.126283582975795525e+02
8.291357376887526698e+02
3.712359013955444425e+03
3.101171121060049245e+03
2.151278594227225312e+03
1.902518290536019094e+03
1.958399335167451341e+02
1.513040404564123492e+03
2.139345655038384393e+03
2.140211026733692506e+03
2.499873733165172780e+03
2.192988823962562492e+03
2.075967371493903556e+03
2.285172581504506525e+03
2.462125758039455377e+03
2.004095486018717793e+03
1.540021910713134275e+03
2.011752299195234855e+03
2.651381336941925383e+03
2.001646072799198691e+03
1.175785558197194632e+03
1.775809213825202733e+03
2.939426648336315338e+03
2.347549522468189025e+03
1.052687715175965650e+03
1.721924148859309526e+03
2.367683694955233477e+03
2.346631409460135728e+03
1.305194165619309388e+03
1.821793397123919476e+03
2.472139727312596278e+03
2.658885259995431625e+03
1.661102981416172042e+03
1.537283661273494772e+03
2.452918949476512353e+03
2.571990787542436010e+03
1.565348814460782251e+03
1.211047892872356215e+03
2.326540403252423403e+03
2.912128218264555017e+03
1.295394813132260424e+03
1.358434849521151364e+03
2.364893901509484294e+03
2.890986350659334221e+03
1.402649132520420380e+03
1.511767430116879723e+03
1.912263957378071154e+03
2.391556310956829293e+03
2.091760677582866265e+03
1.929506141676871721e+03
1.917826740189904058e+03
2.019990853511576688e+03
2.412403296622534981e+03
2.064960435492485885e+03
1.760384264785102005e+03
1.768690516517018068e+03
2.291492224327620079e+03
2.278030848873484047e+03
1.519915651070323747e+03
1.777205503987405791e+03
2.501391208943928177e+03
2.779740629390319555e+03
1.607971655420596562e+03
1.390881562806391457e+03
1.937820886236469278e+03
2.793335519904141165e+03
2.553010097299271365e+03
1.884616241498415093e+03
1.507179652549878256e+03
1.359663217091231445e+03
1.679817713794110887e+03
2.134580256745161932e+03
2.318159202789936899e+03
1.805405301837430670e+03
2.208809510568418318e+03
3.216410714306985938e+03
1.080158254327051736e+03
2.264569678803772149e+03
1.926627135047587217e+03
1.917820929171052285e+03
2.172543619473251510e+03
2.342561861202816999e+03
2.000390706868556208e+03
1.968075639862306389e+03
2.150302264363190716e+03
2.586692582368549211e+03
8.815799733205982420e+02
3.681092727141495743e+03
1.504381636781008410e+03
2.279079018129384167e+03
2.021384362886074314e+03
1.489210461230343753e+03
1.666180171805436203e+03
1.992309999270061326e+03
2.444397609881569224e+03
2.251822015271251075e+03
1.870693574173607658e+03
2.182024773955930868e+03
2.556583760231005726e+03
1.606271395272133304e+03
1.594251711365454412e+03
2.705920257438369390e+03
2.272221143331497842e+03
1.394569878152488627e+03
1.574395420178177119e+03
3.547471970370022518e+03
1.197180494008355936e+03
2.518926874699729126e+02
1.679372481604638779e+03
2.135481031512077607e+03
2.689278777097675174e+03
2.050776552565257134e+03
1.798910743820074231e+03
1.988314420423489992e+03
1.878694801915367407e+03
2.022509015959332146e+03
2.052608684469202672e+03
2.207921482825987823e+03
2.175531818555444715e+03
1.676764298321626939e+03
1.985842662273882070e+03
2.265549076011866418e+03
2.171512490343729496e+03
1.916710207253352792e+03
1.751961433858994724e+03
2.553240436842570034e+03
1.282445585170645018e+03
2.293064153295228607e+03
2.442151665666969620e+03
2.831437412179025614e+03
2.275450394909177248e+03
1.304050591988717770e+03
1.417126031501069292e+03
2.185391363959368846e+03
2.510096851887817593e+03
1.672676927966574112e+03
1.795379508153216648e+03
2.276242946171880703e+03
2.379876982647673685e+03
1.665294786163934532e+03
1.752960127376826449e+03
2.102806492269065984e+03
2.504157717874646551e+03
1.611056128153714326e+03
1.637020257021899397e+03
2.649117385225285943e+03
2.296228135081040818e+03
1.500537327107290139e+03
1.597803191685654838e+03
2.555356349617963588e+03
2.205328686377897611e+03
1.766486079592067426e+03
3.162735417485981543e+03
1.180951455001564000e+03
1.490221341814222569e+03
2.415256264391613058e+03
1.903138769468262353e+03
2.217536991610362293e+03
2.239341651671688396e+03
1.917465170860960598e+03
1.835508625657078710e+03
2.039640120583128009e+03
2.333063608970112000e+03
2.036962397741041059e+03
1.863501124880987163e+03
1.977972811250618633e+03
