2.254443112117994133e+03
2.893165605047536246e+03
2.840195826541581482e+03
2.184904595094644719e+03
1.612017002362896392e+03
1.077935068680062614e+03
1.720012477581190979e+03
2.263822233018976931e+03
2.590274421380549484e+03
2.550237577540510756e+03
2.045498272209989636e+03
1.945976606465225359e+03
2.213543722044969400e+03
1.458482798483422357e+03
2.152276514499483255e+03
1.261840974952589477e+03
1.146159434021827337e+03
1.945116096770246486e+03
1.421093361432472193e+03
1.629464914062345770e+03
2.058995679901172480e+03
2.182969419751745136e+03
2.153294909868936429e+03
2.137081606526208816e+03
2.047113156115419997e+03
2.134473605015383782e+03
2.024853510320376927e+03
1.890040120690152435e+03
1.952773174659618235e+03
1.797925134730314312e+03
2.040728830837510031e+03
2.180831566427958478e+03
2.292808697858515188e+03
2.346128028352734873e+03
2.265686665371829804e+03
2.463499911441883341e+03
2.211675721890361729e+03
1.540224103545953767e+03
2.076869837003344401e+03
1.867749762906810020e+03
1.584060232106357944e+03
1.434232230883460488e+03
1.648524746255252239e+03
1.841507255164488242e+03
1.878552669748090011e+03
2.005764942317165605e+03
2.062963375508278659e+03
2.189611535734598874e+03
2.105787571776930690e+03
2.158595111192948480e+03
2.188148804851568912e+03
2.271428780475129315e+03
2.304812586545434442e+03
2.197336422394947022e+03
1.963092304949721665e+03
1.597887788569287295e+03
1.772001507761556240e+03
2.099004033288028040e+03
2.279086267574157773e+03
2.356250305980246594e+03
2.381655614519899245e+03
2.359965129450780751e+03
2.134740005984003801e+03
1.809851353166573290e+03
1.619117244822929024e+03
1.493950487101721137e+03
1.586773152264009468e+03
1.798018519007959640e+03
2.169966830366543036e+03
2.502439290423509647e+03
2.469228808058224786e+03
1.995609683968437821e+03
1.562866462046121569e+03
1.808307853918211777e+03
1.855440598195455550e+03
1.716970229753354715e+03
1.878709130403505014e+03
2.188965838646129214e+03
2.045736359873459605e+03
2.004785380063310868e+03
2.285986420070391432e+03
2.195366478126151833e+03
1.992424190607865285e+03
1.991402232006793611e+03
1.931388885758654169e+03
1.868355749270439901e+03
2.068323665490242547e+03
1.803939336064777535e+03
1.979276698947236355e+03
2.004724963206940856e+03
1.941328059879712328e+03
2.052877736027295214e+03
1.970807770202876100e+03
2.175861088591382668e+03
2.257106875100505476e+03
2.183770929274352056e+03
2.337982830934086905e+03
2.478485566871057472e+03
2.280066073441189474e+03
1.739891054937361332e+03
4.229242323111128826e+03
9.805974364914710577e+02
1.206410052731326914e+03
2.566376331484108050e+03
5.385040150885002959e+02
3.807883396502259643e+02
3.014355362432290804e+03
2.589192937342224923e+02
2.283407935952689513e+03
1.914062228078706994e+03
1.065427385529146932e+03
1.970576269230284424e+03
1.678116292509214418e+03
1.847126966956968317e+03
1.907465060526272282e+03
2.001650896511575638e+03
1.242733066864871262e+03
2.037967413021862058e+03
6.480355629210733923e+02
2.733011114770820882e+02
3.710475369748545745e+03
3.366735686290307513e+03
3.849359816529774434e+03
3.887623792319250697e+03
1.932425466558491962e+03
2.369975006494107674e+03
2.073677925025831883e+03
3.378242233611069423e+03
4.185052689411564586e+01
2.030025137106551938e+03
3.703159582034301820e+03
4.178066383917216626e+03
4.203057127073427068e+02
8.861809122268948613e+01
1.498666302243860628e+03
1.198335071175137045e+03
1.293389040505546745e+03
1.573253695090480278e+03
1.708555312318820370e+03
1.800823953496676722e+03
1.925228083737012639e+03
1.944286412079603679e+03
1.930598635217511173e+03
1.943411146840127458e+03
1.950862903758079938e+03
1.949699181963957244e+03
2.037918660549773222e+03
2.059217846051857578e+03
2.037496398524219558e+03
2.040337670991709047e+03
2.015546912670093661e+03
2.056523262131052888e+03
2.110646850319751593e+03
2.065337177605445959e+03
2.109561323722680754e+03
2.089574405392896097e+03
2.057893555025631485e+03
2.014332340482720610e+03
2.169115009992603063e+03
2.116128618300696871e+03
2.135374532973130044e+03
2.013937742217970481e+03
1.958482388151933492e+03
1.960464924526253526e+03
2.077760212727323051e+03
1.929876086457351448e+03
2.134570556839217716e+03
1.912641802082594950e+03
1.979246687840221739e+03
2.700318249707803716e+03
7.191901733751597021e+02
2.755697055588800595e+03
2.161394828416057408e+03
2.481019320488552694e+03
1.827145075213435348e+03
2.314928582958919378e+03
2.795044895844278926e+03
1.358053291760512138e+03
2.236374254768963056e+03
1.837315797172685279e+03
2.531664934430488302e+03
2.073855601091262088e+03
1.517557784239827924e+03
1.798521310408039881e+03
1.494852138086112745e+03
2.143147652576532437e+03
1.999321879118984498e+03
1.913475189847874844e+03
1.961048047924855382e+03
1.820392668799464218e+03
1.860519609227531873e+03
2.200347547705698162e+03
2.108474476428866183e+03
1.842264607399538136e+03
2.049755208884188050e+03
1.778309144761176867e+03
1.801788030672257491e+03
2.000674383113343310e+03
2.310553219768555664e+03
2.164433939094347352e+03
1.882238960174602880e+03
1.968915675382768995e+03
1.479825026987280125e+03
1.570150999215244155e+03
1.947507782990104943e+03
2.420732456168514545e+03
2.240840744056256426e+03
1.591865368819259857e+03
1.613625829306977721e+03
1.476694947182430724e+03
1.624790795700068884e+03
2.175714725804050886e+03
2.459418053753091954e+03
2.502779093406145421e+03
2.325251968433077764e+03
1.548416879369358639e+03
1.229721160618744989e+03
1.204658444822167667e+03
1.308731382601360792e+03
1.575040147575042965e+03
1.908517709511338353e+03
1.912403607851552579e+03
2.095078269432710385e+03
1.414958599889555444e+03
-6.375976008881945489e+01
1.509762877205296945e+03
6.365918669337099800e+02
4.264606718015867955e+03
3.757244080815028155e+03
2.801401732583217836e+03
2.104716577208197123e+03
5.037824178302759037e+02
3.210526099548355432e+03
2.026715070006076758e+03
1.514884055206906851e+03
2.381746613814744251e+03
3.369905649071528160e+02
1.909229543384064073e+03
2.116179146997395037e+03
1.439290784903529357e+03
2.715225513642683381e+03
1.485929000147468741e+03
2.466112582032130376e+03
2.072369826525838107e+03
1.434271885307308139e+03
2.835783659251080280e+03
3.657942632362932727e+03
1.114583215907649674e+03
1.538557895930607401e+03
1.875599058372654326e+03
2.159393723112120824e+03
1.981361980116317000e+03
2.160449701426805404e+03
2.292375310884334795e+03
1.780338493118493261e+03
1.896431938804311812e+03
2.137055298457300978e+03
1.848679048745318369e+03
1.780556761020204249e+03
1.817604998433288984e+03
1.668613240322737511e+03
2.012131901808025532e+03
2.189987201839088812e+03
2.154687020269523600e+03
2.088068218925726342e+03
2.394493857678676704e+03
1.575505137475819765e+03
1.475245296914615892e+03
1.054159334215251192e+03
2.015667698936247461e+03
2.164445829716865319e+03
1.607476287361400182e+03
2.653925684350908341e+03
2.934912392293748326e+03
2.938523767193454660e+03
1.537297996448086906e+03
3.162139175338020323e+03
1.459557726368880537e-02
2.438350187580928377e+03
1.329952340550656345e+03
2.767867852905974360e+03
2.286391748945889503e+03
1.290609831929709344e+03
1.325152062239504630e+03
