2.597079111126877251e+03
1.999801021188920458e+03
1.784984485469995434e+03
1.775691427644245096e+03
2.178138586214605311e+03
1.730155748481184673e+03
1.737302848558897267e+03
1.924493472037428546e+03
2.365212529376295606e+03
1.930770039121826812e+03
1.700791013464243861e+03
1.989886708495535458e+03
2.195032816470612033e+03
1.700631198150091677e+03
1.633659172972439364e+03
2.255360451988458863e+03
2.212786104665364292e+03
1.885739578655149444e+03
1.789057722389733499e+03
2.327320242837700334e+03
2.260216578731617119e+03
1.927823571665792542e+03
1.920026162362806190e+03
2.340064916331499262e+03
1.819569464713180196e+03
2.055375484435131966e+03
2.179098647139576315e+03
2.065043389051311806e+03
1.707489874920059265e+03
2.109567389822481346e+03
2.358339702729321743e+03
1.794940663041650623e+03
1.641608111012841391e+03
2.358036966475833651e+03
2.202061371315313863e+03
1.657722351279546729e+03
1.691403822451688029e+03
2.364014451253775405e+03
1.752297176861083244e+03
1.895551719303292202e+03
1.926323024642617611e+03
2.307941986061453008e+03
1.927562454818313654e+03
1.887679100128458231e+03
1.934495186227550903e+03
2.080564188640861630e+03
1.826407667466731937e+03
1.956680410246031670e+03
2.074165055675439817e+03
2.127665053279096355e+03
1.771016248289542773e+03
2.016749262410984329e+03
2.448697915605267553e+03
2.269628353909237831e+03
1.857148629286338064e+03
1.776569592102104252e+03
2.400422833976594120e+03
2.221863086329243743e+03
1.687765304028684795e+03
1.725636459474295634e+03
2.520562166515133413e+03
2.175188955882316350e+03
1.808529647190759988e+03
1.719215636622028569e+03
2.303192887319654801e+03
1.747772605615609109e+03
2.159120058213551602e+03
2.721499583910959700e+03
1.676042715214591453e+03
1.579932922370356891e+03
2.503422752997689258e+03
2.287494163660144750e+03
1.865392364997215964e+03
1.854631043549327842e+03
2.378498090146837058e+03
1.678153283050247410e+03
2.027200172221656658e+03
2.322266584293853157e+03
1.868064898302041911e+03
1.686999779511059614e+03
2.345621671982612497e+03
2.156478875753870852e+03
1.747388104634827641e+03
1.724468103849883391e+03
2.421896828340614775e+03
2.112275432623524466e+03
1.699563259555745390e+03
1.785328343193500586e+03
2.323412965961239024e+03
2.247441921009646194e+03
1.682305475879732057e+03
1.697807568753593614e+03
2.315054835573099353e+03
2.174669979927696659e+03
1.840513599822456854e+03
1.890504804298314639e+03
2.200889548460667356e+03
2.205145649575072639e+03
1.768279414726155437e+03
2.193354980615697968e+03
2.181640651295781936e+03
2.144212490593384246e+03
1.677397919347160951e+03
2.286035713269736789e+03
2.286602512283901888e+03
1.729029996743247011e+03
1.777294702848416364e+03
2.358170730030567938e+03
2.215994905475527048e+03
1.560501693735519893e+03
1.719504118769579463e+03
2.203456698039727598e+03
2.246024100760541387e+03
1.772956528979395216e+03
1.937088538129361723e+03
1.738002893587611197e+03
1.864479935589048409e+03
2.151089468055877205e+03
1.813208055535341373e+03
1.568779823945088538e+03
2.192667585045001488e+03
2.103124199618530838e+03
1.833940617623478829e+03
1.670975187166733349e+03
2.402817437639975651e+03
1.764224169429313406e+03
2.034733275457904028e+03
2.008610036973476099e+03
2.151347454637876581e+03
1.616138056270720426e+03
2.181316862196965758e+03
1.996992013577895932e+03
1.851493454635459329e+03
1.813498280365395885e+03
2.099199674219475128e+03
2.312580064917598520e+03
1.678058453468778680e+03
2.028937826168490574e+03
2.451474052798496359e+03
1.850736000802503213e+03
1.509267475775366620e+03
2.229947174060905581e+03
2.040255710524056667e+03
1.760877005427003041e+03
1.677076735104464660e+03
2.300332889301591877e+03
1.683195642969563551e+03
1.957893123087808362e+03
2.082782863705834188e+03
2.058740330681162959e+03
1.720110191776143438e+03
2.023751265667346161e+03
2.282908481808939086e+03
1.761722648849250618e+03
1.663318666118325154e+03
2.230055429024652767e+03
2.039426920453481671e+03
1.783025837481912504e+03
2.198494792617437724e+03
2.113831065171204500e+03
1.571974208485693907e+03
1.754713791297808257e+03
2.535857130015897837e+03
1.788360049508948578e+03
1.474840016085870957e+03
2.056441224116231751e+03
2.319522953303647682e+03
1.717400079180301873e+03
2.056965268586428920e+03
2.177812243017988749e+03
2.183107948285538441e+03
1.672534559588254069e+03
2.287722659157555881e+03
2.179521387394303474e+03
1.700316165614937063e+03
1.790209998865519083e+03
2.327598627352348103e+03
2.235094230049558064e+03
1.862183703224148303e+03
1.713648713852523542e+03
2.347233291526900757e+03
2.177909695863676916e+03
1.868986526846570086e+03
1.837189936650838263e+03
2.144305569169922819e+03
2.350148584503084294e+03
1.686216955386165182e+03
1.966247407864024353e+03
2.245919511356910789e+03
1.996329964764544002e+03
1.463473689190188225e+03
2.051850961345852284e+03
2.537559549296332989e+03
1.788095645154332260e+03
1.512896522507287955e+03
2.215250975928332537e+03
2.474380789960553557e+03
1.988346296340398112e+03
1.535598077539841597e+03
1.968595465563777680e+03
2.279532092569042106e+03
1.898758901493693429e+03
1.640592111177695870e+03
2.012664981969217706e+03
2.363392248107769319e+03
2.157895718396930988e+03
1.720257585842948174e+03
2.175523584260557527e+03
2.286703104748513852e+03
1.874427016662444430e+03
2.245434513699648960e+03
2.287118782582248969e+03
2.418339383367284881e+03
2.022078574303314554e+03
1.945191170050285564e+03
1.509921699097963256e+03
2.577319909664231545e+03
2.110092714453071949e+03
1.472841776567684974e+03
1.817170578367675262e+03
2.654393199912808086e+03
1.671506869770891853e+03
1.223049410346412515e+03
2.267345769575025315e+03
2.382248447557761665e+03
1.734061713545935390e+03
1.458978036125586414e+03
2.550513417874697552e+03
2.022561816992096283e+03
1.686174439432468262e+03
1.937199802197765848e+03
2.420579823314269106e+03
1.568052577467839228e+03
1.855832352065290706e+03
2.479231204972092655e+03
2.233679681695196450e+03
1.515305243385979793e+03
1.831126188925881252e+03
2.673251698281354493e+03
2.152339657775237356e+03
1.597468103230324687e+03
1.767395074921856121e+03
2.297579330427891364e+03
2.074808983141267163e+03
1.921235432008553289e+03
1.861699178167946911e+03
2.200754874161820680e+03
1.846442633306326798e+03
2.122548672549311505e+03
1.966196754551699996e+03
1.950500376031296582e+03
1.803200931061220672e+03
2.189908077048884934e+03
1.987140323291401728e+03
1.768482083996953179e+03
1.876824577868881761e+03
2.474696539372287589e+03
2.250349641941936625e+03
1.586306792362549459e+03
1.638958301058414918e+03
2.140274606375167878e+03
2.287233649251351380e+03
2.028358510648238280e+03
1.822564315925716073e+03
2.227548613246765399e+03
2.012281012826295864e+03
1.766337681364142327e+03
2.387231489667503411e+03
2.266454599512076129e+03
1.340838335967356215e+03
1.874805666842693881e+03
2.267863353100185122e+03
2.162239542154170067e+03
2.141076258328398126e+03
2.092518484405305117e+03
2.208771841295547802e+03
1.973528578207878127e+03
2.296836258030635236e+03
1.987312799730423194e+03
1.802930613227027152e+03
1.795302384141499488e+03
2.253610690498246186e+03
1.909958956786796307e+03
1.565113890827743944e+03
