1.905390878788203509e+03
1.395065251117810931e+03
1.657514871218962526e+03
2.122541270602370787e+03
2.502389643801884631e+03
2.533878872704940477e+03
1.458484541954888527e+03
1.576963227962389283e+03
1.840982626856000252e+03
2.706414775036899755e+03
2.053566575699132500e+03
1.439526900730489842e+03
1.918811389864312105e+03
2.446924642567035335e+03
2.405136506159673445e+03
1.055359874242957403e+03
3.135859489365203444e+03
1.890320831296531651e+03
1.489735217470853058e+03
2.047682914280612295e+03
2.299844449709211403e+03
2.558377317059319012e+03
2.103760018196143392e+03
1.195662976822740575e+03
2.740066305968756751e+03
1.192754632278055851e+03
2.193584509144194726e+03
2.453912604321280469e+03
2.425442547231809840e+03
1.682140645165556862e+03
1.667441729077550463e+03
2.228580549331545626e+03
2.483413498449050621e+03
1.943820609620873256e+03
1.434348789512325538e+03
2.068476195038394053e+03
2.647998469759755153e+03
2.492724256596393843e+03
1.434816794313566334e+03
1.633231038710471466e+03
2.467520040839046942e+03
2.536543137535296410e+03
1.898579828978794694e+03
1.700667037624879640e+03
1.805754737478674087e+03
2.401290086881907882e+03
2.443944340302408818e+03
2.032807864076353098e+03
1.505803497545983873e+03
1.590934182993609511e+03
2.412103141820884048e+03
2.408750260416753463e+03
2.092864308158381846e+03
1.320067839002601431e+03
1.875857577714788476e+03
2.446564256849083904e+03
2.525128700539108650e+03
2.081941851198676432e+03
1.409174208559476938e+03
2.171509287560405937e+03
2.517234056768362279e+03
2.303905510359608797e+03
1.472515218628773255e+03
1.661982328204319174e+03
2.561205309042933095e+03
2.502334140256726187e+03
1.901245936816001404e+03
1.314097697937467274e+03
2.019463462025025592e+03
2.720753518602914482e+03
2.376196835304193428e+03
1.631168341171631937e+03
1.328388595002747707e+03
2.338034185894640814e+03
2.715209780536596554e+03
2.197491102647549269e+03
1.524219020211737416e+03
1.437437149465605216e+03
2.414253322166778617e+03
2.469290943907878500e+03
2.539249985750950145e+03
1.528828012892446623e+03
1.341436547559038445e+03
2.240091939753095630e+03
2.295118055285330684e+03
2.577951962585739693e+03
1.778893259554704628e+03
1.496855206408710956e+03
2.028441398573130300e+03
2.223936580107592818e+03
2.644709379110654027e+03
1.786841877758848113e+03
1.784676616560039065e+03
1.774439886334083440e+03
1.992666395275348350e+03
2.452826510257784321e+03
2.317436892966670257e+03
2.318802377942299245e+03
1.488716772549319558e+03
1.585340575013911803e+03
1.832878673253258512e+03
2.311849768036451678e+03
2.712552733487222213e+03
2.288126841913467160e+03
1.635067332302968225e+03
1.446304791268269128e+03
2.098598754112520965e+03
2.547024331064642411e+03
2.377738115109415958e+03
2.085066549367472362e+03
1.615839540964457683e+03
1.858135277181839911e+03
1.529970065524882557e+03
2.263779042058503819e+03
2.558206443532797948e+03
2.386494123570717875e+03
1.963148735183252484e+03
1.136168311569364732e+03
1.861766593858153328e+03
2.390919200634332810e+03
2.724327531216119496e+03
2.056130335055215710e+03
1.572001860489530600e+03
1.840711568906121784e+03
1.731669884949081961e+03
2.500814700657530011e+03
2.404848703037393534e+03
1.934499692209671366e+03
1.630082380300528484e+03
1.667158126875290918e+03
2.694744540011091885e+03
2.118632165271490521e+03
1.932106208482008924e+03
1.462822532431474428e+03
1.874407938647487072e+03
2.730442296366991741e+03
2.366701385772983940e+03
2.084594572135993985e+03
1.310018830119815675e+03
1.733709185059183937e+03
1.877625460150634808e+03
2.069676224764161816e+03
2.852689332671246575e+03
2.183343818057978297e+03
1.246573213292090713e+03
1.694691104355635844e+03
2.431595549272594326e+03
2.579939323436040922e+03
1.918718974320300731e+03
1.536687436144834692e+03
1.797623174405196323e+03
2.437243188351142180e+03
2.492749636365937022e+03
2.075493427720134150e+03
1.547683883312778335e+03
1.691137913056109937e+03
2.287524211125306920e+03
2.392503782961934576e+03
2.187550602833603079e+03
1.453052554620483988e+03
1.755976746966167639e+03
2.380060350119097620e+03
2.408036055531872535e+03
1.947812626213938074e+03
1.567247294907676633e+03
1.954986446828506814e+03
2.374532307332415257e+03
2.335138551324613218e+03
2.034467050466887031e+03
1.829261261361644983e+03
1.867495096081804832e+03
1.902045598608264299e+03
2.351912355328388912e+03
2.424797506900689314e+03
2.096829631282662831e+03
1.618837673106411103e+03
1.584578969800280220e+03
2.185995082837875998e+03
2.376954564768810087e+03
2.318986188508772102e+03
1.650865489299141927e+03
1.541210690498317717e+03
2.142281273000326564e+03
2.593545871187979628e+03
2.200927343865751482e+03
1.522925916133677902e+03
1.646928130949045681e+03
2.350400924622314051e+03
2.578289678954047758e+03
1.957008394756283678e+03
1.528806744021865143e+03
1.662986065297562845e+03
2.467156110608541894e+03
2.371529787903618853e+03
1.540800505672917780e+03
1.586513859641061345e+03
2.473782619922460526e+03
2.519318943607051551e+03
1.952487478387978854e+03
1.546589515903337315e+03
1.583406187536549396e+03
2.570492331757151078e+03
2.473304349559529783e+03
1.483860889403729516e+03
1.539093394152237579e+03
2.112685614429711222e+03
2.644596812262875574e+03
1.897923526971075489e+03
1.704571120577210422e+03
1.805367333447013380e+03
2.484342707797010462e+03
2.384368923083696245e+03
1.599540980773727824e+03
1.739654344336393251e+03
1.896646066380429147e+03
2.554547322696434549e+03
2.272559605611124425e+03
1.505427747143092574e+03
1.725435668831344856e+03
2.298276818418033145e+03
2.739208304375181797e+03
1.526511423333157609e+03
1.678793784610677449e+03
2.281154612643503242e+03
2.644164719801852698e+03
1.964012189487102660e+03
1.359933872152894082e+03
2.230865356661096939e+03
2.470224835364890168e+03
2.364928825877139843e+03
1.513700006237399975e+03
1.677392538698625685e+03
2.127315210141414809e+03
2.485006798776186770e+03
2.408102710967107214e+03
1.535236247702552191e+03
1.576034540318059953e+03
1.946774666415870797e+03
2.492202889868271541e+03
2.037484668775536420e+03
1.485747695193089385e+03
2.065022273322950241e+03
2.258344000576390044e+03
2.621057984596638107e+03
1.909953713666632439e+03
1.523341843941497018e+03
2.118798830035082119e+03
2.315514113339558662e+03
2.699076687516481343e+03
1.963302677177330224e+03
1.524844537241357102e+03
1.764639408338184694e+03
2.112414469178999298e+03
2.488385191896532433e+03
2.246861337274405287e+03
1.934467800427270959e+03
1.659125113866799893e+03
1.676546301672427035e+03
1.946716167224831906e+03
2.286675472274684580e+03
2.330685178481287494e+03
1.858593734969284469e+03
1.668106445107260470e+03
1.817039506839456408e+03
2.335055784558509913e+03
2.709507234162798341e+03
2.015553593427377791e+03
1.570356018086006088e+03
1.485086003189744588e+03
2.402822950529781792e+03
2.771801491613846792e+03
2.245123244323434392e+03
1.291688844689797634e+03
1.674748395210285935e+03
2.481381750608250968e+03
2.832539623735731311e+03
1.721641564424702437e+03
1.062496192009899687e+03
2.102961039352971056e+03
2.769575792101893967e+03
2.659302846452706490e+03
1.712555036537561364e+03
1.361702489827862792e+03
1.969046903320880119e+03
