1.124992716914731773e+03
1.982958906656561339e+03
2.727320890661630983e+03
2.333290715566646213e+03
1.568264858942942737e+03
1.684094921923998754e+03
2.133347333308191992e+03
2.426137910908522827e+03
2.028767958037721883e+03
1.907413942965657725e+03
1.853185691726675259e+03
1.989490894027114336e+03
1.922266943482641182e+03
1.954778502653578926e+03
2.237698339061996649e+03
1.397915855003819843e+03
2.561702075790575236e+03
1.668073517766547639e+03
1.917280277668227882e+03
1.476452694535053297e+03
1.592755198660684528e+03
1.990314775915865539e+03
2.375188286963228620e+03
2.608386143553785587e+03
2.584254972078608716e+03
2.148881942376353436e+03
1.901330676278650571e+03
1.649869181863643462e+03
1.694842959149925036e+03
1.931831760527249344e+03
2.346439206446771550e+03
2.501196423373532070e+03
2.192462760752061968e+03
1.802979604070749019e+03
1.663684576030951575e+03
1.532826730323436323e+03
2.098095469995279018e+03
2.278671622967086023e+03
2.422458239022767430e+03
2.085624394316040252e+03
2.130881047765648873e+03
1.718559144893888742e+03
1.459585028409725510e+03
1.718639795431709672e+03
2.789803587138415423e+03
2.480774596262439445e+03
2.055863795314805429e+03
2.041999420595540641e+03
2.063716804166006568e+03
1.838414678924121063e+03
1.717039908087931508e+03
2.061581959153045773e+03
2.491770185056085666e+03
2.260876800052647468e+03
1.286799629992161499e+03
1.067080364066893480e+03
2.094141717839989724e+03
3.350486694634198102e+03
1.936903287953259678e+03
1.976083447988215767e+03
2.988671728531049212e+03
1.877814472191054620e+03
9.159486104048961579e+02
1.627200035024045519e+03
2.654140176008836988e+03
2.567440561466512918e+03
1.872926172617888142e+03
1.711306901637152578e+03
2.011900704409056289e+03
1.993670381266668983e+03
1.931160475607443914e+03
2.006554356164987212e+03
2.926110889558939107e+03
2.546898963678031578e+03
1.861268497890243452e+03
1.378446628436877063e+03
1.712092064971548552e+03
1.991658998309304934e+03
1.908856666129396444e+03
1.971579710591067851e+03
2.856207694870364321e+03
2.714806284614872311e+03
1.953811020648385011e+03
1.899772029099919337e+03
2.050790424696396258e+03
1.949362564514979567e+03
1.694768041806575638e+03
1.752365450707346099e+03
2.269521963589559618e+03
2.643345260334445356e+03
2.075456452199737669e+03
1.918457519492947768e+03
1.858337705163341752e+03
1.687629548072041416e+03
1.532172462214007965e+03
2.223091551182617877e+03
2.407865856457215614e+03
2.255604132522204509e+03
2.210721819267871069e+03
1.998024738593241636e+03
2.061971212322216161e+03
1.877841535742361202e+03
2.049873416761306089e+03
1.887132068638584997e+03
2.038310834245796968e+03
2.041628564968128558e+03
1.913358823782485842e+03
1.735638493483962293e+03
1.583237043192368219e+03
1.811048068045691025e+03
2.083973941564800953e+03
2.468585528083176996e+03
2.623684803932120303e+03
2.328991173643591537e+03
1.745617650718792220e+03
1.530956898785029580e+03
1.534533416293070786e+03
1.876947167883337215e+03
2.136428146312021909e+03
2.658963311317642820e+03
2.413159537749884748e+03
1.834686931574769915e+03
1.651933287017380508e+03
1.525148965586162376e+03
1.878277527951596994e+03
2.252118346806816135e+03
2.338695817945435010e+03
1.986903728239906968e+03
1.674437891724739984e+03
1.944826163991504927e+03
2.383405474417665118e+03
2.533497083289467355e+03
1.461997588973682923e+03
1.545960730903376998e+03
2.407484189003296251e+03
3.000654560451147063e+03
1.888799644336437950e+03
1.023894664813522809e+03
1.750092111652934364e+03
2.550232631609374039e+03
2.555779461920029007e+03
1.981168651047610638e+03
1.747938727483398679e+03
1.827675000306165657e+03
2.060067502391376365e+03
2.276226370535406659e+03
2.243748011792913530e+03
2.169587132472053327e+03
1.595822586637053973e+03
1.373074423933955586e+03
1.737056342058831433e+03
1.909613542624977981e+03
2.444166849490025470e+03
2.972188644243270119e+03
2.515318655748129913e+03
1.910024091753858329e+03
1.358432674316499288e+03
1.525685304602612405e+03
2.105317332460077068e+03
2.281642569091367477e+03
2.320321986899019066e+03
2.136942435909548749e+03
1.996088893444530868e+03
1.990494548833642057e+03
1.906924253780236313e+03
1.525900939181650983e+03
1.646831293568092178e+03
2.380637665256848322e+03
2.928078482503425676e+03
2.440334572945206219e+03
1.444155451705698397e+03
1.393545188250431920e+03
1.670764429245971542e+03
2.545640576144963234e+03
2.802930901557523157e+03
2.113211879092545587e+03
1.563129606459506476e+03
1.494320629121558568e+03
1.974728150089629480e+03
2.307094174693809236e+03
2.423249878575541516e+03
2.066836050489035188e+03
1.773567071521703838e+03
1.772713999128215619e+03
2.020581451502127265e+03
2.246764441578025981e+03
2.148670461256529961e+03
1.873492890464645370e+03
1.854405807701363074e+03
1.923181330321056521e+03
2.000550622197655230e+03
2.059726726045215855e+03
2.398642186232132644e+03
2.233474871757358869e+03
1.847349464626287045e+03
1.636666296103161130e+03
1.865890326548728126e+03
3.219502471710983627e+03
2.816343972764494993e+03
1.620979185368050139e+03
9.775837814328746163e+02
1.751824863047934969e+03
2.031041651578372921e+03
1.906686065709224522e+03
2.587632563940549971e+03
1.864202245370642004e+03
2.276265091420959834e+03
2.222361307779922299e+03
2.290983978516207117e+03
2.250392166104051284e+03
2.203778660484105330e+03
2.300448999447209189e+03
2.117932673311338476e+03
1.599601151181283285e+03
1.024385983252022925e+03
1.794781927501607697e+03
2.757311595245742410e+03
2.224152467506580706e+03
2.135031503047389833e+03
1.745287804624917499e+03
1.508961841028343315e+03
1.894120163847126150e+03
1.921195242726144897e+03
2.351690985883924441e+03
2.411920385359780084e+03
2.054888141432275006e+03
1.954653283305686273e+03
1.807076149433891942e+03
1.832820369993391751e+03
1.850220657998815341e+03
1.891540832894311279e+03
1.942535435834792906e+03
2.073270874375184121e+03
2.316134010684320856e+03
2.224297796993143493e+03
1.835252637389406345e+03
1.705337612168763144e+03
1.984449442504165290e+03
2.445426210899703165e+03
2.627873377960385824e+03
2.666359153461693950e+03
2.431935353750617651e+03
2.078152315932586134e+03
1.523309941025487205e+03
1.560572319728192269e+03
1.605478933892533178e+03
1.936716189808511899e+03
2.253850417289685538e+03
2.313741818037703524e+03
2.205632198021419299e+03
1.967732553202765985e+03
1.790430641667961936e+03
1.861526666101660112e+03
1.903576490506624850e+03
2.130004691875044045e+03
2.274665225576279227e+03
2.456130999471925406e+03
2.869788237011159254e+03
2.238778752721811543e+03
1.712350678083311777e+03
1.099724038216135568e+03
1.416383111741953826e+03
2.108316288743383211e+03
2.664099373086343803e+03
2.395016774322515630e+03
1.955032735453430405e+03
1.597580015274189236e+03
1.545479557008618031e+03
2.010056766926204318e+03
2.250346093768145238e+03
2.406819326712503880e+03
2.113388505118949524e+03
1.720970566563709781e+03
1.740658156723090087e+03
2.151685782224381455e+03
2.437332915829505509e+03
2.057256445215009990e+03
1.674975117805034643e+03
1.846761823631181414e+03
2.275901163348994942e+03
2.287355404821221782e+03
2.160369235286164894e+03
1.964480556421244955e+03
1.781856995905890926e+03
2.118331834007320595e+03
