1.244197348522737002e+03
2.500929385759713568e+03
1.543196072755940577e+03
1.804830702825056051e+03
2.368771129177759121e+03
1.149576284430307396e+03
2.615290403241624517e+03
1.753853530629971829e+03
1.474575354185701372e+03
2.435496966447482919e+03
1.537688499680360110e+03
1.913735509538198585e+03
2.055604181782279738e+03
1.459137712285943508e+03
2.527372752861751906e+03
1.362725429393534569e+03
2.076966086229115717e+03
1.576246427962634925e+03
1.720253815144496002e+03
2.388460449711967158e+03
1.465611378100826187e+03
2.225986437964229935e+03
1.771161439787390918e+03
1.809265387726287372e+03
2.420101509258061014e+03
1.319031462095109646e+03
2.547537855436884001e+03
1.679820427890733754e+03
2.036220331362735806e+03
2.108144902309579720e+03
1.429405112349226101e+03
2.582054069594348675e+03
1.566700584440303373e+03
2.053151344492816406e+03
1.325217891868998777e+03
1.976774351087678042e+03
2.676565876347146968e+03
1.435139415257203609e+03
2.335218079472255340e+03
1.608585853340198355e+03
1.816489775633202044e+03
2.314912938370495795e+03
1.457757580843207961e+03
2.307372565955535265e+03
1.736684062400270477e+03
2.014410194373365812e+03
1.832029920763083283e+03
1.615967499642860048e+03
2.216564691011862578e+03
1.599619216204219583e+03
1.846851824910704636e+03
2.236610835379907257e+03
1.509487863164708187e+03
2.481080794659242656e+03
1.587358344691350567e+03
2.216583388997445581e+03
1.547150235826617063e+03
2.058735129773025164e+03
2.083949278220049564e+03
1.593533019763612629e+03
2.431390565839570172e+03
1.559243145355183515e+03
2.371131142833384274e+03
1.639875318880797977e+03
1.744507376242700047e+03
2.204925297421058985e+03
1.486769212677934775e+03
2.452479368352714118e+03
1.349634806996757561e+03
2.167498937825152552e+03
1.861799742374613061e+03
1.620531761599944957e+03
2.340264412050034025e+03
1.458102787321880214e+03
2.548597733898136994e+03
1.465530663065828776e+03
2.176277443150261206e+03
1.681958807667070914e+03
1.838075060596037929e+03
2.608444965767611393e+03
1.342426277274043514e+03
2.615632466380502137e+03
1.660114209524429270e+03
1.825482165939676179e+03
2.254828793065415994e+03
1.371225837496465829e+03
2.577657425775529191e+03
1.322609366527645307e+03
1.945388484324541196e+03
1.838915979783979537e+03
1.620943117299536880e+03
2.609680148899956293e+03
1.205129209012097817e+03
2.441464032321677223e+03
1.577090058032604020e+03
1.775939131040809116e+03
2.021749389064915022e+03
1.579099915246306409e+03
4.208178054644981785e+03
-2.300422564460430408e+01
4.245708236877525792e+02
2.582907652018952831e+03
1.434711914984927489e+03
1.725202148331549949e+02
1.229140238679960248e+03
3.711020396059478117e+03
1.843691587383958904e+03
2.089034625382914783e+03
2.700120322510324968e+03
2.047723104831009096e+03
2.287805068364390991e+03
1.157864381576911455e+03
2.166537148271128899e+03
2.056991157366591324e+03
2.125088791076314465e+03
2.849968107741881340e+03
9.291129424996596526e+02
3.096509016170827181e+03
4.284696617556984961e+02
2.813196045534291898e+03
1.593515305955447502e+03
2.526284734775637844e+03
2.166266918924130550e+03
2.307682690612758961e+03
1.995155764302716989e+03
2.096683842072972311e+03
2.066169308157789146e+03
1.940902491730141946e+03
2.132030295020516405e+03
1.869444614202556295e+03
2.192164922500521243e+03
1.837058903168308916e+03
2.134491408572807359e+03
1.807912359483568935e+03
1.990252902858769630e+03
1.868531464467381284e+03
1.938079379779163446e+03
2.318887184229101877e+03
1.674651571290681886e+03
2.363227537271845904e+03
1.555424438353725236e+03
2.405696159597617225e+03
1.653630918232381873e+03
2.129857356677086045e+03
1.764141689972626864e+03
1.793920772425281939e+03
2.224180845792930540e+03
1.610215037562108591e+03
2.760684493991735053e+03
1.166910503672451114e+03
2.345573463558517233e+03
1.624556228499234749e+03
1.721915531516503734e+03
2.236933699288003027e+03
1.276441509489762211e+03
2.540189729305023775e+03
1.512766227235648785e+03
1.931787054512019040e+03
2.020393981146011129e+03
1.629015228450698260e+03
2.581387403693866418e+03
1.273867528003156849e+03
2.054087693173563821e+03
1.898816021862137404e+03
1.708640862029145183e+03
2.545038342598782492e+03
1.263297442777868355e+03
2.909558520421328467e+03
1.560668047574820093e+03
1.500398357538172604e+03
2.676096844042618159e+03
8.243510998623414707e+02
2.584789088423616249e+03
1.514552499664053812e+03
2.429719136023758892e+03
1.875691214011734701e+03
1.171739947748834084e+03
1.538046989286353210e+03
2.284042999643967960e+03
2.510953766381265723e+03
1.401235154027635417e+03
2.660785940766324075e+03
1.640979101973866591e+03
2.402023280595028154e+03
1.555780458005087894e+03
2.166571152463092858e+03
1.743471181065811379e+03
1.791930941167269566e+03
2.231738877669576141e+03
1.544908092273825105e+03
2.295107118263047141e+03
1.533401404950985125e+03
2.121262270390917365e+03
2.175334637662103432e+03
1.508822702354512785e+03
2.454611637081020945e+03
1.571392009212466519e+03
2.254391883692021565e+03
1.774054950599585027e+03
1.610824469590676017e+03
2.579101086080670484e+03
1.424413603623542940e+03
1.574168968239631113e+03
1.737466490540217592e+03
2.135355503791220144e+03
2.529250729321157905e+03
1.463534689135342660e+03
2.568398630742537080e+03
1.202460179198958940e+03
2.858830724120346531e+03
1.300121168138110079e+03
2.793192383871963102e+03
1.131854931966397089e+03
2.513418405245572558e+03
1.599474216624295877e+03
2.129625542009916899e+03
1.719451876880600366e+03
1.840165215845456032e+03
2.144664357386741813e+03
1.693125733576391667e+03
2.408040227103599136e+03
1.477974699537207471e+03
2.558524609847348074e+03
1.493312010034070454e+03
2.734500618411675532e+03
7.653410646059866167e+02
4.345637710331418930e+03
1.544163782642289391e+02
2.197973198834562936e+03
1.467791377294785434e+03
1.002611685481655400e+03
2.529982667705907716e+03
1.412232053433291185e+03
2.623355755821424736e+03
1.592520543262659430e+03
1.017883674035521267e+03
2.337429992217792460e+03
1.473363048843494198e+03
2.695989178104679468e+03
2.209369991756143008e+03
1.288506954911430057e+03
2.158502799848186896e+03
1.512367052755702844e+03
2.581194164746416391e+03
-1.145139732821832297e+02
2.971491778830500607e+03
2.548521097905278566e+03
2.636591570317000787e+03
2.006238603207617871e+03
2.341294856497781893e+03
1.911249054618466289e+03
2.126296799409751657e+03
1.961751902263270949e+03
1.883977308277519796e+03
2.185628319027518046e+03
1.734686037357130090e+03
2.026180430372687852e+03
1.828241817715423167e+03
1.859516730974355369e+03
2.421496350898593846e+03
1.685190781639757915e+03
2.224687345819190796e+03
1.669013834882665606e+03
1.761818506769272972e+03
2.257400619877202189e+03
1.502625752174535592e+03
2.055243794296396118e+03
1.950421499882611215e+03
1.558144742945636153e+03
2.470982711380171622e+03
1.488110504164555095e+03
2.168438810063201345e+03
1.638593336174578781e+03
1.949068774702916926e+03
2.470690375727276660e+03
1.487478438763959048e+03
2.698917118676733025e+03
1.381194637229288674e+03
2.607307456826795715e+03
1.650974754296614492e+03
2.255114347378620096e+03
1.553114788371273335e+03
2.031697085257181698e+03
1.763409331070635062e+03
