1.660978715427810130e+03
1.747866256575135139e+03
1.983100838333839420e+03
2.121895305448926592e+03
2.356327443001676329e+03
2.417126321555646882e+03
2.148807846409404647e+03
1.895555631541008097e+03
1.650318275222458624e+03
1.795263586921061005e+03
2.166133132441235375e+03
2.459378290650332474e+03
2.283147615186821440e+03
1.877155000357938206e+03
1.655686076563242523e+03
1.768592275830892731e+03
2.126739987824219952e+03
2.519908856371015190e+03
2.455652557999414057e+03
2.063138802959305849e+03
1.615773738549715290e+03
1.669314866894075067e+03
1.967357778050534307e+03
2.247150277735063810e+03
2.474691948629609669e+03
2.299934263398331041e+03
1.880264820104606770e+03
1.668874161159590130e+03
1.610066710387467083e+03
1.761123661256659261e+03
2.106493726702364711e+03
2.437659107818092252e+03
2.374513645073739099e+03
1.898469703587493314e+03
2.679216556569649583e+03
1.376902434212188609e+03
2.153196340123547088e+03
2.488144028345842344e+03
2.479166158047680710e+03
2.024553324873904785e+03
1.698182010394072449e+03
1.776350170864073789e+03
1.870205893546424022e+03
1.991162178711482284e+03
2.029800841773961565e+03
2.008443026368255687e+03
2.209204308181525448e+03
2.449113493101686799e+03
1.978366154177419730e+03
1.781956422887930103e+03
1.624167176291234682e+03
1.988326866845513450e+03
2.547493038109453664e+03
2.532935132472214264e+03
2.060424155945238908e+03
1.584033257997846022e+03
1.654283057090551665e+03
2.141290944234271137e+03
2.410050037330911437e+03
2.471804206991308547e+03
2.158112563619268713e+03
1.627974469473883801e+03
1.702598760429762933e+03
1.857776361069079712e+03
2.229803114515309971e+03
2.459389556613969489e+03
2.477970255089949205e+03
2.245408008592324222e+03
1.889772156241414677e+03
1.709485851077679399e+03
1.742086986738885571e+03
1.805184973360612958e+03
2.022430355966502248e+03
2.375050851745248565e+03
2.422179117388886425e+03
2.118024598196442639e+03
1.571266208545128165e+03
1.537246601041120130e+03
2.151358440356089886e+03
2.511116199655143646e+03
2.383193956687882292e+03
1.675221961394847767e+03
1.569784662112535671e+03
2.024837449383472176e+03
2.367380936396401921e+03
2.565089107617286118e+03
2.035472858448833904e+03
1.635322019849991648e+03
1.694280972044516602e+03
2.115341362043385743e+03
2.633932763951435845e+03
2.268759103440962008e+03
1.786775189681192387e+03
1.517190469367980995e+03
2.057934881976274482e+03
2.547177571108651591e+03
2.484083180688985067e+03
1.983719720600285200e+03
1.533171335313664258e+03
1.601545783414993821e+03
1.996161706337197984e+03
2.500510022970127011e+03
1.571193707243024392e+03
1.671338977069065550e+03
3.205057311239719184e+03
6.732013558464167602e+01
3.179727700713163358e+03
1.013713933188143528e+03
3.301491894329645220e+03
2.264479439078765608e+03
1.364408160237356697e+03
3.050735231983308950e+03
9.008885144564819711e+02
2.269058954973164418e+03
1.466328189284294467e+03
2.562094125714032089e+03
1.999690762803121743e+03
2.153975622787238990e+03
1.954254979755907016e+03
1.898490063162659681e+03
1.941125411411914683e+03
1.939488427317441619e+03
1.999152929763494740e+03
2.141042485033573485e+03
2.245647223002090868e+03
2.233063369232179866e+03
2.026509802490949369e+03
1.697102001921038891e+03
1.714379510612461900e+03
1.962606348079705413e+03
2.186553981446791568e+03
2.392040217623799435e+03
2.379932540022745343e+03
1.875423573683830682e+03
1.692295609393504037e+03
1.685765653740184462e+03
2.015403969053798392e+03
2.384503989735690993e+03
2.466755117094012803e+03
2.350749091244132160e+03
1.785260196647916473e+03
1.692212618454267158e+03
1.719449504176806158e+03
2.197035151559400674e+03
2.497345542809589006e+03
2.268375256794484358e+03
2.144641788649100818e+03
1.906422739882428232e+03
1.816758822072616113e+03
1.728981293403208156e+03
1.797498464835441837e+03
1.796321593282509866e+03
1.869599968730584123e+03
2.203627146422779788e+03
2.356185660229784389e+03
2.347792717176454971e+03
2.110265752095543576e+03
1.754737602790477695e+03
1.778784720625794989e+03
1.987971521953928232e+03
2.200723033503946681e+03
2.386916329104393753e+03
2.284105269913647589e+03
2.193920578986556393e+03
2.137836249031044645e+03
2.229329039703395665e+03
2.140867379025840364e+03
1.991414186820096802e+03
1.725883209316121338e+03
1.687780666620757529e+03
1.983279088365312646e+03
2.226934868548029044e+03
2.573770389292497839e+03
2.139493706128903341e+03
1.565729200382607814e+03
1.699382418180072818e+03
1.827430626576661325e+03
2.271367751910649986e+03
2.565595583060273839e+03
2.328213492944537848e+03
2.043803787846465184e+03
1.662910990372373590e+03
1.585914441276120669e+03
1.808061856914086547e+03
2.232747842769423642e+03
2.476771325030198568e+03
2.550215504053442601e+03
2.227781858361800005e+03
1.584626218109959382e+03
1.668956538153201564e+03
1.630048510356404677e+03
1.929832094259062160e+03
1.972975423497169686e+03
2.188898012998424292e+03
2.476818167717040978e+03
2.043904552908565392e+03
1.783063205953195620e+03
2.262596974442360079e+03
2.325621804705787326e+03
1.794310381982020090e+03
1.596424421510001139e+03
1.805421441626161140e+03
2.253853596229958384e+03
2.439928826356817808e+03
2.173102158411426444e+03
2.036800446661395199e+03
1.779280287187392332e+03
1.799362828488250443e+03
1.927884904204961458e+03
2.232294455454891704e+03
2.493809318989260191e+03
2.228813871655001094e+03
1.775871444470860524e+03
1.772857006318879485e+03
1.959297406404259391e+03
2.283724297472669150e+03
2.523460690035297375e+03
2.411679270352393814e+03
2.024174752016378989e+03
1.663342558185758662e+03
1.800504362081661839e+03
2.338356648092597425e+03
2.559634833388569859e+03
2.279636048843813569e+03
1.939238705704406357e+03
1.394541045039187793e+03
1.984019192903019757e+03
1.492905262177601571e+03
3.467602579089661958e+03
4.413246598554506477e+02
3.191965872315026445e+03
1.514900416920820817e+03
2.188149052830011442e+03
1.089755886278670005e+03
2.251884481391809004e+03
2.151734676937228869e+03
2.879493392406201565e+03
2.295399469698405028e+03
1.429044585519064412e+03
2.156745022422581769e+03
1.751108529195720848e+03
1.623681138668347785e+03
2.602814359687208253e+03
1.764080312078101770e+03
2.205336886170533944e+03
2.156871854316122608e+03
2.041466743481002140e+03
1.924994249907005496e+03
1.912490636074924168e+03
2.002689551856182106e+03
2.100597400445189123e+03
2.239229962593878099e+03
2.137919079540495659e+03
1.897043994325540098e+03
1.779997003118002340e+03
1.851572568890560888e+03
1.967271540489635072e+03
2.157900633038915657e+03
2.407714585163793799e+03
2.195309396287636901e+03
1.850415768898211127e+03
1.729106132922974894e+03
1.776959298150901986e+03
1.747690639549537082e+03
2.124625251075832693e+03
2.466748575184701622e+03
2.336844496873485696e+03
1.855834856812255794e+03
1.623371526402720292e+03
1.799171711196095202e+03
2.247881335183352803e+03
2.495131498595967059e+03
2.484609565967675280e+03
2.224321241912283767e+03
1.873762641967409309e+03
1.646475957724308728e+03
1.908725190505480441e+03
2.202405301304632303e+03
2.518194787527901099e+03
2.048911250293872399e+03
1.515968014861648044e+03
1.700386905134139624e+03
2.206087698575345712e+03
2.638188756877494143e+03
1.277535689515503918e+03
