2.298819143872442510e+03
1.863273746639466253e+03
2.243892891257225074e+03
1.526475951965431705e+03
9.042523913891529901e+02
9.300918766501175696e+02
1.367271367210389144e+03
1.971797521540275511e+03
1.654527892683918026e+03
2.332734226051494261e+03
2.192126047281685715e+03
2.312588584293176154e+03
2.316217930520342634e+03
2.591727257305567946e+03
1.484085877729925414e+03
2.473245490161112684e+03
3.005538930163917030e+03
2.879014738010455403e+03
1.461195771657985006e+03
1.538983846326817684e+03
2.052374521917016409e+03
2.778993801696411992e+03
2.127817479131374967e+03
9.222397401412912359e+02
1.579919659712481007e+03
1.837251138493604003e+03
2.509992538560683442e+03
1.281648877142015635e+03
9.233041563196333072e+02
1.895096457681572247e+03
3.389570663116527612e+03
2.867775770265860046e+03
1.060251094677364335e+03
7.801564827963192101e+02
1.493391869586320126e+03
2.339650456339930770e+03
2.726534703644175352e+03
1.859323997099290864e+03
1.260388133095399553e+03
2.004058779879972008e+03
2.512916138903643969e+03
2.577871383877799417e+03
1.686168834885010028e+03
1.286141578025235276e+03
1.370023056404954787e+03
1.833235725152431314e+03
2.047387311024427163e+03
2.229489723216254333e+03
1.934646628738508298e+03
1.729328684533310252e+03
1.851233106428157043e+03
2.523378361780540672e+03
2.814642626592801662e+03
2.521840549766379354e+03
1.681293172344697496e+03
2.336814511445197240e+03
1.648241613302577889e+03
1.694825279522978008e+03
2.523354678418696949e+03
2.524365058470203621e+03
2.054231900204589238e+03
9.592327433458111727e+02
1.166755185712884213e+03
2.193692363410687904e+03
3.264903665631989497e+03
2.392324415803694592e+03
1.838395740795292795e+03
1.608478644593438503e+03
1.414709984113382689e+03
1.662433628977521266e+03
1.338188537334069906e+03
1.583024742173039158e+03
2.095006658627745310e+03
2.867985083256965936e+03
2.174757015981608220e+03
1.440463142497264471e+03
1.304946600976184982e+03
2.128400151859242669e+03
2.378386688223685269e+03
2.435150332082028399e+03
2.083737328612784950e+03
1.465887444484763137e+03
2.235952898947808990e+03
2.390743605666165422e+03
2.777787319148492315e+03
2.043886344775973157e+03
1.285510863582536331e+03
1.212438555444035046e+03
1.676114697745351123e+03
2.619098431120200985e+03
2.508789968509308892e+03
1.751302465953691581e+03
1.522633011810785547e+03
2.075399577311819485e+03
2.089766030878554375e+03
1.686055832512617371e+03
2.476449456625301991e+03
1.996313173564577710e+03
1.960745628185265787e+03
1.613808540871452806e+03
1.358203544350852326e+03
3.457525456851843046e+03
1.796893720270120184e+03
2.032808051803129501e+03
3.347199864503316348e+03
5.902019227163825690e+02
1.370288627063442163e+03
1.253152329753854247e+03
1.224759122333851110e+03
2.643378364259646332e+03
1.615012153463705090e+03
2.410543421173907518e+03
1.798225489466615500e+03
1.625779330644862966e+03
2.280834537417878437e+03
1.931079001662171322e+03
2.375403104994426940e+03
2.002846596471168823e+03
1.636456887888704159e+03
1.204119713155441104e+03
2.526776335120608110e+03
1.843200525637264718e+03
2.277362886948536016e+03
2.131030855888820952e+03
1.807582639228356811e+03
1.848793663463539588e+03
1.671428636974422261e+03
2.112757894169754763e+03
2.106646140759831269e+03
2.177497715341231014e+03
1.776290170677447577e+03
1.729765193539245502e+03
2.242655012757616078e+03
2.463525548376664119e+03
1.993500497646879694e+03
1.913513487124360609e+03
2.232633471523835397e+03
3.601164484853890372e+03
1.545636368811234888e+03
1.773870883382726561e+03
1.120750686588924509e+03
1.218313551805131283e+03
2.058116610732382014e+03
2.241446381460196335e+03
1.914839280020875094e+03
1.694517866882156568e+03
1.800996004370148739e+03
1.902637475586924666e+03
2.445427386823595953e+03
2.360785818716067752e+03
2.542936512261536336e+03
2.199217329332483587e+03
1.494932877109995161e+03
1.688747345219676845e+03
1.577244540302768428e+03
1.871807278525220909e+03
2.355320945025854598e+03
1.845932267844367288e+03
1.570532470891451794e+03
1.652108949006689727e+03
2.391690370565615012e+03
3.343159862557628458e+03
2.612986502826598553e+03
1.060234601200401812e+03
1.001799838281629377e+03
1.107270726508329290e+03
1.796404818731235764e+03
2.547906228980605192e+03
2.412604635378786952e+03
2.488410680815554770e+03
2.111170366808276867e+03
1.864504728170760018e+03
1.670128343271412405e+03
2.109260180462610151e+03
2.444625773872828631e+03
2.387139092910025738e+03
1.967219838448454993e+03
1.272334120663878821e+03
1.710322273141232927e+03
2.350727329057102907e+03
2.774454798553557794e+03
2.099282798460895719e+03
8.041268654550340216e+02
1.649801024218688553e+03
2.430354148789121609e+03
2.665107084273954115e+03
2.466259146187361694e+03
8.191708433236973406e+02
1.208617630534507953e+03
2.193162299320145394e+03
2.452624110327455583e+03
2.666103966244739240e+03
1.529118496873118602e+03
1.181200537453747302e+03
1.574143730278836756e+03
2.510551280877436056e+03
3.012502675111795725e+03
2.328106057936478464e+03
1.036061413082153194e+03
1.113243981723807565e+03
2.123398802802264981e+03
2.382348458489639597e+03
2.858847802188998230e+03
1.769913766407531512e+03
5.648461194877708067e+02
1.761580205106783978e+03
2.358820390198296991e+03
2.832694295775581850e+03
2.198352290177399027e+03
2.168634584597659796e+03
2.146194421109958512e+03
1.624235797855030796e+03
1.824217464533531484e+03
1.578315679198689395e+03
1.280131479358387196e+03
1.726930658872646745e+03
2.422503927990234843e+03
2.126196803315094712e+03
1.477243907299521652e+03
1.634666772828001058e+03
2.117524506577982720e+03
2.446178231193947340e+03
2.324670794797099006e+03
2.234815975866044482e+03
3.314179998355263251e+03
4.119936589919273615e+02
5.456756081322818090e+02
3.772050364062506560e+03
-2.260840152200980810e+02
3.355804860625885794e+03
2.143523098820742689e+03
1.324042406939439616e+03
1.267232830745312413e+03
2.701371979505314812e+03
2.027310636666821893e+03
2.565772296313530205e+03
2.093856578227837872e+03
1.631929257959123106e+03
1.846157923829234960e+03
2.252790444238873988e+03
2.805696758746194973e+03
1.938987995774499268e+03
1.787855018010639469e+03
1.568128539334378274e+03
2.532126302733800003e+03
2.468863817294053206e+03
1.712514717720420094e+03
1.165512503433048778e+03
1.933611820649201036e+03
2.547164685599557288e+03
2.317199048242006938e+03
1.522222409946424477e+03
1.464217065689710353e+03
2.019564142874119398e+03
2.592639839928275251e+03
2.590527094026592295e+03
1.637032952932689341e+03
1.235070620009957111e+03
1.984200078519326780e+03
2.528648418553961164e+03
2.764340858843374917e+03
1.560765257919046235e+03
6.445381513719154327e+02
2.184955626006854345e+03
2.780229334066861611e+03
2.681529698564916544e+03
1.949005296287689362e+03
8.196857855928271874e+02
1.783372120104903161e+03
2.565327860006306764e+03
2.814892868478615583e+03
2.345592497536656992e+03
1.837653186850244083e+03
1.346305724681517177e+03
1.022184976815806749e+03
1.919131809157381213e+03
2.346173106546710642e+03
2.529865729409666528e+03
2.014971155598446558e+03
1.698516459122673950e+03
1.879393166922714954e+03
2.352502002792039093e+03
2.028303753756883225e+03
2.128360092182589597e+03
2.713390701761218679e+03
