3.327013550836548802e+03
2.027576056682415810e+03
1.960186985984335706e+03
5.817646832235245711e+02
3.329574779814335216e+03
1.464843626654452464e+03
3.554141076635595709e+03
2.710572200622685841e+02
4.188434288883356203e+03
3.810859563576110759e+03
1.999425593731242998e+03
7.966255666393353749e+02
3.541394038740651013e+03
3.342204723316327090e+03
1.085557678890690113e+03
1.414056550233479356e+03
1.212057714887439488e+03
2.835754222796693284e+03
2.238655407723199005e+03
1.557727092546904260e+03
1.673497040423637600e+03
3.104631512552023196e+03
1.981462692140893978e+03
1.965833491863510517e+03
1.693837961919137797e+03
2.977721137115880992e+03
2.098097934737550986e+03
1.909809659887431735e+03
1.400992684385053508e+03
2.460338492113268330e+03
2.223982235998193119e+03
2.014643611902194380e+03
2.022814605181127035e+03
2.034759656323181389e+03
2.046205003478983826e+03
1.644043939957017983e+03
2.462241367785633884e+03
2.273334822326959966e+03
1.819397440613449589e+03
1.623635430432449084e+03
2.708056308369200451e+03
2.039240565861072810e+03
1.793451112334949130e+03
1.854346985332744907e+03
1.658666798678247233e+03
2.270326170302197170e+03
1.349399390479890599e+03
2.560519454321725789e+03
2.225924309802259813e+03
2.209364315740797338e+03
1.463035762333007824e+03
2.453818029117921469e+03
2.401895412879036940e+03
1.963412937320343417e+03
1.490892463238340952e+03
2.659653340111929083e+03
2.157996102814847291e+03
1.666012501948946692e+03
2.236917362692242023e+03
2.314333640148642189e+03
2.071265343930531799e+03
1.453900671876334627e+03
2.786548690274217734e+03
2.260515904203860373e+03
1.710677558861287253e+03
1.283002874715897178e+03
2.589903066486286662e+03
2.087326049631484693e+03
1.616891926973535647e+03
1.566679539247517141e+03
1.910168752159253927e+03
2.704679764753409927e+03
1.873769636365697579e+03
2.285641171821485841e+03
2.581815852471205744e+03
2.030629160772229625e+03
1.653763453274909352e+03
7.921935075528789412e+02
2.374461213363379557e+03
3.005951798309657988e+03
2.526802292996374035e+03
1.856638639160482398e+03
1.798842270027900668e+03
1.344143720876491443e+03
2.680958936557311063e+03
2.396981637866222172e+03
1.692142537723625082e+03
1.682670716880230430e+03
2.758616626123278365e+03
3.387162935586619824e+03
7.364801974268306139e+02
1.407183633910640310e+03
3.299017035874042904e+03
2.222115947644215339e+03
2.246357782265447895e+03
1.337586377339572664e+03
2.350534023925570636e+03
1.924949628910454294e+03
3.344316225694918103e+03
2.535993114243792206e+03
9.737836085450273913e+02
3.264566079820213417e+03
7.384429021489040679e+01
4.516365584967253710e+01
2.456573201576267365e+03
7.658363566740181341e+02
1.950550205091058388e+03
1.634952395922618507e+03
1.456135955515315118e+03
1.967811270959586409e+03
1.246064988869594117e+03
2.648261853911456910e+03
2.082709515422208824e+03
1.378782312548645223e+03
3.652044592089620892e+03
2.496250337798953467e+02
3.646554398994752319e+03
2.968644695280534762e+01
2.125872876435956186e+03
7.754283447282734869e+02
3.804398229591555264e+03
2.782629322521805079e+03
3.110731741775186038e+03
3.227910727682449760e+03
2.362164459414422709e+03
1.672159213717922512e+03
2.366278184400318423e+03
2.590085169319234865e+03
1.914927898930697893e+03
1.773856066945101020e+03
1.564487568024349230e+03
2.677743610076583082e+03
2.097560634742883394e+03
2.082130227047032804e+03
1.788616778230035834e+03
2.800028583506300492e+03
2.287680461584817294e+03
1.642149732336482202e+03
1.889074599575749517e+03
1.616442657454085065e+03
2.577847316429851162e+03
2.351809318787230495e+03
1.838974593223496640e+03
1.950982104936475935e+03
2.381423078329690270e+03
1.923105793336773559e+03
1.721848737658526034e+03
2.120177741893593975e+03
2.813433127464450990e+03
1.976604017238422557e+03
1.391277088826903764e+03
1.820334631618387675e+03
2.203601831703392236e+03
2.139673936351315206e+03
1.976859914864951179e+03
1.933933084710419052e+03
2.194212574532438339e+03
2.172976350421426559e+03
2.197610945456437094e+03
2.058360521259171492e+03
1.413804187964359471e+03
2.041473678499441803e+03
2.303242292578994238e+03
1.852492092409751649e+03
1.888251021539164185e+03
1.974410772796560423e+03
1.367758519892167669e+03
2.215637570856588809e+03
2.594700680005631057e+03
5.354351562699370106e+02
2.641131653144592747e+03
3.376985026903705148e+03
2.069162980771376624e+03
1.335102512322269604e+03
2.356591588635010794e+03
3.577487781128716961e+03
2.174919841367569916e+03
1.567193812995273902e+03
7.785590969433833379e+02
2.196847076863527946e+03
1.874848723147918008e+03
1.736456462462573882e+03
1.775912906250229526e+03
3.167489130868827033e+03
2.577843269397724725e+03
1.914431378306964007e+03
1.941834550342112834e+03
1.643501683165308577e+03
2.868192261712571053e+03
1.961779689339179640e+03
2.004878633168562374e+03
2.033101737169693024e+03
2.118503468891863577e+03
1.951805757269569995e+03
2.708081757947644746e+03
2.197219595561616643e+03
2.056739722679648821e+03
1.438806949705618990e+03
2.392703039355624242e+03
2.400116426040121041e+03
1.994004491672867744e+03
1.224922484648662703e+03
2.189578506390851999e+03
2.025070608167116461e+03
2.724995513101398501e+03
2.691649162696112853e+03
1.698163259781605575e+03
2.455701843815184020e+03
1.873053150935890926e+03
1.329164284047411229e+03
1.416238140884451923e+03
2.280342132900630077e+03
1.772705074356013029e+03
1.648812407931923190e+03
1.525200384929152506e+03
3.032360978640090707e+03
2.043057440108740821e+03
1.824331814639902177e+03
1.943101140737558126e+03
1.472630650118200492e+03
3.032332306189824067e+03
2.035497560912721383e+03
1.706978555261360498e+03
1.505290584169399381e+03
3.287711302834732123e+03
9.943517408121499557e+01
6.092330738335544993e+02
2.901499621569937062e+03
7.158700924462467583e+02
1.076155299834991865e+03
3.490620682401093291e+03
3.196324906133923832e+03
1.065952327585602006e+03
1.562044386045911097e+03
1.555119158763252699e+03
8.837286262314229361e+02
1.989945445518119413e+03
2.069427387055924100e+03
2.809455964330715688e+03
1.634782577891790879e+03
2.350089146656621324e+03
1.904746813586971939e+03
1.666576746940591192e+03
1.767337308680833530e+03
-2.068526992585176174e+02
3.542993838891152791e+03
4.029350291610670865e+03
3.913978397885643062e+03
2.807597699309356358e+03
2.160026117998917471e+03
2.296332785063365918e+03
2.374888545954120673e+03
2.117069653589795507e+03
1.624622916706380011e+03
2.232423603135836402e+03
2.352975602730929495e+03
2.038126529313543642e+03
2.038960390479719990e+03
1.481033720714045103e+03
2.164669925512256668e+03
2.679672428527530428e+03
1.863717146798184785e+03
1.386726258287511428e+03
2.003052830326032790e+03
2.496073576783454882e+03
2.813308796939599688e+03
1.882484085195432726e+03
1.273002304121640691e+03
2.307466551785563752e+03
2.287095747914423100e+03
2.147552874768965921e+03
1.844353300731675063e+03
2.402862947590451768e+03
1.985513729873698139e+03
1.838478486677672208e+03
8.707091562032335332e+02
6.303255616914229904e+02
3.770087784515836574e+03
2.060842936710841968e+03
1.806989031784173903e+03
1.897743890906340539e+03
2.546087355139140982e+03
1.864780287199877421e+03
1.988385158651412212e+03
