1.976335171857655951e+03
1.866755093515189401e+03
2.295863863923269037e+03
1.831431879581210751e+03
2.139451963717525359e+03
2.037850041159861121e+03
1.877246022637748638e+03
2.506237418682525004e+03
1.825647323611852698e+03
2.197119707165455566e+03
2.204601789790563544e+03
1.746796540935966277e+03
2.471073431401819562e+03
3.618623946235031781e+02
2.004642630884247410e+03
3.095543716288009819e+03
2.919523756534977565e+03
1.633260684746304150e+03
1.528814198487406429e+03
2.476881436109524657e+03
1.765554252480857258e+03
1.997004147241569626e+03
1.671335342552003567e+03
1.924484960143390026e+03
2.198344929162306016e+03
1.680364426264884969e+03
2.145849564622050366e+03
1.885320594785034928e+03
1.848430526064282049e+03
2.451524119582572894e+03
1.554976950631259342e+03
2.028540514054590631e+03
2.307383568193769406e+03
1.701050209748510952e+03
2.139409937690689276e+03
3.417424467798934074e+03
1.335181418644648602e+03
1.501797046592877450e+03
2.481703672931992060e+03
1.569867403874946376e+03
1.823034983453207133e+03
2.347332863645820453e+03
1.606440781016989604e+03
1.977103404743113970e+03
2.359936533553044228e+03
1.553000015985729760e+03
2.179519834382250338e+03
2.273062578091693467e+03
1.950241307175759175e+03
1.765085980969871571e+03
2.513353401878800923e+03
2.023921983390836431e+03
1.603060846114512060e+03
2.616415931213354270e+03
1.904059977046762697e+03
2.081943500584562571e+03
2.138744662182465618e+03
1.774476513229779584e+03
1.385535151721514239e+03
1.912177841622687311e+03
2.264645704297066914e+03
1.599240517764408878e+03
2.228637415668835729e+03
2.380822007177670002e+03
1.545737602716498031e+03
2.040852678133692507e+03
2.466958098071095719e+03
1.523535460160867387e+03
1.960652945922792014e+03
2.516457367800695920e+03
1.596409386661795907e+03
1.839639761919883085e+03
2.644033638178576439e+03
1.501375880619461668e+03
1.917989385163366933e+03
2.522078307574296105e+03
2.366442273922388722e+03
5.365289136665611522e+02
2.877381096214438912e+03
2.281556157239413551e+03
2.027148360785280602e+03
1.300439932395631104e+03
1.892250459129530327e+03
2.184580690657779996e+03
1.474662584925576311e+03
1.913524628427423522e+03
2.468562898684500851e+03
1.635684206568034369e+03
1.911895821333344657e+03
2.593279430900626721e+03
2.110886090683267412e+03
1.568635536702165382e+03
2.521765575529653688e+03
2.168409901405201254e+03
1.546657806317312634e+03
2.569264692197829845e+03
2.132245774889367112e+03
1.591797719538587216e+03
2.076562558489312323e+03
8.157591982862954865e+02
3.093435813685262474e+03
3.441909140702501190e+03
2.840544458211732490e+03
2.746589453404817959e+03
4.925439657220372283e+02
3.191591050755300216e+02
2.059667073569606146e+03
1.829352587169928938e+03
2.155931110950647053e+03
3.023476276904776569e+03
1.419549633703592690e+03
2.695960880956755318e+03
2.205401674916590309e+03
2.087996885447740624e+03
2.022598363486265271e+03
1.671361009492518178e+03
2.250917199251749025e+03
1.752088274476634524e+03
1.725385769213479989e+03
2.690727387965088838e+03
1.650441720759380587e+03
2.178794635972955348e+03
2.595373403316623808e+03
2.589470980836417311e+03
1.676734816144886281e+03
2.381738105090724730e+03
2.133638297713119300e+03
1.691676609280857292e+03
2.065994148772012977e+03
2.534675443021582851e+03
1.613002241313684408e+03
1.951335832801706829e+03
2.446521257507742121e+03
1.529708915239339831e+03
2.256513579350238160e+03
2.216696869613128001e+03
1.556906902463530741e+03
2.386870458665547176e+03
2.051177438510004322e+03
1.541988214698876845e+03
2.353393063476887164e+03
1.984812265543159356e+03
1.688145627525489999e+03
2.257093400847862540e+03
2.216031595302171354e+03
1.484692057603185503e+03
2.421790501181495529e+03
1.766056588065612232e+03
1.664499320126348493e+03
2.737403840733083598e+03
1.568886225071025592e+03
1.992346084354492405e+03
2.500045750657458484e+03
1.449217497368998920e+03
2.182825176352401286e+03
2.704155359972270617e+03
1.197559007537714024e+03
2.394586975735785018e+03
2.477085595337720406e+03
1.189965255406523056e+03
2.581386949740150158e+03
1.446105841635187062e+03
1.659157056021597327e+03
2.386323199555000883e+03
1.344165169251898533e+03
2.188373874780243113e+03
2.311632978575627021e+03
1.648544212888765287e+03
2.373552027847390491e+03
2.445281311746827669e+03
1.569666124803595039e+03
2.179210201770128606e+03
2.428624912403852250e+03
1.584357727865277411e+03
1.971204659590232723e+03
2.566633764842677920e+03
1.637708495860036919e+03
1.851120563990894652e+03
2.621656981840199023e+03
1.769922816730844943e+03
1.610330627503937421e+03
2.242071486063057819e+03
2.295166128515525997e+03
2.107128681882195906e+03
6.623817956366283397e+02
2.204977063681015807e+03
2.522108354275652800e+03
1.043983076774419487e+03
2.472735143458158745e+03
2.155594755376296234e+03
1.564558755685043479e+03
2.512053727501278445e+03
1.820907722864767038e+03
1.753368606586751184e+03
2.659379587398026160e+03
1.572242876723682230e+03
1.967779223528176999e+03
2.593306225812317280e+03
1.628246130853476416e+03
1.905484221735579922e+03
2.649873424697250357e+03
1.605583345345387897e+03
1.836715343685614016e+03
3.401390894680955171e+03
1.541898191600617793e+03
1.529780985560080126e+03
2.039828201704972116e+03
2.418589452162393627e+03
1.028935024301136764e+03
2.194144787014209669e+03
1.949844022336518719e+03
1.463179813579884012e+03
2.125395595853839950e+03
2.223518892399697506e+03
1.576235701173899542e+03
2.737268031583944321e+03
1.400205518919110546e+03
2.270201414680916969e+03
2.167813013931962359e+03
1.590759090679646306e+03
2.427296045942815908e+03
1.692245326728446116e+03
1.902721136156419561e+03
2.543429482163106968e+03
4.339279094815247504e+02
4.013187347783985388e+03
-2.641464251954837437e+02
2.821395790544358078e+03
9.529816942874305141e+02
1.201175764196314958e+03
3.062430952715575586e+03
1.670946761235234362e+03
1.547793208829679543e+03
1.811498229445408469e+03
1.998419683936278261e+03
2.431633506757927535e+03
1.899765422382922225e+03
1.753724611633401764e+03
2.161218320060162114e+03
1.767797570710833270e+03
2.341998382068198680e+03
1.549358831852332969e+03
2.546916316875785924e+03
1.629887385743133791e+03
1.935997851120014047e+03
2.123854547899981299e+03
1.597340606926510418e+03
2.053231211382807942e+03
2.330360473337970234e+03
1.964140905359459111e+03
2.084690514835059730e+03
2.170620141912439067e+03
1.843325777914002174e+03
2.148751512613840532e+03
1.992116951903410381e+03
1.848317194075880707e+03
2.257307369696648948e+03
1.829054278022559402e+03
1.826690937068354742e+03
2.392893064515742026e+03
1.734548772568733284e+03
2.020959810177343115e+03
2.507263989963162658e+03
1.825273415095586415e+03
1.826624815477472112e+03
2.334118964724998477e+03
1.162112568063941353e+03
2.101110726514019461e+03
2.685818503209889968e+03
3.302808587206610014e+02
1.309169502449171432e+03
1.162235456730913029e+03
3.052968268586942031e+03
2.140706064193329439e+03
1.942165065853950409e+03
2.840560195551697234e+03
1.409649630049576217e+03
1.472424687369814819e+03
2.488505621960051030e+03
2.022496155076896457e+03
1.384626640378417733e+03
2.387879249338687259e+03
2.090104212200681104e+03
1.447879088412165629e+03
2.600915310235889592e+03
