2.354640767266566399e+03
2.007468206633139289e+03
2.058620233534405088e+03
2.325942119367763553e+03
2.274148036000889533e+03
1.963204125896783125e+03
2.286529010847611517e+03
2.336310846043583751e+03
2.057843068223135106e+03
1.902629445236683523e+03
2.047371702605794553e+03
2.342315983695554678e+03
1.855712501357814290e+03
2.110992724315722171e+03
2.463086330675609588e+03
2.024846091761465686e+03
2.124947475753285744e+03
2.332315763737758971e+03
2.248993901975414246e+03
1.907870872642608447e+03
2.163631054108183434e+03
2.345069737047603212e+03
2.207995003299944528e+03
1.912916749360234235e+03
2.130279026828494352e+03
2.395841471586351872e+03
2.062283341414574807e+03
2.023241926417232662e+03
2.358587734769308554e+03
2.036049672834622243e+03
2.043901367777609039e+03
2.231426661952579707e+03
2.461119918371297445e+03
1.879649445408177371e+03
2.154945713776231969e+03
2.354990656747548201e+03
1.931086163699113285e+03
1.983835787134625662e+03
2.215033851692121971e+03
2.389088183577517157e+03
1.781700368164685187e+03
2.070142569596813246e+03
2.322330081970296760e+03
2.005413374841275981e+03
2.097189896871036581e+03
2.239220643578529689e+03
2.416697978727795544e+03
1.948221751757869924e+03
2.241460146164966773e+03
2.514746585287184189e+03
2.105197233802339724e+03
2.168771984470271946e+03
2.258051602561769414e+03
2.264407595130633581e+03
1.946805261105562522e+03
2.190729871159793220e+03
2.320271096421886341e+03
1.894986078325281142e+03
2.043741111312462181e+03
2.456841698199147686e+03
2.049283538429254804e+03
1.831335122270175134e+03
2.241403150859771358e+03
2.365008000080294096e+03
1.806727732560500499e+03
2.097460643285317929e+03
2.345602382244324417e+03
2.032022448148709373e+03
1.978410015164907918e+03
2.229505655282216594e+03
2.383603818831883927e+03
2.074040569388007043e+03
1.981015545509052345e+03
2.245536714262137139e+03
2.203055706703880332e+03
1.862501850426360988e+03
1.936552934526650233e+03
2.432499296762250196e+03
2.141044997633659932e+03
2.004498044191987219e+03
2.196160630976544780e+03
2.346768505969970647e+03
1.963101787797042562e+03
1.982089163253384186e+03
2.346871316428302180e+03
2.224740257940320134e+03
1.928983650740950679e+03
2.145789208258750477e+03
2.239760903648153089e+03
2.416308247297410617e+03
1.841767910064803573e+03
2.158856019265941995e+03
2.350918018291313274e+03
2.300176815074250953e+03
1.822389784617607347e+03
2.079725987072884891e+03
2.396149703109028906e+03
2.142486142902536812e+03
1.949496129647548969e+03
1.908412483986381858e+03
2.569223559754295366e+03
2.123483997389113483e+03
2.060437208756790824e+03
2.339754054384118263e+03
2.105726188915867624e+03
1.546502395358639660e+03
2.190581098181939979e+03
2.282836373148388702e+03
1.943673739707291134e+03
2.031113820474395880e+03
2.383952023569164339e+03
2.478053543962700587e+03
1.963407859038009292e+03
1.860691528064796785e+03
2.357466613395672084e+03
2.104566324347983482e+03
2.019535784702693036e+03
2.224480428492616738e+03
2.198569531906276552e+03
2.615109570512285700e+03
2.014530538996355517e+03
2.396682980764438980e+03
2.112425371620878195e+03
1.955226622162644844e+03
2.274747716235183816e+03
2.174634307489685398e+03
1.953563056801253424e+03
2.359301815353863731e+03
2.322688547736450346e+03
1.917458784472274147e+03
2.199375986277353604e+03
2.491738327522318286e+03
1.781487864692152016e+03
2.064346264082003927e+03
2.638387973252054053e+03
1.745875091531854196e+03
2.019250781613928666e+03
2.511543265157435599e+03
1.931754648547364468e+03
1.878310348369360327e+03
2.557505822316159083e+03
2.068519076468664935e+03
1.777897742393705357e+03
2.380309090764977100e+03
2.187330658539940941e+03
1.879438203454983295e+03
2.460611659166785103e+03
2.454085633232176406e+03
2.192286072867861549e+03
1.796013797207989228e+03
1.847977028084342464e+03
1.873651185627584709e+03
2.165550363022045985e+03
2.214542033263386202e+03
2.091602956602944687e+03
2.042615708712390870e+03
2.324513943472909432e+03
2.288559223213214864e+03
1.992538821555645882e+03
2.429463259683189790e+03
2.230307338223241914e+03
1.924446672583789223e+03
2.487513062917586467e+03
2.369770232093378581e+03
1.941939126625513381e+03
2.089343304906638878e+03
2.504737903336414092e+03
1.987783700799702501e+03
1.880603272294731141e+03
2.149017016664447056e+03
2.287435694971584780e+03
1.931877348739249783e+03
1.916703119983647639e+03
2.363305844718152457e+03
2.412047633363910336e+03
1.971226262381006563e+03
2.046672286849350030e+03
2.349931645438047781e+03
2.387170064364352129e+03
1.984671010366578230e+03
1.967436368654905664e+03
2.435455119017542984e+03
1.952639297281660220e+03
1.805675041172650708e+03
2.184047755065651927e+03
2.368564202849141111e+03
1.887836035913660226e+03
2.049941432784537028e+03
2.459760279450043981e+03
2.107415220025903182e+03
1.877986505991346121e+03
2.125184374913529155e+03
2.335464852267630249e+03
1.907676155691380245e+03
2.120508087917293324e+03
2.386805160460442039e+03
2.209731607462234479e+03
1.961181080605341094e+03
2.523699084627293814e+03
2.252159209981272397e+03
1.906152029013239826e+03
2.024890244114915504e+03
2.497772045540745694e+03
1.841680336563665833e+03
1.989209314891688109e+03
2.445114626886897440e+03
2.313230777214276259e+03
1.668025199347539456e+03
2.042333572735096141e+03
2.335667048712797168e+03
1.919613300842412855e+03
1.927704422787820022e+03
2.336415837271090822e+03
2.275827690283315860e+03
1.867097799202757187e+03
2.285620072213733238e+03
2.391282136834823632e+03
1.886039195173281087e+03
2.209563138818332391e+03
2.354486747315447701e+03
1.896490193590263516e+03
2.211425798607855995e+03
2.365433727109451866e+03
2.024410411318453725e+03
2.014734915667303540e+03
1.895226543977553547e+03
2.312068795612914073e+03
2.334820459500929701e+03
2.468199930292109002e+03
2.015280274024510845e+03
2.045820283797779666e+03
2.064186071564906797e+03
2.224097044537949387e+03
2.399824967301234665e+03
1.902708511739957885e+03
2.198795825213137050e+03
2.170833268582579876e+03
2.235684767303886474e+03
2.015408567388252777e+03
1.819487400806421419e+03
2.564591763953481404e+03
2.008902710925365454e+03
1.947393892555438470e+03
2.151093660539485427e+03
2.515175527872465409e+03
2.063335669956755282e+03
2.027501909806682534e+03
2.509440881862951301e+03
2.269410165122771559e+03
1.867861699273199065e+03
2.287322427789397807e+03
2.515477860588516705e+03
1.950595942545570551e+03
1.799349349846515679e+03
2.300755489808979746e+03
2.074141658258745792e+03
1.776534403013511337e+03
2.108583242632975725e+03
2.379825774247661684e+03
2.095326243648292802e+03
1.841316008819590706e+03
2.406021306511375315e+03
2.304864441704062301e+03
1.783549692307766918e+03
2.089027877683573024e+03
2.357614196425302907e+03
2.145604653288720783e+03
1.970983077491706354e+03
2.385996160686078838e+03
2.459478611793051641e+03
1.971778461264315638e+03
1.914431854446592524e+03
2.164316298547094902e+03
2.290277796833988759e+03
1.822297375245144622e+03
2.237928784826097399e+03
2.391196609084396187e+03
2.110570316033148174e+03
2.071812351797935662e+03
2.459338503350829797e+03
2.247678438854768501e+03
1.888299157047081962e+03
2.196587800149257873e+03
2.328612280262751028e+03
