1.402895088954587663e+03
1.920062536015418345e+03
2.325818965899981777e+03
2.274715740886088042e+03
1.954146888200888725e+03
2.003785417381971683e+03
2.340802818093784936e+03
2.111183970526063604e+03
2.557388294111902269e+03
2.766800542513336040e+03
2.835749256814411183e+03
2.505499012633504663e+03
2.182626831467330703e+03
1.784804426055392923e+03
1.296462018524951191e+03
1.612420128333056255e+03
1.918066615259899208e+03
1.852580949484251278e+03
2.112464627713373829e+03
2.351900435071436732e+03
1.910731330202493155e+03
1.759261695081818289e+03
1.964529210945762316e+03
1.843177324343445434e+03
2.171352774096818848e+03
2.572798378516979938e+03
2.107883791703085535e+03
9.661636310783399040e+02
1.435695191407638504e+03
2.295720942361354901e+03
2.232424500063514643e+03
2.418990626377206354e+03
2.271423377280859768e+03
1.471801393678721524e+03
1.208306321891745711e+03
1.901606946926144701e+03
2.584210867150194190e+03
2.262331741933979629e+03
1.750839090092550123e+03
1.931223072735162987e+03
2.487103541671056973e+03
1.973965336009248404e+03
2.078836280430017723e+03
1.907865603950020613e+03
2.010780062859475265e+03
2.197678591827169839e+03
2.401394222418771733e+03
2.159213726389612020e+03
1.986376585542230714e+03
2.589666776917267725e+03
1.840523651975054690e+03
1.373624950442587988e+03
1.742327757112871041e+03
2.329284138372170673e+03
2.070275159204679767e+03
2.277628586518756947e+03
1.695139398131044800e+03
1.722785693867731425e+03
1.823463625128701096e+03
1.768019547159596186e+03
2.273099219589784752e+03
2.353478963388214197e+03
2.402512615452263617e+03
2.399287098167874774e+03
1.929660657584537148e+03
1.345185911214839280e+03
1.882953123127348363e+03
1.861386326208284117e+03
1.920344741107711116e+03
2.288579888694756846e+03
2.522203155102962683e+03
1.952250155115815005e+03
1.577003582632060898e+03
2.050238796345422998e+03
1.805294675109208811e+03
1.813108170875058022e+03
2.072986412390244368e+03
2.105737302921952960e+03
2.383953398919173651e+03
2.793201208875042539e+03
2.327744812630364322e+03
2.089895475779525896e+03
1.868831776917722436e+03
1.515192210772952649e+03
1.915702429652154478e+03
1.956501096593224702e+03
1.742024024568847153e+03
1.718017270648487738e+03
2.265490436848579975e+03
2.412999244053932216e+03
2.105013768847047231e+03
2.515685359412349499e+03
2.294770468696405260e+03
1.724089239314699853e+03
1.359185448826209040e+03
1.520806178645296768e+03
1.823883418049023931e+03
2.381877440661812670e+03
2.797576172551892796e+03
2.385307186609097698e+03
2.311549039928441744e+03
2.540530854726433972e+03
1.860088339503922043e+03
2.377576151062452482e+03
2.086808663840750341e+03
2.134759210721430009e+03
1.999344346830211180e+03
1.470810274030661958e+03
1.537592747634609850e+03
2.094556080605713305e+03
2.333883446907070265e+03
2.525753431565774918e+03
2.420584705833695807e+03
1.900859035618556163e+03
1.502382391295522666e+03
1.664724311373774071e+03
2.027842848004411735e+03
2.124497878262558515e+03
2.161735759112568303e+03
2.195313238386909688e+03
2.213362136393418496e+03
2.612858956311262318e+03
2.792362386693081135e+03
2.478233698805007407e+03
1.987875507052283183e+03
1.626576196758075184e+03
1.502663371468916466e+03
1.118651695743539449e+03
2.142707780864365304e+03
2.192784537916156296e+03
2.297012526884985164e+03
2.402523712250133030e+03
2.395938278082501711e+03
2.012742770344176279e+03
1.516551266838998345e+03
1.646277515275347923e+03
1.733072995787442096e+03
1.860386641670684412e+03
1.827711521731228231e+03
1.773854305514639236e+03
1.445281688664119883e+03
2.571717963135049104e+03
1.944036614894912418e+03
1.958062287650801181e+03
2.384036845776748578e+03
2.534040309732089099e+03
2.408785514333666924e+03
2.238053781927283580e+03
1.781140929017881717e+03
1.553653582218056044e+03
1.919387492384498046e+03
2.099229464412277594e+03
1.573384487988346109e+03
1.415715705642266357e+03
1.374199826173483416e+03
1.634465499222136259e+03
2.271291417663991069e+03
2.359259097400085011e+03
2.407017613659220842e+03
2.479875881430774371e+03
2.316267702903367081e+03
1.594130616613105303e+03
2.027163254249419424e+03
2.148507069821794175e+03
1.675678086356668700e+03
1.467181656395783875e+03
1.554363401932791021e+03
1.474082763510976747e+03
1.805855027187357791e+03
2.475905023837728095e+03
2.112505955763963811e+03
2.100310288947444860e+03
2.087278765757205292e+03
1.811040594048325829e+03
2.174381710354195093e+03
2.261258544944930236e+03
2.029859750508199795e+03
1.948126626284813028e+03
1.978625044332094603e+03
1.930315086356951497e+03
2.278136676458402690e+03
2.995100350878352856e+03
2.714714301998844803e+03
2.084165431200844978e+03
1.490443308940761654e+03
2.206455150735961524e+03
2.711339834648852957e+03
2.063084983806807486e+03
1.950358424801889896e+03
1.526001858722885572e+03
1.341805724753661252e+03
1.779468441477144779e+03
2.104086104603821241e+03
2.059264038472482298e+03
2.308366317314118078e+03
2.192577917253363012e+03
1.813334539669482410e+03
2.588116582423341697e+03
1.898408844964687660e+03
1.516407950201438780e+03
1.651476107089674315e+03
2.042538426446033327e+03
2.150470692279674950e+03
2.030824297557235241e+03
2.487158824135127816e+03
2.220643646048620667e+03
1.817489524461898554e+03
1.568846243219965118e+03
1.549147050770599208e+03
1.736365895695620793e+03
2.119378267541008427e+03
2.341216151590365371e+03
2.423930508739823381e+03
2.468945576245746906e+03
2.099070026272348514e+03
1.491456698502761128e+03
1.409278538631128640e+03
2.278634343442528007e+03
2.141197043640476750e+03
2.059183401922775829e+03
1.910143434331900380e+03
2.011548860053680073e+03
2.075908513402872359e+03
2.041879156573324281e+03
8.646554974608866360e+02
2.036688133158823348e+03
2.222102387714945053e+03
2.591275859738376312e+03
2.952806640139885985e+03
2.991310501573624606e+03
2.865426010565666729e+03
1.631522938399797113e+03
1.520121866433155446e+03
1.681211400758733589e+03
1.953210319543729838e+03
2.110189596268811329e+03
2.112170341198764163e+03
2.382366837423108336e+03
1.768593818543013413e+03
1.669761904745621905e+03
1.928018690313796242e+03
2.058564517384711053e+03
2.108072234547159042e+03
2.294667927316373152e+03
1.892486214089823989e+03
1.367863216854453185e+03
1.462598156106282886e+03
2.300967822603006425e+03
2.300393695272865443e+03
2.571693558644973109e+03
2.572721295290316903e+03
2.238172013379503824e+03
1.694360512792756481e+03
1.945190370276912972e+03
1.835258207445379867e+03
1.697109977448831387e+03
1.755258716926206034e+03
2.069130176395107355e+03
2.066648524938510036e+03
2.062183195560593958e+03
2.355205463072846214e+03
2.213381770486912956e+03
1.774257014497581622e+03
1.713837718386552297e+03
1.600556583526681834e+03
1.821574632087539158e+03
2.572585701125219657e+03
2.635055321723616998e+03
2.588047824032246353e+03
1.084562891669213514e+03
2.009912702588115508e+03
2.407904207498987034e+03
2.278913644853337246e+03
2.194225881450292491e+03
1.895027673099421690e+03
1.553426186814022685e+03
1.705946652776431620e+03
2.159557592018977630e+03
2.203465594346284433e+03
2.450751992278307625e+03
2.517891008648676689e+03
2.390812576207517850e+03
1.654549834838690913e+03
1.248192689485458459e+03
