1.320686368047920041e+03
2.373650124818608674e+03
1.947430970588014588e+03
1.535011173738831530e+03
2.640916114499842024e+03
1.389222150330276918e+03
1.798063956265841171e+03
2.139644106441705844e+03
1.638097566981429054e+03
2.053978194576207898e+03
2.161424039513728985e+03
1.776281793357719835e+03
1.615839314652220310e+03
2.621747830024946779e+03
1.808429678672296859e+03
1.777027600303242252e+03
2.678124314293635052e+03
1.969208024592724314e+03
2.200230620787257521e+03
1.007036775152057317e+03
2.723068424120131567e+03
1.813547860244984349e+03
1.738260908930861206e+03
3.259268611941656218e+03
8.850408707934299173e+02
3.201260135413586340e+03
1.356662766790487012e+03
2.109064914311747089e+03
2.597674307548912566e+03
2.211759567813167905e+03
2.449689012732311312e+03
1.634615577454464074e+03
2.678675732039442209e+03
1.489612418708724135e+03
2.155323612155150840e+03
2.661462588719681662e+03
1.704374200335706746e+03
2.349674947987550695e+03
1.788712554362046831e+03
2.076390253277614647e+03
1.900781828088595830e+03
2.254102940242399200e+03
2.247497153759685716e+03
1.706229522621287515e+03
2.661795465096625321e+03
1.531218089931907571e+03
1.989063715454939256e+03
1.915046836128761242e+03
2.306912231049826914e+03
2.241175661394098370e+03
1.975198025451702279e+03
2.488718056077241727e+03
1.270081021832493661e+03
2.700612140442853160e+03
1.958560011312062443e+03
1.906093558174641657e+03
3.188053225964104058e+03
1.152330359613070186e+03
2.804600114060917349e+03
1.843525258967772515e+03
2.167933398441936333e+03
2.003185434234562535e+03
2.242758988539305847e+03
2.240415410848217107e+03
1.634035968119873587e+03
2.506113725539027200e+03
1.518104380379721761e+03
2.268610692790875873e+03
2.604078175198357258e+03
1.472231850798314099e+03
2.574461780844206260e+03
1.515824712831269380e+03
2.082810852393746700e+03
2.054311880123948413e+03
2.476718828161831425e+03
2.265770212635581174e+03
1.645257799822697280e+03
2.727345105017239803e+03
1.773083279117014399e+03
2.113780358403736955e+03
1.876528946170837116e+03
2.401761486861855246e+03
2.237660033387104249e+03
1.600583321673532737e+03
2.803386935438337787e+03
1.319137660101012898e+03
2.007470283489872600e+03
2.196094151512824283e+03
2.209583668634780679e+03
2.611604703811015497e+03
1.379252319910265214e+03
2.200010722987117333e+03
1.912483751400478468e+03
1.851962766449648825e+03
2.365513492658557425e+03
2.215307846801895266e+03
2.219602994670074622e+03
1.562590452561390748e+03
2.675226380027400410e+03
2.018608949474557676e+03
1.953001201550133146e+03
2.292715142743918932e+03
1.864359031045024267e+03
3.030660723570165374e+03
9.225184995810092232e+02
2.192277034693400765e+03
2.290229583457781700e+03
1.869317605049670192e+03
2.637344927269438358e+03
2.023819179531316877e+03
1.914028055383036644e+03
1.507148864948853088e+03
1.991919414654445291e+03
2.453789559926953643e+03
1.626483933355831368e+03
2.484547305889057498e+03
2.057609969593581809e+03
2.478605324533180010e+03
1.453531758484727789e+03
1.991877455769036942e+03
2.003733614841692315e+03
2.140991519853997488e+03
2.604055121495200638e+03
1.499081712429922618e+03
2.132024733504801588e+03
1.621735993805933276e+03
2.265371842291868234e+03
2.471505550820364533e+03
1.696927261026481119e+03
2.245679746547755713e+03
1.746771886435021997e+03
2.426494300198788096e+03
1.862353424728914206e+03
1.922087785492630019e+03
2.636188553708177551e+03
1.862571234725150589e+03
2.297974750762999520e+03
1.382761575071907146e+03
2.464043313842186762e+03
1.906945689074694656e+03
1.950254910163193017e+03
2.409120074973733608e+03
1.826651093356671026e+03
2.219044728667176059e+03
1.652377587348752513e+03
2.452113608215312524e+03
2.175338887160813556e+03
1.683561034318341399e+03
2.565877977706476031e+03
1.936941420875009726e+03
2.448869744097123203e+03
1.287374214614241055e+03
2.435051156288095171e+03
1.984011083224278764e+03
1.799956570020397976e+03
2.947549390523195143e+03
1.200798453338875106e+03
2.318233164631421459e+03
2.006810726065787094e+03
2.214088165105316421e+03
2.126221958600924609e+03
1.946452103518731747e+03
2.899734964660034620e+03
1.526665115554859995e+03
1.971366497149895849e+03
2.298853052069604928e+03
1.991999424651336540e+03
2.343902587297386617e+03
1.396570613901234992e+03
2.856210263779182242e+03
1.502274871719155044e+03
2.036583788453263651e+03
1.768023998147701604e+03
2.130828516999915337e+03
2.693787678338753267e+03
1.294461772829494066e+03
2.833114490017097523e+03
1.381186749648980140e+03
1.958929882739381355e+03
2.521057488802126954e+03
2.034530531952943875e+03
2.481910552011128402e+03
1.466243382144801217e+03
2.416292053256402596e+03
1.897617554596822629e+03
1.869839656945620163e+03
2.481107375011063141e+03
1.754026243893928495e+03
2.339704607108772507e+03
1.622291478344146753e+03
2.501867033144722427e+03
1.802685755520497651e+03
1.960125509969008363e+03
2.238381009526037815e+03
1.911328435846282218e+03
2.499812769118864253e+03
1.370860459931341666e+03
2.577158181413531565e+03
1.841663718457484038e+03
1.768083870593611437e+03
2.853530397348755741e+03
1.760336341148477231e+03
2.423494507473508293e+03
1.197693641751630594e+03
2.519525837980857432e+03
2.293043855380085006e+03
1.883885705945082009e+03
2.315049090907352365e+03
1.620781142312146812e+03
2.524983680032979009e+03
1.883529810421149705e+03
2.107434094907368490e+03
2.067035201831768518e+03
1.840217769539599203e+03
2.587641288585173697e+03
1.483805522560792951e+03
2.306697275687407000e+03
1.823132359156231587e+03
1.880887547449240856e+03
2.247628137560398500e+03
2.116163936208645737e+03
2.232049147527925925e+03
1.572710813503413192e+03
2.553952169489135485e+03
1.511652871543742094e+03
2.225065152175815911e+03
2.766620372159870385e+03
2.685422526988118989e+03
1.945985734446431707e+03
1.095050784448890454e+03
2.630060058905975438e+03
2.109428277954409623e+03
1.778715285977490112e+03
2.526254109094525120e+03
1.495813135312256463e+03
2.291641409658220709e+03
1.770453232184754370e+03
2.134658299780344350e+03
1.902167928614725042e+03
2.368145051577297636e+03
2.542325459044656782e+03
1.388970162001671952e+03
2.800262761745126227e+03
1.585267542063402516e+03
1.930012986016627110e+03
2.292897162918862250e+03
2.267011291397508103e+03
2.207167322712739406e+03
1.809701232728769810e+03
2.484308764460919519e+03
1.510765974726937429e+03
2.038504758482012221e+03
2.817073726912449274e+03
2.640247424806419076e+03
2.236459258119525202e+03
1.049964826521445730e+03
2.459382908166497600e+03
1.955387160538312401e+03
1.659787855568929217e+03
2.742386102528665106e+03
1.602085149510495285e+03
2.264549703684061114e+03
1.758608778354487185e+03
2.157928946158446706e+03
1.782933271667567169e+03
2.221477461908310943e+03
2.674865418891919944e+03
1.344559413175339387e+03
2.907399496025069766e+03
1.382480978832417350e+03
1.873350776140647895e+03
2.468200372367749424e+03
1.983933365259241782e+03
2.498961165679972964e+03
1.646079560038061345e+03
2.471880816040086302e+03
1.345167014581589001e+03
2.577544922563549790e+03
2.157628387762064449e+03
1.713905707757534856e+03
2.713773241139648235e+03
1.817509042553626387e+03
2.143700982963280694e+03
1.689816386694390758e+03
