2.078541032871097286e+03
2.321100167491799766e+03
2.479001885579550617e+03
2.124910683714169409e+03
1.536665464987888981e+03
1.792865784172777467e+03
2.623199965732514556e+03
1.649192513194791900e+03
1.787986723587885308e+03
2.616929506986292381e+03
1.967138813337670399e+03
1.565855641024802253e+03
2.431311719946097128e+03
2.528967030987449107e+03
1.942616890248709979e+03
1.370975959761718286e+03
2.307455847538586568e+03
2.372490249364902866e+03
1.426701840695347528e+03
1.680828314191848676e+03
2.484876677839271451e+03
2.404272547103683792e+03
1.660277412203111226e+03
1.534453033788070798e+03
2.063170433937101734e+03
2.365200660221722501e+03
2.213425407562129749e+03
1.356906039686464055e+03
2.292984294802939530e+03
2.378967975238291729e+03
2.666328014715240897e+03
1.361536034309753177e+03
2.111629046224727063e+03
2.458783140741079933e+03
2.444086176957261614e+03
1.486776694815095198e+03
1.766323828994336736e+03
2.305254795485961949e+03
2.656360306384379328e+03
1.830655069106906922e+03
1.442354860403587509e+03
1.742452774375566150e+03
2.706950215914414457e+03
2.368397323486994992e+03
2.307066795251946587e+03
1.547266177835433837e+03
1.774112460273047873e+03
2.614393217510929389e+03
2.496123281502486407e+03
1.762453695995224507e+03
1.512365113095315337e+03
2.449757118621227164e+03
2.584190265294353594e+03
1.831711950912427483e+03
1.571052375245306166e+03
1.834798025621294983e+03
2.764661509430676233e+03
2.278318828200011922e+03
1.671698079478526552e+03
1.370082490228657662e+03
2.271935410722281176e+03
2.553306960695783346e+03
1.775286740943624636e+03
1.482580919357616722e+03
2.518603617636805666e+03
2.515407544310393405e+03
1.511751273348904760e+03
1.785933207508837768e+03
2.658638905904284002e+03
2.578449455374885929e+03
1.551884494366527861e+03
1.818300082142048041e+03
2.178056366353758676e+03
2.672110191550042146e+03
1.659836570777591987e+03
1.695626487881117100e+03
2.069845223517843806e+03
2.655041051855181649e+03
1.746456877810157039e+03
1.745358048476108252e+03
1.672898687593286695e+03
1.968051893708837952e+03
2.405662536470513260e+03
2.409500041321797198e+03
1.702462255161010489e+03
1.624271844575632940e+03
1.726430152608082835e+03
2.346387686288775058e+03
2.519254060913102421e+03
1.861112352621923719e+03
1.655278173571340631e+03
2.426786731528445216e+03
2.491256596101282867e+03
1.994072769733027371e+03
1.616017377466402650e+03
2.056555650729797890e+03
2.474992523643306868e+03
2.519634085698262879e+03
1.638513851982223741e+03
1.835457095301653681e+03
1.774027081089803232e+03
3.282304868978635113e+03
1.078360137002350257e+03
1.085926873131815910e+03
3.025569450449965188e+03
1.950947248844747264e+03
2.042669856707028430e+03
1.388661580373607421e+03
2.164734775083028126e+03
2.326936687715030075e+03
1.987100872426896558e+03
1.835361573807904279e+03
2.050661639865126745e+03
2.372755853314363776e+03
2.357850762215660779e+03
1.884982767377992104e+03
1.802456475206872710e+03
1.694235414558994989e+03
2.126408413991970519e+03
2.541612134793414953e+03
1.836113706436493885e+03
1.767696523441535874e+03
1.686606547889569811e+03
2.069736754072949680e+03
2.635912960280009884e+03
2.007761571507152667e+03
1.585817764895188247e+03
1.508431793763275209e+03
2.349117840907669233e+03
2.420146162249035115e+03
2.202756350370142172e+03
1.737583019147030200e+03
1.628018258924043721e+03
2.453703534245537412e+03
2.222363739439375422e+03
1.685053408601641422e+03
1.720780568258498988e+03
2.492047436978691621e+03
2.469516736219437007e+03
2.346637262637817003e+03
1.627180158196823186e+03
1.711659600863920787e+03
2.814967338704365829e+03
1.986013590654948075e+03
1.406707695476740582e+03
2.106616876666308599e+03
2.932957410037519367e+03
1.621510251915360641e+03
1.647636617275090657e+03
2.368874424094458846e+03
2.881485708337621418e+03
1.397838627316624752e+03
1.637442311027406504e+03
2.439277801664021808e+03
2.504087524826391927e+03
1.630201140623255469e+03
1.661312796154782518e+03
2.030967240202039420e+03
2.773095446973130947e+03
1.900942897453486239e+03
1.441162207540841337e+03
1.730991106975231105e+03
2.867432575797982281e+03
1.529953411410390345e+03
1.489905912451444237e+03
2.186763554667128574e+03
2.589758182144951206e+03
2.568682574067160658e+03
2.087281209434316224e+03
1.696192532485008314e+03
1.793165082144044845e+03
1.829519071523793173e+03
2.174871422919314682e+03
2.403873312843201347e+03
2.328382918091474039e+03
2.028014134736179813e+03
1.638591142669924238e+03
2.182025275070287989e+03
2.323786283769371948e+03
2.556212746551451346e+03
1.812413495364848814e+03
1.766967257297878405e+03
1.897658349006170965e+03
2.642177036566120023e+03
2.425707014695220550e+03
2.337107442826398255e+03
2.227987968191006530e+03
1.618617808871009856e+03
1.460889139654749215e+03
2.509008406803410253e+03
2.145955049137966853e+03
1.490523856834480284e+03
1.885903540710340849e+03
2.776681336706029015e+03
2.224861057927114871e+03
1.892709429976734327e+03
1.508116088770168062e+03
2.630321183375059263e+03
2.621010078363137382e+03
1.240789480085716832e+03
1.856086405344704644e+03
2.597490237109773261e+03
2.287053934823899908e+03
1.310999748538579979e+03
2.371460450722050609e+03
2.565320210896107710e+03
2.740502922495696112e+03
1.948657644350100782e+03
1.486434881026960511e+03
1.627053896376981129e+03
1.831290519015445398e+03
2.332329703175245413e+03
1.793087707957739894e+03
1.575225054265989229e+03
2.336176238716888292e+03
2.373663783590428011e+03
1.887097100823158598e+03
1.821963011820509564e+03
2.042039225718237503e+03
2.681455286533758681e+03
1.570204360250510035e+03
1.866304526219477793e+03
2.553781341666016033e+03
1.805043209682203951e+03
1.586594478156580863e+03
2.772805204267159297e+03
2.316778993120810355e+03
1.552948167697191138e+03
2.719073008492533063e+03
2.332748975242056986e+03
1.465002563944970461e+03
1.604378898300905803e+03
2.419666501438832711e+03
1.877774589828040689e+03
1.388109920263967069e+03
2.640831789774799290e+03
2.308943258778192103e+03
1.816148453094811202e+03
1.751845865707911344e+03
1.715854598997146240e+03
2.952310342981929352e+03
1.889586853712892434e+03
1.189171792258172673e+03
2.025341326537738723e+03
2.357886131622120047e+03
1.571100022896297787e+03
1.792357382486422239e+03
2.860044126734674137e+03
1.905838849691554060e+03
1.579661768279210264e+03
1.869176499960861975e+03
2.282272923453024760e+03
2.408247639382809211e+03
1.851186837220752523e+03
1.681651143510533075e+03
2.287770413479251602e+03
2.423331192271079999e+03
1.694163167446109583e+03
1.792561934642040796e+03
2.693019640026018806e+03
1.936423707990039929e+03
1.622848311430017247e+03
2.293036658762394381e+03
2.515233659714835994e+03
2.339684336474829706e+03
2.033749058513245473e+03
1.753926892764040076e+03
1.493328497427904495e+03
1.647737852673503539e+03
2.564895892345879929e+03
2.242628987499743289e+03
2.094684322560820419e+03
1.272733891963593578e+03
2.276281133244217017e+03
2.685150523014725422e+03
1.850832175863298971e+03
1.362041924501613494e+03
2.733659163183790497e+03
2.349837070874416895e+03
1.226280907371847206e+03
2.080414215778238031e+03
2.904522179672118000e+03
1.687097211273197445e+03
1.313428886782172185e+03
3.064320940546842394e+03
