2.121477641269152628e+03
1.255305698073402255e+03
2.476195816226732859e+03
1.766837244155093686e+03
1.977884603687444041e+03
2.862069392079756653e+03
1.254491368797207770e+03
1.856742138473465275e+03
2.641211100499041549e+03
1.495467459368765276e+03
2.156390000776074885e+03
2.592382201512175925e+03
2.079559286917513873e+03
1.926253130214531666e+03
1.382232621151414833e+03
2.662155778640011704e+03
1.726498084795407976e+03
2.502116178540407418e+03
1.678642289881757279e+03
1.914581675742691459e+03
2.523517310455477400e+03
1.431637205290455313e+03
2.773343617395198635e+03
1.753049696179379680e+03
1.671149365841365807e+03
2.743362220243728643e+03
1.449747042463624439e+03
2.332849067574451510e+03
2.174611614286501663e+03
1.566901064418231044e+03
2.614061117896033011e+03
1.539001398740874720e+03
1.898998012956372349e+03
2.626872604806512300e+03
1.593777156829530441e+03
2.331056145357626065e+03
2.196568270490857685e+03
1.573921549285723131e+03
2.110199519476454043e+03
2.293008304139116717e+03
1.586818123656746820e+03
2.050867529255457157e+03
2.159419359350618379e+03
1.774479564516989967e+03
2.477491031193787876e+03
1.911750725005499817e+03
1.728071625529003768e+03
2.396442181523333147e+03
1.780118377297382040e+03
2.136141503012496287e+03
2.391870023747011601e+03
1.440489723630550316e+03
2.234918704559896469e+03
2.397404849736962660e+03
1.667800251650464816e+03
2.274016923518591739e+03
2.384475923267024882e+03
1.252868138063430251e+03
2.516614519409899003e+03
2.377769405470177844e+03
1.326070730252266003e+03
2.200786967385876778e+03
2.441768098362609635e+03
1.483210367584313872e+03
2.467184582278808648e+03
2.084571489868865683e+03
1.647516427826665449e+03
1.930338687587878894e+03
2.484829304153608518e+03
1.550086237529713571e+03
2.208567998980320681e+03
2.434810923375074253e+03
1.642339420361871134e+03
1.811803901224702713e+03
2.448730093355715780e+03
1.862720828238652075e+03
1.646609874620813571e+03
2.576808624017697184e+03
1.852355022428277607e+03
1.910780738777602892e+03
2.130052373538447682e+03
1.836293404463615161e+03
1.973077713587689004e+03
2.176221739323273596e+03
2.109883728526284358e+03
1.959539824754995379e+03
1.863959480514010465e+03
2.248699840693537226e+03
1.972195840255747271e+03
1.788121388070821240e+03
2.395245238614800201e+03
1.865940036839991535e+03
1.807791023191201475e+03
2.607540157503351111e+03
2.023307129158700263e+03
2.256239053126781073e+03
2.543244457297329973e+03
1.648852589467510143e+03
1.754972602688881125e+03
2.530182257498516719e+03
2.824615420046952295e+03
-3.493454607045435978e+01
2.247771757572555089e+03
3.674227757873297833e+03
1.762549208597373536e+03
3.594037025774446647e+03
1.610330957850468167e+03
5.163789759175792824e+02
2.410386190046271622e+03
2.152643103530823282e+03
1.768924999102069933e+03
1.966179156877818968e+03
2.930874056121386275e+03
1.558451142260228153e+03
1.621651016326705076e+03
2.985036935618659754e+03
1.388415959145055240e+03
2.282865944077490894e+03
2.615882281760813385e+03
3.881761191417192549e+03
1.184334846647934910e+03
1.851407809852463060e+03
1.873483186992871197e+03
1.818675534615701508e+03
1.745596222246591879e+03
2.069925720549298148e+03
1.949422547615697340e+03
1.890612518632182628e+03
2.265393600003048050e+03
1.962350532971595840e+03
1.800414608839399989e+03
2.412737481249735993e+03
1.821694228458632551e+03
1.862654194377562590e+03
2.536473202151272289e+03
2.129129226095693866e+03
1.782613266227792337e+03
1.577127539370432714e+03
2.398407711675355131e+03
1.497884754364814398e+03
1.862204614919661935e+03
2.307981249387427397e+03
1.653447141803268323e+03
2.335247179998513730e+03
1.985338444386602760e+03
1.877229926980086930e+03
2.393665504863559363e+03
1.967239954823412972e+03
1.840259640232807897e+03
2.665403590416717634e+03
1.586121818103925079e+03
2.227472469793660821e+03
2.254068731105291135e+03
1.601301892530060513e+03
2.623538707408406935e+03
2.061472449731450070e+03
1.428503917759454680e+03
2.607173690842075302e+03
1.879732541821436826e+03
1.469400215157878620e+03
2.886009540562522488e+03
1.748412774216938033e+03
1.594683507677657190e+03
2.162048539362168867e+03
2.454835268917682242e+03
1.938397404242565472e+03
1.536613664910446232e+03
2.168483979823936352e+03
2.081882190934578375e+03
1.898388609907874525e+03
2.006220968799956609e+03
2.261019072043651249e+03
1.856889799875798644e+03
1.969494051452332087e+03
2.192355971302946728e+03
2.001246970002040598e+03
1.929489231091644342e+03
2.389563888505328123e+03
1.962336547983780747e+03
2.019820060617165836e+03
2.450889611181953569e+03
2.246915138501438832e+03
1.498457113142785374e+03
2.416987026306724601e+03
2.333152724952253266e+03
1.252270467551753882e+03
1.993640828055743668e+03
2.807523998369851597e+03
1.491248485732325889e+03
1.775756305454693575e+03
2.814413124948733639e+03
1.744488164044933228e+03
1.446378311776395549e+03
2.555174966804795531e+03
2.267226801150103711e+03
1.451079672362157680e+03
2.151078102707147991e+03
2.216175615646119240e+03
1.898213254171156223e+03
1.763334765709816338e+03
2.262758006011126781e+03
1.886179513645877250e+03
1.956443111270126565e+03
2.310835915473949171e+03
1.975038332989041919e+03
1.987391164185670050e+03
2.759904264102622619e+03
1.649018279389464169e+03
2.358433925737952450e+03
2.445908874529640798e+03
1.362467385706639334e+03
2.408203689307254081e+03
2.027163865811554842e+03
1.609837584512789135e+03
2.749417478511501031e+03
1.753675010028691759e+03
1.500146740181017776e+03
2.651556488628538318e+03
1.700449014136512005e+03
1.743815814841475230e+03
2.609041691915292176e+03
1.734246762154698217e+03
1.718802594036413666e+03
2.598617808758863703e+03
2.243740692448273876e+03
4.977316187853118663e+02
2.944060084992423072e+03
1.919202320112611915e+03
1.940069770633264170e+03
1.829573689404132210e+03
1.435882627904696847e+03
2.258604019600776610e+03
1.823643886114057068e+03
1.962302430668299166e+03
2.724560953094091929e+03
1.193386905558628314e+03
2.456855929876416667e+03
2.472018918136873708e+03
1.386403872612601845e+03
3.230118995609485410e+03
1.670505468180590924e+03
2.313811824732671539e+03
2.748124663131123270e+03
1.130388507720123926e+03
2.768490826345738697e+03
3.636089615442600916e+03
1.883319918760421160e+03
1.304929282420817572e+03
1.720850641281429262e+03
1.897268578028722459e+03
1.926737035896017460e+03
1.853963486632566401e+03
2.009725723551227247e+03
2.046808844091914580e+03
1.906048318126966478e+03
1.999350080072561923e+03
2.147002573141302946e+03
1.965034964999873637e+03
2.062497686409292328e+03
2.135430192733534113e+03
1.993549469663709033e+03
2.126218307712410024e+03
2.332354473443608185e+03
1.961772134248362818e+03
1.873014218430898836e+03
2.147678126143825921e+03
2.087032108736134887e+03
1.851199800402591563e+03
2.164011859505392749e+03
2.087993671529248331e+03
1.784613186397450818e+03
2.039414364223254324e+03
2.471599161863773588e+03
1.766793226100024185e+03
2.251101182153440732e+03
2.397537453458418440e+03
1.529411111883294780e+03
2.291689387665081995e+03
2.528343566887766883e+03
1.542252078600080722e+03
2.220926112001690399e+03
2.387608841809358182e+03
1.498733158711130955e+03
2.249204762736914290e+03
