1.266510201662273175e+03
2.170593101641662543e+03
2.677758101502784484e+03
2.480207167236449095e+03
2.181035239560576429e+03
2.366082450824646912e+03
2.870791092362374002e+03
2.518313363340214437e+03
1.951467789756497041e+03
1.503878277106557334e+03
1.502633651379050889e+03
2.495260235418744287e+03
2.114929732211617647e+03
1.861556019605369556e+03
1.683957816929015507e+03
1.925165757455574294e+03
1.942324233184484910e+03
1.459120124088324474e+03
1.435522573668900350e+03
1.587613437235101401e+03
1.773487225220943628e+03
1.751232460939251268e+03
2.036301651510480269e+03
2.493915530050892357e+03
2.234697390700883716e+03
2.414556551305442099e+03
2.895058480193692048e+03
2.912080714752031326e+03
2.335397507338973355e+03
1.827521100512299654e+03
2.301023645056985970e+03
1.918413308332244014e+03
1.866353364548481068e+03
2.141144546937885025e+03
2.520698536502305615e+03
2.438843947681996724e+03
2.088031924465527027e+03
2.014420692564315004e+03
1.404734636208652773e+03
8.276000483322584387e+02
1.166190867901923866e+03
2.050368881810722087e+03
1.809499631534309174e+03
2.036410755073796508e+03
2.276247185008517135e+03
2.452055758717044682e+03
2.546075785172038650e+03
2.093703164593252950e+03
2.199507704543835644e+03
2.622161741455342508e+03
1.724009928278066354e+03
2.093555265264009449e+03
1.829212436847976733e+03
2.121012831038740842e+03
1.788692451626694492e+03
1.739630759432121522e+03
2.262275515734687815e+03
2.198280649742709102e+03
1.957781529155213093e+03
1.960983403888121757e+03
2.157825587571410779e+03
2.018133788098285549e+03
1.704662593740531520e+03
1.599246372511456684e+03
1.478522162072867104e+03
2.036203771151015872e+03
2.177208830694283279e+03
1.998136818496352134e+03
2.078871189823239092e+03
2.281069983283295187e+03
3.082706451280993406e+03
2.967443524636434177e+03
2.344165523526110064e+03
1.714337477505378047e+03
2.311290206398748978e+03
2.720632436708373007e+03
2.325973662123285067e+03
1.322013628273291260e+03
1.422388001762669774e+03
1.807282247821751071e+03
1.443658325338702298e+03
1.430946744656441297e+03
1.844137493329963945e+03
1.971346563937713427e+03
2.163886961648783654e+03
2.462522458524223566e+03
2.920082849474488285e+03
2.403692829899360277e+03
1.881225930904734696e+03
2.846888277763036058e+03
2.259304774899285349e+03
1.937110875698490418e+03
1.970346347787435889e+03
1.692650856168124619e+03
1.568631306259051598e+03
1.949267965706519362e+03
2.072440125232769333e+03
1.718263473901898124e+03
9.725482001872369437e+02
3.991863573604444355e+03
2.804299855911547638e+03
9.608249124892913642e+02
2.448639436029403441e+03
3.863854965001192795e+03
1.749022276757946656e+03
7.381406151990754552e+02
4.941163681704100554e+02
2.921971079607908450e+03
6.724701977790933825e+02
1.382444662202330392e+03
1.962991870216670350e+03
1.812574104331753233e+03
2.032428664336635165e+03
3.690161802674666660e+02
2.719161848541754352e+03
2.253331988037015890e+03
1.821260860136352449e+03
2.580336795792236899e+03
2.143614177089248642e+03
2.473541759395042391e+03
2.461297021606898852e+03
1.723422582237998085e+03
2.143703171758217650e+03
2.140191079625396014e+03
2.014907585383429250e+03
1.901524121497343685e+03
2.037055741531362173e+03
2.277311585314775584e+03
2.254486136121804975e+03
1.920679161826647714e+03
1.787139598821403069e+03
2.334670109038695955e+03
2.415581921222395067e+03
2.340344376437321898e+03
1.937995468551108843e+03
1.718451472390127719e+03
2.172637332518320818e+03
2.179874540626795806e+03
2.195045938943429064e+03
1.671970361962107290e+03
1.773809185849240976e+03
2.135267712775315886e+03
1.874539311411916060e+03
1.790433578000415537e+03
1.668734134076344390e+03
2.285168878471030894e+03
2.284981395937477828e+03
2.117424230116683248e+03
1.925197794720226739e+03
2.274145318234911883e+03
1.932459864809644387e+03
1.940853840831283605e+03
1.562328012122451355e+03
2.051039592016739334e+03
2.610190641084750041e+03
2.280577140871724623e+03
1.656391265902769192e+03
1.829348335148412843e+03
2.151316294712110448e+03
1.908271386753001252e+03
1.908331141382405349e+03
1.894198095217581567e+03
2.498825563343951217e+03
2.270282523124129966e+03
2.844695325012155990e+03
1.801440813558677746e+03
6.835488965318293140e+02
2.225951935344439789e+03
2.136417800914330655e+03
2.138866987928200615e+03
2.107549254803167969e+03
2.502600183597133764e+03
2.455768958308271067e+03
1.755688802857185692e+03
1.993310327398143500e+03
2.071015949472629472e+03
1.892976852973008818e+03
2.025426127644928556e+03
2.392801968543377825e+03
2.135918727955648592e+03
1.915473496811838004e+03
2.480042430613953456e+03
2.339698324924298504e+03
2.002876543904523942e+03
1.917766016280209215e+03
2.173761497531140321e+03
2.036512875257104042e+03
1.563873604976564820e+03
2.063205566502119837e+03
2.127141177991616587e+03
1.973229894356395334e+03
1.851642452187997378e+03
2.493769974273777734e+03
2.935765205870337468e+03
2.195703961102155972e+03
2.090451481242747377e+03
2.455248984665302942e+03
2.909986149708206085e+03
2.313447449301258530e+03
1.618470455941893761e+03
2.071866156782060898e+03
2.084346316498103533e+03
2.153546735447287574e+03
1.628940495253963718e+03
1.440611600651923709e+03
1.547464984015509799e+03
1.418554893936258850e+03
1.627086459698255112e+03
2.002515665789356490e+03
2.771142248299864605e+03
2.617996139456557103e+03
2.187351004561290665e+03
2.329385198483573276e+03
2.460030915054875095e+03
2.608528920114607445e+03
2.219480271235267082e+03
1.891287045508608117e+03
1.936716202025243092e+03
2.352297486572749222e+03
2.138159781087727424e+03
1.574219873773532981e+03
1.899977037129809560e+03
2.074008474966366975e+03
1.243327231039466824e+03
2.109407121031309998e+03
1.054933046863379104e+03
2.498122492880528625e+03
1.722506238120475928e+03
1.638769679621834939e+03
2.177193912684038423e+03
2.182328065337516819e+03
1.872116314565895436e+03
2.101669188085194492e+03
2.103162339256605719e+03
1.896949662040015255e+03
3.075787011832134340e+03
1.694595534208985555e+03
2.178126879964131149e+03
2.250839323381325357e+03
2.241331134103632849e+03
2.303060304196479137e+03
2.455470938887096054e+03
1.676722257624092663e+03
1.843525570311564024e+03
2.683695222627478870e+03
2.206551129733786638e+03
1.766006219805108913e+03
1.773943377103563535e+03
2.099792715655766642e+03
2.005587091566802883e+03
1.798121389409849826e+03
1.889251122468572248e+03
2.078682380603604543e+03
1.929368334354496710e+03
1.984023216012506282e+03
2.161134174575671750e+03
2.141407694088542030e+03
1.838386904791751249e+03
2.275924461014898498e+03
2.472827510185506981e+03
1.673382571137344030e+03
1.979030286440578493e+03
2.095790040837781817e+03
1.900047220428282799e+03
1.900597801973678770e+03
2.949231830261300274e+03
2.406195455412309457e+03
1.307076564787687857e+03
1.908380324032793851e+03
2.792982169803543457e+03
2.572285861392549123e+03
2.223571180855914463e+03
1.285959333157685023e+03
1.228295421036382777e+03
1.078252534286640866e+03
2.004742549054625215e+03
2.321346046554670465e+03
2.450214845324356247e+03
2.282314673467701141e+03
2.131518208338085060e+03
2.628329912064923064e+03
2.457030646648979200e+03
2.529705099563257136e+03
1.870952713406366911e+03
