2.371278912893446432e+03
2.323166675992786168e+03
2.346708870124314217e+03
2.253359398867627988e+03
2.197197493146606121e+03
2.505282431983100196e+03
2.010226792275232810e+03
1.985458147089585054e+03
1.588526125386133344e+03
1.801309329184409307e+03
2.038817738861336693e+03
1.970725890589701748e+03
1.939388916896012006e+03
9.844079659715056323e+02
2.237634544899625325e+03
2.429128946488825022e+03
1.095884086062825872e+03
2.251757721729311925e+03
1.746235916409026913e+03
2.215643364970279890e+03
2.396417402245663197e+03
2.151125244285376084e+03
2.008398183444487358e+03
1.796750956922029445e+03
2.179287318820543078e+03
2.334146120617625456e+03
2.033380922111488871e+03
1.978691601600744889e+03
1.691873915353048005e+03
2.011889246524460987e+03
2.326582482865583643e+03
2.016321961113813131e+03
2.369619566421399213e+03
1.621099203267022403e+03
2.662769761244561778e+03
3.737585925371532539e+03
7.345457590497040883e+02
3.014901964163796492e+03
-4.509183072369627610e+01
3.934463508929726459e+02
-1.274378700692450366e+02
4.040185440922262387e+03
2.216926085317337311e+03
1.411337583040141453e+03
1.137760372230107350e+03
2.330794691725958785e+02
4.154423222464572063e+03
2.244913877144198977e+03
1.643786161114886454e+03
1.356279862968194948e+03
2.380718199695432759e+03
2.848638213493958119e+03
1.541079150457134574e+03
1.583446759650148579e+03
1.451111453044871496e+03
3.349571266096264026e+03
2.829139122748331374e+03
1.536301702894210621e+03
6.213080670627650761e+02
2.012348942045113517e+03
2.690411357829378630e+03
2.049797081877647543e+03
1.473254251343831356e+03
1.516644555388369554e+03
2.680064664486310903e+03
2.032073041799707880e+03
2.019338873071090802e+03
1.201195020293931293e+03
2.620216876834536379e+03
2.084006557041565429e+03
1.869262763761644010e+03
1.238282060627187548e+03
2.364796596780371146e+03
3.295681201245756711e+03
2.639062316329505393e+03
1.551476438355374512e+03
1.744143093865798164e+03
2.566155978101210167e+03
1.541838581173759167e+03
1.485219929643107207e+03
1.241519614379164068e+03
3.020780810398219273e+03
1.927184018433395977e+03
1.618374737051570037e+03
1.221859785581473488e+03
2.835626046698752816e+03
2.064375409286192735e+03
2.036375653449953688e+03
1.495189847658837152e+03
2.817123773358252492e+03
2.410217645745088248e+03
1.776449726326011159e+03
1.421626698576947319e+03
1.289796966505965429e+03
3.082402815504046430e+03
2.160845278744916413e+03
1.876251495406008416e+03
1.673126806877344961e+03
-9.846527097921448046e+01
3.178602769950738548e+03
4.137137598644333593e+03
1.808403319468281325e+03
1.466946130321289502e+03
3.790321761571095067e+03
1.245309679230096407e+02
3.331877689105748686e+03
2.395324400567683824e+03
1.982510590848303536e+03
3.347573846539900387e+03
3.002332458718229304e+02
3.098401009650576725e+03
1.122841936031435125e+03
1.996171798714899069e+03
2.165453561272264324e+03
1.726846550106417681e+03
2.603255068744110758e+03
8.091191315391422449e+02
2.408801321453785931e+03
1.924074882635502263e+03
2.603216574607554776e+03
1.903030648774794372e+03
1.733707969755277645e+03
1.973038281591228269e+03
1.952575914882642792e+03
1.970444964215787877e+03
1.873265550350739886e+03
1.868417236432203026e+03
2.193834240207043422e+03
2.058768664631327283e+03
2.031087984479706847e+03
1.938593764282793245e+03
1.975585631365868949e+03
2.278357126027708546e+03
1.979822616658999323e+03
1.973906992270204228e+03
2.007426181070550001e+03
1.679672380233162812e+03
2.469417500295080117e+03
2.065038006199139090e+03
1.883640486035476442e+03
2.018177469723207196e+03
1.708399910338371910e+03
2.255239446725017388e+03
2.374893498265601011e+03
1.825462746868843169e+03
1.863485083563982926e+03
1.521979968781297430e+03
2.821215147670814076e+03
2.715727934190558244e+03
1.203964819833130377e+03
1.269421487385082401e+03
2.725335198146365201e+03
2.044213947163344073e+03
2.375556503893773879e+03
1.049884964684594934e+03
1.607857098735302088e+03
2.825221555020210872e+03
2.097619515509536086e+03
1.912466850885023632e+03
1.095898500751767187e+03
2.928855822845722741e+03
1.984654778390504362e+03
1.916276781688756728e+03
2.000893123913325326e+03
2.107444252343985681e+03
2.022212542272988685e+03
1.388931809433168610e+03
3.371086159596422021e+03
1.869968629321613662e+03
1.666369142736227786e+03
1.059068070289188427e+03
1.848550887835270487e+03
3.131929502369441252e+03
1.952051258808685589e+03
1.125857512618582632e+03
1.659441868060085653e+03
3.039042984726970190e+03
1.816806205056856925e+03
1.958096393004238280e+03
1.130524189657769057e+03
3.141441040439993685e+03
1.749475944348028861e+03
1.791938435828162483e+03
1.271118855904980364e+03
2.139044418300934012e+03
2.951455724652942536e+03
2.021583750779782122e+03
1.844689227492234522e+03
1.441831591782477744e+03
2.451244231775313438e+03
2.250746431475924055e+03
2.004629147297483996e+03
1.797569614426972294e+03
1.547581171998757327e+03
2.695572220426399326e+03
2.884110595510078383e+03
1.525431560915680620e+03
1.323332265143126506e+03
1.870556720612014260e+03
2.684508168110705356e+03
2.009062246253193507e+03
2.114440228147579546e+03
1.570921992567720736e+03
2.892646029263650234e+03
2.247527715005599930e+03
1.633343391248738044e+03
1.769930117887460256e+03
1.642796579849336922e+03
2.208341649292193779e+03
2.247488927191266612e+03
1.819192258308381952e+03
1.755653899448790526e+03
1.544592181420629458e+03
2.497076875196272340e+03
2.949919945989108328e+03
1.965693182643568207e+03
1.636644338851883276e+03
1.328030966481415817e+03
1.285105584795601771e+03
3.402854778415242436e+03
2.399075973599460212e+03
1.747848140632489503e+03
1.264620948761520140e+03
1.382256815495470391e+03
4.606620018790068372e+01
3.837675726871839288e+03
2.665745171351634326e+03
3.812481573097786622e+03
7.762853124284242767e+02
2.756635589756703666e+03
2.416482464541289573e+03
1.140837535682305543e+03
4.059472368879785336e+03
7.404312818333886526e+02
2.050879314380126743e+03
3.667329011719973096e+03
1.334134458692694125e+03
3.889742522674509928e+03
1.671873472695376961e+02
3.264321681121759411e+03
1.757010721807580239e+03
1.123467052919353364e+03
3.734832896489625000e+03
1.029938570972706025e+01
4.138151867239754210e+03
2.800541855277269860e+03
1.490177787166446024e+03
1.644405336968497068e+03
1.602925101509401884e+03
1.855625188168111890e+03
1.924235340051831827e+03
1.664081596359949799e+03
2.355065028032603550e+03
2.093110851103523146e+03
1.943068682991779042e+03
1.588001001820978445e+03
2.196328140517699467e+03
2.282909131691356379e+03
2.015583423872362346e+03
1.828764705342816569e+03
1.318022159437566188e+03
2.984624701742805883e+03
2.304292187989814465e+03
1.999467608797973980e+03
1.793909580671931963e+03
1.139761876922618740e+03
3.066859579643561574e+03
2.585262958012403033e+03
2.027891848451238047e+03
1.641458122539551823e+03
9.222105030217303465e+02
2.918843452672191688e+03
2.599085388046358730e+03
1.877449792046394123e+03
1.900544843796099030e+03
1.365684951743594183e+03
2.302858357999011332e+03
2.572825638115440597e+03
1.891036596444689167e+03
2.011856515644608407e+03
1.543478536598035362e+03
2.219371279015869277e+03
2.401896400988043752e+03
1.815252223194851922e+03
2.073490018733296893e+03
