1.646196708291025971e+03
1.758166842998982929e+03
1.781892555629943672e+03
1.940597345160675331e+03
2.100452497751726696e+03
2.220304984745472211e+03
2.205529505219350540e+03
2.255976122712728738e+03
1.716603652345831733e+03
1.676199619199908966e+03
1.834588223117598091e+03
2.201864452924243324e+03
2.770233946552725683e+03
2.468966866354363901e+03
1.148039251305808648e+03
1.308282649416662480e+03
2.502028745622064434e+03
2.663563016960067671e+03
2.420839690662314752e+03
1.988500586440733287e+03
1.220546021382325307e+03
1.907880686640388603e+03
1.757298635077793733e+03
2.093309342106628264e+03
2.283517454145398460e+03
2.590900674796312614e+03
1.917202919534734065e+03
1.587451518804324451e+03
1.856559670066610806e+03
2.289110487055622343e+03
2.185366907139745308e+03
2.005967767884916611e+03
2.059560268026256836e+03
2.138877651789666743e+03
1.675370867664453044e+03
1.336449963897568296e+03
2.425198496324832377e+03
2.930710295041616973e+03
2.194398977757288776e+03
1.027306775176662313e+03
1.856381713662866105e+03
1.607594192248501031e+03
2.316101375675978034e+03
1.998619934632746663e+03
1.875316390785858630e+03
2.497188334308226786e+03
2.171041382503154182e+03
1.586406928312653690e+03
2.175307936051800425e+03
2.885054801283206871e+03
2.567877712924444040e+03
1.585751801483055488e+03
2.063848878858220814e+03
1.919422157354713363e+03
1.979333183970135224e+03
1.937975516304047460e+03
2.403421772789115948e+03
2.251538890745778190e+03
1.489693904597962955e+03
1.834383246759488657e+03
2.196813054407050913e+03
2.503355314594590709e+03
2.388242436576126238e+03
2.228445423718936581e+03
1.521638481301012689e+03
1.162083676627086106e+03
2.164988135054845316e+03
2.979210620469013065e+03
2.409226362245911332e+03
1.277763583134390274e+03
1.863729826112852606e+03
1.851915613770505388e+03
1.754950339634021930e+03
2.104335116723773353e+03
3.071879193904632757e+03
2.495164441283611723e+03
1.744563292798861767e+03
1.156154331329148363e+03
1.873519374492715542e+03
2.285417526093306606e+03
2.340507767849707761e+03
2.082801869064562652e+03
1.890588158904168267e+03
2.145345969813086413e+03
1.883398280136907488e+03
1.562405840830221678e+03
1.932666114253861451e+03
2.267343779523352168e+03
2.064967862576579137e+03
2.040660962728134109e+03
2.131334547542275686e+03
1.474740160134948155e+03
1.813735304654683432e+03
2.317336957690825329e+03
2.627181732049303264e+03
1.929828681157236133e+03
2.499091731870052172e+03
1.801052653527810207e+03
1.188872914107667839e+03
2.078888034101639732e+03
3.224363077490404066e+03
2.385221604470592865e+03
2.801209675787829838e+03
1.710179465646006292e+03
2.428778758549648956e+03
8.443694912089472382e+02
2.228444623467732072e+03
2.062517856694244074e+03
2.532985969064096935e+03
1.584777161487532567e+03
2.255569227078345648e+03
2.288978877238858331e+03
1.004560275819591197e+03
2.599599861077736932e+03
1.932111453755834646e+03
2.881177647146910658e+03
1.093544768659708552e+03
2.711103752213565258e+03
1.788205984059245338e+03
1.854138092495525370e+03
1.801220157433519489e+03
2.192013959325106498e+03
2.264632663293896258e+03
2.073874703461890022e+03
1.888191257246556916e+03
1.691653895735938931e+03
1.988872799070267774e+03
2.309233968213827211e+03
2.433806355288371378e+03
1.869078606030947185e+03
1.689298615435529882e+03
2.086008998151258311e+03
2.697557134827052323e+03
2.017698624527346055e+03
1.589542565267533973e+03
2.036578107917653142e+03
2.538533372676321505e+03
2.524756734012057677e+03
1.953591656910580468e+03
1.417378524512135527e+03
1.024580438345712764e+03
1.684515510178005343e+03
2.016430016151798100e+03
2.117452302545281327e+03
2.053433923867371504e+03
2.084526358377897395e+03
2.450609737697095170e+03
2.286627308350888143e+03
1.597933128010616201e+03
1.505592602228043233e+03
1.780594839098278953e+03
2.188407201750770128e+03
1.823311716446615492e+03
1.849655104843755225e+03
2.003619348752931273e+03
2.121963302979240780e+03
2.325850564392946126e+03
2.287183624222462640e+03
1.975257330492097481e+03
1.829086727384002188e+03
2.075289819880496907e+03
2.404783596840419250e+03
2.357645369420544284e+03
1.926475053155335218e+03
2.412037712351228492e+03
2.862249953995818032e+03
2.105799181076907644e+03
1.424212589649776191e+03
1.390745096336712550e+03
1.835518700761600712e+03
2.109711474179057859e+03
2.204389617773830651e+03
1.882019655595021050e+03
1.790688605594503315e+03
1.981897525237766786e+03
2.310708467442856090e+03
2.299559347163579332e+03
2.131919857457030957e+03
1.821949446704183629e+03
1.416232545065452769e+03
1.890603983337803129e+03
2.519567638207141044e+03
2.397893097652948654e+03
1.422622995232440644e+03
1.176928885728920250e+03
2.402150453283578827e+03
2.042805572806677219e+03
1.949439847571175733e+03
2.180368220455483879e+03
1.309233876294496440e+03
3.179547826996913045e+03
2.089814278749046935e+03
1.814458196222590232e+03
1.238039800450026178e+03
1.700232636332887751e+03
2.797580932198681239e+03
2.430210037480873780e+03
1.769828366840978788e+03
1.382678726782678268e+03
2.551533728772128597e+03
2.404488206943201021e+03
2.350349458512370347e+03
1.677029240797883858e+03
1.860532420097290014e+03
2.023153027777387933e+03
1.895791825500785762e+03
2.608321634729312336e+03
2.364520986843351238e+03
1.468328447753628552e+03
1.339672331373810948e+03
2.419364226966911247e+03
2.731352520636065947e+03
1.603000214002890971e+03
1.137135803988910538e+03
2.058527490930969179e+03
2.620300628236527245e+03
2.468793183017834053e+03
2.349480862776361391e+03
1.823033658253141084e+03
1.895018448270653835e+03
2.336215824849859928e+03
1.810448881244203449e+03
1.528615014945386292e+03
1.647572751216144525e+03
2.405759629920899897e+03
2.286630715717665225e+03
1.590634621978995256e+03
1.994941167474986287e+03
1.715699636857148789e+03
2.812898440824126737e+03
2.013750118874638929e+03
2.123778428188215003e+03
2.058099620853983197e+03
2.023622129979957435e+03
1.176126497475638644e+03
2.488213902571389099e+03
2.322791437908561875e+03
2.440308907998640279e+03
1.647517924085160985e+03
1.964446469057818149e+03
2.341737902940209096e+03
1.766660924265024960e+03
2.388319140422861892e+03
7.324115280952499916e+02
2.574006293479909800e+03
2.422198982347825677e+03
2.361495706229859479e+03
2.252632740362429558e+03
1.637214183690658274e+03
1.920494704010407759e+03
1.954948360514967590e+03
1.975323020982829121e+03
2.249167860002857651e+03
2.015348167418203502e+03
1.961078235495925810e+03
1.662175301699573538e+03
1.653396008207368595e+03
2.094094687435646392e+03
2.311852095145588919e+03
2.197392248549679607e+03
1.877109066376377996e+03
1.927018655704906223e+03
2.267741703385861001e+03
2.461218664366564553e+03
2.383946508570450533e+03
1.809247821683933125e+03
8.840267002414154831e+02
1.131678619182460352e+03
2.452207775035060877e+03
2.946757399362450542e+03
2.453531496364182203e+03
2.462064990539089194e+03
1.350771758301146519e+03
1.556090151138515012e+03
2.102138662874750935e+03
2.400584557457342726e+03
2.146917288124309380e+03
1.789194119578970458e+03
1.909193451511652256e+03
2.027623338504762160e+03
2.479815960690168595e+03
2.512901919531023850e+03
1.682484621936265285e+03
1.163863265879846267e+03
