1.676584387011619810e+03
2.482100942217443389e+03
2.526356002218998583e+03
1.174629680600861320e+03
2.391474295055123548e+03
2.916969600805602113e+03
1.996828084972871920e+03
1.599908784795516340e+03
2.830864916754241221e+03
2.076691593868407836e+03
9.175591191689701418e+02
3.034881680628676349e+03
1.673846306115555763e+03
1.335381712339763226e+03
2.866314966674907282e+03
2.212764682978890960e+03
1.381241268174962670e+03
2.394583277960814030e+03
2.123519523218446466e+03
1.421617794198928550e+03
2.361145059102209416e+03
2.553934555759279647e+03
1.308883658836938366e+03
1.995257983296068005e+03
2.186271343032504774e+03
1.414628724016858769e+03
1.973433916611007817e+03
2.331958125971031222e+03
1.940528570247627158e+03
1.941062318182067884e+03
2.622958342198198352e+03
1.535164053609783878e+03
2.034510514746541958e+03
2.584270960992679193e+03
1.745406267619202481e+03
2.050821339661206366e+03
2.650453964625633489e+03
1.781966502549347751e+03
1.819815872927066039e+03
2.641807960090945016e+03
1.632948207739373174e+03
1.563905402213429397e+03
2.560346557501013649e+03
1.840937131969147458e+03
1.661902745559649020e+03
2.271415481204476691e+03
1.801057360360348639e+03
1.788597671898544831e+03
2.125501689386087037e+03
2.369838803215055123e+03
1.612708901555673037e+03
2.566956341061601961e+03
2.107167660529470595e+03
1.913346331938873618e+03
2.914243391353656534e+03
2.003350988067700655e+03
1.968868764370945200e+03
2.236229138283201792e+03
1.925382026009581296e+03
1.531408678563513377e+03
2.059606485584459278e+03
2.618959491256876390e+03
1.338948188202679603e+03
2.583188296505305061e+03
2.034401288965362482e+03
1.464824032204010564e+03
1.796545557568128288e+03
2.321762963214809133e+03
1.888831375247881851e+03
1.577046001276366724e+03
2.665489782291223946e+03
1.709084523236620498e+03
1.951499871669117738e+03
3.189416060913911679e+03
1.821072464500407250e+03
2.282269559453145575e+03
2.736476758208504179e+03
1.872209162713294290e+03
1.829903558991122964e+03
1.962670648933270741e+03
2.159047582502651494e+03
1.157173751261235793e+03
1.745115866822533008e+03
2.119598570062315957e+03
1.921394081950905047e+03
1.892802587444608207e+03
2.522128119186945241e+03
2.495733975550306695e+03
1.398372017808007513e+03
2.982421696703177531e+03
2.182139366808166869e+03
1.739749519765271316e+03
2.326492178232151218e+03
2.618701845513522130e+03
2.158981500949774727e+03
9.692644308798337534e+02
1.773763844108282456e+03
1.811493056263952212e+03
2.271383921581053528e+03
2.564169515944031446e+03
1.432290612288612692e+03
2.986799588659338042e+03
1.674365937076152932e+03
1.908426049767538188e+03
2.215793224047657077e+03
2.890820443835661536e+03
2.185445615458077100e+03
1.645866765746629426e+03
2.516841820549690965e+03
1.625010588042060590e+03
1.699066954694106016e+03
2.208010584378537715e+03
2.675522631664393884e+03
1.706058011603942305e+03
1.030632848624095004e+03
2.429847940873333755e+03
1.970965818901894181e+03
1.517011533047093735e+03
2.335379151096330133e+03
2.717930402456180218e+03
1.484523052547928728e+03
1.568392860685189589e+03
2.882663724717033801e+03
1.997201078653485865e+03
1.608968338483231037e+03
2.994510751773435459e+03
1.738872781858721282e+03
1.638599680781116149e+03
2.421792540230941086e+03
2.380617837874999168e+03
1.423284838483188196e+03
2.217406400295352341e+03
2.989070116083729317e+03
1.034633406806693074e+03
1.946960863938332068e+03
2.491350110765582940e+03
1.777218846150842865e+03
1.643291411661456550e+03
2.853109702055917296e+03
1.449209697295485284e+03
1.897734515108156074e+03
2.617825346817489390e+03
1.543489371770445814e+03
1.881111807950401271e+03
2.848217715055634926e+03
1.596908927264664953e+03
1.833134457543592362e+03
2.575126168706674889e+03
1.917107116261648571e+03
1.369126076154281236e+03
2.544035602554394245e+03
2.348678281545056507e+03
1.249075284415494480e+03
1.784849607987920763e+03
2.356727270010982465e+03
1.767713232205515169e+03
1.921723752302313642e+03
2.727864678132192694e+03
1.569214431715887486e+03
2.067475814476121286e+03
2.711582276327235377e+03
1.498873470594985292e+03
2.068002788166284972e+03
2.724760298231054094e+03
1.520532859251033869e+03
1.941121604372082629e+03
2.513215263987577146e+03
2.197083186939245479e+03
1.300085178497868128e+03
2.636728571523778555e+03
2.062511614857755831e+03
1.298451114083049333e+03
2.261735052788358189e+03
2.307608522980563521e+03
1.503973216387570574e+03
2.018298461802900647e+03
2.506190402242316850e+03
1.567009255078864499e+03
2.180899205269425238e+03
2.658264046337659238e+03
1.446776703995225034e+03
2.354886836076805139e+03
2.297697749701369503e+03
1.431841861513208869e+03
1.885074029441084576e+03
2.608181911026316357e+03
1.811294473929828655e+03
1.777239805817595652e+03
2.906533280160138474e+03
1.397030603845420274e+03
2.001187170936895427e+03
3.019659233446873259e+03
1.568294761521164219e+03
1.747479128630609239e+03
2.765745320284235731e+03
1.511387274963040227e+03
1.635475768753592547e+03
2.868458812942339136e+03
2.174143531958677613e+03
1.141941973786794051e+03
3.007205605815344825e+03
1.251804930985030069e+03
1.515162743864010054e+03
2.735893541228823324e+03
1.831147478101008574e+03
1.739782905406126247e+03
2.498106431834269642e+03
2.393063308609583146e+03
1.779234136612602470e+03
1.514601507126357092e+03
2.349633562440287278e+03
1.895188725217627734e+03
1.793857290502396836e+03
2.222549572942530176e+03
2.747093143211079223e+03
1.174988687637954399e+03
2.147953578479907719e+03
2.311001564470241192e+03
1.258972252230896402e+03
2.241580522050798209e+03
2.723564758217059989e+03
1.574256824616940776e+03
2.315299785038640948e+03
2.368377963215455111e+03
1.522958649497728629e+03
2.478554565760495734e+03
2.390536723700300172e+03
1.472841876819863955e+03
2.691560178373531016e+03
2.404613935197807223e+03
1.149670368454712616e+03
2.599969874269183038e+03
1.825046194322784913e+03
1.505821765528753758e+03
2.252265124798856505e+03
2.550666123501753646e+03
1.215272461251305231e+03
2.598144310285415486e+03
1.978188391391271125e+03
1.251577592606259259e+03
2.876486594549099664e+03
1.981015354433337734e+03
1.389182848680383586e+03
3.075394254954243024e+03
1.578032564117191441e+03
1.675459829622768211e+03
2.713587112554523628e+03
2.163649081673788714e+03
1.206772089453135095e+03
2.101940502550794008e+03
2.296608260336507556e+03
1.324804173666607767e+03
2.732161691387520477e+03
1.750673127851327763e+03
1.821238760076350218e+03
2.248969590810923819e+03
2.069934972077102884e+03
1.734622942825751807e+03
2.355714009490302033e+03
2.151564680153736390e+03
1.707875727000083316e+03
2.714194975036437881e+03
2.193435145063524942e+03
1.594300102735144492e+03
2.943732676218397046e+03
1.731030429236919645e+03
1.489120468192537828e+03
1.986229291378492235e+03
2.366168615804958336e+03
1.116541917148593257e+03
2.575478682713478065e+03
2.260142275092073305e+03
1.356072607852860529e+03
3.026839314404466222e+03
1.713629335594624536e+03
1.714900006940682488e+03
3.268692138641253678e+03
1.654091462378561573e+03
1.667402344677154360e+03
2.801897535788349160e+03
1.923069670690362500e+03
1.446641796843928660e+03
2.471608565121868196e+03
1.809348427897193233e+03
1.484909937586173783e+03
