2.075245206808846433e+03
2.422888341958594992e+03
1.662850315710940777e+03
2.253066180416137286e+03
2.337019894758928331e+03
1.425736901739325731e+03
2.416603140200043981e+03
2.082501791501422304e+03
1.457848706754901514e+03
2.769993382228832161e+03
1.681679544052686197e+03
1.511963251089198138e+03
2.839863273573638708e+03
1.864899573615600730e+03
1.332467950176719341e+03
2.682718893238123201e+03
1.781077890332605193e+03
1.668315228493838049e+03
2.541949402611553069e+03
2.008303114022544378e+03
1.689920122638945713e+03
2.352345711135691090e+03
1.903413702595888481e+03
1.759482055754741168e+03
2.387487633874547100e+03
1.990319268369532438e+03
1.794148990226144178e+03
2.548084581788647029e+03
1.758187280059727982e+03
1.735741543690453682e+03
2.708840656600079456e+03
1.687779156791928017e+03
1.656548541611378369e+03
2.784833458827392860e+03
1.471318513818794827e+03
1.595480405112745530e+03
2.439965912311501143e+03
2.118726625215463628e+03
1.649290754017701602e+03
2.434398383864806874e+03
2.019608563853856367e+03
1.738757039511267521e+03
2.101665267048392707e+03
2.302199809491217366e+03
1.784852626338268692e+03
1.996130666757019299e+03
2.266674076991795573e+03
1.877032144244904657e+03
1.806033425067181724e+03
2.324608272296467476e+03
2.011027818586764624e+03
1.585021203481842804e+03
2.123349859804357948e+03
2.540031459849896237e+03
1.480831142039347014e+03
2.149261127611425309e+03
2.779869645346502239e+03
1.413431322720606204e+03
1.849896620065486331e+03
2.957043737064204379e+03
1.387172411426269264e+03
1.894118089567161860e+03
2.750060959361950609e+03
1.592681230556013588e+03
1.986472131214614592e+03
2.866373506482694665e+03
1.407953211015929128e+03
2.113758284513280159e+03
2.661906839922525251e+03
1.599835149163811593e+03
2.131455776930121829e+03
2.490359529666693561e+03
1.488160967803453559e+03
2.150423257631798606e+03
2.591529191149244525e+03
1.485063190977190288e+03
2.008324307236143568e+03
2.303724796265672467e+03
1.663025072456670159e+03
1.908209439568368225e+03
2.582243031392707962e+03
1.683616537857574940e+03
1.720449961760163887e+03
2.178931089432903718e+03
2.230927181811923219e+03
1.699809058067235583e+03
1.924418096041454191e+03
2.267958007866802745e+03
2.299269955074081281e+03
1.986170501313949444e+03
1.671881027401750998e+03
1.960881173353262966e+03
2.452070464706335770e+03
2.048903368443341606e+03
1.597159124556195593e+03
2.186922997998349729e+03
2.386263484514603988e+03
1.645540976223891903e+03
2.154027829169460801e+03
9.580302545432671195e+02
3.680242747169227641e+03
8.749956154248161511e+02
2.497190256045851129e+03
6.862710122728819897e+02
2.391678863414001171e+03
1.271975514939129425e+03
2.957500599056583269e+03
1.854173481613307786e+03
1.734532021251253809e+03
2.720837868393427016e+03
2.159330818045680644e+03
1.820430874839768421e+03
2.121890084799886154e+03
2.099384681724245638e+03
2.275360479592311094e+03
1.734224704558846724e+03
2.070726412494512715e+03
2.111518515975284117e+03
2.116550631566079574e+03
2.341019126558461267e+03
1.268615926664799872e+03
2.061426938420992883e+03
1.939421483814111753e+03
1.888648925083959739e+03
1.363843305558030124e+03
2.263433922309437548e+03
2.784447361838967936e+03
2.197145709544514375e+03
1.835283567108802572e+03
2.021763896269243560e+03
2.062325918762046058e+03
2.134135658954633072e+03
2.028483702746961171e+03
1.795572408314859331e+03
1.910540113055378697e+03
2.440571638280702700e+03
1.910989356124877304e+03
2.464766919695552588e+03
2.384932104087866264e+03
1.775022743652134977e+03
1.996666643343930446e+03
2.671585996839048221e+03
1.923741114668599266e+03
1.286375043560890390e+03
2.492569387302834912e+03
1.643736546427692019e+03
2.028650332464978646e+03
2.443897762129219700e+03
1.719766897190545933e+03
2.319090034920292510e+03
2.317513409453018994e+03
1.563774444623609043e+03
2.510889359159800733e+03
1.834626713132775876e+03
1.548194657886561572e+03
2.315766854621484072e+03
1.879537866938055458e+03
1.554113108940620805e+03
2.895577465597043101e+03
1.543921342059222980e+03
2.056307412212770942e+03
2.896637085093956557e+03
1.631462352087791714e+03
1.598889721123992786e+03
2.075177201197214345e+03
2.478692268408635300e+03
1.387438344033439307e+03
1.899665594063322260e+03
2.407967698834520888e+03
2.047968831397691247e+03
1.698586142287170787e+03
2.386649380840324739e+03
2.100277599033434399e+03
1.592739134704929711e+03
2.292021625382935781e+03
2.243843211391591467e+03
1.560904615083320095e+03
2.121201287359835078e+03
2.477340525743467424e+03
1.451796672157721787e+03
2.302724883311280792e+03
2.316295728171852716e+03
1.516461276718465342e+03
2.107713639585344936e+03
2.722682788556901869e+03
1.614929177657072842e+03
1.564668003745743135e+03
2.494701229205939853e+03
2.192379150118752477e+03
1.568243828713931634e+03
2.148776735895013189e+03
2.503540772309493150e+03
1.495038179788580464e+03
2.056011009609883786e+03
2.298553888879436727e+03
1.813949807497986512e+03
1.698767448312182978e+03
2.262811347038215445e+03
2.131841802520671990e+03
1.689828658346243401e+03
1.967501579610438512e+03
2.483500596294697516e+03
1.848692999775826820e+03
1.607927080048758398e+03
3.819616452418482368e+03
2.921772979091419074e+03
2.881797900532955481e+01
2.457729188113130022e+03
2.735552748527736640e+03
1.616025662652967185e+03
1.827725559167514803e+03
2.204700347048595631e+03
1.409504560622939152e+03
1.563616315214413589e+03
1.974982229039080494e+03
2.341942216641912637e+03
2.344332965241992952e+03
2.254281389149043207e+03
2.159337333429366481e+03
1.862504596770088710e+03
2.088812772199575193e+03
2.902180905078727392e+03
2.298173375343085354e+03
2.192028272996206852e+03
2.234076806564614799e+03
1.329585548831581946e+03
2.906138073389383408e+03
2.490325638116486971e+03
5.124736089031335950e+02
1.907371060848036677e+03
1.549274397333088302e+02
3.084838643604310619e+03
2.816117257539175625e+03
2.618423269600707499e+03
1.748614869681008713e+03
2.096674759666214868e+03
2.030384199498957514e+03
1.883401387288481374e+03
2.281621688815489961e+03
2.064939967916372552e+03
2.219111444166152069e+03
1.766937467906874645e+03
2.278164384358749430e+03
1.923018201151080575e+03
1.977577504303735850e+03
2.292828340287966967e+03
1.945583270726908268e+03
-1.835946466856671009e+02
3.401818215881882224e+03
3.426120533260180309e+03
2.554684658892716470e+03
1.759079600422127669e+03
2.417494836359659530e+03
2.340603769717552041e+03
1.947615638831173555e+03
1.988998263109622712e+03
2.421290191959255480e+03
2.242994773501635791e+03
1.593090608072732493e+03
1.745962579049209126e+03
2.439526470487024653e+03
2.170592471692293657e+03
1.733242862184060641e+03
1.774959852403920650e+03
2.415285710213726361e+03
1.628826018460440991e+03
1.712799216347600122e+03
7.798934230747602214e+01
1.777097449787926735e+03
3.104106833023569379e+03
2.877381050126628452e+03
3.199560757370167721e+03
1.531173830040968596e+03
3.280308314956348568e+02
1.928634793256006574e+01
3.489017271699286084e+03
2.366151691808131545e+03
3.104838650476470320e+03
1.821073462904772441e+03
1.622242495298444055e+03
2.303636246202326220e+03
2.417240710245189803e+03
1.659424297949851052e+03
2.170488394624607736e+03
