1.753881812027450906e+03
2.046410578874079192e+03
2.063663191441524305e+03
1.798379273999213410e+03
2.000367163503743313e+03
1.842373899140390904e+03
1.915114929326906804e+03
1.972298384374642410e+03
1.880934805629158973e+03
1.914596810368213255e+03
1.918130273519341017e+03
1.830843423087427482e+03
1.880350329143683439e+03
1.864602544025012321e+03
1.815677014163863987e+03
1.847009433815087732e+03
1.884518378950091119e+03
1.923583030764925297e+03
1.844679542530737081e+03
1.915355242991132627e+03
2.009597626686077092e+03
1.978491463390369063e+03
1.939509217422512847e+03
1.932987848942622804e+03
1.943642317680587212e+03
2.063785713101729471e+03
1.944951122128329644e+03
2.095954190123179615e+03
1.990360699594965809e+03
1.989735599118870823e+03
2.024648877476915459e+03
1.953166048999930354e+03
2.069684306227318302e+03
2.112955354483029168e+03
1.408189493486106358e+03
2.909805204666036389e+03
1.998159322357643305e+03
2.056133929769870974e+03
2.040801408193888847e+03
2.034871416321546349e+03
2.032201952967809802e+03
2.005848516980359818e+03
2.066217720968925278e+03
2.022763147728148851e+03
1.948622568185074215e+03
2.010372721504544870e+03
1.940451096168361573e+03
2.002043431568237111e+03
1.977097842426804164e+03
1.913060703829242129e+03
2.015332576812059642e+03
1.930784731218254819e+03
1.975622165406887007e+03
1.931118181629688706e+03
1.918315725573488407e+03
1.927947278041540812e+03
1.949982277577813420e+03
1.957497885749111674e+03
1.918263142293978262e+03
1.826471727426407369e+03
1.908561667680581195e+03
1.901143208754854413e+03
1.894718954493060437e+03
1.932897886214011578e+03
1.872364160158106415e+03
1.897868293147465465e+03
1.864508148088294774e+03
1.836359376864643764e+03
1.924561653254261046e+03
1.800147908857064749e+03
1.821768256782599337e+03
1.828402450715000441e+03
1.831122794879596768e+03
1.887697130847726839e+03
1.784647906773098384e+03
1.829219320421504335e+03
1.854281173137801034e+03
1.812388928969600329e+03
1.890591527725522383e+03
1.811934561209363437e+03
1.792449723536294186e+03
1.836136334580168295e+03
1.818659669687000815e+03
1.847843443551301107e+03
1.810969435693573132e+03
1.850583322568268159e+03
1.880354292494725087e+03
1.760006748987711717e+03
1.891852078738389082e+03
1.750820744251446968e+03
1.814570524442737451e+03
1.870155986561293957e+03
1.864698039966422130e+03
1.876674176244616774e+03
1.883309943246495322e+03
1.896718060531184619e+03
1.911130610529364731e+03
1.934229415693787359e+03
1.938143593290230456e+03
1.908727220805162688e+03
1.879036060870688289e+03
1.965309618765458254e+03
1.893851119248099394e+03
1.931809662275340543e+03
1.942317135402746317e+03
1.932491727295082001e+03
1.989468787512181507e+03
1.906496718211579491e+03
1.975421344150408004e+03
1.979376228338799365e+03
1.970951638511503234e+03
1.983681130406817829e+03
1.963541480106097652e+03
1.966937027084316696e+03
1.963320675353593060e+03
1.922842123805464098e+03
1.985986746478563191e+03
1.950276031604777017e+03
1.901579694498962681e+03
2.001489059094131107e+03
1.987468961118114748e+03
1.939567859837645301e+03
1.866369156833691022e+03
1.909306608232501503e+03
1.958488379340901929e+03
1.929924187437371302e+03
1.934440825703480641e+03
1.960569373998484025e+03
1.931754163676852158e+03
2.007398236050092692e+03
1.885893461918182766e+03
1.978949276352814877e+03
1.907308117236538919e+03
1.906966913895181506e+03
1.964024340944503592e+03
1.873819541392913152e+03
1.923138991999491282e+03
1.986065395489055390e+03
1.824139049740756718e+03
1.892817900618654903e+03
1.835935365794640347e+03
1.826029673836482061e+03
1.979183959484140132e+03
1.769413876437615954e+03
1.837289529651995281e+03
1.926287792892318066e+03
1.883098975252506534e+03
1.931548580863744519e+03
1.945153762198320919e+03
1.912947575092951183e+03
1.905123317735660066e+03
1.967930450690330872e+03
2.001441239276777196e+03
1.934949304427570951e+03
2.035724199902041164e+03
1.916953216933875865e+03
1.934816747880165622e+03
1.970729967556409065e+03
1.940236647054210380e+03
1.951592747690553551e+03
1.909212398215509666e+03
1.961945535116877409e+03
1.995777643250618439e+03
1.984754016941789359e+03
1.925527157573181739e+03
1.937934167163037273e+03
1.929376102455898035e+03
1.981359204476458444e+03
1.947434454271010281e+03
1.914458890973010057e+03
1.974595513453043395e+03
1.988591506154302806e+03
1.919885303391516572e+03
1.995836877222151770e+03
1.931830242596932976e+03
2.011344811287629227e+03
1.964008492112448266e+03
1.957539192684677801e+03
1.953881029038012457e+03
1.998672178677534248e+03
2.022211635150475104e+03
1.938275308877982525e+03
1.993415428981277955e+03
2.002488798726564937e+03
2.000526241035650628e+03
1.869660413048290593e+03
1.903640970297393096e+03
2.074608504332980374e+03
2.008157004759937990e+03
1.979542698893710167e+03
1.997553462804338551e+03
2.058650904831723892e+03
2.051127678238764474e+03
2.080676681824237676e+03
2.027552874800824384e+03
2.129774841996418672e+03
2.155449341936777273e+03
2.083385585901545710e+03
2.121983459193270392e+03
2.026886299709922241e+03
2.199657739781658620e+03
2.073460849727233381e+03
2.141055090057412144e+03
2.149328356447575061e+03
2.068332009073422796e+03
2.182123224007193130e+03
2.136311926806742122e+03
2.038702612788466240e+03
2.138443945306554269e+03
2.046871202358424398e+03
2.104465785851903092e+03
2.065479932298906533e+03
1.972329777610746305e+03
2.107687156313393643e+03
2.038587081120007269e+03
1.993664069600410585e+03
2.076656673974061505e+03
1.940062586211034613e+03
2.142246670925127546e+03
2.019802179562926767e+03
2.051332439177968354e+03
2.104204520104486164e+03
2.092667079611140707e+03
2.129628566719003175e+03
1.963049800913702938e+03
2.236070621163414671e+03
2.065387870355500127e+03
2.039009561028486360e+03
2.084186282906522138e+03
2.026274123135673335e+03
2.081986372054092044e+03
2.046611629157969674e+03
1.987783811955437614e+03
2.129192675910442176e+03
2.025280732798438748e+03
2.020796113463202573e+03
2.003759910610076076e+03
2.126144994992827378e+03
2.064033171578365909e+03
2.093774396579388394e+03
2.145219401946141261e+03
2.014608986216156154e+03
2.096340065975130074e+03
2.061020327177458967e+03
2.114947902059905118e+03
2.076192350262609125e+03
2.054295241978669765e+03
2.016868962605254865e+03
2.034739352286218718e+03
2.069494855577295766e+03
2.045881903658331112e+03
2.023347485735244845e+03
2.071211208303850071e+03
2.011020709668315476e+03
2.055930727075183768e+03
2.051028152824445442e+03
2.022883316976112837e+03
1.968422568602417869e+03
1.987824604654196264e+03
2.029049578275105887e+03
1.958826038932741540e+03
2.039732774691110080e+03
2.011154023240321521e+03
1.936708124758018130e+03
2.006418417547799436e+03
1.982933286912162657e+03
1.953478460167237927e+03
1.941257801200575159e+03
1.845491368505463470e+03
2.026712868933623668e+03
1.944824619200878487e+03
1.962002387328188661e+03
1.934473311647574292e+03
1.925658570079576748e+03
1.924755344906440087e+03
1.920471145274593255e+03
1.978063478112725306e+03
1.935668809925877667e+03
1.916139307518995111e+03
1.919472507924696401e+03
1.969313458848543178e+03
2.009119619870952420e+03
1.510805218017844027e+03
2.126079656493840503e+03
