1.909213558734665639e+03
2.289244848799568445e+03
2.262228189743944768e+03
2.195744266404229165e+03
1.916939950473178897e+03
1.690347911331772139e+03
1.642351890934691937e+03
1.888151672023460151e+03
2.124916976434978096e+03
2.374426066979766802e+03
2.435296490432051087e+03
2.293176750879441897e+03
2.280131596527982310e+03
1.971807485796164883e+03
1.529507414704521580e+03
1.471299172745790202e+03
1.749659889318158321e+03
1.911971545694055067e+03
2.122007045561998893e+03
2.307974712618218291e+03
2.306999168871741404e+03
2.186586048191576538e+03
2.121181929854333248e+03
1.848051319721021628e+03
1.604566401359851398e+03
1.757122645867725396e+03
1.925507358347255604e+03
2.139809299681725861e+03
2.459126203478565913e+03
2.450699038371603820e+03
2.241988009108925780e+03
2.065150499179241251e+03
1.679436358906020814e+03
1.708397421484894039e+03
1.697136817982808680e+03
1.811998685110055476e+03
1.969799354858854713e+03
2.113563814813734098e+03
2.276530553074790532e+03
2.280046170124045148e+03
2.153263780868479444e+03
2.030372800478476165e+03
1.860601313781266299e+03
1.725400549442354986e+03
1.746400150630817279e+03
1.778024253187642671e+03
1.815307629624068113e+03
1.918276221970511870e+03
2.048576025735115763e+03
2.132319853985323789e+03
2.189720120127632526e+03
2.227524869032735296e+03
2.188574610707617921e+03
2.122586662718228581e+03
2.066551615442162984e+03
1.975387194847719002e+03
1.777460897589223350e+03
1.821276359563249116e+03
1.883198364678084545e+03
1.915000749341260871e+03
2.120176758773666734e+03
2.298075427861238495e+03
2.403802864706729451e+03
2.468122425029919668e+03
2.490251332346419076e+03
2.145436875859895736e+03
2.041358531258991889e+03
1.879981374287219523e+03
1.801341337565072081e+03
1.850733999779344913e+03
1.764893835363564222e+03
1.709992418873835504e+03
1.782225223458659912e+03
1.853299622827152234e+03
1.943002221894133527e+03
2.031090106077829660e+03
2.094133782257760231e+03
2.221646481370070433e+03
2.269937883070623684e+03
2.284836464193394022e+03
2.232775321191613330e+03
2.119206966180649488e+03
1.835787796438928353e+03
1.783282457238728512e+03
1.726667179685006886e+03
1.700435088599012033e+03
1.700260443450597677e+03
1.807401831476490543e+03
1.932868149448386703e+03
2.027844724365927959e+03
2.183115213425613092e+03
2.318875687567188834e+03
2.388266178823749669e+03
2.474766558560874728e+03
2.304514219062185930e+03
2.240318284932265215e+03
2.103143516709821142e+03
1.962653391386307021e+03
1.904570574383147459e+03
1.660589573545542407e+03
1.706399012691037342e+03
2.070058024343685247e+03
2.034564570499325782e+03
2.196245786408782351e+03
2.356778230592931322e+03
1.968197739460244293e+03
2.262217806339686831e+03
1.786203648459493479e+03
1.654281317280903295e+03
1.999150296012074023e+03
1.868051014532981299e+03
2.273128248072823226e+03
2.182320846524713033e+03
2.394227375191600913e+03
2.039397470591598221e+03
1.791597215424937303e+03
1.778356720779220268e+03
1.658629713286629794e+03
1.867829061340963563e+03
2.036214622738660182e+03
2.160161721171670706e+03
2.273340629194236953e+03
2.267400299194137460e+03
2.158448548866780129e+03
2.026582021132708178e+03
1.995072150140270423e+03
1.946172144662077017e+03
1.858018241223084033e+03
1.665042081769175866e+03
1.720626366172273947e+03
1.822519375394371764e+03
1.923558882177543865e+03
2.125644358956117230e+03
2.328825381598009699e+03
2.348594352482256909e+03
2.144752401799623840e+03
1.743553414812561186e+03
1.524087552420111933e+03
1.797628688266020390e+03
2.085815072075663920e+03
2.366443888641623744e+03
2.495257803389413311e+03
2.179058798428382488e+03
1.889027351396127642e+03
1.715746990678588645e+03
1.622902659167239335e+03
1.727860135406987183e+03
2.004925447714427264e+03
2.225247489692935233e+03
2.380355094884256232e+03
2.364204175516551004e+03
2.070100939330795427e+03
1.751615704267321689e+03
1.684777331262177086e+03
1.744766485123152961e+03
1.813027185883385982e+03
2.017231208827703995e+03
2.276099826858229335e+03
2.385302882430523823e+03
2.329531345937089554e+03
2.029987385390927329e+03
1.671063555999644677e+03
1.722686873654668716e+03
1.746299906516680267e+03
1.747558741527704115e+03
1.728375195810362356e+03
1.757020516067376093e+03
1.823534104346383629e+03
2.012577825454423191e+03
2.211821154105165078e+03
2.341103927215178373e+03
2.381968778519124044e+03
2.259548224159888377e+03
2.031628025044225978e+03
1.888496577684719568e+03
1.769902545176408012e+03
1.718317609384120487e+03
1.866026270923573065e+03
2.121906814776673400e+03
2.334246883422653355e+03
2.336596004422619899e+03
2.050794674193079572e+03
1.657983365838468899e+03
1.749574565806494320e+03
1.726882129449913236e+03
1.963493721766165436e+03
2.174085507371462427e+03
2.259613055499415168e+03
2.276891849879345500e+03
2.243581471016305841e+03
1.964996979401709723e+03
1.727976485676389984e+03
1.750945070712223924e+03
1.891837025405346139e+03
2.184632453811798769e+03
2.360436236260089572e+03
2.344102232540248224e+03
2.177875544822314623e+03
1.804677277710803310e+03
1.610352337579585082e+03
1.809363686683357628e+03
2.113914816360962050e+03
2.445784739837842153e+03
2.291770919936881910e+03
1.919684561455091853e+03
1.732433922445108919e+03
1.653597233793242594e+03
1.748638002259354835e+03
2.063246207126164791e+03
2.408424164808870955e+03
2.365324175516081596e+03
1.586791547267957867e+03
1.640308709734583317e+03
1.851078644407986758e+03
2.290576776983164564e+03
2.579222963202673782e+03
2.065490068152502317e+03
1.769097571445118319e+03
1.589370800900520635e+03
1.755039336486731372e+03
2.239966282892096842e+03
2.372474379480012431e+03
2.335687118886018197e+03
1.895358923147646692e+03
1.495424337390337087e+03
1.802040118656059349e+03
2.109852762528685162e+03
2.442716460546508188e+03
1.882935277256178097e+03
1.670792671960374037e+03
1.942806882095556375e+03
1.869615032616921781e+03
2.003865984375736844e+03
2.310933650931997363e+03
2.176594278379423486e+03
2.165834172300977116e+03
1.668410829839870757e+03
1.837857214025691746e+03
2.352032378100127971e+03
1.982142992893992641e+03
1.776785759661570864e+03
1.831566909976510487e+03
2.355482504482079548e+03
2.313568399822049287e+03
1.868596260967812441e+03
1.645052846236717414e+03
1.840911688616310812e+03
2.139544954170197798e+03
2.413301449871979457e+03
2.578312993063003432e+03
2.266080016969144708e+03
1.875063119404749841e+03
1.717030034833448099e+03
1.520412043255075105e+03
1.775986834064022105e+03
2.089566772150982160e+03
2.306020624482201129e+03
2.310921618044973457e+03
2.023402983909127443e+03
1.674608438551789732e+03
1.745034283233470660e+03
1.985880124259222157e+03
2.364483477565234807e+03
2.180189699613105404e+03
1.761577038904492156e+03
1.688430855694535467e+03
1.850114824686374277e+03
2.120426254728414278e+03
2.262230657868666640e+03
2.211221834326865064e+03
2.146683601182593975e+03
2.187761605275379225e+03
2.095613429151952914e+03
1.953433395372021550e+03
1.802687024089918623e+03
1.685693539539776566e+03
1.790153167592110094e+03
1.949973926496259992e+03
2.291394664714981900e+03
2.430130891687086660e+03
2.506829038471306376e+03
2.492721543577385091e+03
2.202268346545033637e+03
1.811997768927489687e+03
