1.699774017152052011e+03
2.150077543972660806e+03
1.704651864143300372e+03
2.230424620596821114e+03
2.197150540514772274e+03
2.188703014093145157e+03
2.022978877192460686e+03
1.661373978415035936e+03
2.297567734819861016e+03
1.962933535348848181e+03
2.528567366044813753e+03
2.187690772808252405e+03
1.808123736014307269e+03
1.947359871887078498e+03
1.723669180393341094e+03
2.156194278628019674e+03
2.206033248729979277e+03
2.226273703852180915e+03
1.726900663261581258e+03
1.692932104706289010e+03
2.057462383058159958e+03
2.013505366784948592e+03
2.385653849764299139e+03
2.019332204433025481e+03
2.074421559412991883e+03
1.975601844299226059e+03
1.548701854775288211e+03
2.031847721895814402e+03
1.916494575838827814e+03
2.246063348513647725e+03
2.197523038755990001e+03
2.230378284776173132e+03
2.614807053029772305e+03
1.608528965081857450e+03
1.761872817389154761e+03
1.142219961367798305e+03
2.332132533562165463e+03
2.453038060519517330e+03
2.480332654421729785e+03
2.389156174435376670e+03
1.686162560780032663e+03
2.219641390635204516e+03
1.582421919463519998e+03
1.760739526054435373e+03
1.663341516148487472e+03
1.788200243926688700e+03
2.416774156448207123e+03
2.072454581726395190e+03
2.514539950051108463e+03
1.902807212206881104e+03
2.370898809342962977e+03
2.183649338371392787e+03
1.706252579630757054e+03
1.896930813050872530e+03
1.513202693107856021e+03
2.288223261628340424e+03
1.902522825118138599e+03
2.338681578683396765e+03
2.607751943707751707e+03
2.419442299446925517e+03
2.125295283825203569e+03
1.387172968131343623e+03
1.655003843327359391e+03
1.956721203854464420e+03
2.130860198673161904e+03
2.459130566594533775e+03
1.980326278260470644e+03
2.214276072338082486e+03
2.166501933626571372e+03
2.138971411795590484e+03
1.868163724887760736e+03
1.522331765312976586e+03
2.223896224267072739e+03
1.684735082331530293e+03
2.174153989967488087e+03
1.779326405101495766e+03
2.465213003991828828e+03
2.362459135788541062e+03
2.006862001441774737e+03
1.898894493515769682e+03
1.869698909992045174e+03
2.030830661086131613e+03
1.740605613314788343e+03
1.864584290428102577e+03
1.953843225486901019e+03
2.199185332643263337e+03
2.350018427997903473e+03
1.989744908106014464e+03
2.144144253656472301e+03
2.244285653915841976e+03
2.115681945462981275e+03
2.120059481459500603e+03
1.568290689073880912e+03
2.039185995977316225e+03
1.754798450202794356e+03
1.998663847161204103e+03
1.960071208670797432e+03
1.911225359963847495e+03
2.794450427259995195e+03
2.268915104550135311e+03
2.343609199009129043e+03
7.596824098390469544e+02
2.166133135301943184e+03
3.496253137277778478e+03
6.564863215346674679e+02
2.484278341889248168e+03
3.012524240227228802e+03
8.560257473204779899e+02
3.674738801514227816e+03
1.416190131543045936e+03
1.917026557574933804e+03
2.051447029140553695e+03
1.585810844226230074e+03
2.949236999337088037e+03
1.157350514186681949e+03
2.338380529093290988e+03
1.683965013069904899e+03
2.166068365254490800e+03
1.958964754304251073e+03
1.937461755378548787e+03
1.991225293720032369e+03
2.009610727841669132e+03
1.976607043128705300e+03
1.929394568612122384e+03
2.092022044144954634e+03
1.944613495544351053e+03
2.002951352941470986e+03
1.807151212634315470e+03
2.157789784536117168e+03
2.211986843464082540e+03
2.198875081403595686e+03
2.143796084918400993e+03
1.847075071805704511e+03
2.082569646335029120e+03
1.644925984198016749e+03
1.865317834687481309e+03
1.756385129097375739e+03
1.923349855615375873e+03
2.765046126426939736e+03
2.154701299293036755e+03
2.453491391453811502e+03
1.863265425649676899e+03
2.139702422529608612e+03
2.223977549084433576e+03
1.650525487925370044e+03
2.046545057150723778e+03
1.776088396167136125e+03
2.253724682634800047e+03
2.518566622017839109e+03
2.263725149175272236e+03
2.247540443851888540e+03
1.686401116446922288e+03
2.171576335257403571e+03
1.565642313106350912e+03
1.880272668509314599e+03
1.557409707046377889e+03
1.852243435812482176e+03
2.482955236396521741e+03
2.067473214452938919e+03
2.417186979968573723e+03
1.944204892859346955e+03
2.717088067274451987e+03
2.310085931810225247e+03
1.969261631373772616e+03
1.894288754162806526e+03
1.592400438537586069e+03
1.908097311246961226e+03
1.613024205666399894e+03
1.989192480682885616e+03
2.095529976542273289e+03
2.466214469380573973e+03
2.612290933288077213e+03
2.180780114480077827e+03
2.466437418985219210e+03
2.000539982567774359e+03
2.482131446013153436e+03
2.149627738955085533e+03
1.623774511652901538e+03
1.748592695331785990e+03
1.431686420498788948e+03
1.951240505249072612e+03
1.808334308521150433e+03
1.950669232418688125e+03
2.061682322280895733e+03
2.262680878343793211e+03
2.553373186221466767e+03
2.154998761386012575e+03
2.369156150730026184e+03
2.292555552551995333e+03
2.304346760830989297e+03
2.155800737693582505e+03
1.391362638168693138e+03
1.613246187017570264e+03
1.781012925155196172e+03
2.132982557772019845e+03
2.334259410271356501e+03
2.148039629116289234e+03
2.523669412123375423e+03
2.186660017825306113e+03
2.341119606231248326e+03
1.875735851976547792e+03
1.882349637663561452e+03
2.163991671941854293e+03
1.695959131842249462e+03
1.751011437580743177e+03
1.496044035253899210e+03
2.249801236496346519e+03
2.046667600077335237e+03
2.290505003697868688e+03
1.957486767483735093e+03
1.837454744193512170e+03
1.963989150773441452e+03
1.559141919660946542e+03
1.987922910930173884e+03
1.869701496358537725e+03
2.305652445050273400e+03
2.260261803658101599e+03
1.942776457792626843e+03
2.273142764606019227e+03
2.294576871102513905e+03
2.147486946660648755e+03
1.797946407351346352e+03
1.678055305979919922e+03
2.156294690540557895e+03
2.224117570163694836e+03
2.522391780697713330e+03
2.223696234801407627e+03
3.124812780016760826e+03
1.063916787396879045e+03
2.692085680008421605e+03
2.083040668247808298e+03
9.613046317586927216e+02
2.567867384099716674e+03
1.070986433621184233e+03
2.124602676419013278e+03
2.252732306038933530e+03
1.507377051287908444e+03
3.118141870154131084e+03
9.232280219971274846e+02
2.162093365050549892e+03
1.704092193217216845e+03
1.793029770511285278e+03
2.594115543524383156e+03
1.891316171887085829e+03
1.966919815140479386e+03
1.915566459736528486e+03
2.123183180253442515e+03
2.099176396713902705e+03
2.069422089331455481e+03
1.999221882343915468e+03
1.952001659579548004e+03
2.031461761074851438e+03
1.890843954376447527e+03
1.994410591871660699e+03
1.924595307294333679e+03
2.081109229973758374e+03
2.040482394177330889e+03
1.882570859395373418e+03
2.083202127444990765e+03
2.201282781813871679e+03
2.270638742203825132e+03
2.141010310308693988e+03
1.800265648584153269e+03
2.135974446536812593e+03
1.764513442296444282e+03
2.020693133604014292e+03
1.579703921585054331e+03
1.790713836995587371e+03
2.236288189487377622e+03
1.874863695088163013e+03
2.219230513783382776e+03
1.869303113174720693e+03
2.738253355621683568e+03
2.272329595406300086e+03
2.085163400783577799e+03
1.870524793891210038e+03
1.919752325275302383e+03
2.011134746232442467e+03
1.456336353113290670e+03
1.982620016693895877e+03
2.090128046881546197e+03
2.495270391241669131e+03
2.132570232486939858e+03
1.560412288486164471e+03
