3.077872054954022133e+03
1.598170238537738442e+03
1.574876176561733701e+03
2.098268213248139546e+03
2.578242340882980898e+03
1.932808690872026318e+03
1.859674037425736742e+03
1.727816378284104530e+03
2.172692035753821528e+03
2.610234143155865695e+03
1.902359450795338489e+03
1.534781214549959486e+03
1.833683477727508716e+03
2.403339450442510952e+03
2.537884134881697264e+03
1.646606804388316732e+03
1.366398535499318541e+03
2.315592420287679033e+03
2.669605805532093200e+03
1.804106223560660737e+03
1.385530869675400254e+03
2.266661317083361155e+03
2.332797831407316608e+03
1.575026205925543309e+03
1.710726795698226624e+03
2.184106168406553024e+03
2.535236329715999091e+03
2.029348120396138256e+03
1.359186106063366879e+03
2.019010477676144319e+03
2.649587085686266619e+03
2.105106799739816324e+03
1.495380623361012795e+03
1.917574222425180551e+03
2.552302056179739338e+03
2.274797331463249520e+03
1.556061779101988350e+03
1.623240278667645498e+03
2.335839566858501257e+03
2.760957572056751360e+03
2.065971918223577177e+03
1.438105160236623078e+03
1.757865278957917099e+03
2.516370539687016390e+03
2.588730762210399462e+03
1.595458677588446562e+03
1.425882671914728007e+03
2.213522320660260903e+03
2.718565709120006431e+03
2.132032948292453057e+03
1.371511734163037318e+03
1.615184994361797635e+03
2.390363167496954702e+03
2.766438493497660147e+03
1.969382589601426389e+03
1.260183627076937228e+03
1.856810930303990972e+03
2.654087637743042706e+03
2.585179176617573830e+03
1.593945702849361169e+03
1.320871459178483519e+03
2.011034458976253063e+03
2.703981134994167860e+03
2.602008825965358938e+03
1.516081036056241373e+03
1.338582091742218836e+03
2.315235500272078298e+03
2.749507191034339485e+03
1.850629748201225311e+03
1.266121427483788466e+03
1.965080420648694144e+03
2.674881598878792374e+03
2.320845224864843203e+03
1.385791958010063354e+03
1.587372873143806601e+03
2.436425031492753533e+03
2.790016947809881458e+03
1.848903562707065248e+03
1.280147704878510694e+03
2.541201719951204268e+03
2.096739323438637712e+03
1.478195078484808391e+03
2.130883126542280024e+03
2.572365549798072152e+03
2.159276947248867600e+03
1.648386207031459662e+03
1.806171236017627280e+03
2.179248225570409431e+03
2.235457504095446893e+03
1.951575594244947297e+03
1.752536103717978676e+03
2.082519117046188512e+03
2.271629838743849632e+03
2.131453997368400906e+03
1.543665708346018164e+03
1.740724668850651597e+03
2.823193831105675599e+03
2.477388612728187582e+03
1.606401002895951933e+03
1.268661388487107843e+03
2.363937725008013786e+03
2.798375667393991989e+03
2.179906101622369988e+03
1.785096712303341064e+03
1.224951659959714107e+03
2.630139616415463934e+03
2.231930234259200915e+03
1.972866655070302841e+03
1.732914000155780968e+03
2.069365192881906296e+03
2.246380047305006883e+03
2.245044781098922613e+03
1.965746646456495682e+03
1.271745215381202115e+03
1.677119022905920019e+03
2.899457400187740404e+03
2.623533603894099087e+03
1.897512127720542367e+03
9.767344557740314031e+02
1.645014989666868587e+03
3.028917129967879646e+03
2.637733761128428341e+03
1.683693400983495621e+03
1.313762937222915980e+03
1.982645138017065392e+03
2.154330355167412563e+03
2.324718168297510147e+03
1.990041790859914954e+03
1.914272641085631676e+03
1.782168420537715747e+03
1.905045139609638454e+03
2.364699305717161224e+03
2.381386743445182219e+03
2.048442628786004661e+03
1.539044097402728994e+03
1.314830106363607229e+03
2.092060866960267958e+03
2.966999395315604488e+03
2.061219322390029902e+03
1.415951704968946387e+03
1.653339155660311462e+03
2.312309044886988886e+03
2.716651585080961013e+03
1.359534776710819642e+03
1.712768302750956309e+03
2.280625144925531004e+03
2.360123292549462803e+03
1.795382501733200115e+03
1.747611253059261571e+03
2.144557100777096821e+03
2.840192376548241555e+03
1.939907746677477235e+03
1.210672106238965853e+03
1.868553415214066490e+03
3.134210713645831675e+03
2.422751700164515569e+03
8.088421613525882776e+02
1.419677699540920912e+03
2.554243128232033087e+03
3.112265012172699699e+03
1.902404798786365518e+03
1.223468458404001240e+03
1.936852306323991343e+03
2.416942436209957123e+03
2.344285792622938516e+03
1.837585907992286366e+03
1.631738025549287613e+03
2.025025818981365546e+03
2.307347876996287596e+03
2.625787601132395594e+03
1.463463828575341495e+03
1.530214698281158462e+03
1.985144209554615372e+03
2.930926453017968925e+03
2.342965661218554942e+03
1.569171886972997527e+03
1.069676554715214479e+03
1.919720189804783104e+03
2.843921161024603862e+03
2.486952547616186166e+03
1.636801137814682988e+03
1.404268719885027622e+03
2.019240602837817733e+03
2.273457822226267581e+03
2.390303380804196422e+03
1.996371029465919946e+03
1.725466013426957943e+03
1.788550882950672303e+03
2.387902355974023976e+03
2.832589428358884106e+03
2.226525463431764365e+03
9.604862637607859597e+02
1.512218481628318386e+03
2.531988405770284317e+03
3.008779073399362915e+03
1.769439531659791328e+03
1.166482630172048175e+03
1.735177296036563348e+03
2.377789456139427330e+03
2.542069010455462831e+03
1.449500625649459607e+03
1.807490872629230125e+03
1.944595782219541206e+03
2.228179793707848148e+03
2.253225270944761633e+03
1.814570189308828503e+03
1.879367766842597121e+03
1.902285097281289381e+03
2.448785422679015028e+03
2.407922150434771083e+03
1.752773255051559090e+03
1.288857899966068999e+03
1.696465170623302583e+03
2.631747214372481267e+03
2.565113317929937239e+03
1.815779296917645752e+03
1.483617940537067170e+03
2.015431541350876614e+03
2.673433886551557862e+03
1.730302801572971475e+03
1.845248102875457107e+03
1.852599684529890055e+03
2.261019130131531256e+03
2.250077414074621174e+03
2.002204719947657622e+03
1.680847750693546686e+03
1.877447739840083386e+03
2.244224024426344840e+03
2.387703864508117022e+03
7.953051075059004233e+02
1.990611181567518315e+03
2.926327826467693740e+03
2.638294877271759560e+03
1.900899663879087029e+03
1.191372863560765609e+03
2.076843752510883860e+03
2.324542103049019715e+03
2.330290747474150066e+03
1.954984442769811949e+03
1.725937170523715167e+03
1.834217278972329268e+03
2.101812408482391220e+03
2.693701507301436777e+03
2.127090746279145151e+03
1.470904535389110151e+03
1.833872241745538531e+03
2.108153298193242790e+03
2.791399416170122095e+03
2.243974023005609524e+03
1.369071581976415246e+03
1.399310575614524851e+03
2.003197534003481906e+03
2.307827636289061502e+03
2.152770362997420307e+03
1.933152030963801735e+03
1.804182271390313190e+03
2.017748266378940798e+03
2.601683303296221311e+03
2.488766353490266738e+03
1.572299192592466397e+03
1.014669275849267478e+03
1.920910225018636538e+03
2.958322670808348903e+03
2.846683589067432877e+03
1.341638297077007792e+03
1.306782362468281235e+03
2.302098433717078933e+03
2.690062237017389180e+03
2.229199054714330487e+03
1.733333593360172699e+03
1.730932345183819734e+03
1.875666412806725248e+03
2.242631107776530371e+03
2.128396695346241813e+03
1.874532391201692690e+03
1.785304450980571801e+03
2.210195781760817681e+03
2.556427478450266335e+03
2.018728412713868465e+03
1.586110683129198605e+03
1.323038333631982823e+03
2.271701101713572370e+03
2.850348819101931440e+03
1.460724264641643231e+03
2.036423005321266828e+03
