1.942875982850290029e+03
1.850564752009779113e+03
1.482834610516845942e+03
2.575884463212691116e+03
1.239089418865139805e+03
2.082785720255444176e+03
1.852910785925679647e+03
3.052010910593471635e+03
2.231967286804193918e+03
2.239632715775090674e+03
1.826254921891196545e+03
1.527075964891279682e+03
2.653812736054000197e+03
1.553866698029324198e+03
1.972528590085494898e+03
2.445548401185242710e+03
2.221628344061737607e+03
1.437746941217533958e+03
1.945358541441551552e+03
2.259327082995081128e+03
2.288615092581953377e+03
1.576310164704851559e+03
2.070106738595872685e+03
2.540896701761948407e+03
1.961620729214307858e+03
1.557605364930587029e+03
2.181423646029879819e+03
2.598942628026993134e+03
1.606878834360482870e+03
1.604898117816360127e+03
2.353356776826307396e+03
2.406420193843394372e+03
1.610357763975573789e+03
1.600773932138194368e+03
2.423222694348248751e+03
2.472817283351795595e+03
1.837651666216591593e+03
1.421124178729162850e+03
1.709767677547061112e+03
1.937564147599380931e+03
2.107692470114904154e+03
2.221772322962378439e+03
1.980393338930102118e+03
1.669818286182175598e+03
2.511519692264102105e+03
2.325923915056165242e+03
1.820395570109584241e+03
1.896380891794545732e+03
2.285287918250649454e+03
2.035695825501246190e+03
2.635780799164195287e+03
1.275298055468983648e+03
1.921445917228093549e+03
2.562387310347427956e+03
2.093023005270722024e+03
1.553730973406843077e+03
1.774395110961433375e+03
2.430492712987198502e+03
2.361342862087990397e+03
2.121793153399720268e+03
1.976473140221443373e+03
1.954394682144018361e+03
1.912467588749730339e+03
1.394742192770570000e+03
2.347128909376242518e+03
2.308388910388953718e+03
1.840664232970803596e+03
1.826122470955403969e+03
2.103864619804063750e+03
2.199133851190732457e+03
2.247989756176546507e+03
2.148136951307504205e+03
1.762642599796119384e+03
1.735502077237797266e+03
1.596811659492899253e+03
2.119500893528178949e+03
2.477346050947771801e+03
2.061304617253710603e+03
1.721880459060676458e+03
2.027606077772186836e+03
1.760320737222501748e+03
1.672229011792396705e+03
1.599317438946031189e+03
2.554798667689411559e+03
1.530243006557178660e+03
1.695111221514806175e+03
2.223289338358953501e+03
2.406356140833939207e+03
2.277168796932120586e+03
2.325447065323226070e+03
1.718709074015097485e+03
1.610711764981127317e+03
2.391743913909749608e+03
2.323353125806989738e+03
1.860871117459468223e+03
1.677287632989146459e+03
1.724950034710915133e+03
1.812235082409030611e+03
2.196131207918047039e+03
1.898918400910187984e+03
2.111670758555608245e+03
1.965085100338796337e+03
1.861237028238666198e+03
1.906212201343846345e+03
2.002376739178736443e+03
1.461395978237887903e+03
2.479964185388682381e+03
2.407632093232085026e+03
1.456809515553753954e+03
2.295601804892628479e+03
2.553435563125923181e+03
1.856742556720333596e+03
2.491856052412918871e+03
1.604913343361758962e+03
1.581314861550404885e+03
1.601719293519988241e+03
2.227816932350839124e+03
2.590384173916575492e+03
1.115381040795799663e+03
2.112812932332218224e+03
2.275536107364013333e+03
2.145114419516503858e+03
2.081398855494190684e+03
1.920879341626294035e+03
2.037072003523617468e+03
1.933258651934470436e+03
1.823240364889321199e+03
2.128495948356665394e+03
2.294123896231530580e+03
1.864153620280607356e+03
1.870016652120347544e+03
2.142101180364637457e+03
2.223142350566138703e+03
1.844550879589641227e+03
1.525782167228189564e+03
2.375744597356216673e+03
2.710960591381431186e+03
1.695792129774853038e+03
1.602458987853317694e+03
2.193763254182402761e+03
2.495611160043718883e+03
2.302050473392334425e+03
1.879509202657989590e+03
1.669313418537128200e+03
1.479032029750873789e+03
2.186241796623279242e+03
2.446142514575864880e+03
1.742728940138630605e+03
1.674375961668921036e+03
1.869898033551852677e+03
1.875363156596146609e+03
2.008136636653595360e+03
1.925933621483389970e+03
1.601518356768676767e+03
2.079421813642165944e+03
2.446001801549095489e+03
2.061903067783509869e+03
1.800606992031389382e+03
1.879159908828838979e+03
2.138658094523289037e+03
2.262356546776853065e+03
1.859593302328957634e+03
1.896341187377075585e+03
1.979414713664147939e+03
1.846712379849296894e+03
1.844590422759504918e+03
1.878208794127467627e+03
1.837703451850178681e+03
1.714634673660277940e+03
2.499969052158006889e+03
2.479522042353890356e+03
2.176511812173259841e+03
1.647326872816165633e+03
1.786525443992736200e+03
2.062646616858181915e+03
2.649829568596668651e+03
1.448868698903746463e+03
1.809632845017531508e+03
2.456788266143681540e+03
2.760340088383413331e+03
1.486783853688486943e+03
1.608645652367910088e+03
1.867553427603492992e+03
1.945478552890314177e+03
1.871395895029151234e+03
1.799668072079441572e+03
1.772835285947955526e+03
1.814385891425236650e+03
2.120668806594142552e+03
1.741896684694160058e+03
2.053393635710549461e+03
2.262388077955383324e+03
2.299414829200004533e+03
2.120576710802244179e+03
2.019346446467439364e+03
1.872597002706750118e+03
1.822196266241090598e+03
2.517878699373674408e+03
2.170897056051494019e+03
1.463951093566537111e+03
1.423035883377587879e+03
1.643075571824045937e+03
2.616511397450899040e+03
2.650909607597425747e+03
2.584553178941864189e+03
2.438069790977606317e+03
2.218877750339939212e+03
1.755951558627469240e+03
1.933113845030363109e+03
2.136560106454370725e+03
2.222501755933694767e+03
1.879162448073841915e+03
1.747806537988412629e+03
2.008592903152807366e+03
2.364189443062991813e+03
2.298308512589879683e+03
2.368027289022968489e+03
2.146485015609922812e+03
1.557975751439807254e+03
1.645911803294965694e+03
1.544473495425102101e+03
1.728037326983658659e+03
2.197689191997667422e+03
4.548910536140446652e+02
3.250653835982703640e+03
2.633190063629024735e+03
2.009887654189832801e+03
2.272799719884792921e+03
2.004930792803163740e+03
1.891129775792992632e+03
1.779754435707343646e+03
2.028756239607135058e+03
2.077607696392034086e+03
2.346795958826616243e+03
2.037850058976229775e+03
1.512291883859403924e+03
2.297581477991167503e+03
2.306192749615401226e+03
2.472179751614135967e+03
1.701588369991496847e+03
1.526189488505199733e+03
2.008614084933194817e+03
1.715852775041897530e+03
2.667147225456376873e+03
1.482370923483387060e+03
1.882784421453360665e+03
2.098898234202792537e+03
1.851933067098539141e+03
1.862025626876895785e+03
1.939485582915309806e+03
1.908840471193070471e+03
1.865862092595155218e+03
1.927529656054211955e+03
2.208483947052659914e+03
2.084492289676124528e+03
1.778206970147453148e+03
1.860119530944597045e+03
2.244109581781757697e+03
2.090110628137760614e+03
2.016026185187386773e+03
1.987750295125440744e+03
2.139271878183974877e+03
1.986970348065790404e+03
2.275108347169056287e+03
2.237183591961329967e+03
2.330136614788125371e+03
1.234148317982239178e+03
1.835628380779425470e+03
2.473833738497676677e+03
2.781561250026951257e+03
1.933566539376279252e+03
2.366429142306955328e+03
1.999011457105550335e+03
2.225449213773139036e+03
1.137180823401993393e+03
1.791983348097972566e+03
2.220021089432137614e+03
1.769412773358053528e+03
1.546248676397786994e+03
2.492872951009603185e+03
2.231730600243578465e+03
2.112269189743475636e+03
2.129171523196079761e+03
2.034207717080553721e+03
