2.283880389634432504e+03
1.052469824030528798e+03
2.182445768631204828e+03
2.842093040848411874e+03
2.453009527571081890e+03
1.050500009051529332e+03
2.172372781268867129e+03
2.883567590437728086e+03
2.087031006260865070e+03
1.492907702263026749e+03
1.630432310315831728e+03
2.002515264415713318e+03
2.206263260441061902e+03
1.728495387502338872e+03
1.796438372544295817e+03
2.483457094049168973e+03
1.547054930844732326e+03
2.149764680168797895e+03
2.363780817934757579e+03
1.867683901466203224e+03
1.816699216803993295e+03
2.091370457016216278e+03
2.362459380794352001e+03
2.105759821104444654e+03
1.648010207684938905e+03
1.707887061179003240e+03
2.462662544969788996e+03
2.468131375213192769e+03
1.521347399928249160e+03
1.859144379105170628e+03
2.509549892950577942e+03
2.096062625362686504e+03
1.765599173722417163e+03
1.619701715029692423e+03
2.028837380501684720e+03
2.331874255754656588e+03
2.547578210855615907e+03
2.387748013605938468e+03
1.720414913101290040e+03
1.444183836880668650e+03
1.978248932045189349e+03
2.266280327076567119e+03
2.268595403354758218e+03
2.091768255180562392e+03
1.751999524583678294e+03
1.538106218754488964e+03
1.897657503312250128e+03
2.415124311369524094e+03
2.122755839778371410e+03
1.748209563833885113e+03
1.773242894872852730e+03
2.922995171541500895e+03
2.242662050536362585e+03
1.628026569886234483e+03
1.498246288238689203e+03
2.269632122880499082e+03
2.804895067971047411e+03
2.290576491413581607e+03
1.613366803385140656e+03
1.542786696086176562e+03
1.734612322988529513e+03
2.094365009729078338e+03
2.329404275753519414e+03
2.429453586996349259e+03
2.140233118611603004e+03
1.697570726300715478e+03
1.624288216395849304e+03
1.855600755882287558e+03
1.720148999728454328e+03
1.606326457691069436e+03
1.870156061422547509e+03
2.231577404892063896e+03
2.279482447420061817e+03
1.831137042309866956e+03
1.875429120397160432e+03
2.382479788988051496e+03
3.028826856752737967e+03
2.516530092096571934e+03
1.140732567793164435e+03
1.759406438166644421e+03
2.036719651172802287e+03
1.743313181490612806e+03
2.309396874917294554e+03
1.762523682070035875e+03
1.140239702230978310e+03
2.515885865456037209e+03
2.686601102434708537e+03
1.742424242872699551e+03
1.856059176597185569e+03
2.061243309984059124e+03
2.550527624084923445e+03
1.990960696489761176e+03
1.660159241259668761e+03
1.610201400449701623e+03
2.402376829936169088e+03
2.107543693305262877e+03
1.975683143323423110e+03
1.558143191347947322e+03
1.859394725351048692e+03
2.485151925215475785e+03
2.774152532313305983e+03
1.837747302860931313e+03
1.783820805298808409e+03
1.766188747304082199e+03
1.906456244732670029e+03
2.861554561736384585e+03
1.592393732360763579e+03
1.244246288733718075e+03
2.329526755003002108e+03
2.316393356097907144e+03
1.878009863751078228e+03
1.741221016503323199e+03
2.187838461338595607e+03
2.651773192516639938e+03
2.096335923486222327e+03
1.528126883984456072e+03
2.079022709516423674e+03
2.550199367373938458e+03
2.070595916253183532e+03
1.511294281999458462e+03
2.070377342058391605e+03
2.372550216424334849e+03
2.446003762214829749e+03
2.003430036776452880e+03
1.493307543024845700e+03
1.963563347759339649e+03
2.314882092984572409e+03
2.477065697724165602e+03
1.426484941179029420e+03
1.864619397734165432e+03
1.937347383485384171e+03
2.256477934947818994e+03
2.233264187750752626e+03
2.222904840082733244e+03
2.144374356641303621e+03
1.961635851974475145e+03
2.080901896104834123e+03
2.102252135931893463e+03
1.693233337692631267e+03
2.001787155964140538e+03
2.359525764889383936e+03
1.722195314655485845e+03
2.054574092580786782e+03
2.547307116023781418e+03
2.496594775047784424e+03
2.003289338289466741e+03
1.542677374381016307e+03
1.525729434702270282e+03
2.038930547732481045e+03
2.636756141610751456e+03
2.732275258806472266e+03
1.111237038812110313e+03
1.471410428847670346e+03
2.634062635440551730e+03
2.686750440211827026e+03
1.704405525086468515e+03
1.744584506405466755e+03
2.302124541413689712e+03
2.639144666143434733e+03
1.953595845349693718e+03
1.706429703028580661e+03
1.548290464043379416e+03
2.069791710396443705e+03
2.742260541908246978e+03
1.371209299729562417e+03
1.787297070277482362e+03
1.863911374450195581e+03
1.957126010394555124e+03
2.463787969186368628e+03
2.645840958966397920e+03
2.017586811681512927e+03
9.910436941795578605e+02
2.110239306829239467e+03
2.882637159279017396e+03
2.357710582759464160e+03
1.108163519083230085e+03
1.759131991215757807e+03
2.415623834821639775e+03
2.581447916033926504e+03
1.760376918978596450e+03
1.718669769127771815e+03
1.828758320794256178e+03
1.904120416188146464e+03
2.100397427358147525e+03
2.089348996664996321e+03
1.775313715001289893e+03
1.519122130073888684e+03
2.109204024101546111e+03
2.506546531301722098e+03
1.979302639328505620e+03
1.962110479308744516e+03
1.995493041573068012e+03
1.976520866962388936e+03
2.259772802542321188e+03
2.422749536068109137e+03
2.389814937346618990e+03
1.069285864284022864e+03
1.995311246541198670e+03
2.640913452306504041e+03
2.453933467111793107e+03
1.609492529053607541e+03
1.292048584122135253e+03
2.026501890832836352e+03
2.646365752205949775e+03
3.058179432735924820e+03
1.483381143618566966e+03
1.675597454939356112e+03
1.541071206493227464e+03
2.062162867861069117e+03
2.643741340507164750e+03
1.338829111034849802e+03
1.919069409558355801e+03
2.465297096311461246e+03
2.510349202353084820e+03
1.729290322986174488e+03
1.722933259768698463e+03
1.785351300738544296e+03
2.611543904434535762e+03
1.756893229921517104e+03
1.398136847163362518e+03
2.508589388440749190e+03
2.654128428117590374e+03
1.794784650756474548e+03
1.444247431050060641e+03
2.119220993482205358e+03
2.599871480493926811e+03
2.195126852840098763e+03
1.602785276629884720e+03
1.866445069073780132e+03
2.313209379454678583e+03
2.247401717745790847e+03
1.763788333729809665e+03
1.660663681559738279e+03
1.532132752665366297e+03
2.367561442575350156e+03
2.558878879028279243e+03
1.883356543054303529e+03
1.843373509968367671e+03
2.002839368923503571e+03
2.657354216414975781e+03
2.002179337053647714e+03
1.680278875657549179e+03
1.959485897569712051e+03
2.170896940544173049e+03
2.260066373479753111e+03
1.788200835651305169e+03
1.573713040029809463e+03
2.224535427363550752e+03
2.714051412734229416e+03
2.034523764544781670e+03
1.282497098648502515e+03
1.897040283785875317e+03
2.886109050463528092e+03
2.454273873756736521e+03
1.137205212090744453e+03
1.697642686703271693e+03
2.451170553783051218e+03
2.727549015703634268e+03
1.776289767840610921e+03
1.526603335517519554e+03
1.949898140657106296e+03
2.514659557878248961e+03
2.209010821341465544e+03
1.612512091225755739e+03
1.693680086548691406e+03
2.031849651863946974e+03
2.396865706179494282e+03
2.225581212289138421e+03
2.003305331267453994e+03
1.940095248280610804e+03
1.840659898432393447e+03
1.662081607225750531e+03
1.234135526425329090e+03
1.608248866422513174e+03
2.024032702716254107e+03
2.278114881941883596e+03
1.913764278284836564e+03
2.125180731738555551e+03
2.349951625749475625e+03
2.375433939606847616e+03
2.317154305524161828e+03
1.478600191924391765e+03
1.883652028570677203e+03
2.353053889810825694e+03
