2.546127301696906216e+03
2.565230592116874050e+03
6.924076044089383686e+02
2.831014623902337007e+03
2.617879822433386380e+03
1.504364656788414777e+03
1.569906249901767751e+03
1.209605374168269464e+03
2.426564169963143740e+03
2.292530589934050113e+03
2.672052710457937792e+03
1.583273979344854524e+03
1.377412860402589558e+03
1.721198681054714143e+03
2.466024323978234406e+03
2.499712198771552721e+03
1.431297151462867760e+03
2.030557582541753163e+03
2.347119570995633239e+03
2.461605039583663256e+03
2.597751740331307701e+03
1.439795158850629150e+03
2.069971739925510064e+03
2.276976296077629740e+03
2.391640673953715577e+03
2.064827153734581771e+03
1.418803133438099167e+03
2.322865658849282681e+03
2.248304210411375152e+03
2.239786578016485237e+03
1.931713033907012687e+03
1.848435519614480654e+03
2.063987124969349225e+03
1.923085400222752241e+03
2.397719727586308636e+03
1.132423430156306267e+03
2.031991161251631638e+03
2.220256164707428979e+03
2.476414143673286162e+03
2.306626021925270379e+03
1.385020843273248147e+03
2.185955363183666122e+03
2.260339801175519369e+03
2.466646118384192505e+03
1.575289036997235371e+03
1.699862332098130764e+03
2.227618359880184471e+03
1.946689980737837004e+03
2.532643674478611501e+03
2.164530587892169933e+03
2.516562432925605663e+03
1.688759312473857335e+03
1.509576620319070798e+03
2.256251182498511298e+03
2.395200695143345001e+03
2.450956356359298297e+03
1.324891739338778507e+03
2.475935958987008235e+03
2.368772921039128960e+03
2.379627800492391998e+03
2.806100539769187435e+03
1.517611595120175025e+03
1.841256173511121460e+03
2.162935363447171312e+03
2.272536897248631703e+03
1.886927371543791196e+03
1.537719769869763240e+03
2.585416366144755557e+03
1.929465927358568933e+03
1.952002529621829581e+03
1.821480908413170937e+03
2.184693605575436777e+03
2.799085636873846852e+03
1.721356551438136194e+03
2.241526748797115943e+03
1.658522202979409258e+03
2.100693226362716359e+03
2.500230575342157863e+03
2.664446319557494462e+03
1.596338263724982880e+03
1.378191255110920338e+03
2.093751602234242910e+03
1.820366587562904897e+03
2.506935844831652958e+03
2.174338352138675418e+03
1.682209325164949632e+03
1.988546601524332800e+03
1.748909592876284933e+03
2.203147890693286627e+03
2.193499726511354766e+03
2.071633150937241226e+03
2.428695666303502094e+03
2.096235044577188546e+03
2.016119908341401924e+03
1.596585366948325827e+03
2.447222152275126064e+03
2.232870155296602661e+03
1.925332969074665925e+03
1.867335371457511201e+03
1.894735492584537724e+03
2.191610707327380169e+03
1.646998996426518033e+03
2.581188531660304307e+03
1.556614778625318422e+03
1.812596458366952220e+03
2.818467517423129266e+03
1.992442914942802872e+03
2.331374587974655697e+03
1.935015927934152614e+03
1.776112762541234815e+03
2.367540741432469076e+03
2.231810845144443192e+03
1.896684154181911254e+03
1.546862962826814510e+03
2.385735038125021219e+03
2.619598467863277619e+03
2.001619102536823675e+03
1.860363133019290672e+03
1.828639055605056456e+03
2.034181563624278624e+03
2.279376452779925330e+03
1.990779016473632964e+03
1.277477353801076333e+03
2.216068817418119124e+03
2.704053829270354072e+03
2.516957457907366916e+03
1.969743780343099615e+03
1.032389651554602096e+03
2.154465875430421875e+03
2.646984492597564895e+03
2.689749203775972092e+03
1.727251091861973009e+03
9.947142259890201785e+02
2.087882276652179371e+03
1.789862038089023827e+03
2.742250937534721288e+03
3.086080699734378868e+03
8.779667196334316941e+02
1.571285399149741806e+03
1.305973364565140628e+03
2.090195939173853276e+03
2.324550707862117633e+03
2.565591586673942402e+03
2.071741895875877162e+03
1.752805358930557759e+03
1.541897538149995626e+03
2.500793568001320182e+03
2.267242206596886717e+03
1.686409766015833384e+03
1.598306139297218579e+03
1.788627748101848965e+03
1.982159470962463502e+03
2.805591508820367835e+03
1.348109478211259784e+03
1.653880916855222267e+03
2.273212446433512923e+03
2.522459445521359157e+03
2.311371254219888215e+03
1.880059249078501580e+03
1.995862166720959976e+03
1.692677367533387724e+03
1.636520970245009039e+03
2.757997803756622488e+03
1.925242418075866681e+03
1.591430855693241938e+03
2.017189899377755410e+03
2.579086016955286141e+03
2.023879494341794953e+03
1.644628421790777111e+03
2.113941825835827331e+03
2.368604132250026851e+03
2.459698999852588713e+03
2.158906643445386635e+03
1.509466702337488186e+03
2.126790174526824558e+03
2.418042976555797850e+03
2.120227546169187463e+03
1.424675538022927185e+03
2.433688423242622321e+03
2.210511552750514511e+03
1.641065694066170636e+03
1.903523812080527250e+03
2.278381371762442541e+03
2.380954148355415782e+03
1.970524873459844684e+03
2.125789542778718442e+03
1.358106756652149443e+03
1.867875108487019361e+03
2.609363711007991697e+03
2.034213110297205731e+03
1.754051647363940674e+03
1.941699425610254139e+03
2.767272131552951123e+03
2.103827968964103547e+03
1.776435906520103117e+03
1.797246649271292881e+03
2.347351989595532814e+03
2.934741365326091454e+03
2.321921871943992755e+03
1.599408373686238065e+03
1.560934578409085361e+03
2.253962779525975293e+03
2.357626379527049721e+03
1.722845537408711152e+03
1.978915328854237941e+03
1.223391426730890998e+03
2.232703769478547201e+03
1.870454399056117836e+03
2.331015718472871413e+03
2.280562593995345196e+03
1.783834299163975402e+03
2.167856056400159105e+03
1.625029008501338467e+03
2.190905648480852051e+03
2.477139265552572851e+03
2.082617537602596258e+03
2.074333956849724018e+03
1.672844236162522748e+03
2.031051432355246561e+03
1.976786915993273624e+03
1.914661053928899491e+03
2.154660537310418476e+03
1.882172404882691808e+03
1.733002679976479612e+03
2.212421404133284796e+03
2.622907502590125659e+03
2.100283834966633094e+03
1.754868003275700403e+03
2.017168429000484593e+03
2.639479544747854561e+03
2.365630435848495381e+03
1.945821266026641297e+03
1.418260769781113595e+03
2.461181202893121736e+03
2.211861026157188462e+03
1.458357965770980172e+03
2.107077980926375403e+03
2.660252943014193534e+03
1.863790937160055364e+03
1.413762727023415891e+03
1.805423946032828781e+03
2.672669874307483497e+03
1.367968399200597787e+03
1.938456114890235767e+03
2.958181539019722550e+03
2.615585230573108674e+03
2.643133190640778594e+03
2.099166664390680580e+03
1.657961068629527290e+03
1.184198389556493339e+03
2.377920992197514352e+03
2.456721538538890400e+03
1.989927655178638133e+03
1.801013111070093146e+03
1.741991828838028596e+03
1.857920419783922625e+03
2.466664023687462304e+03
2.019986101866240006e+03
1.868159040153271690e+03
1.762675814286195873e+03
2.253340912862431651e+03
2.424543030562354943e+03
2.457660613331643162e+03
1.772765062996643564e+03
1.491698063737271696e+03
2.370025838643224233e+03
2.427311763408054958e+03
2.428507700788254169e+03
2.423215122444735698e+03
1.808467606884729776e+03
1.948026590133745458e+03
7.779371781370273311e+02
2.888967765263852471e+03
2.114781150918576714e+03
1.656477853522780379e+03
1.544091523134799218e+03
2.105131104313195010e+03
2.629631579205075013e+03
2.229392103836302795e+03
2.256924331692138821e+03
2.334067234566907700e+03
1.842467262569495688e+03
1.648433506557577857e+03
1.263052753110270487e+03
