1.314734293305687288e+03
2.063547971627795505e+03
2.786784606601265295e+03
1.662159350112649918e+03
1.596640025990338472e+03
2.856778713405677991e+03
1.763481726298238300e+03
1.546545244033312883e+03
2.425324479838144725e+03
2.306565505731558005e+03
1.425400893285345774e+03
1.887063699166838433e+03
2.375576713414620372e+03
2.175954107488390036e+03
1.373979728809212929e+03
2.265620627272016918e+03
2.403669619849465107e+03
1.338742282279562914e+03
2.018334320476339826e+03
2.705295263934984177e+03
1.840205746935927209e+03
1.523168694567727243e+03
2.369352293780912987e+03
2.394124732749151917e+03
1.877938660803978109e+03
1.583971189185956518e+03
2.658366848905830921e+03
2.110156750723060213e+03
1.734956628436138999e+03
2.011412293697736004e+03
2.432612347447653519e+03
1.292709959416032461e+03
1.941035615985605318e+03
2.656137281859227187e+03
1.566185575091193414e+03
1.730897771829257863e+03
2.760391800439454073e+03
1.525478954060087744e+03
1.812560634854813770e+03
2.908192946547694646e+03
1.603564149780011576e+03
1.575805965922206269e+03
2.694750225534520268e+03
2.129446196471221810e+03
1.454186122063826133e+03
2.399783841086016309e+03
2.486739847245503370e+03
1.266367979399634578e+03
2.152338352931784357e+03
2.556020802801001537e+03
1.347791009047655052e+03
2.051082073768878217e+03
2.471823397991212914e+03
1.599675088845521259e+03
1.876348026334751466e+03
2.810754644035166166e+03
1.426634901646895969e+03
1.968368321951094913e+03
2.647493887866622117e+03
1.504287033624590777e+03
2.129337078538111200e+03
2.761159003532159659e+03
1.355886579131299868e+03
1.841794090921871884e+03
2.468559907911501341e+03
2.137876990344582737e+03
1.427607015079346866e+03
2.516459730132484310e+03
1.871700896394022948e+03
1.908585822683026890e+03
2.686987776525445952e+03
2.217099389989424253e+03
1.490885564732663397e+03
2.288749548348574990e+03
2.149886851150000894e+03
1.595085829613021588e+03
1.807469086096672982e+03
2.586858830078600931e+03
1.606800892034239496e+03
1.998105430697241445e+03
2.579842495030178270e+03
2.126026592440399781e+03
1.421088985097167779e+03
2.105676173310659578e+03
2.339121054134630867e+03
1.867153512587306068e+03
1.637216656105759739e+03
2.434267546976753238e+03
2.297496107131575627e+03
1.854888368902116326e+03
1.714823453614204482e+03
2.354985938282794905e+03
2.098995513513825244e+03
9.947375291289482675e+02
2.006408744053479040e+03
2.695710369222908412e+03
2.288496572051107705e+03
1.824054775011339871e+03
1.220801494286062962e+03
-1.930937976339713487e+02
3.898203279675920385e+03
2.951840385939195130e+03
4.193625725224011148e+03
2.349217309264299274e+03
3.566389293302123860e+03
1.561455212597504669e+03
3.526113387393394987e+03
1.493771327255074311e+03
4.592352278793487130e+02
2.251611057672052539e+03
2.031811311127313957e+03
3.125255282196329972e+03
1.474079368350960749e+03
1.621105461309886095e+03
2.724410633414296626e+03
1.853820321277619541e+03
1.947584639539880754e+03
2.196078311522579043e+03
3.022321689880778649e+03
1.353375627743213954e+03
2.114812890185873584e+03
2.171871594222082877e+03
1.469234730055965429e+03
2.275809664981479727e+03
2.069146228354509276e+03
1.743382907596596624e+03
2.229568071218548084e+03
2.355574650489342730e+03
1.508575942195559037e+03
2.195800810724014354e+03
2.485422414985046544e+03
1.592688234585791633e+03
1.884381948702094178e+03
2.756860305427849198e+03
2.072034158769849455e+03
1.137479040612243352e+03
2.563364216347425099e+03
2.369253157909255151e+03
1.514321361119643598e+03
2.189956014279689498e+03
2.224582218567231848e+03
1.472331793598883678e+03
2.447450262623322942e+03
2.049042063211283676e+03
1.547461625474054699e+03
2.321455754085795888e+03
2.216493066847890987e+03
1.483028799561786855e+03
2.132795532617512890e+03
2.558989522905262675e+03
1.708181117998098898e+03
1.696936210310345587e+03
2.621354959159499231e+03
1.989067014244668599e+03
1.618219389043355932e+03
2.402034878799527633e+03
2.086349220488264109e+03
1.430057732319113711e+03
2.357563073064958189e+03
2.496387446023070879e+03
1.497412241202568111e+03
1.959381700303134949e+03
2.616800778558073944e+03
1.540584970584938674e+03
1.877755839115911158e+03
2.553322106777786303e+03
2.144836425589959617e+03
1.492165496307307649e+03
1.916905132960572018e+03
2.481587545693846550e+03
2.225644403836844049e+03
1.499414802261633668e+03
2.332692260327353324e+03
2.071445400857532150e+03
1.552687059116348564e+03
2.177589882954359382e+03
2.470349067206295331e+03
1.040825722082656284e+03
2.318383435132322575e+03
2.770389679603698823e+03
1.754037848253320590e+03
1.348717430034939980e+03
3.132284532547511844e+03
1.062256626452224282e+03
1.668164429388137478e+03
3.067896244220025892e+03
2.294099676012530836e+03
1.148304869914757091e+03
2.227714931033297034e+03
2.763293153821972737e+03
1.915226132536724208e+03
1.516973444050886656e+03
2.074262108660284866e+03
2.177124382998108103e+03
2.291404661245916486e+03
1.426741172707225815e+03
1.958455022416651900e+03
2.629585974048699427e+03
1.797617524628758474e+03
1.579136474284417545e+03
2.273442317109505439e+03
2.508632358625177858e+03
1.340873254350379966e+03
2.116512032203784656e+03
2.488911255642856304e+03
1.536507107598466064e+03
1.958923276877458875e+03
2.714801103908451296e+03
1.574129308572333002e+03
1.743512591261295711e+03
2.647553198437790343e+03
1.969475561981148530e+03
1.748722969172671355e+03
1.952665304569895397e+03
2.557106611716947555e+03
1.514058259962404691e+03
1.903563441331981267e+03
2.528724523296886673e+03
2.010299713664847786e+03
1.583629076614706491e+03
2.586365389459767357e+03
1.883162724323446128e+03
1.560548622298543023e+03
2.011927185160740237e+03
2.574613342622564232e+03
1.427834184745119046e+03
2.319712066973869696e+03
1.853073593848715063e+03
2.051751519131284113e+03
1.709611041918799856e+03
2.578074402501906661e+03
1.897173734306908955e+03
1.470495743551725582e+03
2.488028067239452412e+03
2.404070163393947496e+03
1.457588746005318171e+03
2.659748942415280453e+03
3.086436399611144225e+03
1.878918156904805983e+03
6.612342139248063404e+02
2.349124976380709995e+03
2.474343938314692878e+03
1.572858874674625440e+03
1.935413289050095955e+03
2.408970760289726059e+03
2.193849102494508315e+03
1.680441971209096891e+03
2.386578676459454528e+03
9.777094404992775480e+02
2.658057874322218595e+03
1.750444229897311516e+03
1.804288439401719870e+03
2.123290639139580435e+03
1.738752990077857703e+03
1.818495400707919543e+03
2.184595437734042207e+03
2.098566741342666774e+03
1.799688719553021656e+03
2.252105233691033845e+03
2.471691187218439609e+03
1.808752582409254728e+03
1.597401618611400181e+03
2.416404907292406733e+03
1.897400349432413577e+03
1.448336842474406694e+03
1.832412937067084158e+03
2.625137460021818697e+03
1.471723510584638689e+03
1.649763377415111790e+03
2.809837553507229131e+03
1.836153459981297829e+03
1.279917075260408183e+03
2.819919289509178270e+03
2.524904709183429077e+03
1.207086252223726888e+03
2.413352525242183219e+03
2.658969359707768945e+03
1.103107396583301579e+03
1.974305172385449168e+03
2.949429087195564080e+03
1.766826711998066685e+03
1.270978741182207386e+03
2.919972346564552936e+03
2.031647072901413821e+03
2.045136697936196924e+03
