1.874636763921982492e+03
1.630121416945080909e+03
1.596927124664656276e+03
1.727372474595598760e+03
1.947023430289342969e+03
1.968255240514347634e+03
1.673647383739469888e+03
1.656097173054548193e+03
1.580174830055470238e+03
2.070594290335994629e+03
2.063721136910950918e+03
1.910442005201994562e+03
1.856174439017238910e+03
1.670661786178108059e+03
2.105804637712683416e+03
2.075054625644350836e+03
2.160979097953804285e+03
2.280678799350258942e+03
2.121758539671652670e+03
2.441217634226340124e+03
2.397932735093409974e+03
2.314995358982278049e+03
2.010356651990670116e+03
1.773523922156531626e+03
1.987627306562875674e+03
1.963799958420171379e+03
1.957475176470919223e+03
1.659621427614373488e+03
1.506058994595051217e+03
1.639308387312731384e+03
1.826326100049070419e+03
1.965558692302626469e+03
1.706977291373176740e+03
1.649462825743704798e+03
1.571193130761550265e+03
1.896684723049033664e+03
1.876392087628440095e+03
1.710019444527447831e+03
1.670777211578624701e+03
1.677465284172378460e+03
2.154231395201763462e+03
2.152591697661203852e+03
2.264639749267538718e+03
2.212537785919053022e+03
2.302102707115118847e+03
2.586004729041735118e+03
2.257379887958181371e+03
2.300946640346004642e+03
2.013233889093192147e+03
2.254760782469172682e+03
2.416116697254488372e+03
2.041477494259016339e+03
2.012678491292658919e+03
1.533943516361689262e+03
1.792151513971503618e+03
1.876049180826639713e+03
1.897562361204708850e+03
1.888664799723213946e+03
1.692018933282365197e+03
2.085361772827702680e+03
2.203944966904654393e+03
2.403884057373376891e+03
2.299372062632827237e+03
2.182076772673005962e+03
2.366864185594160972e+03
2.300158808766641869e+03
2.223370535483435106e+03
1.760252211154756196e+03
1.633033159848638661e+03
1.707221670897977674e+03
1.871338324241464079e+03
1.909928218405176267e+03
1.629686104407381208e+03
1.603572025034070521e+03
1.549549685832068235e+03
1.999620241581534174e+03
2.300943808703874765e+03
2.340406890273043700e+03
2.247997084128771348e+03
2.010901636827982202e+03
2.469220410700933826e+03
2.145048264121347984e+03
2.114982626397285003e+03
1.903789677115385757e+03
1.991249790652600723e+03
2.253106684977711666e+03
1.793924115924493663e+03
2.030821877083884601e+03
2.114999936076421818e+03
2.140240264499075238e+03
2.134188166777046263e+03
1.816335418228181425e+03
1.817612246930551464e+03
1.829620247336037210e+03
2.186368088674478258e+03
1.900291096678229678e+03
1.591676988453078366e+03
1.778904751766320260e+03
1.810107312643765908e+03
2.166020445224035939e+03
1.929689295092565999e+03
1.923544308994912399e+03
1.849968184455776736e+03
2.041347273970791093e+03
2.175338732050620820e+03
2.063183013340002162e+03
2.144176291661639880e+03
2.118517899419142850e+03
2.475853388743818414e+03
2.331022751664408588e+03
2.064199225642873444e+03
1.876164898617735389e+03
1.741707670303243958e+03
2.049084082334994037e+03
1.750329541478657575e+03
1.640665693048708135e+03
1.717945939796928769e+03
1.824207095516709387e+03
2.223028509830628991e+03
2.102775145404571958e+03
2.257415637210138811e+03
2.154216199948062695e+03
2.384102725547602404e+03
2.683416342136474213e+03
2.322865176522534966e+03
2.161669873677918531e+03
1.696092166825040067e+03
1.878209482883526107e+03
1.992108597487928364e+03
1.862397171863012090e+03
1.850487427405255630e+03
1.511122987139824772e+03
1.739720384000794184e+03
1.794632360541991375e+03
1.904619413131507144e+03
1.906970772227147791e+03
1.761550253902217264e+03
1.706671920580341066e+03
1.336217142029905290e+03
1.633054286695739165e+03
1.706925290829732603e+03
1.775256067972500659e+03
1.884107049138292723e+03
1.866069052033853723e+03
2.258147502893464662e+03
2.495171803232877210e+03
2.625569965219041023e+03
2.399159851563134907e+03
2.099977552686030776e+03
2.083207805136516072e+03
2.037439364585382464e+03
1.950159225648872280e+03
1.574057614975424258e+03
1.494855548003067724e+03
1.547892273291478205e+03
1.817170130310203376e+03
1.954202155009575790e+03
1.985676057590605524e+03
2.149911932195825557e+03
2.143356624067424946e+03
2.538419849681855339e+03
2.499262058611692282e+03
2.177578964886267386e+03
1.883854088548701384e+03
1.759821373012711319e+03
2.072527707704365639e+03
1.835220134852658020e+03
1.816988983223193372e+03
1.617596221602325159e+03
1.633259241368247558e+03
1.974566942167745992e+03
1.862016723983031625e+03
2.051708828088018890e+03
1.850218087909576070e+03
2.042936148999313673e+03
2.418471985793602926e+03
2.407882202715776202e+03
2.487243661131991757e+03
2.088884912322758282e+03
2.292491024990691585e+03
2.422716172079788521e+03
2.412360556721469038e+03
2.399348885511470598e+03
2.324572505094188728e+03
2.291327186201459881e+03
1.972684651632506075e+03
2.260177300686779745e+03
2.413873271656922498e+03
2.290697239795634232e+03
2.218985501139050029e+03
1.993959561777623549e+03
2.276123286587919665e+03
2.431693698168875471e+03
2.479733827961163115e+03
2.375733957626574920e+03
2.081087433467837855e+03
2.179555284709415901e+03
2.257341499359115915e+03
2.386717643965112075e+03
2.113164184745240163e+03
2.080374304682451566e+03
1.882710676697091003e+03
1.891057688756060998e+03
2.159387210358981065e+03
1.821935113796996347e+03
1.812906866302190792e+03
1.435245129380000890e+03
1.575343958749247349e+03
1.922022585336407928e+03
1.882390604605412136e+03
1.990292977262975683e+03
1.794499884720483806e+03
2.011385251073053723e+03
2.206836135414625005e+03
2.397465109424279945e+03
2.464315622974428152e+03
2.341518497341413422e+03
2.236939125255715226e+03
2.017902964406857336e+03
2.462498971669334423e+03
2.511130078779754513e+03
2.396453302684612481e+03
2.250356523460893186e+03
1.946050503395215173e+03
2.244042375852330224e+03
2.145848801386499872e+03
1.980257505816598950e+03
1.798236122470069176e+03
1.524981395196684161e+03
1.694139565530142363e+03
1.798995074283115400e+03
1.850573424716850695e+03
1.731814961355839614e+03
1.577185634383874003e+03
1.688340927277693481e+03
1.715329627459492940e+03
1.852519738570930485e+03
1.692726733335222889e+03
1.814886066355201592e+03
1.856605592927191992e+03
1.845112374101404839e+03
1.686892575514240889e+03
1.679032207129887865e+03
1.973402537107275293e+03
1.873377006724250805e+03
1.844645243475559937e+03
1.695984320938336850e+03
1.705074816439235974e+03
2.109074314187879281e+03
2.074219526883157869e+03
2.141705772691327184e+03
1.804088935500384423e+03
1.906571722870090753e+03
2.093266857601525771e+03
2.288407184261498060e+03
2.332778611671935778e+03
1.907098572188873050e+03
1.868668977233957094e+03
1.986189142440459136e+03
2.285342079935092443e+03
2.345752567368626387e+03
2.171929513937010597e+03
2.125272767251328332e+03
2.049548755923930457e+03
2.076209337937608780e+03
1.770192576158842485e+03
1.667343839382707756e+03
1.816977122193821970e+03
1.937554699417770053e+03
2.179205854508739776e+03
2.040345968484313289e+03
2.164338469897223149e+03
1.985114998552615361e+03
2.105368179295549908e+03
2.435824212668323980e+03
2.404951246131895005e+03
2.464063464787060639e+03
2.188016218110463797e+03
2.078086965422969115e+03
2.074040486054655958e+03
2.359475108876990816e+03
2.489660277386930375e+03
2.208824607262612062e+03
2.170516341245463536e+03
