2.829633536523079783e+03
1.523470410146040649e+03
1.262772890574912026e+03
2.626222021140172728e+03
2.154204940563127366e+03
1.008419798473309697e+03
3.297750010304457192e+03
1.007159804463783757e+03
2.398015749442864035e+03
2.585304472855839776e+03
1.479309066904843576e+03
2.010239752217456726e+03
2.216720109678084100e+03
2.209083390283482913e+03
1.588567338205202304e+03
2.383157952713776922e+03
1.863821801388166250e+03
1.569275292864746689e+03
2.765059587678780190e+03
1.499801138683464160e+03
1.762842569499509864e+03
2.688093531032734518e+03
2.604428938369654134e+03
1.504817439644386468e+03
1.457379169053627948e+03
2.110850955705812339e+03
2.437918415716540494e+03
2.011738970798353648e+03
1.226057001863151527e+03
1.976534779571681838e+03
2.805631132683064152e+03
1.269184315722840665e+03
2.095401300458055175e+03
2.779656360370877792e+03
2.478561651296521177e+03
1.270612169754186880e+03
1.894569882951966974e+03
2.480481316394974328e+03
2.743732041944895172e+03
2.245350554815573105e+03
1.361854292215789201e+03
1.494839265452668087e+03
1.866440557688744775e+03
2.264933286084718020e+03
2.137901537268820448e+03
1.730165328396199129e+03
1.694932633374214447e+03
1.836278492657363131e+03
2.199902803325850073e+03
2.391397547345418843e+03
2.264566857135457212e+03
1.936050931759891682e+03
1.792133611442536221e+03
2.480757688403158681e+03
2.556397243598438763e+03
2.094206522851251975e+03
1.671648743742849774e+03
1.492333728126560118e+03
1.991723422921801102e+03
2.236534256034337886e+03
2.606407908011765812e+03
2.611596258165950076e+03
2.148871226167309032e+03
1.751906011130447268e+03
1.441637774284784655e+03
1.505590964799129779e+03
1.202873638960875496e+03
1.602121383676241294e+03
1.703686997284534300e+03
2.027664131451506137e+03
2.320631471474713180e+03
2.234951273787242826e+03
2.190339759982808573e+03
2.132353136619206452e+03
2.793128119499498098e+03
2.719815389642166792e+03
1.896593267824618124e+03
1.777791087076579970e+03
1.845308935682485753e+03
2.838391767432908637e+03
2.750270978310132705e+03
2.821215664352190288e+03
2.128818919162651127e+03
1.266393016965459310e+03
1.272825509789024863e+03
1.735648297572859747e+03
2.687664616990034119e+03
2.291436775978491369e+03
1.534452427541106999e+03
1.467893629197855944e+03
2.139839428997100185e+03
2.874097055243515570e+03
2.235546716629582988e+03
1.825614109360207294e+03
1.579805872808230106e+03
1.939425564775747716e+03
2.318337871994580382e+03
2.386102757774297970e+03
2.250456170234399451e+03
1.531780465026001821e+03
1.709099855682545240e+03
2.839764068097227209e+03
2.065191721948296617e+03
2.055654404691083073e+03
2.085466978653233582e+03
1.004559355904138783e+03
2.298212568779472804e+03
2.095926790104548218e+03
2.323573247853269550e+03
2.059489319541547047e+03
1.598119494275040324e+03
2.097512620324776435e+03
1.835932770535934878e+03
2.449093390320394064e+03
2.584543853594582288e+03
8.450611463147931772e+02
2.471251648354425015e+03
1.458906184885897119e+03
1.621823987481265249e+03
1.959398144242008129e+03
2.219871270832421487e+03
2.183951165771345131e+03
2.120279076166378672e+03
1.937799615611559148e+03
1.894886707172536489e+03
1.953395915666265864e+03
2.578868838416873587e+03
2.142960823833644554e+03
1.466244991663017345e+03
2.899665189548046783e+03
2.279379369632547878e+03
1.423016856642061839e+03
2.068669765429842300e+03
3.011964282807039581e+03
2.367758250125870745e+03
1.292867809352526365e+03
1.683680795459780256e+03
2.415851688383435885e+03
2.106326506064001478e+03
1.636577086702631277e+03
2.306080236580218298e+03
2.022001892617092835e+03
1.759177478654655488e+03
2.162738483892556815e+03
2.261594296163411855e+03
1.871465999080113306e+03
1.770838426101788627e+03
2.454475793189031265e+03
2.418720936455953051e+03
8.936060310831294373e+02
2.406705095194357455e+03
2.478655111837065760e+03
1.168424300007761076e+03
2.304578927790107628e+03
2.737737270025902490e+03
1.519832343731981609e+03
1.761945404230117219e+03
2.733795032018371330e+03
1.797091636972342258e+03
1.816692591423814292e+03
1.974997259398410051e+03
2.367353071798707333e+03
1.860605018532600297e+03
1.770695457613662938e+03
2.228716678153722569e+03
2.412982447818285436e+03
1.455119979398354644e+03
1.895100924132423870e+03
2.808566283452928019e+03
2.405161636713501593e+03
9.764115329904819873e+02
1.911711352600613964e+03
2.479353265132829165e+03
2.637977415603643294e+03
1.337333903766469120e+03
1.481343865077154078e+03
1.879929734387621011e+03
2.069347059357656235e+03
2.127014435614182275e+03
1.896078006906446717e+03
2.115073184451843190e+03
2.799350200054137076e+03
2.539318716449159183e+03
2.121942526884743984e+03
1.325771058194026637e+03
2.068347208201585090e+03
2.700185777515575865e+03
2.446307207290749830e+03
1.923437280140069561e+03
1.076119951933033235e+03
1.842150482546162038e+03
2.155525413895901693e+03
2.624055245305125482e+03
1.820102276511717491e+03
1.632559561550067883e+03
2.066836835632956536e+03
2.533211354630672759e+03
2.135249716984566930e+03
1.545297191793589263e+03
1.690347826502388216e+03
2.220908755558246412e+03
2.494497894220304261e+03
2.125622426566080321e+03
1.487144251627822086e+03
1.813340745404160771e+03
2.423886492128978716e+03
2.324088064695207322e+03
1.606350537500288738e+03
1.593612274530260720e+03
2.424506497475476408e+03
2.455799021360447568e+03
2.159367325396709930e+03
1.488760310216626522e+03
1.807406495366020408e+03
2.566560935533532756e+03
1.901531121608878038e+03
1.399039608287714600e+03
2.415794557184438418e+03
2.216001490825808105e+03
1.398227246069469402e+03
2.374284844547515149e+03
2.624540352048999011e+03
1.490180102663872503e+03
1.809145411341269664e+03
2.384017654398586728e+03
2.270756102586739416e+03
1.447172524951454989e+03
2.786377179669563702e+03
2.994291040644379336e+03
7.913005790398490262e+02
2.344712237456465573e+03
1.509828954824353559e+03
2.515093428999678963e+03
2.086445310814864570e+03
1.595661286100346615e+03
2.326856420435474774e+03
2.023266203538040372e+03
2.026937062571973456e+03
2.034261431973915478e+03
1.254221410776678795e+03
2.984569522713548395e+03
1.211377890944783076e+03
3.309609291083605513e+03
2.390648271917946659e+03
1.210467194585534799e+03
1.729931938070746355e+03
2.190890481643491967e+03
2.346520860123572675e+03
2.005576464019955665e+03
1.848910862077774027e+03
2.243262137800700202e+03
2.249618897503580683e+03
1.501720395905750365e+03
2.683334840063916999e+03
1.824767508006316120e+03
1.358789642522712711e+03
2.536596485559737175e+03
2.796696781610617109e+03
2.132129761563866850e+03
1.547537741413504818e+03
1.418795321091420192e+03
1.914588763827712910e+03
2.127445176666799398e+03
1.889069702954465811e+03
1.372319321114905961e+03
2.040624484330980295e+03
2.639292343126498508e+03
1.860092895691452213e+03
2.049595136346199070e+03
2.654028079859730951e+03
2.581637139330904574e+03
1.869427656087736523e+03
1.811593647477692684e+03
2.083824081407412450e+03
2.358791222686881156e+03
2.280148725242889668e+03
1.486040849980057374e+03
1.522785455393745451e+03
2.267772755599624361e+03
2.491889615650934047e+03
1.424576276629868289e+03
1.569196708097002102e+03
3.016893890202542025e+03
1.670734701488310975e+03
