2.453705285792896120e+03
1.707047509366352870e+03
2.360126971281245460e+03
1.817454065689401205e+03
2.443192291965832737e+03
2.012315396521428056e+03
2.448587320808943332e+03
1.823926281493840179e+03
2.666612181326107930e+03
1.699373124663606859e+03
2.851835690131874344e+03
1.691688982117223532e+03
2.669879361549702480e+03
1.780070263068430904e+03
2.690760913973941570e+03
1.614819613908302017e+03
2.767601682090157283e+03
1.503149777334873761e+03
2.603629408665480696e+03
1.736584026341008666e+03
2.475208699645675551e+03
1.844383329991845812e+03
2.622157411045739536e+03
1.610107988417222259e+03
2.825745242607114051e+03
1.474225572199136877e+03
2.870733622358228331e+03
1.630720982384388208e+03
2.767672177866918446e+03
1.594816422842025986e+03
2.822344249941976614e+03
1.641853009001605869e+03
2.526515841984588405e+03
1.676068344017617392e+03
2.405718584012000974e+03
1.774603919757046697e+03
2.280328024390097198e+03
2.277590167266410390e+03
1.833197314683683089e+03
1.981341524026234083e+03
2.040279228112985948e+03
2.345877221339233074e+03
1.582412161015273568e+03
2.507004316484721585e+03
1.684535681578818640e+03
2.517822138471877224e+03
1.749862054736825030e+03
2.427210689095089492e+03
1.948002048087865205e+03
2.264490190466030072e+03
2.157212208057148473e+03
2.195532498996249615e+03
2.455287149852864786e+03
2.006944203562290340e+03
2.827975094135904783e+03
1.517270364718690416e+03
2.829096972165543320e+03
1.519513163391864964e+03
2.479266627783486911e+03
1.645762150412999517e+03
1.736420171847490792e+03
2.494956133992360719e+03
1.341006581549233942e+03
2.529920503046658268e+03
1.615689864833661431e+03
2.413757027784227375e+03
1.341692890893394861e+03
2.513365180231546674e+03
1.563100507928824527e+03
2.341734859050369778e+03
1.784889676378347531e+03
2.395048903854065884e+03
1.674440730942179243e+03
2.513136165068356604e+03
1.965245876635430704e+03
2.145966573560291181e+03
1.877502569612246361e+03
2.005522686988320174e+03
1.993173577254265865e+03
1.958235252434544464e+03
2.475638169675900372e+03
1.814109909438556087e+03
2.343008598570220329e+03
1.703742799773373235e+03
2.858570185606591622e+03
1.302010243341632759e+03
3.016314743199326131e+03
1.354843816079197495e+03
2.758606865083371758e+03
1.253118704953608358e+03
2.427486506270777227e+03
1.474177103572878195e+03
2.271378911103818609e+03
1.718289342672994508e+03
2.077262466727782794e+03
1.819967569904602442e+03
2.087947060737031279e+03
2.308240688793591289e+03
1.995125324611964061e+03
1.805837708738191395e+03
2.122323036954675445e+03
2.154147328221810312e+03
2.036806868358513611e+03
1.934020145244761579e+03
1.949284507393528884e+03
2.628489572892692649e+03
1.684778760427748239e+03
2.063923542303651629e+03
1.956629858909280074e+03
2.232744317108435553e+03
1.753746292429687628e+03
2.476692838501295228e+03
1.462135107702480127e+03
2.604997690676664206e+03
1.497989452347396991e+03
2.917191461130628795e+03
1.415163726439347784e+03
2.218656136924486418e+03
1.851000789345702287e+03
2.645825067602479976e+03
1.771679100501550465e+03
2.020633069728518876e+03
2.103604695071130209e+03
2.311969817440488896e+03
1.839389212453419077e+03
2.438214963808489756e+03
1.659596803157456407e+03
2.708518150870141653e+03
1.723122990934970403e+03
1.984069611756316363e+03
2.138721827323192883e+03
1.840647690782332575e+03
2.264925695496866410e+03
1.855086742263054930e+03
1.717596732328405096e+03
2.246221234612715762e+03
2.017509015469097676e+03
1.896655515772858053e+03
1.833163574784141474e+03
2.141367369886528650e+03
1.739005094699871961e+03
2.215555074284937746e+03
1.737599135496029930e+03
2.358674742679273550e+03
1.264321815180484919e+03
2.756076804931978586e+03
1.421387790699941888e+03
2.482291631482531557e+03
1.617176583403500899e+03
2.283360343110860867e+03
1.351994097807279559e+03
2.188502543075062931e+03
1.565898463796294209e+03
2.014096602661530824e+03
1.309568443188380343e+03
2.364617806277165982e+03
1.416763169935040196e+03
2.518108737925553669e+03
1.537467135994641694e+03
2.292940874147684553e+03
1.331801526748633933e+03
2.261296942452800522e+03
1.618016337719021749e+03
2.210965121998440281e+03
1.503841866875780624e+03
2.228793917914551457e+03
1.918116166804149771e+03
1.825627250957126762e+03
1.790572031823915268e+03
1.977849584570419665e+03
1.922034671001190873e+03
1.855097191451632625e+03
1.996343697130760347e+03
1.892874036680609379e+03
2.341146942999611383e+03
1.918120749215902606e+03
2.675677443251846853e+03
1.843392654896196518e+03
2.709998094125452099e+03
1.793612548115403570e+03
2.951346870698203020e+03
1.460355232036011785e+03
2.904919640716835602e+03
1.470791690784174079e+03
2.797147695443673911e+03
1.187983523623290466e+03
2.463221998961326335e+03
1.668244354823317281e+03
1.828577141388030668e+03
2.929036615149119825e+03
1.033780904885252085e+03
2.992546100477387427e+03
1.103546901258710022e+03
2.608392831793072219e+03
1.942785681929722386e+03
1.380717079393739823e+03
2.750720496946643379e+03
9.609501914488646435e+02
3.060404781739885493e+03
1.177182428298928471e+03
2.917656266778653844e+03
1.323064755441608895e+03
2.779658517088706503e+03
1.100146259563798139e+03
2.838673525949122450e+03
1.418229401750882516e+03
2.696330453107063931e+03
1.154887826359127075e+03
2.718900388545660007e+03
1.420077091295963328e+03
2.578759334056516764e+03
1.625451512604394793e+03
2.661277965100176971e+03
1.425627496320356386e+03
2.759988000214559179e+03
1.547113380358689028e+03
2.662416479921746031e+03
1.636341405144848750e+03
2.508683269502611438e+03
1.659725918312905151e+03
1.958029384982235570e+03
2.032939822373140487e+03
1.861462668942537903e+03
2.131505708553960631e+03
1.416810096997324536e+03
2.462569100658011848e+03
1.508953992139464617e+03
2.514945165971384540e+03
1.449048502389084433e+03
2.548856556122676920e+03
1.412419209743381998e+03
2.558221191018485570e+03
1.500352099858595466e+03
2.629745245518466618e+03
1.419113809344973333e+03
2.629069999761267354e+03
1.631764985593745905e+03
2.659459821979369735e+03
1.545198590953747043e+03
2.278801935912172667e+03
1.747835564693589049e+03
2.381932275803530047e+03
1.813212280141621250e+03
1.670905959261093813e+03
2.064187900747795538e+03
1.687325188551534893e+03
2.145897726982736913e+03
1.555727789530212249e+03
2.337970414695990712e+03
1.854257424695981172e+03
2.247789570812758484e+03
1.657928271452068884e+03
2.293542598731508861e+03
2.034164327039213049e+03
1.919720313208396647e+03
2.218809390212174549e+03
1.721357357463333528e+03
2.186775525399085382e+03
1.559019985561444855e+03
2.352647457701757503e+03
1.653233611118145518e+03
2.511576774936864240e+03
1.685703917227647935e+03
2.661454924601426683e+03
1.579320856235916608e+03
2.671560086674695413e+03
1.579349911239692346e+03
2.672144588942295741e+03
1.417484323116798578e+03
2.555920958409995364e+03
1.513455576713258324e+03
2.232922634628076139e+03
1.573406638106855098e+03
1.990932372334483716e+03
1.983065496310284971e+03
1.793958355746215375e+03
2.650369447191691961e+03
1.538398701266472699e+03
2.496947297789713502e+03
1.500698398921061198e+03
2.489004915565000829e+03
1.271603240310764932e+03
2.566551557406466145e+03
1.364480380618660320e+03
2.733742747986599170e+03
