8.788423245822141325e+02
2.475360519439014297e+03
2.757031900182826121e+03
1.447611570998993102e+03
2.256637546277185265e+03
2.654127859618619368e+03
1.112604579079227278e+03
2.765587919508772757e+03
2.321406889017422145e+03
1.103143127643726757e+03
2.171136029147540285e+03
2.563000255256231412e+03
2.212865289708027831e+03
1.264707712785396552e+03
2.397542509370134667e+03
1.917920169216539307e+03
1.506958599087167613e+03
2.040722161569260152e+03
2.311546284724472116e+03
1.448848639115923106e+03
2.380272806202138781e+03
2.366361059543181909e+03
1.660877555320975489e+03
2.256450933738397453e+03
2.596982951106203018e+03
1.780966603683931680e+03
1.902681432116288988e+03
2.358732618933682716e+03
2.197922055252013706e+03
1.740269764140141433e+03
2.169626874126974144e+03
2.242554584409985182e+03
1.398024798568020287e+03
2.664998242323528757e+03
2.068503090476996476e+03
1.262262930530231642e+03
2.220809543856674736e+03
2.899558718262725506e+03
2.251846784656263935e+03
1.388221091471848013e+03
2.170401992641215202e+03
2.365846804771929328e+03
1.188895039333646537e+03
1.630556816664460712e+03
2.233191019750387113e+03
2.309529515336359509e+03
1.595505108189962584e+03
1.531031788646562973e+03
2.626141266058823021e+03
2.483291470722822396e+03
1.811573964814801457e+03
1.614176543537568250e+03
2.859115794819688290e+03
2.804043982508172121e+03
1.258972273356247115e+03
1.970531570941628388e+03
2.030716694948599070e+03
2.775188766899461370e+03
1.435871752612547198e+03
1.182325883579260335e+03
2.580051028318009230e+03
2.144683449351082345e+03
1.510656438538648672e+03
1.852631804156299495e+03
2.375350045894889263e+03
2.733398737699302274e+03
3.247441105818508731e+03
2.905419671858511265e+03
1.128527817367549233e+03
1.754646158376958510e+03
2.605031890475183445e+03
1.493303739100184430e+03
1.513208134127009089e+03
1.867965545168860672e+03
2.285082095695660882e+03
2.472440210136452606e+03
2.820915490221899290e+03
2.212078456336125328e+03
1.892089686691053657e+03
1.388135729263848589e+03
1.228390704545394556e+03
2.495904559932924258e+03
1.753262502592701821e+03
1.293281749825162024e+03
2.159326678236657244e+03
2.698829657335093998e+03
1.638506053408979142e+03
1.529310124745677058e+03
2.957844750939880214e+03
2.614380702874615508e+03
2.898771003569743698e+03
3.445380195932795232e+03
2.679962726817105249e+03
5.915184943779333935e+02
1.230100083711488423e+03
2.032012803719333306e+03
1.889147853282291408e+03
1.353524066063002465e+03
1.093265999365300559e+03
2.102265811739490346e+03
2.627563356227936310e+03
1.320005690198226148e+03
1.771996122203551295e+03
3.146945115982079642e+03
2.789296841430474160e+03
3.505897185236104633e+03
1.762478609811770639e+03
1.088533310286278947e+03
3.103825791146657139e+03
1.807789485274900926e+03
2.140346533589595765e+03
1.806960274705141728e+03
2.120222082027679789e+03
3.130199761628100077e+03
1.928568451148847316e+03
1.826619873193589910e+03
1.377506770000523375e+03
2.422793607438679828e+03
2.143677700193481542e+03
2.230140720795371180e+03
2.185815405877387548e+03
2.327902277453955321e+03
2.034105937741996286e+03
1.968495377461863654e+03
2.001823792068496687e+03
1.777746660492065985e+03
2.130005674085876763e+03
1.958693130260323869e+03
1.929909980993089448e+03
1.458634872127126300e+03
1.801191344648324730e+03
2.361907200354807628e+03
1.656018124338248526e+03
1.733822074278316677e+03
2.029155540907162049e+03
2.630140770997927120e+03
3.011395496919981269e+03
9.198860786490045029e+02
1.766381210879413175e+03
2.822486375665128435e+03
3.106347508952535463e+03
8.188146907616620638e+02
1.587755682878787638e+03
2.587584777239525465e+03
1.644106872505450838e+03
1.318455483250890438e+03
1.794243594115892620e+03
2.147416067267542076e+03
2.450072824268173008e+03
2.620216133491595428e+03
2.016807446837487078e+03
1.302005379472246659e+03
1.857957406451576162e+03
2.177650865654540667e+03
2.394818520768419148e+03
2.068361812315685256e+03
2.140439204144298856e+03
2.023336886932398556e+03
1.576871771453737438e+03
1.801784597435321757e+03
2.571578718231904077e+03
2.027896438675491254e+03
1.303221121459938104e+03
2.189599885869967238e+03
2.616336943542108202e+03
2.841207223547351077e+03
2.749480311973521111e+03
2.255619791994374737e+03
2.193723904437781584e+03
1.226624265877431753e+03
1.111649749631423219e+03
1.687254486617712246e+03
2.137703070762852349e+03
2.532017195690395056e+03
1.935187370032649142e+03
1.659554588303278251e+03
2.299827532104822694e+03
2.476603162243278348e+03
1.836219975782247502e+03
2.194790684549567231e+03
2.203215795125016029e+03
2.833453996604518579e+03
2.278508784308718077e+03
9.719299384066314360e+02
1.685272467503356438e+03
2.683522370219838649e+03
1.843891052111616091e+03
1.419377350751767835e+03
2.348189307694796753e+03
2.729748643129773882e+03
1.739505975420258437e+03
1.852814992016845281e+03
2.744644711080019079e+03
2.446285909481949602e+03
1.862738935043152424e+03
1.296151564677399165e+03
2.586677041150390778e+03
1.667090507392366817e+03
1.418210357709102709e+03
2.735427096261142651e+03
1.795891304562562937e+03
1.498370036324987950e+03
2.581930556573660397e+03
2.668797833296612680e+03
1.356194098315818792e+03
2.221204394598304134e+03
2.731303120504882372e+03
2.886834104131899494e+03
1.239807003945162933e+03
1.190776350735837696e+03
2.411880641377380471e+03
1.184331231523197857e+03
1.443977117567922960e+03
2.460178765488300996e+03
2.017732359118602744e+03
1.302704932786809195e+03
2.888971408651143065e+03
2.387248059107397239e+03
1.945538277059858956e+03
2.214914785326666788e+03
3.455073393765618221e+03
1.262651206805266611e+03
1.499661965354526956e+03
1.956310664059284363e+03
1.648460205709066031e+03
1.043099326320693535e+03
1.866925453282856097e+03
1.127085816767160168e+03
2.609482409379898854e+03
2.511179397525742388e+03
1.104217603733929309e+03
3.150763590971672784e+03
2.123697141858955092e+03
2.391327184508681512e+03
1.437454445775421391e+03
2.412706291770359257e+03
3.085875603999850682e+03
2.094728410987228926e+03
3.002496176901298440e+03
1.882118675879116836e+03
1.448528580296094560e+03
1.872379786520531297e+03
2.120990075511797841e+03
1.449187244618978866e+03
1.927245229840507591e+03
2.925095612729574896e+03
2.059486234065687313e+03
1.808965320486541714e+03
1.799802651299648232e+03
2.123423916026581537e+03
2.177233361260188758e+03
1.997836739296342330e+03
1.720809480329459575e+03
1.877562158591618299e+03
2.161723143753413751e+03
2.340480497124261547e+03
1.494377702964404534e+03
1.779148216795458211e+03
1.973989846639334701e+03
2.612692728568179973e+03
1.819546461928506915e+03
1.334544018800385857e+03
2.146118909757105939e+03
2.287074274705862535e+03
1.443875867777304393e+03
1.943950654961446617e+03
2.825679512298021109e+03
3.249447275043511581e+03
2.214046248958845354e+03
1.290043131002513519e+03
2.598018145125829051e+03
2.997623429733645935e+03
2.437847830178428012e+03
9.705304052764454354e+02
1.797317226313319679e+03
2.557922622096695704e+03
2.028720562671518110e+03
1.450027463720596188e+03
2.491297035648289238e+03
2.032402438245751682e+03
1.415226036649136404e+03
2.203104931971643509e+03
2.842320780094298698e+03
2.936728705249734048e+03
