1.626402847974844462e+03
2.319662735804186923e+03
2.168893237668319216e+03
1.687242829276918428e+03
2.071005062421989805e+03
2.172190875066309673e+03
1.618755998868177358e+03
2.116526885208320437e+03
2.411571321478249047e+03
1.306447346078726014e+03
2.609477834404522582e+03
2.398444074235675998e+03
1.308921327781625678e+03
2.753349526321661415e+03
1.566559142000304519e+03
1.752209242390716781e+03
2.949785103805866584e+03
1.316575835382799823e+03
2.601471339474443084e+03
2.054624865805550144e+03
1.614745681232786865e+03
2.414953774886456813e+03
1.920407735480556767e+03
1.767279545625389574e+03
2.352993139175796841e+03
1.894170382462095176e+03
1.854579976129430406e+03
2.436878115802700449e+03
1.826255107211677341e+03
1.751920001423912254e+03
2.658194699792431038e+03
1.599536684126784394e+03
1.825281564807611630e+03
2.805609678777189401e+03
1.437527171443748102e+03
1.891551820916522047e+03
2.532433842183054821e+03
1.782544829738766794e+03
1.498185926374100291e+03
2.266520066711903382e+03
2.528237941138987480e+03
1.571150404746995491e+03
2.095151576082861993e+03
2.397101861974068925e+03
1.689951919370208543e+03
1.928853520236626082e+03
2.406394189561625353e+03
2.003879254548009158e+03
1.620594942249096903e+03
2.635734520858372434e+03
1.499902203411477558e+03
1.849747874188521564e+03
2.645198219474297730e+03
1.543813571176188134e+03
2.759728844463237238e+03
2.564501829912270750e+03
1.419418586062391796e+03
2.499506303019895768e+03
2.662668297400819938e+03
1.499704088991642493e+03
1.586819439759713077e+03
2.876392549657636209e+03
1.194844597602584827e+03
2.569729215044973444e+03
1.777011049014643504e+03
1.556753066527111741e+03
2.954660257623847883e+03
1.533693225121824526e+03
1.705584373663203451e+03
2.639778891207012293e+03
1.597163286690825089e+03
1.835086975645030861e+03
2.285050587819748216e+03
2.010483263825586619e+03
1.738666471756326700e+03
2.374130582893905739e+03
1.693137572874597709e+03
2.417515604799001267e+03
1.517177187383707405e+03
2.308188340441306082e+03
2.248757196983916401e+03
1.541484257094536133e+03
2.460833273339686457e+03
2.026492659817434969e+03
1.708781851346890107e+03
2.407794894929220845e+03
1.521905858685180874e+03
2.292633452520453375e+03
2.166750284317405203e+03
1.624901857788584721e+03
2.743334250381002221e+03
1.748997281426199606e+03
1.759420469774211597e+03
2.537511305547047868e+03
1.968053810992448689e+03
1.501034889557350652e+03
2.327118665024275288e+03
2.479638976865401219e+03
1.467296103537073122e+03
1.965621059751533039e+03
2.544201922710267809e+03
1.925171117941131797e+03
1.459377040935344894e+03
2.702189177261413079e+03
1.587925044248364202e+03
1.850835103082903515e+03
2.471499743062690413e+03
1.559915602959656781e+03
2.330111956970608844e+03
2.405312210037309796e+03
1.510556266561299253e+03
2.345739036255094561e+03
2.514135771386628676e+03
1.662827953559962680e+03
1.679166420578312227e+03
2.726329060487949846e+03
2.005895875412216583e+03
1.431426059482799701e+03
2.396524967675899461e+03
2.054120308221459254e+03
1.641486388710034134e+03
2.234594426121268498e+03
2.483696560125002179e+03
1.452058902899221721e+03
1.925518393517452296e+03
2.396246027745401534e+03
1.689469994411558901e+03
1.807597164617948010e+03
2.499810485812422939e+03
1.925681188911081108e+03
1.722546074133205366e+03
2.527454180137774074e+03
1.956781437184825563e+03
1.733752661859990440e+03
2.292182884821341304e+03
2.196583204072175704e+03
1.556486309940522460e+03
2.293061100872408588e+03
2.357216892475811164e+03
1.531834743558883474e+03
2.067207911651549239e+03
2.393446794392497395e+03
1.833394201472735858e+03
1.756809641137106610e+03
2.360190397208333707e+03
2.022335719162901341e+03
1.760085683380499859e+03
2.186101274166147959e+03
2.254270646263255003e+03
1.561004052809702671e+03
2.249617759439983274e+03
2.308032911487463934e+03
1.435352370225323966e+03
2.883642322199070350e+03
1.486631764444176042e+03
2.607356773527993028e+03
1.909806505049388306e+03
1.778786030498744822e+03
2.621557734285167953e+03
1.560785054132249343e+03
2.124613764750855808e+03
1.798832000428499896e+03
1.836454600881378155e+03
2.334770061721568709e+03
2.234622859015968061e+03
1.517351549971920576e+03
2.217269767641863837e+03
2.290509533109857330e+03
1.671191353627434182e+03
1.999229843324382273e+03
1.768296716505806671e+03
1.932730437504525071e+03
2.369310723273078111e+03
1.636152230645405325e+03
2.609712444878941369e+03
1.615127941554623476e+03
2.133458287520435078e+03
2.788990186454058858e+03
1.607441680391060800e+03
1.981376600891684120e+03
2.607315363878042717e+03
2.166382147730014367e+03
1.254516439281140492e+03
2.699565677619245434e+03
2.253784272599087672e+03
1.253322707276235178e+03
2.361345554603893106e+03
1.836605158686678578e+03
1.485375344362049873e+03
2.920287800324166255e+03
1.144698999032847041e+03
2.550461443875430177e+03
2.177345636228994408e+03
1.548335609009643576e+03
2.432833257446654443e+03
2.219227463965599782e+03
1.689329403924637973e+03
1.857346875609960080e+03
2.425181864032181693e+03
1.685215511285400908e+03
1.804409400944276058e+03
2.155601850537007522e+03
2.121433163312968645e+03
1.722140191154177273e+03
2.477788001751667707e+03
2.226753332926577968e+03
1.496635608655946498e+03
2.663534738285467029e+03
1.929471653419379436e+03
1.563147244122144912e+03
2.634836885330972109e+03
1.700535813975249539e+03
1.686008547540995323e+03
2.830706342580059754e+03
1.334472725337449219e+03
2.099990798919197459e+03
2.235064668995769807e+03
1.514381337408789477e+03
2.358347447057394675e+03
2.262573416106203695e+03
1.666174229122870656e+03
2.114099879827733730e+03
2.379631765684042875e+03
1.946793051947365939e+03
1.663468192319482569e+03
2.422318781798894179e+03
1.916558059475500158e+03
1.654084319255165383e+03
2.428892887773373786e+03
2.179124016035754721e+03
1.434836256338768862e+03
3.081414268210892260e+03
1.484709372665487990e+03
1.989004481170082045e+03
2.949571581612947284e+03
1.795263828080275516e+03
1.552963920527212167e+03
2.259208834502964237e+03
2.462132386418957140e+03
1.525315111020460790e+03
1.813564014091877198e+03
2.650973387621383154e+03
1.631025451322619119e+03
1.714959350778635553e+03
2.649694522807194971e+03
1.717358159133326353e+03
1.739614232120930637e+03
2.522710126673122886e+03
1.844724939461222220e+03
1.641411979770945891e+03
2.352447286006295599e+03
2.296924318775772463e+03
1.509250031592410323e+03
2.091009548335483032e+03
2.411803125428174553e+03
1.867691369619674788e+03
1.652634261260124276e+03
2.212462744041171391e+03
2.304267574576563220e+03
1.631137738246485014e+03
2.094115909827822634e+03
2.467721374329283663e+03
1.648424051350116997e+03
2.037220696954076402e+03
2.713062031658907927e+03
1.361502914746394481e+03
2.626277820349784179e+03
2.276219209119235074e+03
1.344375338382179280e+03
2.604970107301352982e+03
2.530271281294746586e+03
1.904499830026119071e+03
1.165479267318879920e+03
2.378677413191182950e+03
2.279878779066655625e+03
1.853889438812193021e+03
1.719965888033386591e+03
2.453294558789188613e+03
2.245254652073137095e+03
1.632194906000046558e+03
2.297468392012532604e+03
2.415341070279659107e+03
1.601780621353838569e+03
2.211650427700220916e+03
