2.175629430178440998e+03
2.077361373360100515e+03
2.083860226302911542e+03
2.269212800948886070e+03
2.210108637686385919e+03
2.246198596814689154e+03
2.200039229995440564e+03
2.256759333427513866e+03
2.091304129933104832e+03
2.272011361530209342e+03
2.209757184063457316e+03
2.216168266089187910e+03
2.141929130486553731e+03
2.215344518565792896e+03
2.082891434096655757e+03
2.178905966016440289e+03
2.192954070068962665e+03
2.152344798449977134e+03
2.226000196917952508e+03
1.879488552142641311e+03
2.181548440442890751e+03
2.081858963066430533e+03
2.330559263898111112e+03
2.151424000323935616e+03
1.968795638627560265e+03
2.193353568740289120e+03
2.185679764023067037e+03
2.386225887017731566e+03
2.001769265616255325e+03
2.266803452652276519e+03
2.162073384904164413e+03
2.101822636906568732e+03
2.097440835620516737e+03
2.103562877558459604e+03
2.009877652939050222e+03
2.234786679477671441e+03
2.125385186121099196e+03
2.034052683834600430e+03
2.292128359674898547e+03
1.961911889630408723e+03
2.118497089609138129e+03
2.059686631611663415e+03
2.105400560472359302e+03
2.109559319471703475e+03
2.178469167075070800e+03
2.265110864428344485e+03
2.128932193196600110e+03
2.246010218079205060e+03
2.164427058402387956e+03
2.262120717281970428e+03
2.220003215408914457e+03
2.055111059917014245e+03
2.155316916084251716e+03
2.135147334906248489e+03
2.187189642118565189e+03
2.231118103005428111e+03
2.052739096207003513e+03
1.972243812747198263e+03
2.347324278465674524e+03
1.980018460601718516e+03
2.299791301017775822e+03
2.179692847438797799e+03
2.176966767358036577e+03
2.129158675912265153e+03
2.069451768562662437e+03
2.089042256451779849e+03
2.171107997552853703e+03
2.466868727957176361e+03
2.244417866037851581e+03
2.194510386318071596e+03
1.978944746773124507e+03
2.102025093751477925e+03
2.125262585406801463e+03
2.171203184503764078e+03
2.103275180680315771e+03
2.179455210534428716e+03
2.191055416857037471e+03
2.145575776373035296e+03
2.274797153379625797e+03
2.087534980399638698e+03
2.244172274112677314e+03
2.046025154143134387e+03
2.133599655751806040e+03
2.098813820213611507e+03
2.119300461987578274e+03
2.308745812499969361e+03
2.136369227816531293e+03
2.274678185973280506e+03
2.048840141745692108e+03
1.986848806618849494e+03
2.007608634641758272e+03
2.299039449203114145e+03
2.024757382676689531e+03
2.252824274507070641e+03
2.231286740923263551e+03
2.193723187132627572e+03
2.134564368600027592e+03
2.027830609913392436e+03
2.219265920012976494e+03
2.049123050873355623e+03
2.255132424218102187e+03
2.194780953281034726e+03
2.193004076332636032e+03
2.114144985827163055e+03
1.923971581156195498e+03
2.118980990654620200e+03
2.174588448453404453e+03
2.126312059586219220e+03
1.977571022403803909e+03
2.262316194555186939e+03
2.238801726181241975e+03
2.217324894303741985e+03
2.132010887294028180e+03
2.196741800081947076e+03
2.076800626058733997e+03
2.172550658619262776e+03
2.317112997063429702e+03
2.121912439667220951e+03
2.359284560394389700e+03
2.040015075995892175e+03
2.239462642757103367e+03
2.032819858258684917e+03
1.987373724082699709e+03
2.266687277400809762e+03
2.237006220613817732e+03
2.228757797492186000e+03
1.984598311243917806e+03
2.211471005456199237e+03
2.061886233157359129e+03
2.167477617893723163e+03
1.927433062523808076e+03
2.264590453930198237e+03
2.053780297668472940e+03
2.234007247123274738e+03
2.159360646010823075e+03
2.231055634290172293e+03
2.203228637763713778e+03
1.983329052000542561e+03
2.368736907263661578e+03
2.067363690294419939e+03
2.195238311590794638e+03
2.048416208196836578e+03
2.130062882602822810e+03
2.265419887424963235e+03
2.154053278375746231e+03
2.093124330158404973e+03
1.952600807716078407e+03
2.175263734678932451e+03
2.084294480196277163e+03
2.235012922145178891e+03
2.129981405616603752e+03
2.212513257922386401e+03
1.967275832759027026e+03
2.259502364262670199e+03
2.006788270469748795e+03
2.159543369280616844e+03
2.341565300820643643e+03
2.083174429793338732e+03
2.239672637963003126e+03
2.045660927876076585e+03
2.031267671304968871e+03
2.057603200814166939e+03
2.175835079601372854e+03
2.030632984264118022e+03
2.059337708666385424e+03
2.041620240911163364e+03
2.133253833543180008e+03
2.146250581017357035e+03
2.085387075431639005e+03
2.287275880748939016e+03
2.035408337523030468e+03
2.246184534077360695e+03
2.047089712745823135e+03
2.275825489460186418e+03
2.160858924132098309e+03
2.262748311306133473e+03
2.284123460327689827e+03
1.977408644651823124e+03
2.123419592538126381e+03
2.081146759786697658e+03
2.307069381043491376e+03
2.238022369659525339e+03
2.252672581567966972e+03
2.224109313274633678e+03
2.265416391308573566e+03
2.213993121513215556e+03
2.156813394329402854e+03
2.206822925973076053e+03
2.326664987156282677e+03
2.253565633820096537e+03
2.070664473867545439e+03
2.279657569907386005e+03
2.068418392951260557e+03
2.126778048180375663e+03
2.209997374338283407e+03
2.240818976070653207e+03
2.306615501735564521e+03
2.027308911616407613e+03
2.302771235050872747e+03
2.203886874026171881e+03
2.289505702880205718e+03
2.207954976971760061e+03
2.274941146745183232e+03
2.139655490544867007e+03
2.292864446631718238e+03
2.097102920090597308e+03
2.104835560163030550e+03
2.194444375435557959e+03
2.282680756607011517e+03
2.205191090804637952e+03
2.048643422132321575e+03
2.190663983856703453e+03
1.889948807873225633e+03
2.223888809151376790e+03
2.218374731999683718e+03
1.864724905256614193e+03
2.196721317657152213e+03
2.090827276226658796e+03
2.325031198452519220e+03
2.151613877082007093e+03
2.197797664609395270e+03
2.159094702356304879e+03
2.202795895182010554e+03
2.071582696417531224e+03
2.056127220167349606e+03
2.039018522069955452e+03
2.170967455822556076e+03
2.261478060427338278e+03
2.071039613943914901e+03
2.231158654331536582e+03
1.943344237084543693e+03
2.116642946979594853e+03
2.013245923104009080e+03
2.141021105558479576e+03
2.192135751010358490e+03
2.108331484371956776e+03
2.334449850364616850e+03
2.023326436053428097e+03
2.266689346493953053e+03
2.044523867039546303e+03
2.330949716427646308e+03
2.152287047764351428e+03
2.170663390632249047e+03
2.070860211101789901e+03
2.217235685112332703e+03
2.186282794187671243e+03
2.179881189993751377e+03
2.079682781807837273e+03
1.966364363328746549e+03
2.157671713777674995e+03
2.089498890847564780e+03
2.372661202658620823e+03
2.162584395135460454e+03
2.205809864553212265e+03
2.134432511676195190e+03
2.043133916688563886e+03
2.039804585738078913e+03
2.160548256407468671e+03
2.165079510768583532e+03
2.356254580405826346e+03
2.353038807293779428e+03
1.938935220801204423e+03
2.196930616881053083e+03
2.027481558729081144e+03
2.258217056205875451e+03
2.057774139272387856e+03
2.142855315469455491e+03
2.191299773248759720e+03
2.145195677664025879e+03
2.275107525624708160e+03
2.091918333484646155e+03
2.189062069129768133e+03
2.035802999770178758e+03
2.160495630653256285e+03
2.156403631898741878e+03
2.096098137267518268e+03
2.190557477986510548e+03
2.190355198178013779e+03
2.250748570782404386e+03
2.074150630622254084e+03
1.984932087851497045e+03
1.943084296826863465e+03
2.154696022545147116e+03
2.139593003955294080e+03
