1.260203175641276175e+03
2.318980040648638351e+03
2.521515601125715875e+03
1.334591434487190099e+03
2.623149089849170650e+03
2.114118463458039059e+03
1.496825999577108860e+03
2.515020691187271495e+03
1.888087727107303863e+03
1.636774671602717262e+03
2.427927378493797278e+03
1.867789546240456275e+03
1.622181266780702799e+03
2.651508532547628874e+03
1.450928049216155841e+03
2.055320460078332417e+03
2.507029241932737477e+03
1.446558928566078976e+03
2.269799557288417873e+03
2.257796062821795658e+03
1.594524006581800904e+03
2.257133553837129966e+03
2.298897953172848702e+03
1.503241281066918191e+03
2.212311934349175772e+03
2.268949404865029010e+03
1.908550020417668520e+03
1.639442127944698541e+03
2.109285945812526279e+03
2.033408765424311696e+03
1.608889437403914144e+03
2.283303241656043156e+03
2.037257220416634937e+03
1.802667808034204199e+03
2.780779623036858538e+03
1.867155293435514295e+03
2.023998345164566445e+03
2.812642443238010401e+03
1.599035161040219919e+03
1.813510045566114741e+03
2.749018695503749314e+03
1.671945899977941735e+03
1.483524482991015248e+03
2.418097644323326222e+03
2.392892991253283071e+03
1.290783774458368271e+03
2.224337042368333186e+03
2.598227945882978474e+03
1.522850508365543874e+03
1.841680211570683014e+03
2.701625406992804983e+03
1.598798021931205767e+03
1.660840740835389852e+03
2.573520238767343926e+03
2.423392521567785479e+03
1.468184000629463981e+03
2.452152334353702827e+03
2.458746631447661912e+03
1.718431791892262709e+03
1.607188881338529882e+03
2.699034825337046641e+03
2.082037143348358768e+03
1.185973119498323967e+03
2.219069624338035737e+03
2.309103252506637546e+03
1.469607052036633831e+03
2.114399687375104349e+03
2.840253002095352258e+03
1.672169156244087844e+03
1.586251080199712305e+03
2.499466926809680899e+03
2.285924552492095700e+03
1.472738265768718520e+03
2.129623066345890493e+03
2.932148638051507078e+03
1.457517998384305201e+03
1.708006901303846689e+03
3.049018483549591565e+03
1.827677921636998235e+03
1.433271972244985591e+03
2.133562069459066606e+03
2.783754905712138680e+03
2.044519936239398476e+03
1.441610103925971089e+03
2.082593827134867752e+03
2.354603288525413973e+03
1.797297712410686700e+03
1.666486435925572778e+03
2.149659665709240471e+03
2.431263423526081624e+03
1.746909832156752373e+03
1.809696395697629214e+03
2.128855072444755479e+03
2.187285757366470534e+03
1.518289118417975715e+03
1.688231487319955022e+03
2.725993100803570542e+03
1.875012784489273372e+03
1.653666737163921653e+03
2.555903630502871238e+03
2.489314264990988249e+03
1.278671278432747613e+03
2.133487308644178484e+03
2.399320614250626477e+03
1.797969180696436069e+03
1.465502005144801387e+03
2.720361504169015461e+03
2.604024497990590589e+03
1.529146285995069547e+03
2.432449935652070053e+03
2.529337398162484988e+03
1.554643759366797440e+03
1.735180766989098174e+03
2.668991178936460528e+03
2.123394727882593543e+03
1.512001906382535026e+03
2.024500341585215665e+03
2.291664145584365997e+03
1.766929578596999363e+03
1.827895584308576872e+03
2.306412307042245175e+03
2.321812543387786263e+03
1.382907155973606450e+03
2.076576030367577914e+03
2.580167332627025644e+03
1.626509545725381258e+03
1.622201284345195518e+03
2.671805497449934137e+03
1.911348898857231688e+03
1.541508676252344003e+03
2.217876378110306632e+03
2.674478037304997088e+03
1.585647446858263265e+03
1.635449063573687681e+03
2.224637948279190368e+03
2.486459139511444391e+03
1.590382740123612166e+03
1.731315615103916798e+03
2.462294514812148918e+03
2.327247741464510909e+03
1.604241289938904856e+03
1.722712144868894939e+03
2.561064537771069809e+03
1.510645186010450288e+03
1.744966774588921680e+03
2.539573354170147468e+03
1.902932445359155281e+03
1.769576642202346875e+03
2.584251601929692242e+03
2.176929672894978467e+03
1.622832719050586775e+03
2.343046602522120793e+03
2.455832702941215302e+03
1.551352252336453603e+03
1.954690218961257187e+03
2.356101986602726811e+03
1.856841548441112536e+03
2.014033701306876992e+03
2.595313790236486511e+03
1.598552302569605672e+03
1.584232112728845323e+03
2.361558651997524521e+03
2.084846146064140157e+03
1.742939899755806891e+03
2.312884456302863782e+03
2.486723988549370461e+03
1.603609496333506286e+03
2.019294192392226932e+03
2.489648817533912279e+03
1.263497039938548824e+03
1.890463561248395990e+03
2.721254098307039385e+03
1.699834740613394843e+03
1.772104431422238349e+03
2.674424373856854800e+03
2.304441564464746079e+03
1.389735346785908177e+03
2.354195552662619775e+03
2.252553982403225291e+03
1.664252765759282511e+03
1.693385190613295890e+03
2.515208599226072693e+03
2.250289423292308584e+03
1.757512387505352535e+03
1.751329058780071591e+03
2.366760987825398388e+03
2.177655978982651959e+03
1.486398346759559672e+03
2.059018285839790678e+03
2.437026481325051918e+03
1.572085051047239403e+03
1.895069479318991171e+03
2.832975247617584500e+03
1.722125075509597082e+03
1.675961800952183012e+03
2.761145783974804090e+03
2.200041640672886388e+03
1.322555420351047360e+03
2.232894066802059115e+03
2.665061426268292962e+03
1.506673686235176774e+03
1.970701205642427567e+03
2.914162494507869269e+03
1.565140651264278404e+03
1.640045747710159276e+03
2.356375224652431825e+03
2.842004657388663873e+03
1.488411992040595806e+03
1.102176734889799945e+03
2.599341175489733359e+03
1.369204706223884841e+03
1.796685867169470157e+03
2.509305766861091342e+03
1.752085340401892608e+03
2.016697600165166932e+03
2.860177042841213733e+03
1.709126851772393593e+03
1.935865960129224277e+03
2.778847267181314692e+03
1.659022157208875797e+03
1.579504026862743103e+03
2.656204703482842888e+03
1.834591366709495560e+03
1.490015277929872809e+03
2.606908734315745278e+03
1.899791082584390097e+03
1.452309331356478879e+03
2.382967087459022878e+03
2.077719522574509938e+03
1.339236864402880201e+03
3.119520822363872412e+03
2.636076735068659673e+03
7.596055779417982876e+02
3.013896886684630772e+03
2.520750294179455523e+03
1.218245392079604017e+03
2.294235065480826506e+03
2.541590447595118803e+03
1.742644634575177406e+03
1.599655604231366624e+03
2.658804871151815405e+03
2.030567227746757453e+03
1.383528210081447241e+03
2.375594859125072162e+03
2.063990659987432082e+03
1.502308061706986791e+03
2.427666455002904513e+03
1.930914571417030629e+03
1.609152808860519372e+03
2.393877359984470331e+03
1.943662518881428696e+03
1.641214620525867986e+03
2.288568344793191045e+03
2.266145356111093406e+03
1.640097805895484953e+03
2.046845744380799033e+03
2.314246310411076138e+03
1.812057212787672142e+03
1.768218481830047040e+03
2.360304776241833224e+03
1.914017869761312795e+03
1.520061568540304961e+03
2.339994024779157826e+03
2.205927208753459126e+03
1.559201713504389545e+03
2.697660071282772606e+03
2.416688332073937545e+03
1.463166940958353280e+03
2.548989422538655162e+03
2.403871172126264810e+03
1.473019976510556717e+03
2.130688948509448437e+03
2.847807398202089644e+03
1.233194158593840257e+03
1.811591367129720538e+03
2.602757940648289605e+03
1.728341077774955238e+03
1.870505680096469177e+03
2.801603741511169574e+03
1.927544356615463812e+03
1.613238054227532984e+03
2.729400053837190626e+03
1.835281811524986779e+03
1.436614879224685865e+03
2.737140802198934125e+03
