2.701855412519781112e+03
2.668871146479378240e+03
1.631986158623924666e+03
1.021087405770987289e+03
3.153880533192016173e+03
1.601659914229737069e+03
1.519763069376831254e+03
3.346086565427702681e+03
1.226033843558187527e+03
1.867713061200816810e+03
2.694286026530951858e+03
1.850520067817983772e+03
1.501662693269144484e+03
3.044474742677442009e+03
1.570401281698648518e+03
1.949211797489371975e+03
2.736907263922163565e+03
1.537538082065061189e+03
2.127459084389759028e+03
2.460413360092439689e+03
1.600860262759321358e+03
2.185137090309268388e+03
2.510021935189420674e+03
1.485345770966754799e+03
2.241809114404555203e+03
2.071588111866617510e+03
1.684143682275675019e+03
2.443379872687549323e+03
1.696761361850744152e+03
1.855374935588279413e+03
2.497700620233838890e+03
1.514301688074861431e+03
2.273110594599245360e+03
2.373118322904540946e+03
1.463272480855663616e+03
2.309180505387329958e+03
1.844859792234770339e+03
1.777761898402337465e+03
2.323623528746239572e+03
2.035197213053709675e+03
1.844511809430943686e+03
2.713750290629594019e+03
1.951871518650393682e+03
1.417818857766780184e+03
2.548542410381709487e+03
1.830180652399975088e+03
1.984826930611849320e+03
2.599169764727732399e+03
2.306427135548236492e+03
1.873326767583454512e+03
2.450116133032429843e+03
2.482967593409173332e+03
1.609063379497242749e+03
2.438850461573596931e+03
2.279427655577689166e+03
1.817903569908020700e+03
2.252212959138359111e+03
2.075029150226133424e+03
1.464968696493546986e+03
2.193061606421042143e+03
2.437585307317283878e+03
1.424994443375509945e+03
2.457436732524835861e+03
1.901503295955391650e+03
1.586034266215779326e+03
2.743189364579684479e+03
1.399326105754879109e+03
1.786666901873757297e+03
2.650819472125810989e+03
1.517802024547521341e+03
2.315613573385433938e+03
2.695022360021735949e+03
1.376926511878267547e+03
2.511418860401920483e+03
2.542808225310146099e+03
1.417999998483195441e+03
2.295579989116114575e+03
2.138396980123035064e+03
1.356683577385145327e+03
2.517554908393563437e+03
1.552294250045230910e+03
1.637918193273145789e+03
2.716218494056165582e+03
1.795474643150430893e+03
1.987577005121025195e+03
2.408488185124558640e+03
1.978830295730817625e+03
1.842187567331611717e+03
2.264513822917786001e+03
2.191416006289708093e+03
1.694398671693517599e+03
2.394524321325210167e+03
1.953098877823959128e+03
1.727871309278803437e+03
2.325289475132295138e+03
2.068141827837223900e+03
1.626494161800477514e+03
2.315442518952499086e+03
2.298059627360572904e+03
1.647829738053461597e+03
1.782001518152911558e+03
2.250018711252495905e+03
5.784131621333428939e+02
2.682812096855681148e+02
3.098412423305685479e+03
8.674510179754302897e+01
2.634404409677684725e+03
1.647542738538703816e+03
3.269105850422573667e+02
2.078350642852244619e+03
3.651232800152094569e+03
3.209102264701693457e+03
2.462125225103316552e+03
2.279745039591863588e+03
1.955814177273159203e+03
7.915994690085609591e+02
1.772686208861021896e+03
1.878879901811704030e+03
3.886866685314763799e+03
2.551018416281468944e+03
1.863197167569768453e+03
1.639062649869491679e+03
2.046786848320758054e+03
1.584113777165062174e+03
1.899360285069741622e+03
2.176425371256129893e+03
1.856192399409468180e+03
1.859042431084501459e+03
2.301584792539284990e+03
1.859349671028626744e+03
1.872682524163901462e+03
2.577675301069910802e+03
1.714133220481231319e+03
1.612779687901161878e+03
2.699859242137094043e+03
1.900482245662282594e+03
1.529835941116784170e+03
2.984126256956285943e+03
1.593548421787493226e+03
1.595052741166552096e+03
2.775712150920815930e+03
1.096702243940940434e+03
2.327496507672319240e+03
2.023200043301951155e+03
1.423229182496795147e+03
3.091864787160976903e+03
1.475464476844959108e+03
1.659509047851977812e+03
2.869358570243865415e+03
1.151708121337179819e+03
2.283283440158230860e+03
2.293029005664690885e+03
1.577073969823378093e+03
2.176717529450420898e+03
2.211062651999914124e+03
1.595858957651203582e+03
2.372728705771259683e+03
2.179232552771713927e+03
1.530908122025839020e+03
2.507557515319840149e+03
1.824239046131346640e+03
1.859038867498155696e+03
2.827860824578215215e+03
1.525807104973621335e+03
2.081001032439973642e+03
2.551086135274686058e+03
1.450378405297318977e+03
1.816470951787929835e+03
2.407364796290304639e+03
1.775352625117164052e+03
1.629117870024869944e+03
2.423406901472407753e+03
1.888441315199496330e+03
1.729791055652706291e+03
2.475001850635885148e+03
1.929036421750851787e+03
2.009706842190121961e+03
2.582501528529785901e+03
2.094089682317979168e+03
1.515983629528913752e+03
2.563517414795435798e+03
2.577538846988141358e+03
1.364857126616872620e+03
2.248588134327098487e+03
2.479091733182955977e+03
1.857164898243319385e+03
1.738855247155435336e+03
2.444094802581486874e+03
2.000692031548847808e+03
1.545267203340349397e+03
2.362189017725732356e+03
2.120879502436606799e+03
1.225778404404354660e+03
2.215206362065464873e+03
2.285037464853489837e+03
2.233918012060899855e+03
1.729079698071305302e+03
2.610208950060458392e+03
1.858106431782882510e+03
1.832403067387694136e+03
2.382656181620664029e+03
2.059342606943900137e+03
1.754002858691402025e+03
2.353418014024703552e+03
2.797746669411943003e+03
1.930632221191375265e+03
1.808137646386668393e+03
2.131934194693104928e+03
1.853823553494853741e+03
2.367772195757291229e+03
1.397560367895284116e+03
2.024459743149620635e+03
2.494615726787406402e+03
1.860760849809670390e+03
2.029403550106391549e+03
2.562108879816171338e+03
2.094069767170823070e+03
2.115254171043236511e+03
2.779054356694874059e+03
2.487762637357668609e+03
1.357206318572955070e+03
2.661158181750493895e+03
2.167719741808045910e+03
1.674281006199981675e+03
1.815917773446834644e+03
2.469213314608349265e+03
9.878459133534339571e+02
8.582322839157009184e+02
3.024177477049438949e+03
1.287413616485179659e+02
1.397918624241945963e+03
3.731406039225621043e+03
5.054171212708929488e+02
3.073705476362555146e+03
9.038712044861403001e+02
2.655577762950511442e+03
1.746754979014886885e+03
1.105580044727703580e+03
2.246477643622835785e+03
1.323223221594819051e+03
3.022852970077998634e+03
1.425823312704603268e+03
2.140706910898094520e+03
2.143852062043160458e+03
2.553250537196393452e+03
1.919815450996279651e+03
2.086203620026249155e+03
2.250085991267538247e+03
1.861230360216944973e+03
2.012932993922069954e+03
2.126308433223416614e+03
2.063832727977151535e+03
1.811506819706099805e+03
1.881766574614270439e+03
2.242618816658595733e+03
1.647684285859178317e+03
2.018126506853268211e+03
2.174479147579880646e+03
1.734904697705054332e+03
1.939743841934304783e+03
2.271625925892122268e+03
2.256581161993975911e+03
1.782815427307294613e+03
2.334115326654114142e+03
2.353181584361806472e+03
1.948689569421740543e+03
1.973346909038183639e+03
2.225493823641583731e+03
2.177223523247332650e+03
1.612501363446197956e+03
2.523237999932903676e+03
1.877707180346424593e+03
1.633753214538765633e+03
2.891605552661376805e+03
1.777437352437917752e+03
1.987977033665804356e+03
2.680674955565749315e+03
1.675155329641048411e+03
1.677322155241387009e+03
2.401547970425605854e+03
1.754862036109724158e+03
1.521761984182690639e+03
2.522581549096348226e+03
2.688549520108471370e+03
