3.176517171605085878e+03
1.513165990914600798e+03
2.765290965396385673e+03
1.347734613190866185e+03
2.745413639310493636e+03
1.281099365307626385e+03
2.757462104486091448e+03
1.265837593770025023e+03
2.693793857276647032e+03
1.240864364234756295e+03
2.685796209825239202e+03
1.270739896425147663e+03
2.595495764863758723e+03
1.332866224695314486e+03
2.453627008947189097e+03
1.382689252311947484e+03
2.375808799162957712e+03
1.285311804794326235e+03
2.531708993040168934e+03
1.576024607792463257e+03
2.159334676072618095e+03
1.787237815412050168e+03
1.867527251883561348e+03
2.474570830152724284e+03
1.548340192378158008e+03
2.524994591195595149e+03
1.560054324632067846e+03
2.389430772628284103e+03
1.662593207645085158e+03
2.200891510191584530e+03
1.740424133678304315e+03
1.976222949608764338e+03
2.531301871975526865e+03
1.403259574866556704e+03
2.820725903260485666e+03
1.304408571139445257e+03
2.509584945526091360e+03
1.524869985582757181e+03
2.227314775991888837e+03
1.627192617324864386e+03
2.015945140450471627e+03
2.113354110117364144e+03
1.659289123733286033e+03
2.646627195455080710e+03
1.447117932039426705e+03
2.757689171282241205e+03
1.338587730519225943e+03
2.419587802672907401e+03
1.899932129031554041e+03
1.680643675984291121e+03
2.799655546892865459e+03
1.432462600165019921e+03
2.184750164656797097e+03
2.251584843226519297e+03
1.403048944757289973e+03
2.467792965868318333e+03
1.640725233152322744e+03
1.946338696297030083e+03
1.805935093865195086e+03
1.940026963878342713e+03
2.539097698573112211e+03
1.795617267251443536e+03
1.903577533812233241e+03
2.114387672325854510e+03
1.781420765205005409e+03
2.562193117320792226e+03
1.530797739966367772e+03
2.786470989371554879e+03
1.398499876652133480e+03
2.502975274511778480e+03
1.638302588822732787e+03
1.949497466448706973e+03
2.412666601605557389e+03
1.436573453474751886e+03
2.874464000705992476e+03
1.291967798862456902e+03
2.347072624321258900e+03
1.926931679656466031e+03
1.562962053687755088e+03
2.911892333186661290e+03
1.166631680504128553e+03
2.689404465052890828e+03
1.579868311874840856e+03
1.882662439685037725e+03
2.377720467351588923e+03
1.429112450128747241e+03
2.979320299882295330e+03
1.262455952956594501e+03
2.306143468977457360e+03
2.062002118350487763e+03
1.683339650624050819e+03
2.306999924315914541e+03
1.801135656054009132e+03
2.038128193840979293e+03
2.128042080970635197e+03
1.791501017538062115e+03
2.277790544631432567e+03
1.968525030744026708e+03
1.808801840639024704e+03
2.584779061495638416e+03
1.567853118211917945e+03
2.184852812695695320e+03
2.960500853974865549e+03
5.174032049975627388e+02
3.355495734596024704e+03
1.612765754293298642e+03
1.178675076187358627e+03
2.598821640149556060e+03
1.759734397613696046e+03
1.928330288841835227e+03
2.173001640162349304e+03
1.834045644470023262e+03
2.051619985272375743e+03
2.247020754310465236e+03
1.828946144278463635e+03
1.982997997903716396e+03
2.457865227872484411e+03
1.533117280281276635e+03
2.582811615167910531e+03
1.462102786453528552e+03
2.432001100337869502e+03
2.459429266291432668e+03
1.330521723416462692e+03
2.328558017615519020e+03
2.600741654467344688e+03
1.683135480792726412e+03
1.613559940106571048e+03
2.162108007861483657e+03
1.718942124719489584e+03
2.438116005142252561e+03
1.745321654604984815e+03
2.596329382766007257e+03
1.698116643167950315e+03
2.545084275259605874e+03
1.719337586289942010e+03
2.293414361303070109e+03
1.965901927982470397e+03
1.848012037856895859e+03
2.457367017766361641e+03
1.792111115155114021e+03
1.806672333267243630e+03
1.754746090424651356e+03
1.954869665244462112e+03
2.173568354179260041e+03
1.656219275658010702e+03
2.624306746191505681e+03
1.492354995176619468e+03
2.591291344652594489e+03
1.577347975852175978e+03
2.299906334866750512e+03
1.736687477765538461e+03
1.933055499227926703e+03
2.535468401409220405e+03
1.439984776366369942e+03
2.682708314954979414e+03
1.497797208827913209e+03
2.162157370633944083e+03
2.021180877396833012e+03
1.661578721454860215e+03
2.593807510044251103e+03
1.453730703023782326e+03
2.670076651315398522e+03
1.554327356024194842e+03
1.994569893946019420e+03
2.472646648397384979e+03
1.436793352974507343e+03
2.831283153094600948e+03
1.419689029183818548e+03
2.304536627275570936e+03
1.911875141928493804e+03
1.615446097184528298e+03
2.435978878352341781e+03
1.571693779838004730e+03
2.320684199744937814e+03
1.848474030415549350e+03
1.957314087904984945e+03
2.308000782690693995e+03
1.746012031102279934e+03
2.395497229414784670e+03
1.820276367420953648e+03
2.002908467589810243e+03
2.622048694803544095e+03
1.544556652337460037e+03
2.299059850164691397e+03
2.614461768960588870e+03
1.138140436765160985e+03
2.758410435109267837e+03
1.335141073248416205e+03
1.970855141346848768e+03
2.567543328565515367e+03
1.299581573440229931e+03
2.703994842545389929e+03
1.715028893762271991e+03
1.795870392478605254e+03
2.795284059612001784e+03
1.796974425575420128e+03
1.688551424802629981e+03
2.702206927256963354e+03
1.816850938679202272e+03
1.413742976991525893e+03
2.368930538601941407e+03
2.198984164395280004e+03
1.548984348870051235e+03
2.037386027766323878e+03
2.283923240995354263e+03
1.380031444830118517e+03
2.898930585020985745e+03
1.570086664804415705e+03
2.183651546092627541e+03
2.553392084117252125e+03
1.532122119433824082e+03
2.585293772108335816e+03
1.549560544357758317e+03
2.511494465603045228e+03
1.640026871679132910e+03
2.265668268376167362e+03
1.818250258680148136e+03
1.942618273406473008e+03
2.593437091605847399e+03
1.482249773480985823e+03
2.740770647842695325e+03
1.407498084498640765e+03
2.411793794230380172e+03
1.670004799605107337e+03
1.933525480345294682e+03
2.228051017429968397e+03
1.516655108521722923e+03
2.788672049765204974e+03
1.208492359480349478e+03
2.461575162991093748e+03
2.069138860735397884e+03
1.477817432929120059e+03
2.663131060809482733e+03
1.315913213111009100e+03
2.400586852131096293e+03
1.727561364539067426e+03
1.994112638641780904e+03
2.457745195953594248e+03
1.531665857466867010e+03
2.506656378938885155e+03
1.602538897874793520e+03
1.925312741023478111e+03
2.417673700817200370e+03
1.696526822236314047e+03
1.985613456102745204e+03
2.092401031492137918e+03
1.713819125533724446e+03
2.376337049336990276e+03
1.709910697413427670e+03
2.297791567190681235e+03
2.020788337992074730e+03
1.842709157254073716e+03
2.745201275829297174e+03
1.497006997882330552e+03
2.685700184133047514e+03
1.530498102966212173e+03
2.174794133461692127e+03
2.402348501422824484e+03
1.502074419276066010e+03
2.744136834977648050e+03
1.596392010681127886e+03
2.016426518748249009e+03
2.336844873236938383e+03
1.523245512788470478e+03
2.560761951510033668e+03
1.548803769084544228e+03
2.166251803248932447e+03
1.882264928908538877e+03
1.798138119197811648e+03
2.599099096430517420e+03
1.425374088043867459e+03
2.677828760761477042e+03
1.444794330283667705e+03
2.275744535819318571e+03
2.211352568032838462e+03
1.617218449670180235e+03
2.865803573625771151e+03
1.309261488766028151e+03
2.455968685539103717e+03
1.423036992952188257e+03
2.201779282006034009e+03
1.681700135258188311e+03
1.887908508537039324e+03
2.344317257302309372e+03
