1.252823293384534054e+03
1.951971411513495468e+03
2.052701958973265846e+03
1.762056469626171520e+03
2.045067096562734605e+03
1.903162327794098474e+03
2.063254761220449836e+03
2.027798834002926924e+03
1.968738405719292132e+03
2.072324721747197145e+03
1.954405278390751846e+03
1.947459924094193411e+03
1.979273245618243436e+03
1.990370043311865857e+03
1.991725936632744606e+03
2.041471680145403525e+03
2.134499772195893001e+03
2.066397141135601942e+03
2.243442771286538118e+03
2.053962614210184256e+03
2.027786527969921508e+03
2.132776655778519398e+03
1.987140463392676565e+03
2.153591410269930748e+03
2.011037487974576834e+03
2.037353823041195938e+03
2.063557461966842766e+03
2.060467495541031440e+03
2.042035068879288474e+03
2.049582153818188999e+03
2.053318832486180781e+03
2.060476400829715658e+03
2.162938731783572166e+03
2.022979935396485416e+03
2.074649917351354361e+03
2.101464013433529090e+03
1.888616880801062507e+03
2.153962179225133241e+03
1.935536168370272435e+03
2.087090591571166442e+03
2.044146705401723239e+03
2.061158252517314395e+03
1.973469689925817192e+03
1.985876984498790762e+03
2.062076883804802947e+03
1.964689672396848209e+03
2.009648462694363388e+03
1.942731231889944638e+03
1.864911136892180593e+03
2.010924017622086922e+03
1.954227233727390058e+03
2.035751110975036681e+03
2.018821272510806239e+03
1.976132827753168385e+03
1.999265237103716345e+03
2.040900307001383908e+03
1.991777343266358002e+03
2.045157084363371041e+03
2.064129440414011697e+03
2.015173935560357222e+03
2.028709368666503906e+03
2.045248467922338023e+03
1.922714659671252093e+03
2.026206957871822851e+03
1.892639771269540688e+03
2.064495413075246688e+03
2.083278482949784575e+03
2.018306825673213325e+03
2.236146062944864752e+03
2.140682120634205603e+03
2.159504785960719801e+03
2.189325993521895271e+03
2.223179487187155246e+03
2.238260007677158683e+03
2.151342295289787671e+03
2.182815598002644492e+03
2.112946288518342499e+03
2.269842087276478196e+03
2.125814888970616721e+03
2.124087695956980042e+03
2.149553818409058294e+03
2.042324964619969251e+03
2.286572980170758910e+03
2.105820973619639062e+03
2.135040840774848220e+03
2.135031908334424770e+03
2.193334974768710254e+03
2.148761305464608540e+03
2.183692922054139217e+03
2.188013830658104325e+03
2.163986489416864970e+03
2.173875394334017983e+03
2.132319894418992590e+03
2.137750081096885424e+03
2.207123948530897451e+03
2.025816790985090620e+03
2.232335854080570698e+03
2.008423217321702396e+03
2.062100436172144782e+03
2.074698458015765027e+03
2.109700355617148944e+03
2.048990280141452786e+03
2.115289567521364916e+03
2.141581912985791860e+03
2.176166078581629790e+03
2.156685228600926166e+03
2.145695601164967684e+03
2.181320803443718887e+03
2.253113143356746605e+03
2.003893193024077163e+03
2.268628211295089386e+03
2.053262545302814033e+03
2.070983271230097671e+03
2.057261541519583716e+03
2.034272845779295267e+03
2.059413167412537405e+03
2.201610183494987268e+03
2.201735547377955754e+03
2.228132785033607433e+03
2.170977194532428712e+03
2.311911501325094378e+03
2.129879581456614233e+03
2.278257906491533504e+03
2.252229937921478722e+03
2.301350436725124837e+03
2.279182235561856942e+03
2.190595927732866585e+03
2.255257489088003240e+03
2.170065192386266062e+03
2.147752909836072376e+03
2.222937950936378002e+03
2.230240129939354574e+03
2.233475935282976934e+03
2.238693710234414084e+03
2.222538419312108090e+03
2.152688492291498278e+03
2.276421657449366194e+03
2.132282581800796834e+03
2.224744954822397176e+03
2.190633425638900007e+03
2.149988291506424048e+03
2.280670432628599428e+03
2.205090985765737059e+03
2.169312420055270650e+03
2.289837577122150378e+03
2.220709344123124993e+03
2.219392769086244698e+03
2.177692146904111723e+03
2.105904251768825816e+03
2.071662336472549669e+03
2.122087574794114516e+03
2.029305441005529929e+03
2.083614723280365524e+03
2.174440332337460859e+03
2.092866587942303340e+03
2.346795499188829581e+03
2.263570145865724044e+03
2.254213152221838300e+03
2.301230002170897933e+03
2.399925857410111803e+03
2.376367353234624716e+03
2.286034070868463459e+03
2.279340455632668636e+03
2.263647751314167181e+03
2.235552767288803352e+03
2.176772763275199850e+03
2.200206713416979255e+03
2.336827190075251565e+03
1.916786885234063675e+03
2.495147575476190923e+03
2.093762565992328291e+03
2.229590497689621316e+03
2.256626779697992788e+03
2.161510396049632163e+03
2.154797638929516324e+03
2.186001260714791897e+03
2.153527351317563443e+03
2.172946948747330225e+03
2.124385769876077575e+03
2.185736693250934877e+03
2.141222129397923709e+03
2.270133084352288733e+03
2.249065725916260362e+03
2.351240997987519222e+03
2.235083393820515539e+03
2.146832745024647920e+03
2.318652921375919050e+03
2.162376374942730308e+03
2.269217183842969462e+03
2.181807097463999526e+03
2.164472545872617957e+03
2.184278860765651643e+03
2.182431449878356943e+03
2.220587998464194243e+03
2.243237806824274230e+03
2.299618237697689892e+03
2.214676563334758157e+03
2.294242654522765861e+03
2.196557812992240997e+03
2.123128283324111635e+03
2.144025800580798659e+03
2.114719167815091168e+03
2.095751473035759773e+03
2.117320840769902588e+03
2.096394009309544799e+03
2.139292978579933788e+03
2.088461016596666013e+03
2.050318178288439867e+03
2.130346344862742171e+03
2.193225076801905743e+03
2.143508860922668191e+03
2.158438733101942944e+03
2.264447244288387537e+03
2.144607324122520822e+03
2.427757480750687137e+03
2.174857285514372506e+03
2.299824006363721310e+03
2.192267697920449336e+03
2.100568875685486091e+03
2.195018112268838649e+03
2.152217767727862793e+03
2.103172904544532230e+03
2.090492190931744972e+03
2.084347084937542149e+03
2.087251808445987081e+03
2.043269647117243494e+03
2.141659674216150052e+03
1.913543718747227558e+03
2.203806334840499403e+03
2.028385378249032783e+03
2.153688721442725637e+03
2.219682832378014155e+03
2.063065457085363505e+03
2.177812838971669862e+03
2.188340103002442447e+03
2.195967136894787473e+03
2.144426837866247297e+03
2.127029111284555711e+03
2.125676351591390357e+03
2.133894741037417134e+03
2.149581351481931506e+03
2.007584515333555373e+03
2.156917881516749276e+03
2.024806191584470753e+03
1.944412312036496814e+03
2.088734039835599560e+03
1.981393911771134071e+03
2.065004601213690421e+03
2.170206230783954197e+03
2.142240916263454892e+03
2.111194761076483246e+03
2.163913713537257991e+03
2.151922761668653038e+03
2.120772523267014549e+03
2.089006165039589177e+03
2.091651012141719548e+03
2.167201087662162081e+03
2.126792758872806189e+03
1.995021516087614600e+03
2.118771044779506610e+03
2.076469548047083663e+03
2.236769292514633435e+03
2.102717266006401587e+03
2.136805500440712422e+03
2.153059735980177720e+03
2.178349394582311561e+03
2.070684217212447493e+03
2.127330557177155697e+03
2.132201614423886895e+03
2.060765888321399416e+03
2.079766454008910841e+03
2.070598587914304517e+03
1.996100455650705953e+03
2.118941980822110963e+03
1.952603486749296962e+03
2.071046122799810291e+03
1.999875361153064432e+03
2.001143923834633370e+03
2.042554969362498014e+03
2.060369981151323373e+03
2.195373230312646228e+03
1.974339342872908674e+03
2.079423368278989983e+03
2.053622756363241479e+03
