2.291106736595017992e+03
2.181912018715575869e+03
1.520951915047994589e+03
2.254905109578008251e+03
2.445713938992833846e+03
1.947531303381274256e+03
1.566638900839864618e+03
2.321047402029256318e+03
2.774808831159316469e+03
1.711072420392290724e+03
1.682843135767270951e+03
2.454202511048772976e+03
2.465550756366537826e+03
1.749337419595108486e+03
1.659026323607095037e+03
2.388280257799937317e+03
2.440405477075914405e+03
1.800749321991968145e+03
1.516232565521699598e+03
2.275726420176079500e+03
2.433018967887875988e+03
1.556916263468209763e+03
1.613944680287603205e+03
2.272836700607746479e+03
2.725085768398435448e+03
1.610643873073734540e+03
1.781395696406269735e+03
2.223060794374574925e+03
2.619289455322520553e+03
1.833355948854680719e+03
1.690149270013546356e+03
2.507395698773942513e+03
2.664477393221129205e+03
1.807364081182027348e+03
1.286410756060966150e+03
1.986133145651719360e+03
3.167624833172606941e+03
2.022881527652422619e+03
1.529589267541387699e+03
1.369828652755866415e+03
2.425784767723131154e+03
2.651543809679374590e+03
1.839936323276519943e+03
1.409945746203908357e+03
1.994926203691355568e+03
2.573263259736835607e+03
2.245570107651002218e+03
1.395957345900147175e+03
1.845200171701106228e+03
2.603377009633911712e+03
2.304036901656616465e+03
1.523999169892892269e+03
1.697876281168620380e+03
2.562474778181714100e+03
2.486437943339772573e+03
1.830239093600082015e+03
1.304913204788180565e+03
2.268688011277255100e+03
2.726967671878950568e+03
2.091189595912427649e+03
1.439813738019682432e+03
1.676409952409416746e+03
2.829698994376544306e+03
2.289305027003558735e+03
1.276480584398481597e+03
1.583865104201066515e+03
2.644257620255762504e+03
2.070048680629530736e+03
1.349694104565090129e+03
2.038891862198608123e+03
2.706354099074719215e+03
2.020700475449772739e+03
1.507912275983774180e+03
2.130861155767153832e+03
2.822539747635824824e+03
1.894646612610987859e+03
1.560721810088291704e+03
2.100576006732397218e+03
2.717226137141203253e+03
2.023817954580895730e+03
1.409299558038525902e+03
1.808634246700595440e+03
2.524345925482346502e+03
2.375268428249532917e+03
1.491915293742405311e+03
1.419486095836379036e+03
2.195790105738107741e+03
2.460341588613908243e+03
1.851301309649058794e+03
1.616985814866886130e+03
1.910210782024890477e+03
2.541593930134438779e+03
2.440701112425231713e+03
1.787175538275562531e+03
1.518864783665506593e+03
2.240844416182729674e+03
2.652120928568352156e+03
2.155870092540043970e+03
5.212190665805500203e+02
3.046687742761326263e+03
4.148497804533329145e+03
1.291394205901767464e+03
1.754940253126263315e+03
1.192120903842845792e+03
2.329571268682227583e+03
2.590772096142696228e+03
1.770987916205124748e+03
1.647924661202857351e+03
1.398988382178958773e+03
2.835491106909998962e+03
1.978738652233924313e+03
2.356410647031595545e+03
1.055189165936816835e+03
1.828444010271368370e+03
2.762307817130824787e+03
1.819750093007256510e+03
2.309477475015681193e+03
1.870518126592786984e+03
2.712279906282532011e+03
1.384640905532167835e+03
3.503828817066535066e+03
-1.110289487291919670e+02
2.127104162585550057e+03
2.368853234871958648e+03
2.416663476903356241e+03
2.613347548184442985e+03
2.036940180483000177e+03
1.559478835395678743e+03
2.135287275079965184e+03
2.095978699065697128e+03
1.761968251750004129e+03
1.921353357388280983e+03
2.233172913854946273e+03
2.146214184783072596e+03
1.739779754760706510e+03
2.049566342653826268e+03
2.355260608905239678e+03
2.038106006573655122e+03
1.709119619346495483e+03
1.996341954881324000e+03
2.496610550379368306e+03
2.011367148463456942e+03
1.702689934471108700e+03
1.822806699318710798e+03
2.614553605780267389e+03
2.261331426241914869e+03
1.499622366069218970e+03
1.723627265746350986e+03
2.709764279357714258e+03
2.640630830287917433e+03
1.460907693130006919e+03
1.532705118173772917e+03
2.589062686868086075e+03
2.737107768097083863e+03
1.669147570637795752e+03
1.281287346853591316e+03
2.429205215554201004e+03
2.915388502653309388e+03
1.463172498188449708e+03
1.445444308809278709e+03
2.127794690153759802e+03
3.151537032221557183e+03
2.167659637847596514e+03
1.398368084856194628e+03
1.588764197995507402e+03
1.981971975944222777e+03
2.150672879638827908e+03
2.156115545027693315e+03
2.260943311158780034e+03
2.054521128346434125e+03
1.862797816044203500e+03
1.678545855772995537e+03
1.906658285429917669e+03
2.284240364856527322e+03
2.127029825318615622e+03
1.859335241659107169e+03
1.837278595082445236e+03
2.302974922131882977e+03
2.445722297463235918e+03
2.323856608265205068e+03
1.917629623431687151e+03
1.894213994461948005e+03
2.264336891483831550e+03
2.466914267857140658e+03
2.051521384974708326e+03
1.754758823090203805e+03
1.962171453216517648e+03
2.396830315238508774e+03
2.402723996029131285e+03
1.828346730990499964e+03
1.737342176199401820e+03
1.947827409920643049e+03
2.560134427097128537e+03
2.148717795751135327e+03
1.673494950898566231e+03
1.886665996921030455e+03
2.390049555044437056e+03
2.526923093046355007e+03
1.675158306931281231e+03
1.799439578915914808e+03
2.094044170272659358e+03
2.662820139453585398e+03
1.831013145746197779e+03
1.464606288249165345e+03
2.085854341905482215e+03
2.284499041139371457e+03
2.680621388911131817e+03
2.063895741679967159e+03
1.613363551867642173e+03
1.579643084249555841e+03
2.067105229185734970e+03
2.785151346584957992e+03
2.075357749570857322e+03
1.340986659109584480e+03
1.780189222889627445e+03
2.565740087140259220e+03
2.541976913409623194e+03
1.324375973937176468e+03
1.816584779880600536e+03
2.396943223656270675e+03
2.795076317687476603e+03
1.568904106019486562e+03
1.594674659682920492e+03
2.389758076216248810e+03
2.743095154885113061e+03
2.093398420206041465e+03
1.197782434692939887e+03
2.030926598070369892e+03
3.861938136508671960e+03
2.158720459243951382e+02
1.064987592229643809e+02
2.503065205975680783e+03
1.967845608693835629e+03
2.916018941018515306e+03
1.916300068061371803e+03
1.680176374188204818e+03
2.111494190473501021e+03
2.320364584177447341e+03
2.029932772243582804e+03
1.884611151512601964e+03
2.064811082656092822e+03
2.341487034442640834e+03
2.095106158315571975e+03
1.742043301203960937e+03
4.123278717070406856e+03
2.337664883329761665e+02
1.884522697011315813e+03
1.684603268683843226e+03
2.035207829778740461e+03
2.304538980771895240e+03
2.408810374797601071e+03
2.030396259605723799e+03
1.702212960910962693e+03
2.099867788875260430e+03
2.182437858344610959e+03
2.235377969613632104e+03
1.564091715514965244e+03
1.705470129974457677e+03
2.026526498755880539e+03
2.564250883297853306e+03
2.141995371311576946e+03
1.541629332965991352e+03
1.706083797974752088e+03
2.706679975846409889e+03
2.681836144166892154e+03
1.838870643917656025e+03
1.354972149428073863e+03
1.730689945600297278e+03
2.749114347351362085e+03
2.411013197654792748e+03
1.344600766396515155e+03
1.452497122946226227e+03
2.606708004994210569e+03
2.367993916746945615e+03
1.592996421305756485e+03
1.644283749092371409e+03
2.538452198516746193e+03
2.402476196247007010e+03
1.489377294676416795e+03
1.955523060100613748e+03
2.532519306673861593e+03
2.489910351080985492e+03
1.540494099613101980e+03
1.778563199125175288e+03
2.653014101846245012e+03
