1.995991604577283852e+03
1.741493370069904813e+03
1.781312594025139560e+03
2.026181613617901803e+03
2.583673797714975080e+03
2.461285407465447861e+03
2.385375408055343996e+03
2.317631647591522324e+03
2.274972946519695142e+03
1.908014043807985445e+03
1.773941494399253997e+03
2.191732558737443469e+03
2.426469351679558258e+03
1.974296928144296317e+03
1.913110292919740914e+03
2.036232888259642777e+03
2.469877538738807743e+03
2.539430757938917850e+03
2.159688889072807342e+03
1.863364130934421382e+03
1.686425128337022443e+03
1.822874538753297657e+03
2.246207741399734459e+03
2.504164450023127756e+03
2.329105513482312745e+03
1.870486705849436930e+03
1.700151907451135457e+03
1.941799094436830728e+03
2.217936433952118932e+03
2.460197312277637138e+03
2.465634480256635925e+03
1.803782659833483194e+03
1.842934378180917292e+03
1.930192707901449467e+03
1.907901370089470902e+03
2.137221954833726613e+03
2.300363892623443462e+03
2.611151005518067450e+03
2.350156276870623060e+03
2.279441204674161327e+03
1.994683202662035455e+03
1.781389799666884528e+03
1.594007550311888281e+03
1.480034557590327722e+03
1.958962071478450753e+03
2.328815471670047828e+03
2.222383998796022297e+03
2.002570947635468883e+03
1.721641120160237961e+03
1.732172860578720702e+03
1.971357758049200811e+03
2.574778541522659907e+03
2.788850720002511480e+03
2.381961079961454288e+03
2.254245069826909912e+03
1.790959620996687363e+03
2.026160402378978915e+03
2.266839478505609804e+03
2.259372502056483881e+03
2.542561385856794459e+03
2.202784113715067633e+03
2.065274963953714632e+03
2.172724616726284239e+03
2.134328307453977686e+03
1.929802722057746678e+03
1.770683437523924113e+03
1.742926872290529218e+03
2.254025678931885977e+03
2.698904156887785120e+03
2.476195178068314817e+03
1.930097822745495932e+03
1.675797694162016569e+03
2.249627643019387961e+03
2.669623553924952830e+03
2.774978865264699380e+03
2.843278330330758763e+03
2.339220625565407317e+03
1.419142744929802802e+03
1.624684815472533273e+03
1.349015089801534032e+03
1.694975468327742419e+03
1.892322494240467449e+03
2.422679959478356523e+03
2.393801235710052879e+03
1.863566572397007349e+03
1.511031865251467480e+03
1.728934957096466633e+03
2.272076421742155617e+03
2.431600184605587856e+03
2.482267851610929938e+03
2.363939485984503335e+03
1.995547609014839736e+03
1.613170646619161516e+03
1.850330377270854569e+03
2.025034664708488663e+03
2.246178577636352202e+03
2.389437441111138014e+03
1.925784674508763601e+03
1.945081532759539641e+03
1.769123172209700442e+03
2.234478605851197244e+03
1.798754572791969167e+03
2.453574507673189601e+03
2.331066043721597453e+03
1.772936875256137000e+03
1.751317832371964641e+03
1.818693044412701056e+03
2.136849181587390376e+03
2.583314807641630068e+03
2.270574046346190698e+03
2.151004021441333862e+03
1.652795436932626444e+03
2.215307129077598802e+03
1.998288328125697035e+03
2.202342245138450380e+03
2.601187806163331061e+03
2.120596892194380416e+03
2.366379765208007029e+03
1.848539783289586694e+03
1.780542881662812306e+03
1.497450715338992723e+03
1.773243101724730650e+03
1.749879913029988984e+03
2.241139745468904948e+03
2.201112956165862670e+03
1.909763568641300253e+03
1.490200816232005991e+03
1.354862674576642348e+03
1.687802782554728992e+03
1.859538424240211043e+03
1.900427470304806093e+03
1.983754906601740686e+03
2.607641841315915372e+03
2.514066045942464825e+03
2.109668313655088241e+03
2.051506901343508616e+03
2.210176158226714051e+03
2.411168631683291096e+03
2.294682718770767224e+03
2.228277092108390661e+03
2.197877926608508460e+03
2.378526925693537578e+03
1.978828886982463473e+03
1.871063335872447624e+03
1.730247643889900473e+03
1.872457326322018389e+03
2.223686448727014067e+03
2.507584292420060592e+03
2.440370040155391507e+03
1.911762436935714959e+03
1.955113530668630347e+03
1.959803205034251732e+03
2.315808880484820293e+03
2.465421721068027182e+03
2.354530094573105089e+03
1.935482290644276418e+03
1.666567060028082096e+03
2.176049640315199213e+03
2.435686585169642058e+03
2.295124021369700586e+03
2.193849012562643111e+03
2.090801138177499070e+03
1.945877379561655516e+03
1.961296659038704092e+03
1.767609817669336508e+03
1.779590882283110432e+03
1.623550466035823092e+03
1.711183735421683195e+03
1.885382620674887448e+03
1.930644404473749773e+03
2.391188956670952848e+03
2.299677157643576265e+03
2.057733817317412104e+03
1.976219908881314723e+03
1.880888544980210781e+03
2.301708616452305250e+03
2.558550955102202806e+03
2.306093903300342845e+03
2.292950607372295963e+03
1.931974838814077202e+03
1.875541912599059742e+03
1.863352804428247055e+03
1.799392469575589075e+03
2.218965626434619026e+03
2.263817635868178058e+03
2.149790928387048552e+03
1.899883784059431264e+03
1.781047750067246852e+03
1.835949992486565407e+03
2.210480562988919701e+03
2.467941225582034804e+03
2.417520182218723221e+03
2.411682409969255332e+03
2.108619189841416301e+03
2.040403433109778916e+03
1.806701379890387898e+03
2.083931071455274378e+03
2.368429064191823727e+03
2.430078243777267289e+03
2.056770577413187766e+03
1.856547117403856873e+03
1.806618501440333830e+03
1.832036327972409026e+03
1.956226428232230091e+03
2.737161865676519938e+03
2.506952135807327068e+03
2.927921293716893615e+03
2.356678616643006990e+03
2.125054537444827474e+03
1.815232984844657722e+03
1.857709440766029957e+03
2.086545307756933198e+03
2.151529890023322878e+03
2.057174274868685188e+03
1.990942738194355343e+03
1.908393295026021178e+03
1.877480866256764330e+03
2.214609580134427688e+03
2.587103102482606573e+03
2.537977397015160477e+03
2.132140140653457365e+03
1.777545558100368453e+03
1.874683155010723794e+03
1.979943885065418499e+03
2.362560707428013302e+03
2.642861116018388657e+03
1.786525576849716344e+03
1.663052758537063937e+03
1.013087196436950421e+03
2.314275250922278701e+03
1.764096320417268316e+03
2.013380205923605445e+03
2.343995841584616755e+03
2.118525600635117826e+03
2.254603680008950960e+03
2.136703197045856541e+03
1.917474538484129880e+03
1.960679705004036350e+03
1.910769996610605176e+03
2.320678068460164923e+03
2.469476764955115868e+03
2.156830792123137599e+03
2.301337247281273903e+03
1.795760440188095345e+03
2.349704072435581111e+03
1.766610163178380617e+03
2.045626786120784345e+03
2.367161257031727018e+03
2.386400755444409242e+03
2.278653387509127242e+03
2.014970865829453260e+03
1.921801961560119707e+03
1.772712597890318648e+03
1.895782389443006878e+03
2.090751900703807223e+03
1.970680627931408253e+03
1.896429470782043154e+03
2.406803239754806327e+03
2.530320029248865012e+03
2.417780149309609442e+03
1.956548952839490994e+03
1.854957066778031503e+03
1.848059651686789721e+03
1.776232458738307969e+03
2.177124818776635038e+03
2.111681623595691690e+03
2.389163771592535795e+03
2.513901261946245540e+03
2.764881052521132005e+03
2.420265224107962695e+03
2.069078957723982967e+03
2.015746078053017754e+03
2.001676320247019703e+03
2.137808813474908675e+03
2.095829984946857167e+03
2.166779687311213820e+03
2.085379605254711805e+03
1.893214187018412986e+03
1.820145326076331230e+03
1.907253030052082295e+03
2.138515856858249208e+03
2.114102079942694218e+03
1.926287043466322302e+03
2.167918427881765183e+03
