1.569856172225371665e+03
2.027639841881831217e+03
1.444390364381351219e+03
2.188281378509214846e+03
2.154290998060768288e+03
1.886384345313402946e+03
2.547458693851294356e+03
1.985876407538557032e+03
2.025174775780783193e+03
2.280181394801547867e+03
1.723756142937297454e+03
2.051079134546201658e+03
2.133797456015310217e+03
1.700592182974837897e+03
2.187271345232485601e+03
2.112751078717191831e+03
2.069569586856817295e+03
2.658517793573964354e+03
2.143023732409391414e+03
1.841355289999186198e+03
2.174048499448109851e+03
1.329038231342595054e+03
1.975407847825522595e+03
1.990681766736934833e+03
1.687767098238581411e+03
2.505355392525857951e+03
2.282843124039571194e+03
2.067901205243140339e+03
2.445207051492140181e+03
2.042678568553491004e+03
1.863943995141090227e+03
2.203768651362021046e+03
1.679025426012357002e+03
1.931865655991679205e+03
2.400025218641715128e+03
1.698981891985339871e+03
2.303556997735413006e+03
2.248513572347224908e+03
1.873349096512376491e+03
2.339544540853615217e+03
1.745051891094170060e+03
1.805945606698606980e+03
2.059024453158036977e+03
1.932497454397798037e+03
2.132317485830021724e+03
2.356991059479585601e+03
1.919497649878065204e+03
1.994219133468046948e+03
2.001807154152909334e+03
1.682057477536090346e+03
2.364233681814153897e+03
2.253764921480333214e+03
2.200415693794814615e+03
2.628367160785830947e+03
1.694992940690551677e+03
1.956207203898519083e+03
2.025195998156478481e+03
1.675897645660879789e+03
2.407994752226116361e+03
2.300105379653864475e+03
2.151233536379008456e+03
2.363830468271489281e+03
2.276977330040760080e+03
1.684188988850201213e+03
1.991673962128398898e+03
1.843262413099121204e+03
1.371279608724603349e+03
2.195265482984863411e+03
2.203035817072067402e+03
2.035815196676356663e+03
2.496490733263500260e+03
2.429932921461296701e+03
1.923002515851870839e+03
2.041184793317368076e+03
1.906021410249366681e+03
1.449414088879528663e+03
2.124069363804911063e+03
2.055334162952856786e+03
1.797074024751286515e+03
2.690593423672079552e+03
1.990967724304683998e+03
1.485315151240344449e+03
1.803069767175694324e+03
1.607389190965994430e+03
1.842249636048871935e+03
2.389961592016541090e+03
2.120531979116265120e+03
2.149969760179740206e+03
2.327482452439036933e+03
1.879024521082194042e+03
2.237230960535936447e+03
2.339613137694102534e+03
1.950292587081582496e+03
2.159801984295941566e+03
1.716422536114013610e+03
1.906197022429213348e+03
2.104123832206966199e+03
1.943132004904993209e+03
2.414548293545201432e+03
2.232312373981315886e+03
1.735509885217108149e+03
2.790818573944481614e+03
2.274951401685169913e+03
1.675599671211613668e+03
1.782355060633904031e+03
1.933611416056985263e+03
1.444066010147053930e+03
1.718705557238513848e+03
1.914678982851767159e+03
1.983012524981716979e+03
2.485052707010824179e+03
2.053671837287132803e+03
2.196198113080220992e+03
2.287754586434576595e+03
1.927657765490499060e+03
2.264596999155672165e+03
2.339872529972036318e+03
1.966120797829236380e+03
2.007814911329559891e+03
2.125161490547356607e+03
1.341272201770316315e+03
2.325908368199244251e+03
2.245192397520824215e+03
1.715975846733390199e+03
2.245333836263311241e+03
1.748714199882704634e+03
1.984376207614874374e+03
2.305941551576271195e+03
1.899670615889420560e+03
2.142611897519361719e+03
1.981404597953077428e+03
1.577052364343788668e+03
1.942983043273030262e+03
2.212793933281963746e+03
1.697450465718537089e+03
2.605140333427261339e+03
2.427667428248676060e+03
2.055381946535528641e+03
2.466425287412846501e+03
1.714093606859320062e+03
2.007040136795826356e+03
2.278212240104421653e+03
2.021726588048158419e+03
2.487775590008979634e+03
2.501575491703006719e+03
2.028818900092899867e+03
1.874180963270134271e+03
1.711702523200190626e+03
1.657353674268078066e+03
2.238308517992882116e+03
2.102461632179164553e+03
2.137809062314149742e+03
2.518954190804177415e+03
1.795521919146739720e+03
1.872226261026948123e+03
2.048327989012908347e+03
1.585339567527969621e+03
2.000123993345996951e+03
2.251377709831586799e+03
1.987207083389299896e+03
2.221459975243819372e+03
2.251916325363954002e+03
1.594428792262869592e+03
1.979093177495192549e+03
2.105762708168798326e+03
1.644167915958713820e+03
2.088216385124901990e+03
2.202750150297926211e+03
1.879675903209531953e+03
2.096441676827183983e+03
2.149362375532082297e+03
2.131108351310803300e+03
2.092514531914365762e+03
2.302127812379603711e+03
1.942555062209875587e+03
2.282223306041269552e+03
2.252896482643401669e+03
1.990870642828157543e+03
2.580925254874831808e+03
2.201065127090339047e+03
1.859143795188192826e+03
2.087252711789439218e+03
1.887201522658102931e+03
1.912308560957301779e+03
2.297515732061674953e+03
1.896065184271746148e+03
1.554940792594747563e+03
2.083637570596946262e+03
1.801159763881661092e+03
1.987414486007908863e+03
2.478185885515539212e+03
1.885071046538868359e+03
1.900379504672342819e+03
2.195863092757351296e+03
1.892474869168667738e+03
2.191201472987414490e+03
2.419811215566659939e+03
1.951891520051648968e+03
2.117910199914411351e+03
2.055504663842022637e+03
1.612727581879675881e+03
2.308964476812269368e+03
2.125654379597540355e+03
1.914362778997176292e+03
2.652138461323622778e+03
2.165868120270139116e+03
1.669218947078478550e+03
2.193159442135477093e+03
2.168326923126165639e+03
1.953503480795354108e+03
2.264183680659828042e+03
2.367455702815414497e+03
1.593102524646133361e+03
2.099759889663329886e+03
1.972500498597792557e+03
1.596263399443270828e+03
2.318735745533284444e+03
2.247039228865653513e+03
2.021576615643239393e+03
2.371640132693239138e+03
2.155803755668306167e+03
1.666508920882896746e+03
2.074872781408998890e+03
1.853330177096288480e+03
1.894687066518736174e+03
2.507835539074345434e+03
2.066817534829329816e+03
2.248040096271242419e+03
1.992039816959523705e+03
1.569314025108563328e+03
1.905128727267852810e+03
1.567226712406020624e+03
2.010598933815892451e+03
2.076789234477916125e+03
2.135623739797588314e+03
2.235834389127125633e+03
2.125059218836208856e+03
2.049627958771140584e+03
1.789004086425755759e+03
2.265321598074254780e+03
2.098527019124109302e+03
2.155401780017092733e+03
2.903636631880442565e+03
2.042561560625904349e+03
2.168000124468528156e+03
1.657526816146460760e+03
2.281828983286184211e+03
1.432274134165454825e+03
2.186296032270811338e+03
2.494315972736792446e+03
1.645598429519267711e+03
1.967075520613144135e+03
1.867365453296698433e+03
1.681953481759290526e+03
2.101032199984890212e+03
2.155543726048098506e+03
2.065171860199582625e+03
2.314987406646362160e+03
2.320624330715778797e+03
1.886412241278893589e+03
2.245371285391237507e+03
2.122015584120102631e+03
1.671756812160504978e+03
2.223468347905049086e+03
2.161176107941351347e+03
2.008980327735424453e+03
2.360993551472474337e+03
2.188123569278703599e+03
1.889425018832770093e+03
2.206028021417224863e+03
1.818675353572296672e+03
1.857566087753913962e+03
2.450456244931239326e+03
2.065576690574216173e+03
1.983820314535886382e+03
2.411973883423399457e+03
1.915949371563986233e+03
1.806926416091515421e+03
1.917552597596070200e+03
1.559410685289901039e+03
1.735995558725918272e+03
2.041286304041568656e+03
1.779598470862782051e+03
2.086687581784700342e+03
