2.843690252387263172e+03
2.362404208502516667e+03
1.948685251215762946e+03
1.563544368695781941e+03
1.742573435549829810e+03
2.442639146082492971e+03
2.134086423728444515e+03
1.946116460946751431e+03
1.688762016531075687e+03
2.389699720401397826e+03
2.674031553713827634e+03
2.353118844929806983e+03
2.134374802746126988e+03
2.116182916486434351e+03
2.007305688124032031e+03
1.471691937608940634e+03
1.816860174743811967e+03
2.680248350281588955e+03
2.160550127551990045e+03
1.236224987180155949e+03
1.823258658703315177e+03
2.155016211756350003e+03
2.023130635763340933e+03
1.303046366917326168e+03
2.113389667310784262e+03
2.370051060540192339e+03
2.007961256521620044e+03
1.689287544355282307e+03
1.758726597314170021e+03
2.887804887639804747e+03
2.304054831156424370e+03
1.447189831089266818e+03
2.333802814531823969e+03
2.676640698246859756e+03
2.513899315322698385e+03
1.640148148613831836e+03
2.381785509560506398e+03
2.796942388538097930e+03
2.391688041142875591e+03
1.588525986950574634e+03
1.802963461669133949e+03
2.745480412963084746e+03
2.186954268825274994e+03
1.396789540224398252e+03
1.692055252556317782e+03
2.331267452899612636e+03
1.858191384060009341e+03
1.222141947092102100e+03
2.202841510782222940e+03
2.459901146229452479e+03
2.389528075815134798e+03
1.790702080297145585e+03
1.741978235594750458e+03
2.355569285287120692e+03
1.656855680336358091e+03
1.381702483963312943e+03
1.944715707458418592e+03
2.302263092373148993e+03
1.866913140075145520e+03
1.240917530996889354e+03
2.127856187682398740e+03
2.245144878587085259e+03
2.181652479669600780e+03
2.183519641223660528e+03
1.789517325143531707e+03
2.385930831076753293e+03
2.723794382537205365e+03
2.497162167874185798e+03
1.710762521767653880e+03
2.235990941676393504e+03
2.713290947710725050e+03
2.310818418354743244e+03
1.894837479468858191e+03
1.743781630259564736e+03
2.799531575954478740e+03
2.377513321082326001e+03
1.747776256588186016e+03
1.375279292831728071e+03
2.324508494741782215e+03
2.028934256843164349e+03
1.619842668293313636e+03
1.329369473148491807e+03
1.891692289508936938e+03
2.257088397159355736e+03
1.993260206311466618e+03
1.651070292130447569e+03
1.943888061724013824e+03
2.514539408763599567e+03
2.343830424839692114e+03
2.129659878259691141e+03
1.901381373854146432e+03
2.469262380972642404e+03
2.127667797039118796e+03
1.677140809203546269e+03
1.147609078218780951e+03
2.124045906146970083e+03
2.309402773133844676e+03
2.179054676947550888e+03
1.906265926094668657e+03
2.354877537265505453e+03
2.588050241732322775e+03
1.964060355020412544e+03
1.183738992346486384e+03
1.815598890564174098e+03
2.072946335080425797e+03
2.038307346248590420e+03
1.593968940055794292e+03
2.421327929989710356e+03
2.771447606157263635e+03
2.363419327423148843e+03
1.775611471408450370e+03
2.407323268295817797e+03
3.174840766712185541e+03
1.687155652816609745e+03
1.104953598509117910e+03
1.673786820608671405e+03
2.118038357587609426e+03
1.870916377618862043e+03
1.758616600239375430e+03
2.210612680361184630e+03
2.369097478628807039e+03
2.296030590445056532e+03
1.921067823556141775e+03
2.640967703747564883e+03
2.427732341467224614e+03
2.041562738290914012e+03
1.725575306821596314e+03
2.413492702826931236e+03
2.132378995403784302e+03
1.585372384076218168e+03
1.313253751588726800e+03
2.361678275194706657e+03
2.076386295158181838e+03
2.053318029525390102e+03
1.878417130438708000e+03
2.317772950634329845e+03
2.905704902571869752e+03
2.380755794289617370e+03
1.861430005256609320e+03
1.245939760624140717e+03
2.255765460279641957e+03
1.816671415518727827e+03
1.584704750834908964e+03
1.554485445502291441e+03
2.368187514874999579e+03
2.750239109335750982e+03
2.317534345091200976e+03
1.919024859128448952e+03
2.207892954432489205e+03
2.893032437881125588e+03
2.626295823140873836e+03
1.989714199765166541e+03
1.799226155765405565e+03
2.551115741524774876e+03
2.444142816507519910e+03
1.864307152058176371e+03
1.408372219725403738e+03
2.262134015452154927e+03
2.219362752621945219e+03
1.673380558672402458e+03
1.328331659681522297e+03
2.346741810835896104e+03
2.026883424763227140e+03
1.580665923320333604e+03
1.348615191014205493e+03
1.896814269061079131e+03
2.233796367040320092e+03
1.947989113880308651e+03
1.709832443744086959e+03
2.160396289783321663e+03
2.561588953705125732e+03
2.323275862626068829e+03
1.937486306917246566e+03
2.201393584945222756e+03
2.733064517518984303e+03
2.404633707636907729e+03
1.823589926961736637e+03
1.744102382981042183e+03
2.455393356146318638e+03
1.868654263986925798e+03
1.606520202324042430e+03
1.215552097918787240e+03
2.036962758837382808e+03
2.687986822610628678e+03
2.302765502519543588e+03
2.004440640475983855e+03
2.521202515205113286e+03
2.438748082550989693e+03
2.118233222870845111e+03
1.664767735191563816e+03
2.201002063652298602e+03
1.924654826439761791e+03
1.625632649201778804e+03
1.930203471277237213e+03
2.327683473435915403e+03
1.808693300479708796e+03
1.836544786050373204e+03
2.566202776520549378e+03
2.251722146854518087e+03
1.841145153631607172e+03
2.297456988658164846e+03
2.585002474719346992e+03
2.319850199903647535e+03
1.716987800647982795e+03
2.306117374629749065e+03
2.297685781532202782e+03
1.635060716004554934e+03
1.293710260916234802e+03
2.387424292688270725e+03
1.946351293350255446e+03
1.528889703127777693e+03
1.711075914976039257e+03
2.588757051575510104e+03
2.408936050394925132e+03
2.198573870625180007e+03
1.938040280233275780e+03
2.495562521867817395e+03
1.953227484789377058e+03
1.526790767458630626e+03
1.349370232641128950e+03
2.254653740644849222e+03
2.076902969966867659e+03
1.862177629091372637e+03
1.651474097007615228e+03
2.126789314283681506e+03
2.498087830335745821e+03
2.228551343213816381e+03
1.825746071341850893e+03
2.104984265117579071e+03
2.359376135353762038e+03
2.131268629332269029e+03
1.191059644001619290e+03
1.662454238540691222e+03
2.131194471087922011e+03
1.859918353899857948e+03
1.486412238328440253e+03
1.783431357475888262e+03
2.682407837438926435e+03
2.420281111991510443e+03
2.106834648463504436e+03
2.140047579210114236e+03
2.620974860443373018e+03
2.476070829910143857e+03
1.946974320068366751e+03
2.313603224507553023e+03
1.511053839651394810e+03
1.624576180332929198e+03
2.985682692643276823e+03
2.082024352990827538e+03
1.255280037523725696e+03
1.910663394969930323e+03
2.677995121395705155e+03
1.931686511793332784e+03
1.709484426665529782e+03
2.532862329085648526e+03
2.463505353923339044e+03
2.147148945311395437e+03
1.645955211814562290e+03
2.474216874623867170e+03
2.503345248075572272e+03
2.195548786370671678e+03
2.069469968678388341e+03
1.896978272235826125e+03
2.633149898996314732e+03
2.242199811958570990e+03
1.622808872113997268e+03
1.230522033566607206e+03
2.207460211587543654e+03
2.175581460212392813e+03
1.682194641226186832e+03
1.352544128896331358e+03
1.878623470138596531e+03
2.775752120312805800e+03
2.423692478413224308e+03
1.614512954873059698e+03
1.569292765154389599e+03
2.282277637662060897e+03
1.900570536421938641e+03
1.377372946609255678e+03
1.578485061913057507e+03
2.358535822600850224e+03
2.305099553073860079e+03
1.950608704358028035e+03
1.671809406558864794e+03
