1.462924303232256534e+03
1.503960204447062779e+03
1.408290755839764188e+03
1.811563968814058171e+03
2.039656667422255168e+03
1.904567475133936568e+03
1.814502357964667453e+03
2.133722119484200903e+03
2.101119324496651643e+03
2.032749041284548412e+03
2.636217369584734115e+03
2.326323528055440875e+03
1.889039460510435674e+03
1.778133409980542183e+03
1.463881867614579050e+03
1.740042934938441476e+03
2.317049064563924276e+03
2.092439130731480873e+03
1.917910261451259657e+03
1.797103600921864427e+03
1.949558943236979758e+03
2.455554464861375436e+03
2.362880683226881956e+03
2.185611323442854882e+03
1.944250610927053458e+03
2.087168910677556141e+03
2.463029332711473671e+03
2.320623173518373278e+03
1.980807212806078496e+03
1.495655570070570093e+03
1.559340205173765526e+03
2.158104616500962038e+03
2.415132423795628711e+03
2.248343291387892350e+03
2.060690162321639946e+03
2.158962714158063591e+03
2.271590277499700278e+03
2.522870728670272911e+03
2.136963613895192793e+03
1.920735327507692318e+03
1.737978365549195587e+03
1.710069057010837696e+03
1.927179163280147122e+03
2.135327904525703616e+03
1.871329087610532270e+03
1.861482312964193625e+03
2.286221543887510052e+03
2.463947147598462834e+03
2.530463125626998590e+03
2.189825122959092823e+03
1.874997262014878061e+03
2.095382150573637318e+03
2.326182670587021221e+03
2.209979940781782716e+03
1.931803810078401284e+03
1.764969364030593624e+03
1.642513287252395003e+03
1.656489241669732792e+03
1.977335130497583123e+03
1.894931707362778525e+03
1.667499304137166973e+03
1.758772176642469276e+03
2.158790338064085972e+03
2.409136137727465666e+03
2.270908040497120965e+03
1.982046816422381880e+03
2.063293451863646624e+03
1.999557720239595483e+03
1.735608218460372655e+03
1.433754352272417009e+03
1.386717235052124352e+03
1.877657376121908328e+03
2.331997420050321580e+03
2.238294937142608433e+03
2.248793987796688725e+03
2.310936725277496407e+03
2.167657015686100294e+03
2.376248193125546095e+03
1.801766360963940997e+03
1.962333467876268742e+03
2.175289199482560434e+03
2.027643100808370491e+03
1.790468719904347381e+03
1.970311025551652165e+03
2.433588041143133978e+03
2.481173870874977183e+03
2.017743127693775705e+03
2.004822449609535170e+03
2.123317623509436089e+03
2.899045316192860355e+03
3.026190417371683452e+03
2.645503574161865799e+03
2.181487015139519372e+03
2.056625930625968067e+03
2.061420366804580681e+03
1.620376785279786191e+03
1.326553161522680284e+03
1.294078952005080964e+03
1.530676033840451510e+03
1.809583435656509437e+03
1.925949102967519821e+03
1.937385136305293372e+03
1.773744211775697295e+03
1.229644923178121871e+03
2.016729975240179101e+03
1.963520958393545243e+03
2.312689214580387215e+03
2.186235181836247648e+03
2.253226317714141260e+03
2.454210141261140507e+03
2.119438053068388399e+03
2.671933408177670117e+03
1.898540718139400497e+03
1.803569585752206422e+03
2.048277667340319113e+03
1.345567731789089066e+03
2.356908628120906997e+03
1.334270189495194472e+03
1.200682968547476094e+03
1.237537902770389110e+03
2.663421543372474844e+03
2.415780818612207895e+03
2.443920466083228348e+03
2.373104053906152330e+03
2.486694328981485796e+03
2.507683897118283767e+03
2.388631213693957307e+03
2.115410500139796113e+03
1.805550641717828739e+03
1.745487495425488305e+03
1.947210386558414939e+03
1.730433415326815066e+03
1.487822455939491874e+03
1.728208548120489240e+03
1.967648499206767610e+03
1.980543984701421323e+03
2.088272499866377530e+03
1.959912294950262776e+03
2.081347574210000403e+03
2.383896839656108568e+03
2.283718537160812502e+03
2.268601334416251120e+03
2.214264119852393378e+03
2.284723580998386751e+03
2.401031160918491423e+03
1.937386167114273803e+03
1.450472624515283314e+03
1.539144118371015566e+03
1.979735879254829115e+03
2.079076228928850014e+03
2.020486860471577074e+03
2.297420651079037270e+03
2.596436843526094435e+03
2.481637974313156519e+03
2.102315506754691341e+03
1.251859740376524769e+03
1.703031421319865331e+03
2.223969578168975204e+03
2.089310155338293498e+03
1.900524137351491390e+03
1.857791805468869143e+03
2.071102743834026114e+03
2.310221595009738394e+03
2.320054239425534888e+03
2.009787748635484604e+03
2.066332147187935789e+03
2.347504847646795497e+03
2.636225476376279858e+03
1.962906013511481206e+03
1.545563587024098297e+03
1.732603429911996727e+03
2.619403544919111027e+03
2.427313806530799411e+03
2.211536153249354811e+03
2.235115617625555842e+03
2.218580409294366291e+03
1.860763058437800964e+03
1.371505714568387475e+03
1.414150829659239889e+03
1.656284764700159030e+03
2.170544634295834385e+03
2.261825782845491176e+03
2.206224233852190991e+03
2.355522975150245202e+03
2.483205161893793047e+03
2.274360053055674598e+03
1.852209299663717275e+03
1.706018504589621443e+03
1.899436207083664840e+03
2.119368882689795100e+03
2.174636585110250508e+03
2.194580679237625645e+03
2.246359175314973527e+03
2.365206788456607683e+03
2.340590443894911459e+03
2.169804476891722061e+03
1.959552814022116081e+03
1.866497640711028907e+03
1.816620223143588873e+03
1.747736365506924585e+03
1.789904539715297915e+03
1.643136981421906967e+03
1.559647714577011129e+03
1.459011326926428183e+03
1.787529620692061371e+03
2.045517419443139943e+03
1.945876641961082441e+03
1.636791718724336761e+03
1.293279414753211540e+03
1.556623037768973973e+03
1.935135553081386433e+03
2.222430566222189100e+03
2.167624762117273349e+03
2.124116977274416968e+03
2.149618339017828475e+03
2.253890271898590527e+03
2.338211024984774212e+03
2.468378742045396848e+03
2.494417758890145706e+03
2.388644369747142264e+03
2.367429473304306157e+03
2.431155218276966480e+03
2.305242538536284428e+03
2.354511607653192641e+03
2.019399977267795975e+03
1.347781254413602710e+03
1.294435161703339418e+03
4.007822021005360057e+03
1.521722302166567260e+03
1.785762361969967515e+03
2.387303653276610476e+03
1.826197044487183348e+03
1.420377909930846272e+03
2.108101321136440220e+03
1.506951201053593422e+03
2.314269966984742041e+03
1.697150543059740585e+03
2.296743166348131126e+03
2.188825170269811224e+03
1.915552692152379223e+03
2.289142825002629252e+03
1.847056792622093553e+03
2.272188544347273819e+03
2.011100367986689889e+03
2.031270469580687632e+03
8.286030338179531327e+02
2.223311100613923372e+03
2.231090523666182889e+03
2.194728717840802801e+03
2.148032768040033261e+03
2.098691884879149711e+03
2.089774669402929703e+03
2.097663988080184481e+03
2.154007738473013433e+03
2.111205753807869314e+03
1.981748945090735788e+03
1.801156793800905007e+03
1.841480206937636922e+03
1.970909739654582836e+03
2.008294455357639208e+03
1.867637528656767699e+03
1.989866568675653525e+03
2.143651731331398423e+03
2.532866340419551761e+03
2.392853477078171181e+03
2.291929471188333082e+03
2.388210316288212198e+03
2.407051459103398884e+03
2.149485540711894828e+03
1.865255142525632209e+03
1.822892481912774429e+03
1.903137262436356650e+03
2.019600096512775735e+03
2.006875268168268121e+03
1.749547193600890751e+03
1.577044315131957092e+03
1.837758379001308640e+03
2.158445120003101238e+03
2.355123399221382897e+03
2.147476911011011907e+03
2.093721252341862510e+03
2.295622298741030136e+03
2.353045862231234878e+03
2.002509669873393705e+03
