1.775442137091567247e+03
2.012036564626059089e+03
2.175040777570050068e+03
2.435994954696984678e+03
2.574096631892267396e+03
2.530481140282331125e+03
2.347660679877469192e+03
2.051393279911792888e+03
1.915669588962515490e+03
1.679169683088726515e+03
1.616955108567299476e+03
1.729063438232826911e+03
1.802235945093600776e+03
1.615976444271733499e+03
1.562136002444739006e+03
1.932681887351578780e+03
2.398027380220623854e+03
2.531098021815894754e+03
1.953107933884278282e+03
1.826921945117274163e+03
1.861724795400562925e+03
1.921449084302808842e+03
1.846351796996033727e+03
1.936484203413366686e+03
2.122629350846930265e+03
2.435065034869515330e+03
2.274090129716988940e+03
2.264899558882763813e+03
1.919026221667065101e+03
1.710270997729695409e+03
1.632186916855276422e+03
1.985119095584197112e+03
2.061161350640144065e+03
2.177208365161069651e+03
2.184346384377282448e+03
2.323441901629840686e+03
2.320068443034563643e+03
2.184407367596072163e+03
2.083555291988504450e+03
2.039509998342876543e+03
1.745965865965167723e+03
1.618506552432550279e+03
1.572582373261321209e+03
1.852116131207283615e+03
1.980664606243489970e+03
2.037260506169286373e+03
2.267497506617480212e+03
2.309629546178582586e+03
2.361152145594592184e+03
2.302214750511184775e+03
2.279866004885252551e+03
2.253634949994177077e+03
2.137629264389101536e+03
2.122976795966369991e+03
1.922974991190322726e+03
1.984202957894743349e+03
1.785835091442515477e+03
1.696188727122618729e+03
1.576898430259336465e+03
1.497855456060080996e+03
1.613473386264578949e+03
1.667812985265427869e+03
1.958300233343095897e+03
2.168925071391533493e+03
2.376255961732012565e+03
2.355397593618713017e+03
2.391671061640960033e+03
2.416959266854099042e+03
2.152495598753865124e+03
2.025498035439931755e+03
1.908826781865173643e+03
1.759756658618486654e+03
1.623956219882101777e+03
1.698455069355014530e+03
1.904638564200674409e+03
2.052454638024469205e+03
2.146353040846752720e+03
2.076012139249285156e+03
2.144563088879385759e+03
2.133335830050161348e+03
2.047281982647900122e+03
1.956612911359282407e+03
1.872633957662257671e+03
2.018504048927200984e+03
1.892372231094042945e+03
1.535904971992340279e+03
1.769509809897522928e+03
2.316072773828320351e+03
2.585985982513322142e+03
1.694311944667293119e+03
1.824736379233115485e+03
2.087209898491209970e+03
2.325650275470312408e+03
2.360033819999650404e+03
2.459148587202978433e+03
2.594452277169082208e+03
2.304582335107153995e+03
2.297813734711502548e+03
2.097309180251345879e+03
2.014701660069875970e+03
1.057821855250406543e+03
9.856044372683779784e+02
2.275699153996442874e+03
2.161509715345003769e+03
2.134354711270589632e+03
2.193560778861931340e+03
2.052072770006479004e+03
1.763685193122224746e+03
2.206180269561181376e+03
1.736516714479764460e+03
1.980314346157803584e+03
1.964509663834960293e+03
2.163107981381241643e+03
2.405430198624199420e+03
2.475776451951397121e+03
2.399298932664917174e+03
2.474287697564744576e+03
2.142468329528186587e+03
2.193309889342871429e+03
2.102048990214829701e+03
1.704802913988180990e+03
1.446455483778710686e+03
1.986247379069444833e+03
2.165719579903745398e+03
2.284465437996673245e+03
2.434625315717928970e+03
2.019327726138120397e+03
1.820013476308627787e+03
1.751731204924260055e+03
1.879508282138536060e+03
1.904249649478931588e+03
1.952096042501531201e+03
1.930364221240757161e+03
1.890206316691521124e+03
1.850092286396270310e+03
1.794456312571026274e+03
1.777197346807621216e+03
2.027508569443251872e+03
2.324256769068328140e+03
2.567134251904555640e+03
2.282696151224986806e+03
2.005333861275780009e+03
2.001278711928846860e+03
1.881192877462224033e+03
1.844331939096522319e+03
1.902070737871471465e+03
1.948971789737020345e+03
2.036845458351404204e+03
2.149739934142532093e+03
2.186756231827501324e+03
2.034581785985923261e+03
1.879472197784712762e+03
1.650229964803783105e+03
1.817462384168030667e+03
2.090369369459643167e+03
2.301900229831403976e+03
2.607432915549842164e+03
2.690768485199317638e+03
2.315625459111192868e+03
2.175867606350548158e+03
1.757000629075074130e+03
1.918075463493660891e+03
1.998127780211960498e+03
2.019087201371496349e+03
2.484684124968806827e+03
2.482970022005325063e+03
2.176741929889695257e+03
1.963729442343810206e+03
1.672425317110053584e+03
1.622476690324370338e+03
1.893459501340775432e+03
2.172476384422573119e+03
2.428921447646428987e+03
2.391909548583261767e+03
2.109192531668166339e+03
1.706151833815092004e+03
1.590489938851969555e+03
1.831783635113632954e+03
1.968870508054430729e+03
2.064842842450193075e+03
2.104138683512478110e+03
2.018372561733673365e+03
1.889876488237074909e+03
1.554334089033016653e+03
1.780661878069226987e+03
2.066798551908147601e+03
2.192670269631594692e+03
2.121581385665320795e+03
2.234406016526174426e+03
2.119100455414316457e+03
2.018522092492206639e+03
2.224340527889230998e+03
2.388138282676645758e+03
2.503310285888770068e+03
2.454350796121216263e+03
2.056757223389949559e+03
1.637251063018226660e+03
1.741933289561642368e+03
1.914958341995078172e+03
2.232535985345549761e+03
2.315385506722698665e+03
2.523048461720788509e+03
2.246712240300545545e+03
2.103679037542288825e+03
2.148794796823179695e+03
1.956456795070857197e+03
1.693421156594809190e+03
1.578752137040897196e+03
1.675402957896014186e+03
2.058604059668276932e+03
2.227992381375777768e+03
2.459349881122092029e+03
2.512339250431562505e+03
1.835815623082058210e+03
1.540469284219496330e+03
1.683896396391650342e+03
1.876602838167091704e+03
2.183385761962877950e+03
2.272759819377353779e+03
2.414303952083550030e+03
2.366981821032526568e+03
2.002988367325542413e+03
1.610963879528465668e+03
1.576963453776307915e+03
1.913222263586281770e+03
2.335816821084669755e+03
2.324709732215637814e+03
2.053884664142328802e+03
1.642252070382325428e+03
1.781040052423973066e+03
1.735545360196658521e+03
1.967034804619986517e+03
1.989679225423890784e+03
2.059216650323744489e+03
2.267469554951423106e+03
2.269645890086141208e+03
2.528276004017764080e+03
1.607706811770114655e+03
1.487290954466147014e+03
2.046031259467241853e+03
2.363958044489929307e+03
2.520287898965896602e+03
2.425226966854894727e+03
2.086535764583132732e+03
1.865132801768335185e+03
2.013946490665841566e+03
1.747462101138767139e+03
1.733339591909803630e+03
1.853769738523839351e+03
1.898514109808592821e+03
1.966141482233761053e+03
1.997622490313615344e+03
1.992867242141035604e+03
2.091410593545359006e+03
2.036172459084567436e+03
1.961174870540507527e+03
2.049732472837210935e+03
1.995105392967443322e+03
1.926494273255715598e+03
1.885747630387453455e+03
1.884961840627313904e+03
1.893290196427012916e+03
1.972265348955149648e+03
2.033107511588160833e+03
2.095449579828939932e+03
2.012391733206218078e+03
1.852870771348533253e+03
1.915138200472630842e+03
1.983123199160086870e+03
1.983557597844815518e+03
2.010209596976031435e+03
1.929375081545249031e+03
2.030392727723271264e+03
2.183614819782345421e+03
2.226115527605374609e+03
2.283045448168666098e+03
2.272817755442476482e+03
2.286561123013136694e+03
1.991143754565516701e+03
1.973515324747366549e+03
1.993400692820975337e+03
1.953054173522308247e+03
1.905013205472788059e+03
1.765656915304718041e+03
