2.308251762500266977e+03
1.836154459428559676e+03
2.348609674957513562e+03
1.635722384085317344e+03
2.604431522310703713e+03
1.577018018754239847e+03
2.851163977293345397e+03
1.339159281232994090e+03
2.773011481909787108e+03
1.373445649767174928e+03
2.438624810830903698e+03
1.854949598091757707e+03
1.813723721085939815e+03
1.858741819124399399e+03
1.812337148223801705e+03
2.145033413589301290e+03
1.740535452077148420e+03
2.396518003667318226e+03
1.668241849733148229e+03
2.471154553403175669e+03
1.634923530695123645e+03
2.592340984795981512e+03
1.647569009756226251e+03
2.660649340623094758e+03
1.562790976552442999e+03
2.553293438340799639e+03
1.687228210113902605e+03
2.275080558523287891e+03
1.760835344573845987e+03
2.014642822376784807e+03
1.917937198527484270e+03
1.918409115666917842e+03
2.263319897700310321e+03
1.745787088830840275e+03
2.276836572031602373e+03
1.732285069407177843e+03
2.377740367201251502e+03
1.745721728674753422e+03
2.579204512795857227e+03
1.635327889865587395e+03
2.577398466892081615e+03
1.596478367320957204e+03
2.560954014322366220e+03
1.634140908735682842e+03
2.408412861847728436e+03
1.599634642521136584e+03
2.319538294428656627e+03
1.836868190511843068e+03
1.995243088353501662e+03
1.952964674374838978e+03
1.845208827227555730e+03
2.134468364304652823e+03
1.788075077414988755e+03
2.576504037979313580e+03
1.589786215329321067e+03
2.615873431873525078e+03
1.566200365927317989e+03
2.484948754848309818e+03
1.657370544862328416e+03
2.318685647581182366e+03
1.644775707626378335e+03
2.209794206342212419e+03
1.827651622526912888e+03
1.936843656477827381e+03
2.433561860962688570e+03
1.620980254430252899e+03
2.573043951083142019e+03
1.581170865903030517e+03
2.477029095018174758e+03
1.695769876992638729e+03
2.186858716092990107e+03
1.727891353235920178e+03
2.025074966340788251e+03
2.093076405441227053e+03
1.792505365034763145e+03
2.463928598005691583e+03
1.645707988936860602e+03
2.544104475335476764e+03
1.612544570021467052e+03
2.583149872372006485e+03
1.638693355779346575e+03
2.500215769660761907e+03
1.649415838392907290e+03
2.086319755818151407e+03
2.289233470306076470e+03
1.745707547456951488e+03
1.957585437189120967e+03
2.321839446745586429e+03
1.591029072399570623e+03
2.584626211767551922e+03
1.710968052347070170e+03
2.402852110963108771e+03
1.641654350506170204e+03
2.164214197233637606e+03
1.686159984428659527e+03
2.075355627622096108e+03
2.240553265117630417e+03
1.646947746104862063e+03
2.438062085840370401e+03
1.559588869856450174e+03
2.749415886306555421e+03
1.389194650393559186e+03
3.003933508495949354e+03
1.403394141006297787e+03
2.769638015432346492e+03
1.481965820362641807e+03
2.553664595510094841e+03
1.540491926210613428e+03
2.375140181139672222e+03
1.518102875427392064e+03
2.435596370661860874e+03
1.823936851379137124e+03
1.946025621569239547e+03
2.340410957559945928e+03
1.601758911290678725e+03
2.200134393138044743e+03
1.761105200543106548e+03
2.542464160570512831e+03
1.612139569483305650e+03
2.700862078953085074e+03
1.512981784875566063e+03
2.724158851122060241e+03
1.555335379353881990e+03
2.763387162852804067e+03
1.418381516518239778e+03
2.758285346702757579e+03
1.420544279049228862e+03
2.600317146091357245e+03
1.614684432986502543e+03
2.173610617277695383e+03
1.613691019705002873e+03
2.091691277184249429e+03
1.763260693894091219e+03
1.944071577580844178e+03
2.526408138313868221e+03
1.507336856651415928e+03
2.747481626036774287e+03
1.431518734240512686e+03
2.744609207349639746e+03
1.555701277974023242e+03
2.343962001822313596e+03
1.536557181289941127e+03
2.304141300868494909e+03
1.618817574768339227e+03
2.054317406973382731e+03
2.359692174054614043e+03
1.563326402788962923e+03
2.719713580001868650e+03
1.422430593637670881e+03
2.655924688718359903e+03
1.643541608690436533e+03
2.324145302212021306e+03
1.699330605433029859e+03
2.100848069496520566e+03
2.040476566375421044e+03
1.782631019148487894e+03
2.700976456240549851e+03
1.474528014481456466e+03
2.600038943371288042e+03
1.495798048138950890e+03
2.361966347178271462e+03
1.878023582677644981e+03
1.891952812726735829e+03
2.462193562260901217e+03
1.671414750848635322e+03
1.865211472019912435e+03
2.467818084514544807e+03
1.597470693210545051e+03
2.328130001014748814e+03
1.528576791785117621e+03
2.281686743175176616e+03
1.709170026320016177e+03
2.125274811362417040e+03
2.185933916484103520e+03
1.774911367030540987e+03
2.254207165386228098e+03
1.670226770719131991e+03
2.671031530458728867e+03
1.523735789652437916e+03
2.586982678999926975e+03
1.472033922546046369e+03
2.507834426158507995e+03
1.664519283097608650e+03
2.031975554835186585e+03
2.161422818376636769e+03
1.662274712837631569e+03
2.428867533856387581e+03
1.507879555045061352e+03
2.782462890079679710e+03
1.510030847429184860e+03
2.376028538277900680e+03
1.589318098951330285e+03
2.047636937504954858e+03
2.082423321881288302e+03
1.728145996534871074e+03
2.747399377164112593e+03
1.460671692710178149e+03
2.828647205410239621e+03
1.430949686027013740e+03
2.731427401665798243e+03
1.540574327386285177e+03
2.388647191165932782e+03
1.516377693640427196e+03
2.305444390482711242e+03
1.630266330695088300e+03
2.075551397207193986e+03
2.249143720708482761e+03
1.633204585703163275e+03
2.311985486051918542e+03
1.582614604841833398e+03
2.591346648801688843e+03
1.561861184651115536e+03
2.835457499171258405e+03
1.401951378149842412e+03
2.813370320383411126e+03
1.436113186468672666e+03
2.598244828441009304e+03
1.636062438410522645e+03
2.232094746186986413e+03
1.618752668171784762e+03
2.153999783718911658e+03
1.744912836212065940e+03
1.949537985627849366e+03
2.447668331046396361e+03
1.556078166907952664e+03
2.661329290412420960e+03
1.540185336008805280e+03
2.683330942864618464e+03
1.548974172865467608e+03
2.360126076528562862e+03
1.705651078393716716e+03
1.938454805904682644e+03
2.144417165843428847e+03
1.832563133047094198e+03
2.419620962251360652e+03
1.769958395144421729e+03
2.518468179440023960e+03
1.667329750054339456e+03
2.622431940242526252e+03
1.639015554191905721e+03
2.616217910506024054e+03
1.656010045765611949e+03
2.543136147073496431e+03
1.492232170966214198e+03
2.417597079721213959e+03
1.650722756842900026e+03
2.101227655926454190e+03
2.078179792864098999e+03
1.729479019229902860e+03
2.310062840983048318e+03
1.579866517501847966e+03
2.565826999223245366e+03
1.805488876759901132e+03
1.741491508352349683e+03
2.211320164804265914e+03
2.241369273571190206e+03
1.508839539300192428e+03
2.350622741093509376e+03
1.805310160244101098e+03
2.607033379761719061e+03
1.676818317975320952e+03
2.826221050660860328e+03
1.470181677325090504e+03
2.589117909625008906e+03
1.688756123361368054e+03
1.954924911089715124e+03
2.053655472571870632e+03
1.579829860080600383e+03
2.891591891884453162e+03
1.333991174014823400e+03
2.956355164453859743e+03
1.297864230340898757e+03
2.614794831694982804e+03
1.541237283405708695e+03
1.955337445976236722e+03
2.590854726640877743e+03
1.455318774477436818e+03
2.839743986664482236e+03
1.414959470661032356e+03
2.488238349053136517e+03
1.650725312936805722e+03
2.156443830817736853e+03
2.063706873589684619e+03
1.796218518580545151e+03
1.678664028069729056e+03
