1.726929397818229972e+03
2.381050197327981550e+03
2.494640441885687324e+03
2.146525634710958002e+03
2.450947567827347484e+03
2.254552912431116056e+03
2.266808438895613563e+03
2.460033100575134995e+03
2.263303079461558355e+03
2.273997424437542122e+03
2.292629968161129909e+03
2.173290603233045658e+03
2.146163111872075206e+03
2.227284184305416147e+03
2.087630528503329060e+03
2.100720555492571748e+03
2.247297159025389647e+03
2.030104018817673023e+03
2.314459582434567437e+03
2.145370668982615825e+03
2.106608608751797874e+03
2.106055078798029626e+03
1.995997892326006877e+03
2.205278419680078514e+03
2.049994724388705436e+03
2.151331722925109716e+03
2.188961122799118584e+03
2.165056072476644658e+03
2.154385436460740493e+03
2.164264490000221485e+03
2.129705716467032289e+03
2.181721744320385369e+03
2.179252227191030215e+03
2.094182311286434015e+03
2.170377458277719597e+03
2.208261294661872853e+03
2.083548326657176858e+03
2.177926839398014181e+03
2.034438960698814753e+03
2.117721722328914439e+03
2.012074525307989234e+03
2.067176848822740794e+03
2.158397564399531802e+03
2.119923390338051377e+03
2.129323719154044738e+03
2.134250104729197119e+03
2.100548457372164648e+03
2.040535418225208559e+03
2.096885760328410470e+03
2.134009071250066427e+03
2.099602726715158951e+03
2.265520715137660318e+03
2.146000932280040615e+03
2.196293367359654894e+03
2.209760991950539847e+03
1.955290611396134182e+03
2.231068290641884232e+03
1.879885297009178430e+03
2.068624546611440110e+03
2.037348542051202003e+03
2.163817624703372076e+03
2.284826105890782401e+03
2.276483157927847969e+03
2.220976937513378743e+03
2.077554819943872644e+03
2.062536175098190597e+03
2.050021903444966938e+03
2.099779582051027774e+03
2.127979839128112872e+03
2.084672760370698597e+03
2.220330412014143803e+03
2.144775981380279518e+03
2.269618383895259285e+03
2.158467689502760550e+03
2.010964176347642479e+03
2.158449396660849288e+03
2.036026881313696094e+03
2.032108241711541041e+03
2.153533215994871171e+03
2.163741272613629462e+03
2.160287967068180478e+03
2.117258737230118186e+03
2.029602146210743740e+03
2.053906016049005757e+03
2.175048104393360518e+03
2.016657817076927586e+03
2.129145286034827677e+03
2.247781531142082258e+03
1.949700922035903659e+03
2.188344579026086649e+03
2.042445625475357019e+03
2.226569772793453467e+03
1.991649167740676830e+03
1.996154404828218503e+03
1.989447539889864629e+03
2.183906977972418645e+03
2.093229806095655931e+03
2.263787781277738304e+03
2.121017881699266127e+03
1.998574057762086113e+03
1.947531276981112342e+03
1.888955742786078872e+03
1.932815742747150125e+03
2.270776991479738172e+03
2.107140399647847971e+03
2.254433708358352760e+03
2.238559836949676082e+03
1.779349265527504485e+03
2.156444596720494701e+03
2.128532665185673523e+03
2.132894143190966133e+03
2.053652576393214076e+03
2.068692166424329116e+03
2.135457280011262355e+03
2.139636401216216655e+03
2.183078653409091658e+03
2.181916907755536158e+03
2.093921490744313815e+03
2.040887118561507350e+03
2.023354726188916857e+03
2.096537127186367343e+03
2.049943301067833090e+03
2.443221343392561266e+03
2.154812851557832346e+03
2.337507793455214141e+03
2.088022587992034005e+03
2.028877745591592884e+03
2.184391802012449261e+03
1.985372207778542816e+03
2.166863398452102047e+03
2.098592486355559686e+03
2.203821206358581094e+03
2.110582069716713249e+03
2.210307564562969219e+03
2.032675581699674467e+03
1.936891797959544192e+03
2.065629166454983533e+03
1.868412640789122179e+03
2.112066329938796116e+03
2.244895190540120439e+03
1.984658292852384420e+03
2.364056697512176925e+03
1.924690766081821721e+03
2.242189438182138929e+03
1.796924019138068843e+03
1.812470640234354278e+03
1.995181184017644682e+03
1.986068782692284458e+03
2.084920896478495251e+03
2.230459683822281022e+03
2.148859085294616307e+03
2.121221465041593547e+03
2.098082265153728258e+03
2.058784527065573911e+03
1.974469033418325353e+03
2.177046450606204417e+03
2.061384967348797090e+03
2.280173705317129134e+03
2.292991297546066562e+03
2.060305811661389725e+03
2.159345826251555081e+03
2.061844424650522797e+03
2.282306272694161180e+03
2.027506915768477938e+03
2.146729396618030478e+03
2.162073815509666019e+03
2.235636641238706488e+03
2.257752258175281440e+03
2.145498962717747418e+03
2.102651525763203153e+03
2.144403511683316538e+03
2.130172235397808890e+03
2.018343950922922659e+03
1.940390077057681765e+03
2.160460771283579106e+03
1.913386221005576317e+03
2.326361815774636852e+03
2.039761992870075119e+03
1.996197886342225274e+03
1.973872832664612588e+03
2.114086022462270648e+03
2.104315851984010806e+03
2.066534255846335782e+03
2.213731595502917571e+03
2.134268528174364292e+03
2.101769259751220488e+03
2.007863452624340198e+03
2.025878210400303715e+03
1.898561692657694721e+03
1.739804085230960709e+03
2.364176463427733779e+03
1.821470226095860880e+03
2.031912927432455945e+03
2.262786341490925224e+03
1.766825194959188138e+03
2.151754100529084553e+03
1.949794764389821694e+03
1.994137790902489314e+03
1.961621845103236637e+03
2.009966012586404759e+03
2.124894996680670829e+03
2.055703270879584124e+03
2.086609323663733903e+03
2.069379473201784549e+03
2.090069181073189611e+03
1.935181556598327688e+03
2.001339271989002782e+03
2.133108624039082315e+03
1.809297569732159900e+03
2.281450517286839840e+03
1.917460173290634202e+03
2.036030544385560461e+03
2.071959257450111636e+03
1.976186871730445318e+03
2.020707651369498990e+03
1.893855658679406361e+03
2.122375864885086685e+03
1.849993807441017907e+03
1.988781746519909348e+03
2.042161679860327013e+03
2.120544236179610834e+03
2.148314374603255146e+03
1.922500516159051358e+03
1.954726392538218079e+03
1.884315456290971724e+03
2.037351752980698620e+03
2.157628771528632114e+03
1.750268775985768343e+03
2.068827859111996531e+03
2.209564377163371319e+03
2.196481842705218241e+03
1.843000146968392301e+03
1.807926237703625702e+03
2.094520967811829905e+03
1.724402221908407228e+03
1.939571444767051389e+03
2.004230101100103411e+03
2.108379471924010431e+03
1.925753736532791663e+03
2.065712070160276653e+03
1.920330197163878211e+03
1.922723435501569838e+03
2.042284111004645183e+03
1.915414578622536737e+03
1.966025969434571380e+03
2.085369106829934481e+03
1.884601210864567065e+03
2.019338711775187903e+03
2.034481079520590811e+03
2.036001705545146933e+03
1.918288084950062967e+03
1.971024422381996146e+03
1.877954435302791808e+03
2.028114025307421798e+03
1.991416645238399724e+03
2.016544627247736344e+03
2.072109862187634917e+03
2.061275002134249007e+03
1.876089067798809538e+03
1.963135758648645378e+03
1.888720450552073544e+03
2.146479304816800777e+03
1.956443115104444360e+03
2.067952978661270663e+03
2.019624517568405963e+03
1.834275046945928580e+03
2.025247354868148932e+03
1.893394873059900419e+03
1.913570176014301069e+03
1.854061724787661205e+03
2.043966862457925572e+03
1.930242594628723737e+03
2.079579092674804087e+03
2.093790535938966514e+03
2.173882836612991468e+03
1.792624386544455092e+03
1.902538105423962406e+03
1.807167100241098979e+03
1.868732061960146666e+03
1.926559090779371445e+03
2.189088210626407545e+03
1.908441253294496619e+03
2.024194242662678334e+03
1.926005553513118684e+03
