2.203321728860364146e+03
2.345199494240932381e+03
2.516514559205316345e+03
2.402263121248522111e+03
8.029349978085771227e+02
1.711103491930660084e+03
3.132307463536254090e+03
2.300297685339961390e+03
1.359555870483663512e+03
1.353990149095042852e+03
3.215676918377828770e+03
2.171991748354949777e+03
1.246986805514110074e+03
1.971000358542105687e+03
2.629758452741356450e+03
2.008750537990570592e+03
2.137960242013066363e+03
2.218697788812438830e+03
1.762712403512918399e+03
1.205597089647556231e+03
2.796364246404184541e+03
2.654128680242863084e+03
2.220990665660937793e+03
8.838047498141787628e+02
2.172933105975688250e+03
3.030411342009771033e+03
1.969890126936260003e+03
6.986501365197200357e+02
2.629951232655120293e+03
2.619365575085346336e+03
1.639327869153371921e+03
1.076289420463918532e+03
2.510265607434484082e+03
2.369292332257951330e+03
1.908316228108865971e+03
2.387608831236861988e+03
2.643301920254325523e+03
1.152462598830240040e+03
2.245343638007173467e+03
2.316573701182422610e+03
2.287254045628853419e+03
1.414410135597913268e+03
2.133067585033943942e+03
2.573233606242398764e+03
2.239686312608892877e+03
1.847221534346490898e+03
1.870032413129312772e+03
2.588397111772809239e+03
1.610866069067729541e+03
1.733707519915490593e+03
2.800441658976760209e+03
2.130215840953734187e+03
1.535910484989188262e+03
1.909719847223597299e+03
2.873844910253258604e+03
2.116312512698753835e+03
1.795055605224954888e+03
1.562537070979871032e+03
3.145676722456917105e+03
2.032989124456809805e+03
2.155398275138116787e+03
2.268444343125442629e+03
1.233892792733577608e+03
2.378212989237262263e+03
2.415532268439337258e+03
2.150938681305561204e+03
1.333959282415495181e+03
2.529638712520195895e+03
2.444569311044825099e+03
2.002892665406870719e+03
1.286089169805641632e+03
2.940190703489171028e+03
2.117849577749968375e+03
1.019195293933878588e+03
2.625602062034965456e+03
2.584542519657928096e+03
1.654876267580977355e+03
1.155412513447373613e+03
2.649782583989402610e+03
2.522005618173126550e+03
1.679937743285423494e+03
1.314248718061475756e+03
2.493579702324652317e+03
2.220733788364316297e+03
1.956522443825003165e+03
1.704299096334206297e+03
2.457347178704295402e+03
2.254823229731203355e+03
1.148792737612698602e+03
2.704285923390929383e+03
2.175383487464063819e+03
2.213146689819171115e+03
2.394121599789611992e+03
1.371752696233160123e+03
1.576087630232349511e+03
2.535957138844022211e+03
2.505769784263628480e+03
1.515958319765286433e+03
7.912196968080354509e+02
3.798910135907587573e+03
8.115619616928156574e+02
4.236068006903036803e+03
3.775903517541951260e+02
8.639676349174574170e+02
2.758241633569889927e+03
2.214429317079010616e+03
1.223642723526993905e+03
1.960815976677892195e+03
2.378899148676283858e+03
1.693050094938908160e+03
2.101029137863410597e+03
2.150823367374459394e+03
2.209821501186559090e+03
1.562274855144694357e+03
2.396814025560838672e+03
2.220976746252959856e+03
1.815208067802331698e+03
1.957433340026621408e+03
2.134705592483172950e+03
1.992110147595311219e+03
1.605589004808520940e+03
1.823019144873590221e+03
2.810208050154986722e+03
2.140600317945732968e+03
2.510567974505732309e+03
2.643369602421335912e+03
2.393086868315852826e+03
4.573934601822434161e+02
1.401596865403097127e+03
1.659205192976036869e+03
2.376900872231272388e+03
1.627723720959989578e+03
1.861182397086771971e+03
1.978761829111413817e+03
2.678741215674397608e+03
2.000862018719971729e+03
1.819329638292525033e+03
2.030331657251522074e+03
2.884538496638213473e+03
2.095414955772389931e+03
2.397527140954892729e+03
1.274665724615776526e+03
2.230112916584216691e+03
2.427439785563296937e+03
2.010572249996925848e+03
1.433775970630883648e+03
2.412320300482024322e+03
2.262313841975906143e+03
1.853523867029058238e+03
1.651523871440849007e+03
2.491178799495123258e+03
2.180821555747127150e+03
1.468231800279337676e+03
2.703524548984808462e+03
2.168609616616775838e+03
1.478401724441388069e+03
1.513355432342866834e+03
2.726685396152653539e+03
1.985282092017905143e+03
2.185865027060339798e+03
1.304080553312235224e+03
9.790228013780878200e+02
2.956924774649080973e+03
2.947261682917740018e+03
2.109338241354863840e+03
1.826504914359451732e+03
1.002474386115779566e+03
1.872545686547864989e+03
2.280669703278847919e+03
2.426862190314691361e+03
1.506545304503255238e+03
1.966614224871812212e+03
2.669976085224738199e+03
2.351414973278562229e+03
1.507545547280958317e+03
1.922209476155224593e+03
2.427490574019039286e+03
2.131047995864676068e+03
1.926144895778271348e+03
1.996179798534380325e+03
2.290152219457894716e+03
2.142728425886877176e+03
1.730982113972257594e+03
1.391760509832135540e+03
2.434035401336338055e+03
2.157703039538551366e+03
1.901069660133468005e+03
2.091415283770712449e+03
2.236767860002268662e+03
1.840631978944456478e+03
2.056992467370566374e+03
2.247710966616466976e+03
2.039781837597415915e+03
1.899005639035746754e+03
2.214224248912071744e+03
1.868479106139797977e+03
2.423895961835837170e+03
2.346821374366126747e+03
8.338163172211594656e+02
2.381975223761858615e+03
2.535404519260779125e+03
2.146681638711729192e+03
1.915957091805189521e+03
1.245912476598814237e+03
1.924370809826918276e+03
2.322243518844955361e+03
1.952880116082702443e+03
9.341061900824586246e+02
2.584829421677540722e+03
2.293980388374180166e+03
1.747554161758980172e+03
2.606505515322739484e+03
2.205500080995695043e+03
2.080383950901028129e+03
1.508423704517618489e+03
1.947367384522513703e+03
2.554028909439010022e+03
1.745860106637017225e+03
1.731560535409840668e+03
2.713015679482393352e+03
1.873889630634493642e+03
1.841172745459766929e+03
2.437291448127545664e+03
2.545980011109468705e+03
2.996391633347975585e+02
1.260980741862234936e+03
2.513551076167272640e+03
2.040067630423400715e+03
1.573747093958221740e+03
2.254052070493674364e+03
1.973985465316479576e+03
2.486914655373403548e+03
2.296282498915642918e+03
1.943713378312934992e+03
2.325411237852457816e+03
2.044972496842717874e+03
1.883728739547310397e+03
1.946778125508453059e+03
2.096860873182597516e+03
2.303807028826052374e+03
1.718059590583505951e+03
2.281278294311874561e+03
1.843799705410320485e+03
1.786466502244407593e+03
2.536454159713197896e+03
3.321518786595282563e+03
1.400896055693894596e+03
9.288488507180647957e+02
1.118628941304809814e+03
1.427934925777452236e+03
2.071336965259662975e+03
1.945229148465164371e+03
1.616428706764026401e+03
1.814506897754070678e+03
2.292054128814299474e+03
2.065226213309956620e+03
1.805346783939872466e+03
2.443491603891348859e+03
2.421276374509410743e+03
1.826666142406371819e+03
2.552815641094786770e+03
1.898202401057152201e+03
1.705233944402617226e+03
2.793690003197535134e+03
2.118787831420097518e+03
1.186503119637917735e+03
2.386324863482801902e+03
2.580944286012488647e+03
2.097586758504672616e+03
1.759286494301366019e+03
2.636086381551191153e+03
2.392644390546196064e+03
1.962364383064838421e+03
1.673560625573763218e+03
2.390292563451106616e+03
2.261644402680758958e+03
1.846363452923214027e+03
2.254779485016471881e+03
2.310891352772100618e+03
2.017009465959922636e+03
2.186061961922787305e+03
2.345183284658215143e+03
2.310834043583964558e+03
1.820710427875928417e+03
