1.238124453043516951e+03
1.620191787243215231e+03
2.190614942370746121e+03
2.779820769924852357e+03
1.775539041793504111e+03
1.479270412122209336e+03
2.103847445018459894e+03
2.814665246062035749e+03
1.666913392227191935e+03
1.167132117959671632e+03
2.418881903734676598e+03
2.685133200191275137e+03
1.875911937779318123e+03
1.532529864765535194e+03
1.773704609598041316e+03
2.441238438065626269e+03
1.984838516448756309e+03
1.735785948555739651e+03
2.129060313137155390e+03
2.746596137707032085e+03
2.064224983934289867e+03
1.586943558907832767e+03
2.084244851291640771e+03
2.607280494276263198e+03
2.016269237354358893e+03
1.358915604664976627e+03
1.989060302429985313e+03
2.557757425881871313e+03
2.059721396479198120e+03
1.256606661059861835e+03
2.184798557285040260e+03
2.689387415723313552e+03
2.002956986985410140e+03
1.537062454161717142e+03
2.101043257599634217e+03
2.527678355857688530e+03
2.278532653079061220e+03
1.305432728442315238e+03
1.920878276159449115e+03
2.470791579287017157e+03
1.926006765377959709e+03
1.565833691523756897e+03
1.938952115168930050e+03
2.504910839374329498e+03
2.375042834792442591e+03
1.944663492979703733e+03
1.608144675839942238e+03
2.060690166359229352e+03
2.542871013569533716e+03
2.144866483970385616e+03
1.465996772756995142e+03
1.920908296209128366e+03
2.559782353374562717e+03
2.542974478531052227e+03
1.761015568669720778e+03
1.611448991759575392e+03
1.883896975328327699e+03
2.590397663529699912e+03
1.734566084219054574e+03
1.399680948172511535e+03
2.312888779002568754e+03
2.665249963021740768e+03
1.572859755933509632e+03
1.662587266830107410e+03
2.428393040116013253e+03
2.755054771004803570e+03
1.887426604888788233e+03
1.425164607229980902e+03
2.003561130885773537e+03
2.617713338543445388e+03
2.133372343530322723e+03
1.284740662890747217e+03
1.989653369045103545e+03
2.663886703572071838e+03
2.088531086588165181e+03
1.256935157965727058e+03
2.117902649969717004e+03
2.567785777107782906e+03
2.529253611962112700e+03
2.140587684913238718e+03
1.809215611218424101e+03
1.323550070303401299e+03
1.460495805769303615e+03
2.306215224057656997e+03
2.464705823843079088e+03
1.706962227578603233e+03
1.827463827852406666e+03
2.269126493561351708e+03
2.606515988076162103e+03
1.641687912726783452e+03
1.636593552219868343e+03
2.108085142060350336e+03
2.491566612828165944e+03
2.017573674384050946e+03
1.756190262274408724e+03
2.022444834276851452e+03
2.256313122488028512e+03
2.409417190479915917e+03
1.481937603216051684e+03
1.837797037336591529e+03
2.355124874752322285e+03
1.824856176991614120e+03
1.728977899948967206e+03
1.928466057076368770e+03
2.943088570675513893e+03
2.128576333798224368e+03
9.490332446369450281e+02
3.058326673006034525e+03
2.113311967417604137e+03
2.466419434938220093e+03
1.516751247080573876e+03
2.108042571807738113e+03
2.408974399815134348e+03
2.275837961684957463e+03
1.577391165684150110e+03
1.798776496149501554e+03
2.429330890273231034e+03
2.279449996065045980e+03
1.970143953039381586e+03
1.671126895465325333e+03
2.002721538386118709e+03
2.263286653880735685e+03
2.160125163524053278e+03
1.649781977130648102e+03
1.907469963262330793e+03
2.494905514989243784e+03
2.676039336547658877e+03
1.264425159989313215e+03
1.656606398391571020e+03
2.383444606708014817e+03
2.445741033315363893e+03
1.403507154406004474e+03
1.848319343017799838e+03
2.296689157752019128e+03
2.599851499804739433e+03
2.616720721451784357e+03
1.543101145939372600e+03
1.551366886691530226e+03
2.129338242017206085e+03
2.959232145725023202e+03
1.763803413804350157e+03
1.213328345758261776e+03
2.163415116264295193e+03
2.762877729777952027e+03
2.285499566100867924e+03
1.604925781523154683e+03
1.633543977589900578e+03
1.812146609506881077e+03
2.257412180903229455e+03
2.290638873801378395e+03
1.662808730784971658e+03
1.866691315381624918e+03
2.456225215808471148e+03
2.327516322275739185e+03
1.783440411810424393e+03
1.609322450361106121e+03
2.080230328737528907e+03
2.334702924231385168e+03
2.172902377269085264e+03
1.801167189271015559e+03
1.794984556150073331e+03
2.344411838095903931e+03
2.354593779685319987e+03
2.349218175580896968e+03
2.159728314371373017e+03
2.135740811415189455e+03
2.102418466424338021e+03
2.080816447113802951e+03
1.997432036680359033e+03
1.494703945808513254e+03
1.747857761247596045e+03
2.211515975800441083e+03
2.539695892870450734e+03
2.178202772454919796e+03
1.786154980615226577e+03
1.950460544890026313e+03
2.151336261328392538e+03
2.713506922025498170e+03
2.396053810952663753e+03
1.934248410497598570e+03
1.625898848382365486e+03
1.831741841223234132e+03
2.245470870022797953e+03
2.548532149516869595e+03
1.943463813279767919e+03
1.212188464465408288e+03
2.086111586865569279e+03
2.712156238122404829e+03
1.925888576091936102e+03
1.564280438331306186e+03
1.937928348500906623e+03
2.534847014379178290e+03
2.364143807527291756e+03
2.245111361685059364e+03
1.527590254767811530e+03
1.588300244916920974e+03
2.199499902349105014e+03
2.364593435940869313e+03
1.931551686907524982e+03
1.303780874698556090e+03
1.961181449241702921e+03
2.479551744119158229e+03
2.118097506374203476e+03
1.951263581149966740e+03
2.295282172364273265e+03
2.586614216886496706e+03
2.571818001797275429e+03
1.798169078333570951e+03
1.489190109986685911e+03
1.762244328748589624e+03
2.374300657781436257e+03
2.258563661887000762e+03
1.432413394525837020e+03
2.018677116249370329e+03
2.704302263334874169e+03
2.140522239645064474e+03
1.361213402839857281e+03
2.255508841685468269e+03
2.698637416470874086e+03
2.103355058988193377e+03
1.396225749041326935e+03
1.846349055970664949e+03
2.815214308874423295e+03
2.291246565955937967e+03
1.035058910944428362e+03
2.347705754156553212e+03
2.521217497961413756e+03
2.992591299261879158e+03
1.719817877506342256e+03
2.333705288027401821e+03
2.032144187756570091e+03
1.936960714565243961e+03
2.107831199209831993e+03
1.594929252575715282e+03
2.477956431333225282e+03
2.075678541026853054e+03
1.752007976261594649e+03
2.096039322539790192e+03
2.153981719328224244e+03
2.594555491162729595e+03
1.788643791556392443e+03
1.839049029810409138e+03
1.531057946082722765e+03
2.265223013025249656e+03
2.565608692239887205e+03
1.891981856412408206e+03
1.705328997414728519e+03
2.209168799794833376e+03
2.514706329231225027e+03
1.866850007508733142e+03
1.574140469357512984e+03
2.209717745186614138e+03
2.611403543907979838e+03
2.179512293801603846e+03
1.563254680139363927e+03
1.644364176950722140e+03
2.531344358195887253e+03
2.465124284989062744e+03
1.742089268214598633e+03
1.446996278201843779e+03
2.083626207722398249e+03
2.348657720378413160e+03
2.352349266441271084e+03
1.619762297052871418e+03
1.590713654003821603e+03
2.089375952852300543e+03
2.421214779208881737e+03
1.967433256673740061e+03
1.636764815858456359e+03
2.427848666212201351e+03
2.495082214394537459e+03
1.333204197034330036e+03
2.054756150817926482e+03
2.637829683805883178e+03
1.779484437398165937e+03
1.703293850724405047e+03
2.340813738700633621e+03
2.655079768298196541e+03
2.274486321999308075e+03
1.624241777663993844e+03
1.464547504193473515e+03
2.337628884363736688e+03
2.551181037557009859e+03
1.385660046057720820e+03
