1.732385175587734238e+03
1.402063091785156985e+03
2.343021394702713224e+03
2.300913878524900156e+03
1.665310463337606734e+03
1.890635600829630903e+03
2.295229832589473517e+03
2.430657330684433873e+03
1.618282716101764436e+03
1.845141500281299159e+03
2.550562931014516835e+03
2.434632866496750466e+03
1.643374673174149848e+03
1.861546715106842157e+03
2.603872724252457829e+03
2.208149208596091285e+03
1.564753221325873710e+03
2.049073802399944270e+03
2.534652993680468626e+03
1.772996872208176228e+03
1.612097855373448283e+03
2.317127391876394995e+03
2.381118861946943071e+03
1.837556866734757477e+03
1.603271088915504151e+03
2.212306159974551520e+03
2.606436050103203343e+03
2.128709552051555420e+03
1.504759706611884440e+03
2.133655645013986486e+03
2.682750896424373877e+03
2.073740860943306416e+03
1.588698665606160148e+03
1.852640537682778131e+03
2.598025464152702170e+03
2.245710514121144570e+03
1.545967982272622521e+03
1.784028314766019548e+03
2.395087966150584180e+03
2.478733341705841667e+03
1.749185769383593652e+03
1.694974476600292064e+03
1.904032733499809183e+03
2.379536279676578033e+03
2.335291330784708407e+03
1.957229423273297243e+03
1.644846198038880175e+03
1.847621587683365533e+03
2.582016915216673169e+03
2.442899598641242846e+03
1.712047307985633097e+03
1.633704749734033157e+03
2.344472471589380802e+03
2.525712851383126235e+03
1.933248971433540646e+03
1.595970265215252994e+03
2.104372480618440022e+03
2.478588202877760523e+03
2.168008736544941257e+03
1.670093966937599816e+03
1.834358332543994720e+03
2.301325867165484851e+03
2.237922320389003289e+03
1.768500109219407022e+03
1.689932900725880927e+03
2.379588758585432060e+03
2.418193612592167028e+03
1.891546081372865046e+03
1.628933570491181854e+03
1.969196823032591283e+03
2.597915982220265505e+03
2.497637696947552286e+03
1.886247186456643703e+03
1.629229856922318049e+03
1.864262770266654115e+03
2.287056948505455239e+03
2.348012224269268700e+03
1.986912041314896214e+03
1.567133704428375495e+03
1.836442441803747897e+03
2.251109385995701359e+03
2.343699148364499706e+03
2.411493763010256771e+03
2.315247363412352115e+03
1.885045445678086026e+03
1.502558462150269634e+03
1.931465622416596034e+03
2.092215419917810323e+03
2.481425098511192573e+03
2.185752081983539028e+03
1.916481520365245615e+03
1.690593542804745539e+03
1.781728881833411378e+03
2.380182251921443367e+03
2.409415955431618841e+03
2.372978543847546462e+03
2.039911097934592135e+03
1.836726100582520530e+03
1.597436734270975649e+03
2.197199942483899576e+03
2.424622785164533525e+03
1.708193504851042690e+03
1.710192857865462429e+03
2.147576325308042669e+03
2.898375312123962431e+03
2.028272494708926615e+03
1.626557960228472439e+03
1.849621515798912014e+03
2.066368102265736070e+03
2.479222459152998908e+03
2.001872062183502976e+03
1.917650577671646033e+03
1.800322993351742070e+03
2.177864387158942918e+03
2.511095264910838068e+03
1.902374736222471256e+03
1.557963883454328425e+03
2.076048753013682017e+03
2.503697463018482722e+03
2.217744197243415783e+03
1.640797016160925978e+03
1.825573727337874971e+03
2.403895166150612567e+03
2.449313277013121478e+03
2.167371485957055484e+03
1.692559311141898434e+03
1.798779937937893010e+03
2.298893925002359538e+03
2.391573480586370806e+03
1.683963090172713237e+03
1.624704573440307968e+03
2.198061271049551578e+03
2.335575382541454019e+03
1.874043383781882312e+03
1.608973470485475673e+03
2.193149938973487224e+03
2.400469957659697229e+03
2.351603571475250192e+03
1.894437141585367499e+03
1.941771199541272381e+03
1.880480945087374266e+03
2.378868708495943793e+03
2.232536446062291361e+03
1.882261914870114651e+03
1.660144210809657807e+03
2.039631375794352380e+03
2.472158975650005686e+03
2.227857553009367166e+03
1.707230859177351022e+03
1.713960499729252433e+03
2.367713034434977089e+03
2.378093170769279823e+03
2.040577206144092543e+03
1.845702635376274429e+03
1.833493175177754438e+03
1.895475260986527019e+03
2.173246747002858228e+03
2.506465577887028303e+03
2.299865104619177146e+03
1.915047737154211063e+03
1.691219444906284707e+03
1.889821634834834185e+03
2.159704652618700948e+03
2.388790751556855412e+03
2.120708274066458216e+03
1.751213526695229120e+03
1.689107177039733415e+03
1.962644148123667719e+03
2.360334577399953560e+03
2.361663654482396396e+03
2.192978730552014440e+03
1.988810344730440875e+03
1.738764889654284389e+03
1.851978474362741281e+03
1.906997254976383829e+03
2.213447838366874748e+03
2.447001058551134520e+03
2.175633823125790514e+03
1.764926740100842380e+03
1.761706839027554906e+03
2.249002781441069146e+03
2.361859323020852571e+03
2.075307529688287559e+03
1.753413862894804197e+03
1.907845261008383659e+03
2.132885378190349456e+03
2.357140772251352701e+03
1.943816022941634856e+03
1.673581157678598629e+03
1.918517181351339786e+03
2.405664731843316076e+03
2.189326447922083389e+03
1.692661770301816432e+03
1.798930881549028072e+03
2.425326392206583478e+03
2.447140188020306141e+03
1.889137407339283754e+03
1.606959376204845739e+03
2.278896197114968800e+03
2.491616520362839765e+03
2.052929458194328618e+03
1.611855829807215741e+03
2.107992528685057550e+03
2.501052531227984673e+03
2.075224128548784392e+03
1.606959144828733770e+03
2.017946991132276253e+03
2.176558435465903131e+03
2.479608996066101554e+03
1.914239053505388256e+03
1.665237588407885823e+03
2.002463541777906812e+03
2.341010349895529089e+03
1.529395795241134010e+03
1.998094192849869614e+03
2.388347113262081166e+03
2.093786795868127228e+03
1.623246954996326849e+03
2.046207849493884396e+03
2.362880749942906277e+03
2.426978119993197652e+03
1.917753758083852063e+03
1.898495698041747346e+03
1.913701415491142370e+03
2.405063692668932163e+03
1.855576959073088346e+03
1.752731745471855675e+03
1.679468492663117786e+03
2.414015538940948773e+03
1.789315945844024327e+03
1.870031535506535420e+03
2.390201225392225751e+03
2.100515823632608317e+03
1.862985801579545978e+03
1.829591859735930484e+03
2.231808528243888759e+03
2.458658787148726788e+03
2.041241286341737123e+03
1.666974815349424944e+03
2.138471814831570555e+03
2.371784669930631480e+03
1.798280239311086007e+03
1.699183190059677599e+03
2.292566455864757700e+03
2.354905799835562902e+03
1.681989036501529199e+03
1.784292393005044687e+03
2.406502411852775822e+03
2.320715500124618757e+03
1.673230988635665881e+03
1.828261374068781834e+03
2.402778393376015629e+03
2.253793865072868812e+03
1.568395918152868262e+03
2.011907748713313140e+03
2.304391086400551103e+03
2.205048948475539419e+03
1.622492485366381970e+03
1.963292088213135685e+03
2.217508051176501340e+03
2.319465984436092640e+03
1.964801811510963034e+03
1.814220441567744501e+03
1.859065587353426508e+03
2.314721175644478080e+03
2.294037797544043315e+03
1.800647794370635893e+03
1.736561864762075857e+03
2.385019903992531454e+03
2.288755443110850138e+03
1.933599920254722520e+03
1.689429688719588739e+03
1.878905239586174275e+03
1.979194527715202867e+03
2.083680433106414512e+03
2.459054599299144684e+03
2.028450742234565269e+03
1.559261036430756121e+03
1.884905155097796069e+03
2.473106414393621890e+03
2.315698309106622219e+03
1.827361414279964038e+03
1.786690804004825168e+03
1.899892743936696888e+03
