2.059839336359055778e+03
2.321661470795068453e+03
2.477340434310062392e+03
1.715908234288155427e+03
2.559527636952793728e+03
1.903310900554705540e+03
1.691347457594375555e+03
1.598097628019741478e+03
2.233029861895971862e+03
2.854244715063092826e+03
2.204721501844935574e+03
1.263857541919191817e+03
2.468138260587260902e+03
1.477022192120462023e+03
1.820412857457871951e+03
2.536647158350038353e+03
2.223615290140574416e+03
1.586960610071592328e+03
2.236613363254093201e+03
2.296744195343941556e+03
1.192703397838595265e+03
2.847799878063108281e+03
1.499892647433465982e+03
1.990051632498643357e+03
2.413012040076308494e+03
2.246733258299858790e+03
1.845603612612906772e+03
1.864362002414515246e+03
1.775443750704412423e+03
1.755421352436903817e+03
1.882238928035696745e+03
2.266560100399157363e+03
2.093732304886865222e+03
1.755040741426935710e+03
2.619126972001995910e+03
1.712352113866887976e+03
2.771377742847373156e+03
1.647163798479239404e+03
2.534411771521663013e+03
1.939991821725420550e+03
1.830134951026934232e+03
2.507190288952907849e+03
2.523673876746060614e+03
2.336159842429471610e+03
1.739891515872012860e+03
1.650864858350174245e+03
1.386409658166771578e+03
1.689180793400480297e+03
2.439892196443225657e+03
1.240237452118545662e+03
1.983231260644497524e+03
2.350022856017451431e+03
2.884717045088400937e+03
1.777146360984915873e+03
1.317923229561886274e+03
2.296815042061542954e+03
2.427112744432848103e+03
2.425984757685721888e+03
1.685368554669626064e+03
1.594923425380362460e+03
2.643561256251263785e+03
1.814801561532110554e+03
1.530385213241578640e+03
2.896049538481452146e+03
1.309211221825762550e+03
1.874614135871745475e+03
2.765407859457121958e+03
2.729564922438018584e+03
1.033668276547298319e+03
2.866990799866533962e+03
1.802038741466490819e+03
1.639670099464401801e+03
2.488623530200891764e+03
2.152143756468860374e+03
1.662855369864651948e+03
1.875265564168660831e+03
2.163357381811406867e+03
2.272907928180308772e+03
2.294359895304865859e+03
1.450023649173775539e+03
1.779387197302686218e+03
1.916551069872459266e+03
2.170743117225932565e+03
2.066290025441509442e+03
1.700827982284588870e+03
2.170226436559113154e+03
1.892870210006059779e+03
2.229463263517068299e+03
2.456865564920745783e+03
2.481924309685880417e+03
2.534390969432929978e+03
1.706572528995027142e+03
1.438120963030082294e+03
2.328038753214246753e+03
1.756785208017430023e+03
1.716544112401522625e+03
2.227337052224088438e+03
2.270442868593514049e+03
1.306945623704612217e+03
3.082371545661733762e+03
2.437420239747500545e+03
1.427076181715174016e+03
1.405525511454648722e+03
2.367948510483771770e+03
3.550112194364073162e+02
3.525191371654761042e+03
2.065966711712223969e+03
2.124250858355873333e+03
1.882594148112023277e+03
1.881130964362762143e+03
2.244181913329050985e+03
1.941907637775731700e+03
2.056490904814923397e+03
2.191696112978977453e+03
1.871449272874905773e+03
2.052372890199143967e+03
2.148676209238096362e+03
2.002991765934654723e+03
1.929904707741857919e+03
2.216150535014612160e+03
2.195049273053816250e+03
2.109152398486613492e+03
1.594494301191717341e+03
2.114302568357815289e+03
2.406177762438134323e+03
1.457391087295013222e+03
1.975798480765072327e+03
2.273185475859129383e+03
2.553998343017266507e+03
2.241176496075464001e+03
1.803537061015978225e+03
1.292651640568849643e+03
2.347338152059099684e+03
2.290616075663401261e+03
2.214859923956161765e+03
1.487394941378671547e+03
2.099620251464602916e+03
2.265848165377735313e+03
1.466581508579792853e+03
2.583893470339296073e+03
2.542337945392631809e+03
1.905768289575358267e+03
1.678200809540815726e+03
2.208942368036197422e+03
2.229040929478479939e+03
1.813093558986650351e+03
1.706208466040024632e+03
2.066741930692776805e+03
2.465886348789496878e+03
1.465042013932982854e+03
1.621781575800936025e+03
2.220995045632218535e+03
2.494715318889267110e+03
1.840554101834229641e+03
1.646270018589685378e+03
2.360260285235341598e+03
2.657686333919837580e+03
1.676417708791963150e+03
1.815098768066820412e+03
2.573568849365843562e+03
1.436092797903312885e+03
1.901446552489638862e+03
2.365308209621519836e+03
2.167820147896240542e+03
1.374368664510174540e+03
2.209705769077694640e+03
2.381579235872809477e+03
2.235828141733607026e+03
1.683188650672572066e+03
2.176091555830793823e+03
2.254233061358568193e+03
1.971710976603726522e+03
1.977723354219127259e+03
2.385937788147631636e+03
2.307483652907014857e+03
1.397591172197177684e+03
2.036046193344576295e+03
2.425638575911823409e+03
2.256289911153499361e+03
1.386170886881925071e+03
2.214027150203789461e+03
1.906301807695637535e+03
1.884217598956110578e+03
2.060746617472690104e+03
2.732496740090241929e+03
1.259268649119334214e+03
2.235713967780799067e+03
2.553670499600805215e+03
1.678856963105064779e+03
1.878971169360465865e+03
2.354070198824703311e+03
1.374518753974545234e+03
2.533806221973211450e+03
2.915367557609288724e+03
1.717675027674546527e+03
1.547007866655743555e+03
2.905884096532422973e+03
1.286870219048809759e+03
1.857040241801270668e+03
2.718672309193685578e+03
1.299300005181889901e+03
2.060457554216915923e+03
2.288616394724781458e+03
1.908584361060993160e+03
1.809269699285081060e+03
2.456159296965609428e+03
1.289035856628288911e+03
2.264573436822816348e+03
2.711745356454551256e+03
2.011819352164569864e+03
1.764931875118094240e+03
2.345462704129306985e+03
1.773218497125157683e+03
1.949391691228204991e+03
2.083265147570129557e+03
2.123501878729045075e+03
1.430860820240148996e+03
2.473317487374744815e+03
2.512503670713379961e+03
1.848819122891389952e+03
1.704053136762898930e+03
2.354778702950733077e+03
1.640095949781701847e+03
1.750796755854345065e+03
2.437267835513104274e+03
2.482062383688670252e+03
2.269907798446437482e+03
1.821071829962166248e+03
2.355896677160225408e+03
1.827100147770586318e+03
2.083579727737195299e+03
2.063689201992301605e+03
2.100848908299491086e+03
1.757481282684955659e+03
2.189656026902251597e+03
2.266480027955482910e+03
1.990453830327985315e+03
1.576438631885226641e+03
2.598283057858728171e+03
1.878897191012175199e+03
1.719543983860825165e+03
2.807861064119129878e+03
1.742974506012908705e+03
1.622869402909528390e+03
2.717872725288908441e+03
2.744602825358266728e+03
2.062603745197579428e+03
1.441590986319100466e+03
1.587443003572409225e+03
1.746261293985939119e+03
2.123208999448578197e+03
2.290616724251375217e+03
2.287870946559938147e+03
1.833959610768697530e+03
1.626993653669665719e+03
2.569548057844314371e+03
1.427027667118947647e+03
2.832473836661986752e+03
1.713234606387469512e+03
2.448771457873983309e+03
2.593507081999882303e+03
1.201714960205315265e+03
3.089933951144043931e+03
1.577168932054311426e+03
1.847998623600004748e+03
2.758768342429521908e+03
2.758497424450640665e+03
1.972543779317987173e+03
1.272687392890075671e+03
1.973063640371762858e+03
1.973716149282374090e+03
2.558979028771848334e+03
9.827934708387459750e+02
2.368176077255072869e+03
2.450546513017810867e+03
1.581085917567435445e+03
2.148845324050048930e+03
1.654521225418173799e+03
2.355095089748054306e+03
2.540066844870333171e+03
1.253083537965927007e+03
1.672759916037297899e+03
2.153743919611307319e+03
3.352476526707417179e+03
