2.674668201322345794e+03
1.575540402189144288e+03
2.087789191159487928e+03
2.478044212499353307e+03
1.814103473562386171e+03
1.679904197164089510e+03
2.023075069998122899e+03
2.528851394657376659e+03
2.681023673039069308e+03
1.754903364086459533e+03
1.509831512182111965e+03
2.263029171142328778e+03
2.099289583560520441e+03
1.585284824592496989e+03
2.334567302055781511e+03
2.514117902164079624e+03
1.217911983728395853e+03
2.267570318961846624e+03
2.687049719533902589e+03
1.377230100967083672e+03
1.859201838281158189e+03
2.725185447804605701e+03
2.009110963059598589e+03
1.312717969889185042e+03
2.227953149271131679e+03
2.674674231805533509e+03
1.558954681242674496e+03
1.568689076100898092e+03
2.324288322657920617e+03
2.471875133730457947e+03
1.613034014233830931e+03
1.641562514437911659e+03
2.139538654938285163e+03
2.159636889878820057e+03
1.852858237111333892e+03
1.910891314288700414e+03
2.157876846059099535e+03
2.102606070842175541e+03
1.884590553986154191e+03
1.965390964657808127e+03
2.421968527738770263e+03
1.839802809299015962e+03
1.588954254102925233e+03
2.433740867759048342e+03
2.725692971957812006e+03
1.433557951374402364e+03
1.727238068439259905e+03
2.533697502517768498e+03
2.632650015646931479e+03
1.639294973785129741e+03
1.595125744592859064e+03
2.142219551740922725e+03
2.266638240987789231e+03
1.957449332816299375e+03
1.752408418978142663e+03
2.000150059894254355e+03
2.368476984390521011e+03
1.979040581247098316e+03
1.720674938097744871e+03
1.954980286095320480e+03
2.561646136558447779e+03
2.230004081015410065e+03
1.215652008699757744e+03
1.570400762982720380e+03
2.520147603445354889e+03
2.639425476954058922e+03
1.530771999592883049e+03
1.477253099718981957e+03
2.247033462189981037e+03
2.182862790170851440e+03
1.801057033414541138e+03
1.984951983442059372e+03
2.177007815122686679e+03
1.908250841644510956e+03
1.879796014857622140e+03
2.439850267607499973e+03
2.271940712099270058e+03
1.579266955670910420e+03
2.121152896044693989e+03
2.656738627837466538e+03
2.043735594593229962e+03
1.364657249146478989e+03
1.700080327648141065e+03
2.244376678799103956e+03
2.160241618897427088e+03
1.860774729763482583e+03
1.815734180885738397e+03
2.410967250150268683e+03
1.985624023059139745e+03
1.691136717624530547e+03
2.296572909309415536e+03
2.307713128793834585e+03
1.452188430802337280e+03
2.054562769813725026e+03
2.609817918868739980e+03
1.865682646530422062e+03
1.554902570038904059e+03
2.121985378203084565e+03
2.623509399123869116e+03
1.616497442314066802e+03
1.594996405844622586e+03
2.090666167061470333e+03
2.583510168571565828e+03
1.821053213860514688e+03
1.556172945571918035e+03
2.335662218539715468e+03
2.432663723716489130e+03
1.500161654783710446e+03
1.782649464710440725e+03
2.723852031233071557e+03
1.533739509566931929e+03
1.703576914129186207e+03
2.664660712416791739e+03
2.007648254765818137e+03
1.431517276138695706e+03
2.387831309606223385e+03
2.321645431093755633e+03
1.533364482270560757e+03
2.051266648064817673e+03
2.377338534811483441e+03
1.793717789325679405e+03
1.723659269676058102e+03
2.263907248634843654e+03
2.422811583396905917e+03
1.666037101029280166e+03
1.454824580541206387e+03
2.398469258511224325e+03
2.285474202366429381e+03
1.617014382567155508e+03
2.043567665070418343e+03
2.591306794290419475e+03
1.778664007794923464e+03
1.674878487604662723e+03
2.175391042515036133e+03
2.607481587843014495e+03
1.496265512063421966e+03
1.687746799123108985e+03
2.573310974640098721e+03
2.243133496892947733e+03
1.438576399843183708e+03
1.903982177829963348e+03
2.425182756247344514e+03
1.996738600710608125e+03
1.633774582206678133e+03
1.947216512446176921e+03
2.314336382434049028e+03
1.973278807273283064e+03
1.810336390051861827e+03
2.042011868838282226e+03
2.204209024498715280e+03
1.947502790959175172e+03
1.836634938612750830e+03
2.098482742827543916e+03
2.333665382823466189e+03
1.833473087561668763e+03
1.806868029328052216e+03
2.540604264024512759e+03
2.180078746721892912e+03
1.629957032562470658e+03
1.799834841756364540e+03
2.645814038626286674e+03
2.173196506148723529e+03
1.347490929647564599e+03
1.835837470763767215e+03
2.801094280285980403e+03
1.892494245380602933e+03
1.578350176673779515e+03
1.865000755569409648e+03
2.299849738072004129e+03
2.153425501038118455e+03
1.947936708990050420e+03
1.900244764874012617e+03
1.946102030394332587e+03
2.133879791552573352e+03
2.052775875426929815e+03
1.835314865396009282e+03
2.048498274395238695e+03
2.498398182510640254e+03
1.719039982767879565e+03
1.678683820699559874e+03
2.310961219236466150e+03
2.816208344874872182e+03
1.788693352615277718e+03
1.473683298082007695e+03
1.956975477861302352e+03
2.055933298947541971e+03
1.953706067504139355e+03
2.260876592678918769e+03
2.148881356339642934e+03
1.768689341672052478e+03
1.923951621400344493e+03
2.312345045131792176e+03
2.028165555227274353e+03
1.714449554662208811e+03
1.907962258188082160e+03
2.591962234024339978e+03
2.006501054234304320e+03
1.619113000127379109e+03
2.173105740935870472e+03
2.768545569568959763e+03
2.244203760358412183e+03
1.359365995138169637e+03
1.358076996027113182e+03
2.045058386887848201e+03
1.980285540274497862e+03
1.736875491951337153e+03
1.949721998595015748e+03
2.359099232695990395e+03
1.872957243241179413e+03
2.024962215328623643e+03
2.083208271995779796e+03
1.813633135481797581e+03
2.167997190385317026e+03
2.421742680995117098e+03
1.754690453266649911e+03
2.008516268107756787e+03
2.572364818968007967e+03
2.189248165094572414e+03
1.341325101619138877e+03
1.955574478128930650e+03
2.531920129690691283e+03
1.726154449751887796e+03
1.448226732074277152e+03
1.941552492751759473e+03
2.104435113945700323e+03
2.577828434630375341e+03
1.709873421685990706e+03
1.649464895747498304e+03
2.124160970167042706e+03
2.374046598783487298e+03
2.231629448174023764e+03
1.686087828153573128e+03
1.791129224128143960e+03
1.899568587630692946e+03
1.987905301216231692e+03
2.142913088125811100e+03
1.786375211749122172e+03
1.756525258255893277e+03
2.123854615710971757e+03
2.205206115414368924e+03
1.573673495456978799e+03
2.423030173252611803e+03
2.422547799085449697e+03
1.577840842941411211e+03
2.299948791001914742e+03
3.072557020890482363e+03
1.072925582854450795e+03
1.456705741860979515e+03
2.431756196445121986e+03
2.651494398557509157e+03
1.517796701415022653e+03
1.451260760328609194e+03
2.178057229796411320e+03
2.488733249701368095e+03
1.754158561583900337e+03
1.652708695761663648e+03
2.263973162482229327e+03
2.410811428404731032e+03
1.558316363512696171e+03
1.828017966927921861e+03
2.464941892323939101e+03
2.334881852415116100e+03
1.536365717436943669e+03
1.852446470333127081e+03
2.450563349892259794e+03
2.116675168007433058e+03
1.496698229595923976e+03
2.209614826427756270e+03
2.629578467223771895e+03
1.939415515815419440e+03
1.535042754863386790e+03
1.885865033452043235e+03
2.720895347241382296e+03
1.633851127640863979e+03
1.555649070342827827e+03
1.984932369707128828e+03
2.477853019916165067e+03
2.065807392834181883e+03
1.809321410241423109e+03
1.893045091560256196e+03
2.089521991639484440e+03
2.113500189851013602e+03
1.917509401738743463e+03
1.972552464766794856e+03
