1.939522253435849052e+03
1.972826641107950763e+03
2.341113280288815986e+03
2.567056117433177405e+03
1.901109326329400346e+03
1.807394867027527425e+03
2.103834086448082417e+03
2.455906739007364195e+03
2.425736790272124836e+03
1.734117577652999216e+03
1.763194559132292625e+03
2.109307004382512332e+03
2.420713563131030241e+03
1.843317660442354736e+03
1.600707434883932137e+03
1.939024991173121180e+03
2.390320479226755197e+03
1.844636716700161287e+03
1.857522505466241910e+03
2.301628599004709940e+03
2.691273036451678308e+03
2.097793228362090758e+03
1.666815638963622860e+03
2.073670182656665929e+03
2.503218426254537917e+03
2.304820544964044529e+03
1.729977501329654388e+03
1.767223441465099995e+03
2.299525826991634403e+03
2.434466156157872774e+03
1.997219982271627032e+03
1.589929990676834677e+03
2.043928206431145099e+03
2.449958267220359176e+03
1.998483426969503626e+03
1.625558346930607286e+03
2.076621712355524778e+03
2.494756758648665709e+03
2.060896760754399111e+03
1.739615861747253120e+03
2.018182514167216141e+03
2.506546277120713057e+03
2.365897222793866149e+03
1.860045200065807194e+03
1.686246025363026320e+03
2.071438890655740124e+03
2.415153661529651345e+03
2.101013848906201019e+03
1.746652299621782277e+03
1.741737671681434222e+03
2.244218865076896691e+03
2.363475591358114798e+03
1.976283239656886735e+03
1.557266504405858541e+03
1.874108952224951963e+03
2.337867442572432992e+03
2.236415303318049610e+03
1.944282601394562107e+03
1.812283657879306929e+03
1.873925093806961058e+03
2.159067678331283787e+03
2.407135631518005994e+03
2.425058671752135979e+03
1.882761431393507792e+03
1.777488842822640663e+03
1.912321915978298875e+03
2.117425808373720429e+03
2.374548832064379440e+03
2.211354040247841567e+03
2.002871989125035725e+03
1.761498252954828331e+03
1.928364390768456587e+03
2.244385029360916633e+03
2.318842728913228711e+03
2.279734037073570107e+03
1.869115788036972162e+03
1.679905554597357423e+03
2.106178084879825292e+03
2.246907547921737205e+03
2.450045280257812919e+03
1.954744643322363117e+03
1.697281954660135852e+03
1.958721220807528880e+03
2.292676122315192970e+03
2.412961408125926482e+03
2.015442424054043158e+03
1.783637076545740683e+03
1.820604474171168249e+03
1.940143576902797804e+03
2.215839608297424547e+03
2.187934465684652423e+03
1.764172810163732720e+03
1.766667469932948052e+03
1.958676898927194543e+03
2.448050367429968901e+03
2.297699495201347872e+03
1.827530910450300780e+03
1.543417027985828327e+03
1.972459704700203929e+03
2.484233503232615476e+03
2.443601711476142100e+03
3.366870232571404813e+03
2.039589071879096764e+03
1.474271001393081860e+03
1.653464864597155156e+03
2.136812342316115064e+03
2.358579039030089007e+03
2.657117849204544200e+03
1.636854147520733022e+03
1.834856793800330934e+03
1.923289304114300876e+03
2.432601958658976400e+03
2.382676338352028324e+03
1.592966311084648851e+03
1.944997806480697363e+03
2.005136879694905474e+03
3.040538178253746082e+03
2.103956629807555601e+03
1.377528643168354620e+03
1.518108055600387161e+03
2.550897019132093192e+03
2.469229520361504910e+03
2.285942317859068226e+03
2.140022457380897777e+03
2.032653294204927761e+03
1.630503407840309819e+03
1.477764349311257320e+03
1.836080013337657192e+03
2.197844664276568892e+03
2.556645893894518395e+03
2.082399087508180401e+03
1.605477306344251019e+03
1.723304730262485464e+03
2.258751151974114691e+03
2.731618531338066077e+03
2.385031112324209516e+03
1.625171420446337152e+03
1.575361872762506891e+03
2.132105532771497565e+03
2.707637463880035739e+03
2.685791925455326236e+03
1.823389286362586972e+03
1.416200033463748923e+03
1.902634358171658960e+03
2.557240187163148221e+03
2.730265960055499818e+03
1.723405247977059844e+03
1.317358840915128440e+03
1.670606989576586784e+03
2.384306595135870793e+03
2.572613778968557199e+03
1.880963850548904929e+03
1.630180741528441786e+03
1.590928230047620900e+03
2.286401926961012123e+03
2.686693308301430534e+03
2.061556991801268850e+03
1.686434935406756040e+03
1.629178730058469910e+03
2.151846304730320753e+03
2.467876758915364462e+03
2.025433191228401029e+03
1.844143719507799005e+03
1.492425713032515432e+03
1.998270012895511854e+03
2.520634647940290961e+03
2.680183258336358449e+03
2.436385545296700457e+03
1.705898664043276767e+03
1.423146293308504482e+03
1.753093872644860312e+03
2.157914303524873958e+03
2.421708520048031914e+03
1.980946104537101746e+03
1.534933418471842060e+03
1.732391766033811791e+03
2.099450736928048173e+03
2.560268737668575795e+03
2.353166677556641844e+03
1.920904905811491517e+03
1.739710092108625759e+03
2.124769216468489503e+03
2.444618288635577301e+03
2.150109261646378400e+03
1.938639514593089643e+03
2.049627880628017010e+03
1.899112738439253690e+03
1.915136848855084963e+03
2.237305386011037172e+03
2.521009316043151102e+03
2.313785207704896493e+03
1.588922878088606012e+03
1.845702542909947852e+03
2.388386664140448374e+03
2.583533368947128565e+03
1.759021328862029577e+03
1.538595059880254439e+03
2.063336987378205322e+03
2.487629958471940427e+03
2.498522590626753754e+03
1.732505483397737180e+03
1.618141882389072862e+03
2.119621756513588025e+03
2.614789290907240229e+03
2.357932384183731756e+03
1.477191556508689928e+03
1.471483608609200701e+03
1.961429142878966786e+03
2.495580334282326476e+03
2.299173937892691811e+03
1.653441392441369089e+03
1.798752434658173797e+03
2.356322647848928682e+03
2.650713770370453403e+03
2.153715108827054792e+03
1.537600702482733368e+03
1.946122481867307670e+03
2.445600987252052164e+03
2.529504804696361134e+03
1.757236844580008665e+03
1.547676657799773693e+03
2.232157398066481164e+03
2.556972846718019355e+03
2.236404925876316611e+03
1.534173918193258032e+03
2.190302220745025807e+03
2.526529916531639174e+03
2.272910993991891246e+03
1.886233841632138137e+03
1.515266976710051722e+03
2.007832129744419490e+03
2.277560503394710395e+03
2.062584188054499919e+03
2.224682550030174752e+03
1.584992553179422657e+03
2.290321529423895299e+03
2.403089623025936362e+03
2.278619858564154129e+03
1.889944313962808565e+03
1.619673888260037984e+03
2.463710702725932606e+03
2.506736827884933518e+03
1.990640427726774988e+03
1.584606280596952729e+03
1.567233804743149449e+03
2.315124165224443914e+03
2.554309637750360253e+03
1.745475547394055411e+03
1.641322275028978765e+03
2.294360313622836657e+03
2.574325834295157165e+03
2.475051984754581554e+03
1.721127769408559743e+03
1.553527451796221612e+03
2.088740996966728744e+03
2.566305764161365460e+03
2.428736700646095414e+03
1.505806447237520160e+03
1.414209686255061570e+03
1.989073072911715371e+03
2.455345860946435550e+03
2.030896971536337105e+03
1.579518360104185604e+03
1.942534297160555752e+03
2.494603776843930973e+03
2.675690056094553711e+03
2.031472980256990013e+03
1.547330865345996472e+03
1.975105830172753031e+03
2.600307681721632434e+03
2.844260571550028089e+03
1.984059847038794487e+03
1.299516157963345222e+03
2.029985781854212064e+03
2.546942885140986164e+03
2.718306864465721446e+03
1.616746472626788318e+03
1.382785331263199851e+03
2.119419298565916961e+03
2.640887939305078817e+03
2.451031081501881090e+03
1.505760134634979295e+03
1.365115235554547553e+03
1.984495771888472063e+03
2.682026869451522543e+03
