1.939111595354137762e+03
2.363479812718922403e+03
1.992841037899723460e+03
1.951988179842273439e+03
1.801625563624084407e+03
1.826637745013568747e+03
2.269606220330041197e+03
2.371442032827689673e+03
2.142167133456216106e+03
1.766749730726487542e+03
1.635214786157503568e+03
1.748670414692824579e+03
2.220694067030702627e+03
2.445150568730617124e+03
1.613369259640296150e+03
1.613873134609844101e+03
2.204915617963847581e+03
2.463307275392018255e+03
1.891778137101078983e+03
1.562118658490522421e+03
1.959919027093786781e+03
2.456976568906927241e+03
2.330436056208639911e+03
1.747143868140303539e+03
1.627143193038349864e+03
2.110104172482938338e+03
2.526094914858286756e+03
2.042652564951440809e+03
1.553251279279040773e+03
1.819576337443310877e+03
2.336630596916687864e+03
2.459527264012187061e+03
1.837267743943137248e+03
1.521823459304205926e+03
1.803783076189966096e+03
2.311001211614885051e+03
2.478723636775202522e+03
1.803823895576803125e+03
1.464353809893005973e+03
1.950973358835710542e+03
2.408409810444976756e+03
2.158111157190847280e+03
1.704121273706982947e+03
1.661146130678469717e+03
2.051985169094114553e+03
2.360033137012235784e+03
2.168225128171915458e+03
1.751557935259365877e+03
1.702360941193983763e+03
1.995234373632688175e+03
2.280942997147571077e+03
2.424478736458154344e+03
2.039913817486302150e+03
1.709180102326073666e+03
1.691540446385698488e+03
2.029137357920092427e+03
2.324348299471834707e+03
1.947216447555908189e+03
1.650219439584712518e+03
1.756057190040380419e+03
1.821605681114730260e+03
1.895077706499566830e+03
2.291280469220305804e+03
2.403206147648366368e+03
2.035967660186330022e+03
1.732214804105837175e+03
1.725618759659066654e+03
2.015935768462255510e+03
2.365157272856302370e+03
2.409384868727438061e+03
1.894029501911488069e+03
1.546671976021471664e+03
1.811691486208881315e+03
2.163659488864514060e+03
2.576364075540245722e+03
2.340444558661643896e+03
1.633212000575149432e+03
1.640019731649964797e+03
2.010969442988211767e+03
2.445915987806220983e+03
2.160317048795154278e+03
1.651214485562505843e+03
1.638431028848158121e+03
1.994312690944646647e+03
2.351928673222935686e+03
2.360649068893068943e+03
1.927067992504317772e+03
1.626314261558010230e+03
1.703133516693792899e+03
2.186677299835324447e+03
2.321897878629023580e+03
2.181794626870911543e+03
1.752104978139147988e+03
1.653981640699051241e+03
1.832905135135324144e+03
2.190440874603455995e+03
2.311436898918615952e+03
2.022953816284253207e+03
1.662950313726920285e+03
1.852751830846028042e+03
1.852228679264091852e+03
2.811497827181570756e+03
2.072273435567837168e+03
2.335687330132477655e+03
2.828486635943436340e+03
1.372155993517318848e+03
2.004085684137759245e+03
1.177196312076585627e+03
2.136996125417284929e+03
2.261634696686282041e+03
2.111408867943101541e+03
1.935696836839762909e+03
1.874700409901428202e+03
1.879271376185930649e+03
2.146953143988941520e+03
2.178538994701751562e+03
2.103377087480876980e+03
1.796243305965665968e+03
1.815420129416871987e+03
1.773783977071820800e+03
2.297539074419054941e+03
1.982149116231327071e+03
1.792276565359219376e+03
1.676025402862767578e+03
2.092018009883522154e+03
2.577002517101610465e+03
2.187367689586404595e+03
1.769752306510504468e+03
1.896371575828477944e+03
1.850186130976256663e+03
1.911383225185784795e+03
2.287439577775204725e+03
2.652498213606910213e+03
1.895999439092424382e+03
1.400819592840133282e+03
1.921129227745352864e+03
2.245686671756210671e+03
1.576182119990941601e+03
1.532388469840513835e+03
1.820781425953240159e+03
2.066245443492666254e+03
2.379080735604505207e+03
2.222500821513629944e+03
1.785097871168532265e+03
1.689785410899773751e+03
2.109401224831343825e+03
2.492089078703790619e+03
2.160810346633625613e+03
1.667874072213651061e+03
1.707992669182223153e+03
2.087742941656451421e+03
2.523382270154160778e+03
2.545854140202146027e+03
2.125977738835607397e+03
1.717552177654922161e+03
1.655770150825882411e+03
1.947489096153250557e+03
2.473652329175763498e+03
2.256496706819249539e+03
1.660912791458332322e+03
1.470344282059955731e+03
1.821058042301259093e+03
2.303341472160426292e+03
2.386862910714423833e+03
2.366868406071016580e+03
2.400422524899849122e+03
2.186810847191214179e+03
1.690111661895453608e+03
1.533214940496874988e+03
1.808198653618348999e+03
2.248742412537023483e+03
2.346152790425127023e+03
2.038603890907409323e+03
1.643381461421081212e+03
1.664388905581902691e+03
1.964368102860163390e+03
2.297227337805613388e+03
2.308141926400212469e+03
1.884227746075900313e+03
1.591220137242932651e+03
1.912353014370823985e+03
2.402911118957870713e+03
2.292533434728318753e+03
1.954545097280085429e+03
1.542721896025332626e+03
2.001569087759474314e+03
2.334852412252552313e+03
2.439146994659710344e+03
2.004565739084563802e+03
1.556734888892435038e+03
1.658498593060753137e+03
2.029612847815689747e+03
2.462494999188830661e+03
2.221398547773804694e+03
1.702603965041505262e+03
1.620189304785078320e+03
2.000864747264334028e+03
2.480416359877706327e+03
2.396951716609790310e+03
1.839198608142110970e+03
1.566960118769874043e+03
1.750065018341694440e+03
2.378674520036151989e+03
2.379841059649702856e+03
1.774664310508052267e+03
1.718763390656846695e+03
1.971703445504779211e+03
1.870444289637883003e+03
2.058434592707739284e+03
2.526638194913378356e+03
1.795922667084383193e+03
1.384806074145374623e+03
1.991917000177048521e+03
2.529507041018619475e+03
2.348560735192467746e+03
1.875131590255281026e+03
1.427072680331201354e+03
1.574626252756919484e+03
2.424113470443247934e+03
2.502291222702647246e+03
1.687511630718795232e+03
1.602677883395234176e+03
2.077398950311489443e+03
2.495073091219877369e+03
2.006033864580839236e+03
1.646555133825333087e+03
1.748959967012362540e+03
1.714793546110862962e+03
2.280748756242358013e+03
2.686486122111762143e+03
2.110071296442923995e+03
1.674084631413397119e+03
1.925178478084573044e+03
2.046472990216821927e+03
2.318727722735180123e+03
1.863006960985249179e+03
1.670741156899715861e+03
1.811100125835673907e+03
1.915795543752642061e+03
2.497182667460874200e+03
2.197560477568901661e+03
1.943874595037106019e+03
1.768009013400179583e+03
1.780289217961014174e+03
2.251796237411901075e+03
2.235585380038400217e+03
2.050254146895169924e+03
1.554987614480703769e+03
1.820041161912196458e+03
2.082863649201944099e+03
2.411572278017033113e+03
2.304115708895506941e+03
1.899965849272346532e+03
1.757301852735432931e+03
1.728855773806588331e+03
1.953960571917926472e+03
2.245703665077942787e+03
2.279453489375790014e+03
1.942658461309003997e+03
1.710496215445706866e+03
1.780971772909772426e+03
1.895167900136626486e+03
2.237630560718444030e+03
2.295702337905232980e+03
2.069645338963520771e+03
1.760507399378455148e+03
1.648859120670310858e+03
1.885861305499573746e+03
2.180750753747571707e+03
2.208887703703860552e+03
2.258076268833049653e+03
2.247080047968157942e+03
2.369584884612927908e+03
2.325432649242194202e+03
2.425393168341275214e+03
2.420946736882345249e+03
2.085624636237377217e+03
1.657848098872977062e+03
1.400930668215669812e+03
1.713060411161127149e+03
2.116782860709233773e+03
2.459600183736870804e+03
2.575361980131943710e+03
2.354080170370187716e+03
