2.004190585047249897e+03
2.222425223106806698e+03
2.532819468876193241e+03
2.192847426078969875e+03
1.982086301307257372e+03
1.506027392330596513e+03
2.030834104726058513e+03
2.171868216585072787e+03
1.716845208677668325e+03
1.942169036452696218e+03
2.328289679726256509e+03
2.200214228102338893e+03
1.882614877376219965e+03
1.875867422416503814e+03
2.191537997192901457e+03
2.228229005659604809e+03
1.858534586445030754e+03
1.904878938799880871e+03
2.339397943297409711e+03
2.327780907648291759e+03
1.923991580564332708e+03
1.910295459841146112e+03
2.180288524773655354e+03
2.494119720350073749e+03
1.818019847770676733e+03
1.894891433269815707e+03
2.460881831224330654e+03
2.415516606006424354e+03
1.711542891559621694e+03
1.652895139284284824e+03
2.517646534245569001e+03
2.492475562390711275e+03
1.585769690484268722e+03
1.657776663967335935e+03
2.208879219300939440e+03
2.679266989184519389e+03
1.741548953159536268e+03
1.571979761785296887e+03
1.955222869424362671e+03
2.550019655794209484e+03
1.797390191637867019e+03
1.571824692450198654e+03
1.847993905890201177e+03
2.404860257715342868e+03
2.020681441069402354e+03
1.839814402266269099e+03
1.899478395075646404e+03
2.457093577692269264e+03
2.018632599214157381e+03
1.725274206200006347e+03
1.968263693718988634e+03
2.517250688748876655e+03
2.232521724740449827e+03
1.664238995754757980e+03
1.798954996700507081e+03
2.149843305055973360e+03
2.052642066370153771e+03
1.573344502414195404e+03
1.865131972604236807e+03
2.165531093980290279e+03
2.183680328493858724e+03
2.444133885750066383e+03
2.134653830757204105e+03
1.748842626894727800e+03
1.754389335647438656e+03
2.331568991836735677e+03
2.027743334167654211e+03
1.447642890960495833e+03
2.011505128447126026e+03
2.453766733726165512e+03
1.789259626139211150e+03
1.823991656998608732e+03
2.695746328808831549e+03
2.465595423947334893e+03
1.623673118495451035e+03
1.596405611380073651e+03
2.581496285331502804e+03
2.449082988569951794e+03
1.224818819059462385e+03
1.639290003910258292e+03
2.632615420120083400e+03
2.109500919548010188e+03
1.368651370705486443e+03
1.819073304353878257e+03
2.234315113963264139e+03
2.258454362927736383e+03
1.782650363709843759e+03
1.862958745522878871e+03
2.098371261477394910e+03
2.273361154248688763e+03
1.776371512579540195e+03
1.850699158765981792e+03
2.420381520638376969e+03
2.545594420395480483e+03
1.639975793013812563e+03
1.437288840854846740e+03
2.232473333096636452e+03
2.587158975057372118e+03
1.581664161199145838e+03
1.511881191764271989e+03
2.243597207702776359e+03
2.106223628565796844e+03
3.204272764260015265e+03
1.868415816400027779e+03
1.820846699998144686e+03
1.434957832922646503e+03
2.126734904581914634e+03
2.233508527376633083e+03
1.949265205199475531e+03
1.934454042274292533e+03
2.115408498109799893e+03
2.152970408270208736e+03
2.082258684805979101e+03
1.814183176615032835e+03
1.981240227975608150e+03
2.110454132065088743e+03
2.322472297973515651e+03
1.605496641634751995e+03
1.738522578133210800e+03
2.907962612133659604e+03
2.392675081993447293e+03
1.452043770257726010e+03
1.733356074941043289e+03
2.252550741250890496e+03
2.436399076870017780e+03
1.401313087496707794e+03
1.800159035613445440e+03
2.539465319867857033e+03
2.238178949346722220e+03
1.804799453052556601e+03
2.194904917382088115e+03
2.635552784026886457e+03
2.149004903583486794e+03
1.828088610478951296e+03
2.282273004643577224e+03
2.867047925358638622e+03
2.144444587165614848e+03
1.863559900891938469e+03
2.356251605556295999e+03
2.798808029709864968e+03
1.578064466848688426e+03
1.074951830015705809e+03
2.311526392940121241e+03
2.473162800980074280e+03
1.166140743294257845e+03
1.732720261412898026e+03
2.541851461796980857e+03
2.050740714941809529e+03
1.345113447451472211e+03
1.971561649220398522e+03
2.430700262745684995e+03
1.923674338591437618e+03
1.584888358615075049e+03
1.949714510186242023e+03
2.470220455655906335e+03
1.800965105984902948e+03
1.743637073780884521e+03
2.371939956529634401e+03
2.362709289002324567e+03
1.792185596726957556e+03
1.283500739477058687e+03
1.818640163065114848e+03
2.256291005962767031e+03
2.082097469603664649e+03
1.702056908660176532e+03
1.847603236938229429e+03
2.343414052251544945e+03
1.968938583361963765e+03
1.850416261306138949e+03
2.300202109735867452e+03
2.214071126661693597e+03
1.602608780255520287e+03
2.152567811347681072e+03
2.626060847968903545e+03
2.308075909538169526e+03
1.308958560822641630e+03
1.832633543560725002e+03
2.589821929065228233e+03
2.419013757180774519e+03
1.611176201021231691e+03
1.391055898218442962e+03
2.277829228838224935e+03
2.465506005014814036e+03
1.557055237069170289e+03
1.712839648673816782e+03
2.505483505796121335e+03
2.140518131090285806e+03
1.513742967139699658e+03
1.687260700870440132e+03
2.392546801956828858e+03
2.484076472571011436e+03
1.745772321184305383e+03
1.617959363556171866e+03
2.048017935292484708e+03
2.448360444422322871e+03
2.009094964608984128e+03
1.801574249819957686e+03
2.255362149920145384e+03
2.952154125573968486e+03
1.943075343071842553e+03
1.714319384122658448e+03
2.291964876796319004e+03
2.553287515004044508e+03
1.774309851519624772e+03
1.517821692232793112e+03
2.074272682741528115e+03
2.360307612184081336e+03
2.601262181040879113e+03
1.591955439286035244e+03
1.737318940882156312e+03
2.587204094786481619e+03
2.140942334992235828e+03
1.701979339183452339e+03
2.091762153677574133e+03
2.685611806705075196e+03
2.080320128279170603e+03
1.437828256662350441e+03
1.839920827759612166e+03
2.473090416832128085e+03
2.074635435459064865e+03
1.518833371787437500e+03
2.062276344954612796e+03
2.669949277179940964e+03
1.561072430489280578e+03
1.470440380011079696e+03
1.999156904007619460e+03
2.662094141541946101e+03
1.620429636135860164e+03
1.698647958165953469e+03
2.328949693958608805e+03
2.038209284278051882e+03
1.615243009992365842e+03
1.997491958757321754e+03
2.460292916412887280e+03
2.183729152787049316e+03
1.493119735820050209e+03
2.013689912369381773e+03
2.576058857566300958e+03
2.108795097224268375e+03
1.458722514720189338e+03
2.051552850521317396e+03
2.498463560701021834e+03
1.540935423524999123e+03
1.575519292588327744e+03
1.743800679878005894e+03
2.651638986524834763e+03
1.970778515047205246e+03
1.781397979641365282e+03
2.273410718102386454e+03
2.263385828866963038e+03
1.639643399727318410e+03
1.879516185563086083e+03
2.146501046252324159e+03
2.040475933883524021e+03
1.692293689714386801e+03
2.000518402684023613e+03
2.255745550150692452e+03
2.125377456906892348e+03
1.740179506695590590e+03
2.185771944229098608e+03
2.502797567645584422e+03
2.030551717306161436e+03
1.642621200719295302e+03
2.013319449600162898e+03
2.356018454998480593e+03
1.997429294401628113e+03
1.568137522852290431e+03
1.919819168756643421e+03
2.511126396925192694e+03
2.291992133292548715e+03
1.525913022617346314e+03
1.590609287364001602e+03
2.273823678102627582e+03
2.148504916969160149e+03
1.729766108718924670e+03
2.014711548593248153e+03
2.499981763997216603e+03
1.896808486488158906e+03
1.739818158552132900e+03
2.364011348334906415e+03
2.516704784035041484e+03
1.606666123153107947e+03
1.934354771135896726e+03
2.278863947024028676e+03
