2.050037224251942916e+03
1.583074600380569564e+03
2.004375582138155323e+03
2.409503064848730901e+03
2.502975678570725449e+03
2.178767203546884957e+03
2.360347236535375487e+03
2.378835275746943807e+03
1.973088358789782660e+03
1.635539995898397819e+03
1.668893733736924332e+03
1.618374340852456044e+03
2.187291786212979787e+03
2.420508715027833659e+03
2.241431757534319331e+03
2.047537668090867783e+03
1.729991315594031221e+03
1.993861781560397048e+03
2.295431488859447654e+03
2.398829962374699335e+03
2.268619499060467660e+03
2.460009978833382320e+03
2.169700191874127086e+03
1.993623312371517841e+03
1.826832953541433653e+03
1.664225311181132838e+03
1.874099641780226648e+03
2.021216107027218186e+03
2.153552469820972874e+03
2.382391474253506203e+03
2.396886833407700124e+03
2.243371914821194423e+03
1.967320638775820044e+03
1.883252394534161340e+03
1.719636390972302479e+03
2.245734112331342658e+03
1.783586776766807589e+03
1.894558632631281625e+03
2.228102107875753063e+03
2.341207427211920731e+03
2.267759912156558585e+03
2.028999117131810408e+03
2.014530516235437062e+03
1.928823001904117518e+03
1.995598909785372598e+03
1.845142016032913261e+03
1.785372055016310696e+03
1.926965555772130529e+03
1.956524297896262397e+03
1.962673577132080936e+03
2.037686518594388417e+03
2.159122183447535463e+03
2.486600817444987115e+03
1.971868616501902807e+03
1.953667341731624674e+03
2.133835093862594022e+03
1.981707791191641945e+03
1.964419094548634575e+03
1.616165020467899922e+03
1.584590914587603265e+03
1.441092994498623284e+03
1.903652785359838845e+03
2.177980728713605004e+03
2.403537055831232919e+03
2.269097470768594121e+03
1.770275970200369329e+03
1.771264441072787122e+03
1.703458931423483364e+03
1.902347536458154309e+03
2.219784601052755534e+03
2.581009982065928398e+03
2.554515375931944618e+03
2.027002324861488660e+03
2.044159103065286672e+03
1.651824424761268347e+03
1.560764070327446007e+03
1.575992321396070565e+03
1.958382657800240850e+03
2.393929800340967631e+03
2.390748177652040795e+03
2.220893242018558794e+03
2.123692752278790977e+03
1.970136481459597462e+03
1.726491975823085340e+03
1.803295019697377484e+03
2.000064231582670573e+03
2.017360748965035555e+03
2.035320450953519412e+03
2.235238700338559283e+03
2.399601280771184065e+03
2.520889541217643909e+03
2.307712668585115352e+03
2.442077171469041787e+03
2.273283376664912794e+03
2.184335386121317697e+03
1.957412436378905113e+03
2.062284468920865947e+03
2.081817318147204332e+03
1.726002374801480073e+03
1.349607927021404748e+03
1.936988193239778639e+03
3.011643597433023842e+03
1.851357164216673482e+03
2.403778217368242622e+03
3.143578169864853407e+03
2.523043013638084176e+03
2.784204750995436825e+03
1.106378518035769048e+03
3.028869514350306872e+03
1.637070590210885030e+03
1.627231829077310522e+03
2.663663050783080507e+03
2.998362782166180978e+02
2.912673004336303165e+03
1.212213300130897323e+03
2.032479734385258325e+03
2.817721374390760502e+03
1.182409867591430839e+03
1.402091501603707911e+03
2.478965286234848463e+03
2.308774850446793153e+03
2.225007220629199310e+03
2.180726343896984417e+03
2.114771131305159543e+03
1.967315975149976339e+03
1.909112888691762919e+03
1.947754716923110436e+03
1.881654303119810265e+03
1.813883780866322695e+03
1.912528731193208387e+03
1.930234436472946754e+03
2.214933711022690659e+03
2.083583707773656442e+03
2.169891712979321710e+03
2.365036360929812872e+03
2.356148176083664566e+03
2.102073661105857354e+03
1.819115094986449776e+03
1.767497571279571275e+03
1.926915526253156713e+03
1.841939748566817570e+03
2.344829572522366561e+03
2.416855401125388198e+03
2.515759837012737080e+03
2.209609007719015153e+03
1.643447815337792235e+03
1.704484919620307437e+03
1.675459365659567766e+03
1.912119919543443984e+03
2.190599036188398713e+03
2.167905927843849895e+03
2.227376052159654591e+03
1.817628933361605277e+03
1.814624135117827336e+03
1.705879224321998208e+03
1.780872522660806681e+03
2.133670319771590130e+03
2.339293126398659751e+03
2.457380702887956431e+03
2.107443124443121633e+03
1.943764909352203858e+03
1.701524129690150403e+03
1.781648746571718448e+03
1.829873648700033073e+03
2.004961686604914348e+03
2.295045060404022479e+03
2.316996869295786382e+03
2.183524122330941736e+03
2.058457052268067400e+03
2.220634858203700787e+03
2.166440026284799387e+03
2.068612272417905388e+03
1.975748123782250104e+03
2.080115581329122051e+03
2.194634310519562405e+03
2.310589630771084558e+03
2.341569132709542373e+03
2.189693013368268112e+03
2.455535720284073250e+03
2.615565243293497588e+03
2.082893628489578077e+03
2.255634849288801888e+03
1.880073943057944689e+03
1.672332702533798511e+03
2.011962961653408001e+03
1.991763656117352184e+03
2.444176154967678940e+03
2.419413873711255292e+03
2.396177904543829300e+03
2.374064388302378120e+03
2.281168956285743207e+03
2.318991178284083617e+03
1.999928673269949741e+03
1.972449428170067222e+03
2.023457132657091734e+03
2.017445323708164779e+03
1.804295638244063639e+03
1.815417560263986388e+03
1.852780352684977743e+03
1.747017443693804807e+03
1.650483964221172073e+03
1.757186418725864314e+03
2.528021306890851520e+03
2.139084698657903118e+03
2.067487468313889167e+03
2.139392798772897095e+03
1.983196087715538624e+03
2.172784090991177436e+03
2.315287110883665264e+03
2.337581286470107443e+03
2.222330158707117334e+03
2.099024946898479357e+03
2.179503571515095246e+03
2.187100899752213081e+03
2.028753997150499572e+03
1.831628582141739798e+03
1.700241703827468200e+03
2.037307522791981910e+03
1.868684991573591105e+03
2.095901240686661822e+03
2.310235832862534608e+03
2.423837446774475211e+03
2.082647722218773197e+03
1.813951744111622702e+03
1.901033615737137779e+03
2.230024220729062563e+03
2.454317327104733977e+03
3.220025514640349797e+02
3.454578926046897777e+03
1.444862415185295731e+03
2.885891827992244544e+03
1.686950185278384197e+03
1.633652801774399677e+03
2.409239771647217822e+03
2.062178671238465540e+03
3.006983175490654958e+03
6.155679902285240814e+02
2.637423694202313527e+03
1.000798069609887307e+03
2.873811343597989890e+03
3.047095357929825695e+03
1.590216140360064628e+03
2.758666109459014933e+03
1.414922763079049901e+03
1.867114621619066611e+03
2.002948998578402779e+03
2.044291296064151084e+03
2.037182060641129738e+03
2.115823377773079756e+03
2.157369817284697547e+03
2.096149958930941011e+03
2.095257625819359873e+03
2.159278037582245361e+03
2.082165829845630014e+03
1.900330400045305396e+03
1.869974208308687594e+03
1.772565003050958921e+03
1.817908258221585356e+03
1.842539523807994783e+03
2.034466430872529827e+03
2.246002416862075734e+03
2.338332330359130083e+03
2.183737724263604377e+03
2.190349004626200895e+03
2.175249837693788777e+03
1.809814375120786281e+03
1.806818361682851219e+03
1.833378152650455831e+03
1.699033436264409602e+03
1.801620548195141509e+03
1.958194725026934066e+03
2.287182064965129939e+03
2.319068277355238024e+03
2.277617834327550554e+03
1.945086253555728945e+03
1.594920725128501772e+03
1.594871432588601238e+03
1.778389049025236545e+03
2.077538524273181338e+03
2.207350644925101278e+03
2.352135786423593800e+03
2.392411356758545935e+03
2.119282815098465107e+03
1.855018968823674413e+03
