2.879599507254791661e+03
1.535628591723283080e+03
2.522150424869924791e+03
1.581987320319340370e+03
1.957896846614584547e+03
2.431348523602782279e+03
1.673968894462756680e+03
2.330299557473043478e+03
1.528577826329122672e+03
1.758007633257153429e+03
2.132682100029715002e+03
1.465634393823366054e+03
2.935502674804866274e+03
1.282704984470350837e+03
2.304996471577270768e+03
1.787520526430634845e+03
1.618493163642856189e+03
2.280405706755710526e+03
1.426405983053654381e+03
2.620216828831374642e+03
1.548365261564871616e+03
1.994671255355862741e+03
2.267747067075679297e+03
1.496941874452808406e+03
2.474004584631647049e+03
1.572162191616088194e+03
2.220916252873516441e+03
2.104086360294711540e+03
1.568857173004392962e+03
2.697899193145877689e+03
1.494193787489126635e+03
2.581019803010974101e+03
2.038949955613260727e+03
1.509682909624480544e+03
2.319839020467451064e+03
1.372065679112624593e+03
2.152549873357995239e+03
1.803377692195047302e+03
1.592896899675087980e+03
2.212039934257767527e+03
1.513277774199698115e+03
2.365745983012423039e+03
2.203249862929018036e+03
1.390289475006127304e+03
2.736051894775864184e+03
1.599788853838485011e+03
1.982445371487982356e+03
2.267682997667645395e+03
1.416054736673320804e+03
2.860576495565526329e+03
1.670269641481653935e+03
1.723380055434190808e+03
2.479524043066999184e+03
2.342765000854076334e+03
1.648921139189265659e+03
1.823367651020984113e+03
1.665702456172972461e+03
1.811666360308276353e+03
2.055211983985655024e+03
1.484067114581549504e+03
2.568868169985501936e+03
1.728774636964454203e+03
1.762313170783041414e+03
2.499384638160954182e+03
2.016465947684314415e+03
1.606088624324448347e+03
2.327347297415107732e+03
2.432515828242826046e+03
1.961038018212621409e+03
1.495087490317795073e+03
2.153934590123435555e+03
1.407718339601625303e+03
2.467804498548596257e+03
1.625211043973930828e+03
1.844569834482578017e+03
2.140444023042307435e+03
2.459201009745363990e+03
1.442599196697563684e+03
2.572797565186473548e+03
1.978738085332479386e+03
1.552320393758363480e+03
2.061803086953033471e+03
1.857258959672426272e+03
1.726353265959185137e+03
2.424580243708332091e+03
2.274017512856261419e+03
1.447215759799222951e+03
1.989601451052034918e+03
2.253274316083420217e+03
1.588869944755863798e+03
1.715778783257594114e+03
2.211837417777449446e+03
1.531242836038926498e+03
1.905637539404011477e+03
2.391854021255209773e+03
1.441175097006735314e+03
2.311334588342322149e+03
2.393137300184416290e+03
1.420575799423942044e+03
2.221113069456570429e+03
2.682438379291901128e+03
1.133220828756398532e+03
2.656777710624541214e+03
1.516485147866984562e+02
3.674109055537039239e+03
5.733752919312655649e+01
3.270858744906752236e+03
1.500634583947441115e+03
8.610982668118392667e+02
3.488373827925981914e+03
-1.651250308483928109e+02
3.308641898090291306e+03
9.496658632990640854e+02
2.016797980811655634e+03
2.638394942303645166e+03
-1.716545082306610084e+02
3.556719378699237950e+03
8.747598380048459603e+02
1.986702307267687956e+03
2.110733257487738229e+03
2.236367195779927897e+03
1.912296612111135346e+03
2.124994217182260400e+03
2.207274218643354288e+03
1.946783465968264863e+03
1.850602480881669635e+03
2.081836902069998359e+03
2.024725414308646123e+03
1.914161421685641471e+03
2.097537399089291739e+03
2.229432681215360390e+03
1.932783818585857261e+03
1.987913258652129571e+03
2.247486681617349859e+03
2.104575374519369689e+03
1.654291209157134062e+03
2.420009409914187017e+03
1.766542010313413130e+03
1.529560621891729625e+03
2.320687017033066695e+03
1.709038282022270550e+03
1.865559222734920922e+03
2.554996420094195855e+03
1.452907851839369641e+03
1.744018174710896801e+03
2.448915168999743855e+03
1.581582781599735426e+03
1.801981438506393488e+03
2.332496289743251509e+03
1.696893244619315055e+03
1.778293371735500159e+03
2.503098976522045177e+03
1.569203642807996630e+03
1.591094214223531480e+03
2.509183608313503555e+03
1.687027321626892899e+03
1.670336950114467072e+03
2.319077267987765026e+03
1.773347370777643164e+03
1.719048636035141726e+03
2.594541302410259050e+03
1.718612666431126854e+03
1.658633082551004236e+03
1.844812000612063457e+03
2.061141223385973262e+03
1.766744958652364403e+03
1.946392040667648189e+03
2.344919801381367961e+03
2.373384940856364665e+03
1.945422547174644251e+03
1.478967393055287175e+03
2.107345210991688873e+03
2.293555128920319476e+03
1.420983438484346607e+03
2.033089118384436233e+03
2.333443891616524070e+03
1.734582324200275252e+03
1.585222655788621751e+03
2.294583588888348459e+03
2.242850654343528731e+03
1.335997230130108392e+03
2.208246371668357369e+03
2.112276985695938492e+03
1.481832876218471029e+03
2.098789619164910619e+03
2.265107373616004224e+03
1.574729072581197897e+03
1.846828610809728389e+03
2.294423483902355201e+03
1.486817031482098400e+03
1.740335077807029165e+03
2.054592974209877866e+03
1.612024167675069748e+03
2.574258950663520864e+03
1.633782152423203343e+03
1.675387531657409681e+03
2.527143933260475023e+03
2.075174642788109395e+03
1.419767597040713781e+03
2.229830012848989554e+03
1.901715410903567545e+03
1.660080827922966819e+03
2.415708681155474551e+03
1.711781032009545925e+03
1.741273922133444103e+03
2.514223808804852979e+03
1.979151420366386901e+03
1.402645058080536955e+03
2.675638385451174145e+03
1.801873518425507882e+03
2.058492741097497856e+03
2.044578155155975765e+03
1.712276439336856356e+03
1.640585962445680934e+03
2.661382918823761884e+03
1.699335214437499644e+03
1.615664264950306460e+03
2.299431682519448259e+03
1.550943319378596698e+03
2.898891981630057217e+03
1.829098407495905121e+03
1.585479250176997084e+03
2.560308421150502909e+03
5.120654684262198089e+02
1.983107169646275224e+03
2.870009473780984081e+03
2.984414164498502487e+03
1.763621990227709091e+02
3.752390728228246644e+03
-1.785947446429956358e+02
2.738174629589247161e+03
1.188831414727053925e+03
5.874670801225611285e+02
3.259752480906980963e+03
1.060522756494125751e+01
3.766148620261983979e+03
-1.580853273370112788e+02
2.221135725566234214e+03
2.480910196270598590e+03
-1.151301725535753206e+02
3.633195316748406640e+03
7.161011645194245148e+02
1.591350363140903937e+03
2.222941889018191887e+03
1.827786458520930182e+03
1.850747750044764643e+03
1.994895053820282556e+03
2.139645626958380944e+03
1.926490055661592351e+03
2.150295414613724006e+03
2.069545000997319221e+03
2.033101714009998659e+03
2.121066606258727461e+03
1.950995642429700183e+03
1.804729007643309842e+03
2.167601135161981802e+03
1.960663813564352040e+03
2.047890938927975867e+03
2.090966028069530694e+03
2.277392399755433416e+03
2.124072003411347850e+03
1.796195089377742079e+03
1.345022781633783097e+03
2.035548121199177331e+03
2.219096468999856370e+03
2.175001885375276288e+03
1.737841754179999725e+03
2.059247351541790977e+03
2.193770268847397801e+03
1.645040706739510824e+03
2.696212568802281567e+03
1.802561393606874844e+03
2.126525413230722279e+03
2.421317231241343961e+03
1.324360351018629899e+03
2.349946874264563121e+03
2.304455844280446854e+03
1.367770934542507348e+03
2.492104547810582517e+03
1.718527065609746387e+03
2.234025349661051223e+03
2.691858285985659904e+02
2.260894165440967299e+03
2.280945622291351810e+03
