1.612685755388261441e+03
1.782803747106233004e+03
1.906050928324023744e+03
2.114152871280314230e+03
2.335964916020891451e+03
2.704801249477010515e+03
2.785094429220691836e+03
7.320933919893550410e+02
1.254261281401256156e+03
2.192694550593882013e+03
2.505703700143759306e+03
1.473047177307495986e+03
1.355883474747652372e+03
1.983082493255656345e+03
2.717870897506490110e+03
2.435794007837752361e+03
1.904139665939314455e+03
1.507405650440771979e+03
1.404899759972030097e+03
2.031112027154512134e+03
2.312763569052870025e+03
2.180425665807209953e+03
1.810527680601260272e+03
1.733681396821137469e+03
2.109570855928549463e+03
2.366128979647844062e+03
2.470437001708716707e+03
1.986439368088406127e+03
1.473813040733430853e+03
1.584314761422403535e+03
1.926391308964885866e+03
2.619994330076970073e+03
2.414078059118488454e+03
1.430738630271938064e+03
1.532705571228150802e+03
1.772086915999879011e+03
2.622510102126249421e+03
2.586466840124468035e+03
2.046547773434814417e+03
1.476733123796343079e+03
1.542102753896938339e+03
1.770342358750961694e+03
2.046945444639071411e+03
2.192920055180366489e+03
2.246042864388009093e+03
2.064735663772331009e+03
1.903623777876216991e+03
2.014416489770991120e+03
2.147837294564541935e+03
2.345161204509979143e+03
2.193999704636990373e+03
1.712201456482172489e+03
1.658640471992695666e+03
1.750432150675862658e+03
2.286200520253083141e+03
2.671054500971793914e+03
2.147350122608173479e+03
1.221058810332077201e+03
1.241714259952100520e+03
2.027979958060253011e+03
2.842303969075597252e+03
2.128310011723732714e+03
1.478453950273700002e+03
1.550995305215371673e+03
2.266228005233591375e+03
2.700986525730441372e+03
2.524781675957064635e+03
1.963023571160574647e+03
1.656918494833967770e+03
1.554454764729706994e+03
1.694890522738780874e+03
2.297844687847775276e+03
2.432776856841672725e+03
2.247203066156992463e+03
1.676064190630606163e+03
1.441308586760631215e+03
1.837685174092910984e+03
2.113577955134291642e+03
2.362127148282985218e+03
2.294194460037447698e+03
1.930887358763601014e+03
1.599336111876680889e+03
1.652247085526817500e+03
1.869585288173497247e+03
2.139790405738055142e+03
2.210712816674419628e+03
1.965985918818322261e+03
1.823231025280214226e+03
2.097210065741106519e+03
2.549044353681131724e+03
2.501030361320163138e+03
2.334102769951708524e+03
1.933857020236071321e+03
1.493722047338901348e+03
1.515653899435696758e+03
1.866643371202841081e+03
2.257273884167270353e+03
2.473214398453078047e+03
1.844899845367123362e+03
5.644732478064490806e+02
1.560613029648419570e+03
3.831609780454434258e+03
3.468842295651495533e+03
3.067960702910149848e+03
1.419615688543073247e+03
1.825082025281704318e+03
1.847771249752240237e+03
2.668188904018986250e+03
2.733252015502428549e+03
2.184888906840530581e+03
1.770957695255959607e+03
1.622400426568030753e+03
1.662156228315596309e+03
2.296272668133846310e+03
2.459835031977977906e+03
2.045305657617916040e+03
1.736233666352950422e+03
1.461526287412389593e+03
1.931764706899316934e+03
2.448788597488066443e+03
2.464473417550802878e+03
2.070622565048549859e+03
1.802923416266843788e+03
1.547389466115426785e+03
1.762688525344054142e+03
2.141807488695876145e+03
2.496325360338681548e+03
2.178652904358562864e+03
1.772376997182502919e+03
1.430963859256968135e+03
1.785314606791810775e+03
2.316807209795905237e+03
2.449118209415691581e+03
2.268695739091431733e+03
1.805700148376986363e+03
1.536722658693675839e+03
1.733757244666758197e+03
1.933260967375817245e+03
2.296780877709102697e+03
3.656712897273520412e+03
1.570944589544805240e+03
1.366568623248893800e+03
1.421790655912874399e+03
1.798482837710671447e+03
2.061890544329757631e+03
2.174390534065252723e+03
2.177186363997761418e+03
1.877509816560756462e+03
1.696302908058770527e+03
1.843787327687009565e+03
2.176551239970361621e+03
2.330333255284267580e+03
2.308600976001043364e+03
1.838301913963294965e+03
1.531567440853740436e+03
1.732003863564716767e+03
2.181551315239429186e+03
2.513736783210853901e+03
2.407758297188487177e+03
1.871334627245042839e+03
1.527053351663415242e+03
1.696196638030477288e+03
2.110991391715365808e+03
2.467446458532594079e+03
2.632572475633799058e+03
2.413807379588691219e+03
2.007392409150871117e+03
1.580876431242268836e+03
1.394773853126540644e+03
1.531531363616247745e+03
2.003817117412718289e+03
2.196119993067475207e+03
2.068146369146281813e+03
1.841517566880888353e+03
1.876084254203795808e+03
2.237676899033058362e+03
2.478854385132342941e+03
2.601918199710721638e+03
2.402735268841086963e+03
1.987597816185770398e+03
1.510651545187165084e+03
1.485305037920585619e+03
1.821576762360701423e+03
2.433856167887470747e+03
2.137910174398525214e+03
1.686461822632712483e+03
1.445087205933056794e+03
1.916195833909515841e+03
2.592616102079843131e+03
2.314767384290745667e+03
1.777212840953061232e+03
1.451388382462808522e+03
1.832402654424084631e+03
2.450480803946249580e+03
2.619754195182793865e+03
2.465128341454779729e+03
2.006602774289268154e+03
1.450838507630477579e+03
1.466582197691173405e+03
1.740533376987731344e+03
2.029227580618231514e+03
2.213904803377619373e+03
2.295260027551044914e+03
2.136537234051828818e+03
1.866050071536363475e+03
1.596122457326004223e+03
1.697753278959020008e+03
2.157535674464532349e+03
2.472841624286105798e+03
2.466020230097602507e+03
1.843006897782335045e+03
1.471610746460988594e+03
1.779920678105549314e+03
2.187728437381754702e+03
2.504674760811632495e+03
2.486868985173791771e+03
2.097693862546835135e+03
1.813868069030087099e+03
1.788459791557975677e+03
1.583518130381957917e+03
1.653860920354138443e+03
2.081341243971240146e+03
2.333888843318907220e+03
2.090816965050225917e+03
1.760825362868041339e+03
1.703294280619038091e+03
1.910865588804529580e+03
1.290218900757839947e+03
2.773389184910327458e+03
1.742780783621405817e+03
2.167968528847744437e+03
1.665348176080493658e+03
2.119933738275748055e+03
2.332071294437424513e+03
2.361910908470859795e+03
2.472973318361718157e+03
2.301135324758389743e+03
1.697472539053300807e+03
1.802469315832413258e+03
1.405236052036230603e+03
2.101900624094910199e+03
2.353127345352407701e+03
2.311913948403354880e+03
2.206337630371933301e+03
1.878638197379149005e+03
2.268393105067849774e+03
2.255014960732570671e+03
1.850721382978214478e+03
2.027973787197858655e+03
2.088508378686836295e+03
1.790106723223892459e+03
1.652226076123928351e+03
1.742743716490865381e+03
1.923490402279239561e+03
2.252615723003899348e+03
2.341834063729785157e+03
2.263348986906186383e+03
1.925971789261352797e+03
1.758912782264519592e+03
1.702137850693959081e+03
1.910144202707987461e+03
2.351995335199525016e+03
2.432061736502125314e+03
2.388301688078013285e+03
1.644716698474094528e+03
1.124840054819236457e+03
1.332701627350817262e+03
1.942492997056082004e+03
2.348463058592781636e+03
2.372462600598331392e+03
1.752297689359265860e+03
1.819618555401486674e+03
2.423185695271035001e+03
2.586930103028790654e+03
2.173068499424733545e+03
1.727372615560208260e+03
1.953426560709382102e+03
2.192024166125685042e+03
2.659543503947526006e+03
2.601347827961477833e+03
1.794970204566954408e+03
1.296446620238044488e+03
1.465964268383417675e+03
1.964370528853420637e+03
