1.609278319115013346e+03
1.771153855916672455e+03
2.240680479624334566e+03
2.139664059143805389e+03
2.046322958081333582e+03
1.820203789968381898e+03
1.809149081528139277e+03
2.081962965973583778e+03
1.975697407138360404e+03
1.969187451712555230e+03
2.141303017704109152e+03
1.976112225826835129e+03
2.527883100133549760e+03
1.849259504757687637e+03
2.206580162869662672e+03
1.764785002151549406e+03
2.131730113360209543e+03
2.028055091085455160e+03
2.049921996673249396e+03
2.132504342698595337e+03
2.127610813090568172e+03
2.033900153149992320e+03
2.167711076112128012e+03
2.091443797029185134e+03
1.822317122140568017e+03
1.908469259290073978e+03
2.203447598346814630e+03
1.911699243897110819e+03
1.649404893367449631e+03
1.453935443514801136e+03
1.809110026208722275e+03
2.011644763073359172e+03
2.271785774017783297e+03
2.381391584164275628e+03
2.424862742467649241e+03
2.380294480792392733e+03
2.286991465175176472e+03
1.508952464948245506e+03
1.762655376796429891e+03
2.519252328300562112e+03
2.300165082592526687e+03
1.953221354742742278e+03
2.132910707761388039e+03
2.582462131234967728e+03
2.391910625586397600e+03
1.911444363372368343e+03
2.115033397938529561e+03
2.421274010899323912e+03
2.209548328823827433e+03
1.860137062187949368e+03
1.951911361385386726e+03
2.070130409427890754e+03
1.810218438254828015e+03
1.701010017868901059e+03
2.189129052831292483e+03
2.318901877598631927e+03
2.145160204572098792e+03
1.947052515646985512e+03
2.201252800610944178e+03
2.150890510087155235e+03
1.960412667535910032e+03
1.821047047200204815e+03
1.899877882123972540e+03
2.011637075542860202e+03
2.219599506472597113e+03
2.040775297326190866e+03
2.097176349870719605e+03
2.066897209665743958e+03
1.816269192488721501e+03
1.612079695420028884e+03
1.959486229725851217e+03
2.426420029626284759e+03
2.337236078218561943e+03
1.877331569063838742e+03
1.694590541642775861e+03
2.119714511583033527e+03
2.095049867679104864e+03
2.332668829058452047e+03
1.972102568274409123e+03
1.507324461212419919e+03
1.733651903788392474e+03
2.344692424891921746e+03
2.193967875166936210e+03
1.908499077275492027e+03
2.244900817478480803e+03
2.221792062374533998e+03
1.998464737270226578e+03
1.557304049545042290e+03
2.066838206781355893e+03
2.321436965219240392e+03
2.250146604945869058e+03
1.900776465194797083e+03
2.293168573749182087e+03
2.472571188670235642e+03
2.094197020665638320e+03
1.654320597203733087e+03
1.435196281996817561e+03
2.384414410622730884e+03
1.427687487940804886e+03
2.230586958097961542e+03
2.177173820520848949e+03
3.962796190993209166e+03
8.810995984260324576e+01
1.160598416456068890e+03
3.134693472290032332e+03
1.845158790110559039e+03
1.880361904585051207e+03
2.186944163168346677e+03
2.038829997051421287e+03
2.061512430861727807e+03
2.211645916876550018e+03
1.770757374235229236e+03
2.124814295071623292e+03
1.838261971943948311e+03
2.107678487220732677e+03
2.203987492306720924e+03
2.252004047532048389e+03
2.266505399852123901e+03
1.894715823407664629e+03
1.682757171368582249e+03
2.138061308916266171e+03
1.956764328540571569e+03
2.011068613580932606e+03
2.050541053582194309e+03
2.125022210056306903e+03
1.669516282631768490e+03
2.492397037918801743e+03
2.345622039639916238e+03
1.747163569046281054e+03
1.760691799813361513e+03
1.846928793044091890e+03
1.868645834014612774e+03
1.927897347740027953e+03
1.970623274538859960e+03
2.029595538730007320e+03
1.990494949022212040e+03
2.520386967625343914e+03
2.419207207613114861e+03
2.451406133065238464e+03
2.305714588073092273e+03
1.644518285168399188e+03
1.514371183681113052e+03
1.499733672955812153e+03
1.597016197730588374e+03
1.718951283265562779e+03
1.850619379876256517e+03
2.064498249797675726e+03
2.175412559753814548e+03
2.077608167824681914e+03
2.262426484164933754e+03
2.681212502911049796e+03
2.032236258171481268e+03
1.547637803629915652e+03
1.122550222758520249e+03
1.757744480467753419e+03
2.788294564504103164e+03
2.476814930843816001e+03
2.310472267241148529e+03
2.262043840091924267e+03
2.237862574981843409e+03
1.975864872191120639e+03
1.679623679222771671e+03
2.017201288106188258e+03
2.065809923728298600e+03
1.913305179117364560e+03
1.845870176374070525e+03
2.084741557552524682e+03
2.282027165294670795e+03
2.083399476308987232e+03
1.822197704145318085e+03
1.897656808708036124e+03
2.286785359168844025e+03
2.145927147176857034e+03
1.820611994893721885e+03
1.759648092851093452e+03
1.810903798295458046e+03
2.107538159719252690e+03
2.280885983502646923e+03
2.351346283489529014e+03
2.166018117640454420e+03
1.863682703020864437e+03
1.815699416631503482e+03
2.217989355836383766e+03
2.285775245932383314e+03
2.128217937089199040e+03
1.937052616644435375e+03
2.507667902816938295e+03
2.395285484643147811e+03
1.834861731137140168e+03
1.591844053779828300e+03
1.835275829633473450e+03
2.253877717401916925e+03
1.978452218659934942e+03
2.024147963915753735e+03
2.130330402027294895e+03
2.094503223839169095e+03
2.198607396071117819e+03
2.099737394409630269e+03
1.919594038664782602e+03
2.058417229946083808e+03
2.035050397365326489e+03
1.918456336731304873e+03
2.173512786010438958e+03
2.016906767136911867e+03
1.803366306446814178e+03
1.917491906110944001e+03
2.178197011011997347e+03
2.100118786864605227e+03
2.351209369505906125e+03
2.142237761805150967e+03
1.962268895316267617e+03
1.954823983796572975e+03
2.200966597169286615e+03
2.246153213903005053e+03
1.852958976954473428e+03
1.855592796020154537e+03
2.077272490968858165e+03
1.962296509175979736e+03
1.615215618680413172e+03
1.705713327419756979e+03
2.662606735092089821e+03
2.578637796957363207e+03
2.253955342702037797e+03
1.704640642380037207e+03
1.643685417243749271e+03
2.704907839949190929e+03
2.377833952104223499e+03
1.802217897414682739e+03
1.766359705327389065e+03
1.820189084673555044e+03
2.153141603499190751e+03
2.160512134156653246e+03
1.846761639681335737e+03
1.814991799991916423e+03
1.876436775099130728e+03
2.120345932509429986e+03
2.058109007269745689e+03
1.728187914683870531e+03
2.542170209674457055e+03
1.152611872141796312e+03
2.523862903966104568e+03
2.409829172034808380e+03
2.057382403825277834e+03
2.456879851234965827e+03
2.080437130911882832e+03
1.567703253791949919e+03
1.870901966721421786e+03
2.310497513125082151e+03
2.443048225586409444e+03
2.170543257960442588e+03
1.768113622827724839e+03
1.884571842653838985e+03
2.626812709356730011e+03
2.442413686436027092e+03
1.963408738845989546e+03
1.772754613468864818e+03
2.243698564111126416e+03
1.933515528874591837e+03
1.749746132368410827e+03
1.627798122421026164e+03
1.646417887706150395e+03
1.881509143132661620e+03
2.107206612005423722e+03
2.604518389046473658e+03
1.835263018221952052e+03
1.947123576795931967e+03
2.001964495859873523e+03
1.851257134331718589e+03
1.549429558714654377e+03
1.585440618452950048e+03
2.496334837028625770e+03
2.523929798833250516e+03
2.407552749393449176e+03
2.294234132480957214e+03
2.268247977941538920e+03
2.483656789232362826e+03
2.349578554956071457e+03
1.994449632590731198e+03
1.796846138487743247e+03
2.334511322731949804e+03
1.831827016983250815e+03
1.728737402472441318e+03
1.794250331033494604e+03
1.705475601119737576e+03
