1.491492297416287101e+03
1.874551628715428251e+03
2.570008277497871404e+03
2.210957137005510049e+03
1.413995202869776449e+03
1.786427980240937814e+03
2.173924912402788323e+03
2.523149690855643712e+03
2.268862567274854882e+03
1.676905635662658597e+03
1.543421060860456691e+03
2.073779092561001107e+03
2.478715791461893787e+03
2.709181480093526261e+03
1.742831797077573810e+03
1.365647050972644138e+03
1.939480995878712974e+03
2.573081429563898382e+03
2.526379618226073035e+03
1.808181655017483763e+03
1.487276526156066211e+03
2.138791108813115443e+03
2.365215156567812755e+03
2.291059494163954696e+03
1.933867403456265265e+03
1.682941529448047504e+03
2.046442024904803020e+03
2.478558564267736983e+03
1.927022652445566109e+03
1.674351051241428422e+03
1.703145067238713182e+03
1.724985408907714145e+03
2.347434096335996401e+03
2.569094483930916795e+03
1.581886703892315154e+03
1.526870599195005752e+03
2.203364389659168864e+03
2.237554274489281397e+03
2.621181001688586093e+03
2.498389920557734968e+03
2.155814700838480348e+03
1.509145972606185524e+03
1.291492557149027562e+03
1.923612432544180137e+03
2.712026622176872024e+03
2.577794005981321789e+03
2.108321432151253248e+03
1.547556750024192297e+03
1.601613544526207079e+03
2.066109329280872316e+03
2.620852064157612404e+03
2.547321021211698280e+03
1.686884387447140853e+03
1.449372582336705591e+03
1.947106395268826645e+03
2.514763432305074730e+03
1.991728550183531524e+03
1.863288265985301678e+03
1.786121180828061370e+03
1.698462563310770975e+03
1.992217312115313007e+03
2.488899857446589522e+03
2.587323110606608680e+03
1.575533243786990624e+03
1.379402637387713867e+03
2.435381411872566787e+03
2.589863412139551656e+03
1.531250984822764622e+03
1.411924686863721490e+03
2.068618144359324560e+03
2.220118332956374616e+03
2.230936255574406914e+03
2.223141639507880882e+03
1.899681777539725090e+03
2.054292525287168701e+03
2.564408121965096143e+03
2.463807526547132056e+03
1.178261454758060154e+03
1.724108469908476536e+03
2.008051697818697221e+03
2.231518272321290624e+03
2.348816718522350584e+03
2.154992386441142571e+03
1.759723863703229199e+03
1.543540497783747242e+03
1.898295141617699073e+03
2.492536957420036742e+03
2.714390090425382823e+03
2.142318909329635517e+03
1.370439639922463357e+03
1.703376337909261338e+03
2.389051118686649716e+03
2.357023193248601274e+03
2.132533403632951376e+03
1.755528748498922369e+03
1.840250534845852371e+03
2.444212332063727445e+03
2.700156789385301636e+03
2.447507766093229293e+03
9.086510264632198641e+02
1.244042451565831470e+03
1.600612920600652274e+02
2.909853456193740385e+03
1.929223860209766372e+03
2.355044122141266143e+03
1.764469142349912090e+03
1.716080423700977462e+03
1.955305046274848110e+03
2.318437268986467188e+03
2.211775441972629778e+03
1.872122890751593786e+03
1.512912484729758944e+03
2.195293099008296394e+03
2.585362386872046955e+03
2.803288297154831980e+03
1.743188632721710292e+03
2.026538047427599395e+03
1.817533303227341776e+03
2.281290626665721447e+03
4.034966843656112360e+03
1.123856390652019400e+03
1.292231278251532103e+03
1.262932943358243620e+03
1.617315365088711133e+03
2.155567002413406954e+03
2.134294964795436499e+03
1.600482575967027515e+03
1.354956902576983339e+03
1.859549246362525764e+03
2.652153344618664505e+03
2.989372900749191558e+03
1.839595257022079522e+03
1.185423480312184438e+03
1.658726031783271310e+03
2.585935302662293452e+03
2.565240706740501992e+03
1.681659892300876891e+03
1.797831719840562982e+03
1.787666280140178515e+03
1.989281829779370128e+03
2.261730585398546282e+03
2.364502281651370140e+03
1.797096749362170840e+03
1.828676660257712683e+03
1.836905952378308257e+03
2.116779314640550638e+03
2.246103191739614431e+03
1.839119027447125973e+03
1.871343253764364135e+03
1.856414992227079892e+03
2.147898476486941945e+03
2.458216409077435401e+03
2.702681405450900911e+03
1.845984305911504634e+03
9.898257623463024402e+02
1.714719715979533930e+03
2.426658234807366171e+03
2.716545015297996997e+03
2.225746796145528151e+03
1.837822209027655390e+03
1.353450135633668197e+03
1.579251330319179033e+03
2.119679695616965546e+03
2.321057555315528134e+03
2.313985251364415944e+03
2.203814224972653392e+03
1.979370771983734357e+03
1.786952870550119542e+03
1.773990009088050101e+03
2.117811642737008697e+03
2.472773850025047068e+03
2.767033732917142061e+03
2.857289930135662871e+03
2.149005449418389162e+03
1.220304015442446598e+03
1.379555432498234040e+03
1.976594331295382290e+03
2.201984469314301805e+03
2.544596184109439491e+03
2.240884292655175159e+03
1.691219770671970537e+03
1.668932210600914232e+03
1.667000499621733979e+03
2.144626495974801401e+03
2.338066761408452749e+03
2.438273452612563688e+03
2.210103256061525371e+03
1.711894567716478377e+03
1.737878906600135224e+03
1.898586667680515120e+03
2.033539622900369977e+03
1.402116383658180212e+03
1.864036340617662063e+03
2.802515541575879524e+03
2.863919272589955199e+03
2.409449172347772219e+03
1.614355255344188208e+03
1.295291871613873582e+03
1.883260484618125474e+03
2.958882396725329272e+03
2.722267713035067118e+03
1.755040970004428118e+03
1.962433919245205288e+03
2.092051698585145004e+03
2.264076532993686214e+03
2.282944309030563090e+03
1.876061603038722978e+03
1.672223754251186847e+03
2.117588446612213374e+03
2.362335540322443649e+03
8.726766692106878054e+02
1.391273975803161647e+03
2.453057907006349978e+03
2.928275103365098857e+03
2.508406560311818794e+03
1.271781539815340238e+03
1.341496253778581149e+03
2.196720609668631369e+03
2.160074220299368335e+03
2.005092839722721465e+03
2.125805216925786226e+03
1.819927107156388274e+03
1.964707457015176033e+03
1.538401535317382013e+03
1.097025464547535876e+03
2.263865892503608848e+03
2.178691793791294913e+03
1.875931400191134117e+03
2.361820025047900799e+03
2.299752644670071277e+03
2.440844627563873473e+03
1.941691235895998261e+03
1.779008014210656938e+03
2.183335584722679869e+03
2.237342027941136621e+03
2.302349027113796637e+03
1.927721009404385313e+03
1.615951467906337257e+03
2.248340249354883326e+03
2.139328068550729768e+03
2.308286507636768420e+03
1.928981932235402610e+03
1.563371654080537155e+03
2.007131110625008432e+03
2.340147901859796093e+03
3.294503436470197357e+03
2.066626344160284134e+03
1.291783910581094460e+03
1.399285762290708817e+03
2.037361668180052220e+03
2.094096310429317327e+03
1.744272230681949168e+03
1.507565092459109110e+03
2.001131761275765029e+03
2.531244601861671981e+03
2.821769597207134211e+03
2.414179995952029003e+03
1.645187713117637259e+03
1.312822094441695526e+03
1.681033593587307223e+03
2.403741479494744908e+03
2.896509110225274526e+03
2.352557267552704161e+03
1.557098939616069174e+03
1.024408037384036106e+03
1.644105786112244914e+03
2.255271014467225086e+03
2.666058934508493621e+03
2.433575488628764106e+03
2.178986057558986431e+03
1.049522810831097786e+03
1.615420090664837289e+03
2.014439855431368869e+03
2.683515756074232741e+03
2.903452284797910124e+03
2.320078132885663308e+03
1.497481257042745028e+03
1.321391340428398962e+03
1.894349755600688695e+03
2.479215819063111212e+03
2.994203612135691401e+03
2.479403560401153754e+03
1.499363819634246738e+03
1.008521541437161659e+03
