2.684205769526501626e+03
2.234428658773723782e+03
1.811340546338200738e+03
2.704602947094736919e+03
1.229081921262042215e+03
1.926427971356794387e+03
2.847765565615577088e+03
1.548107105694099118e+03
2.651431414850685087e+03
1.784708036512319723e+03
1.298912157212290822e+03
2.774898099963356344e+03
2.007241753195329238e+03
1.673376450478026982e+03
2.734645939012834788e+03
1.360847560570909536e+03
1.706026816442885092e+03
2.392377279937678850e+03
1.768587863479070393e+03
2.539256232598833776e+03
1.827283976786951598e+03
1.448419914373469283e+03
3.152889803144868438e+03
1.637941694453934360e+03
2.034359176505051892e+03
2.482087818548986434e+03
1.116134682206913112e+03
2.811226588510372949e+03
2.421678487841513743e+03
1.264762259567833780e+03
2.486496377172758912e+03
1.552238292473005913e+03
2.008522678817061660e+03
3.001430108242846472e+03
1.232132336844957763e+03
1.844352167967451805e+03
2.502246360084520802e+03
1.689569852586826528e+03
2.335851984012334015e+03
2.269663470422551654e+03
1.045863808354070216e+03
2.903918060004539257e+03
2.151673109734367245e+03
1.285847399934340046e+03
2.348703749243627044e+03
2.333356245118083280e+03
1.453023271535561889e+03
2.349183179491373721e+03
1.798231704001882463e+03
1.863103716294003561e+03
2.449838245731163170e+03
2.042149906135596666e+03
1.655349111427039588e+03
2.429569490354023856e+03
1.994464118596951948e+03
1.719024211869222881e+03
2.441015158904855070e+03
2.696559043848048987e+03
1.456444931092764818e+03
1.580567109340494881e+03
2.416471109680046993e+03
2.208974637535210150e+03
1.584571946271074466e+03
2.169996843645481931e+03
2.638040562735085587e+03
8.660031989915627264e+02
2.462685007701274571e+03
2.919643605766746077e+03
1.244358688428685355e+03
2.203814073677753640e+03
2.220209102232565328e+03
1.616051174715477146e+03
2.182278955140426660e+03
2.666093895003958551e+03
1.343485138060311328e+03
2.145078249615638924e+03
2.174521237523717446e+03
1.754811783843785861e+03
2.413676542248798796e+03
2.102984526631986682e+03
1.547506667874460618e+03
2.014168855388653810e+03
2.432691873292791115e+03
1.698674629648867949e+03
2.155914397037507570e+03
2.257745123777744993e+03
1.620288299675167536e+03
2.216523606427414052e+03
2.522608183369447943e+03
1.580508398718981880e+03
1.970539270110297821e+03
2.555059686605834941e+03
1.626273634449781184e+03
2.315200621429388775e+03
2.398210131248733433e+03
1.038620527097579043e+03
2.663492462997101939e+03
2.876188676104161914e+03
1.345098219124548905e+03
1.832511075986028118e+03
1.790555592631408217e+03
2.971701638090934011e+03
1.712018841098143184e+03
9.949267550550384840e+02
1.753426721284674386e+03
1.788563475566204943e+03
1.787166071095856978e+03
2.369701434385704943e+03
2.017167631760825543e+03
2.499395271658684578e+03
2.377229336123808935e+03
1.957273375077408900e+03
1.810649847479632854e+03
2.481984676408078485e+03
1.673525679973001843e+03
2.232978420333777194e+03
2.252502785909251998e+03
2.124613865494293805e+03
2.625631115699772636e+03
2.447552729441973497e+03
1.867903931676759157e+03
1.539616362404959546e+03
2.647850306158994044e+03
1.684453625412078964e+03
7.477613233419294829e+02
2.331743848680759129e+03
2.666138207006317771e+03
1.706174666615102751e+03
1.836650972436663778e+03
2.397949132607084721e+03
1.547905882530028748e+03
2.154799921195213756e+03
2.466672639766467455e+03
1.710802615871978105e+03
2.043168814483140977e+03
2.479278570298707109e+03
1.448740034961713491e+03
2.201372006672590487e+03
2.903775287996119459e+03
1.605250100115699070e+03
1.930920875261182573e+03
2.710961681359419345e+03
1.443021416431027546e+03
1.572288462125890419e+03
2.349740160328841739e+03
2.324387198724508380e+03
1.082544254978727395e+03
2.708346306709525834e+03
2.455135473232675395e+03
1.275759131972285331e+03
2.251575660596529360e+03
1.939814016581853593e+03
2.063311189656793431e+03
2.730678028989505037e+03
1.900806816572553089e+03
1.375327031167368204e+03
2.725793034650005666e+03
2.333823099688835100e+03
1.494767664603535195e+03
2.802156413726640039e+03
1.288397093920786119e+03
2.042417130501518386e+03
2.896000468452362384e+03
1.411792226088351981e+03
2.148920763188239562e+03
1.974312560485830090e+03
1.460140813981676729e+03
2.863602030910520625e+03
1.880692835869492910e+03
1.702346150977425850e+03
2.529872859499286733e+03
1.671849897468936888e+03
1.929092304937614699e+03
2.709438517568977204e+03
1.404460007610737648e+03
1.516312129228226468e+03
2.941987170368152420e+03
1.539515586862218015e+03
2.303834594513913544e+03
2.408015858556564581e+03
1.167071630437747217e+03
2.780569750180642131e+03
2.307972284978233347e+03
1.215798324826385624e+03
2.166132002403362094e+03
2.614671436664690191e+03
1.392483471184744076e+03
2.049383754864904404e+03
2.481017324061931049e+03
1.530401170426846647e+03
2.252681542717638422e+03
2.326364599071817338e+03
1.358298849004811927e+03
2.510076513718060596e+03
2.516725957607169676e+03
1.653117542707372650e+03
2.014968497680299834e+03
2.436798073217912133e+03
1.819663979421836075e+03
2.368813796102044307e+03
2.176601264657491811e+03
1.290810220942374599e+03
2.695107519518628578e+03
2.540662362609492448e+03
1.294855981085597705e+03
2.819263539194216264e+03
1.763858074801413522e+03
1.602742016611840882e+03
2.560049662256734337e+03
2.144838968930952888e+03
1.767489879934395503e+03
1.609737695060672877e+03
1.360451934807351790e+03
3.114954907415753951e+03
1.473721325803524905e+03
2.239001794027714368e+03
1.818153631971027153e+03
9.667728626696824676e+02
2.851229150095034584e+03
2.358196143673812003e+03
1.677393767334788208e+03
2.467980902399469414e+03
1.518357075936607544e+03
1.911334719528125106e+03
2.536729796253923723e+03
2.182849313132242969e+03
1.744216014040593109e+03
2.521272108012262379e+03
1.477565981708875142e+03
2.284798383645634658e+03
2.346112139056537217e+03
1.771351002027039385e+03
2.216869096310244458e+03
1.991364667332701629e+03
2.098765235255958487e+03
2.682048247570840886e+03
1.886008975714102462e+03
1.074527632392910846e+03
2.972617183237908648e+03
1.346109094871449088e+03
1.765499341894595318e+03
2.402693309189241972e+03
1.301436823350130908e+03
2.696071710257896484e+03
2.194010237215351481e+03
1.104565674971302315e+03
2.528647059160813569e+03
1.722875498010362207e+03
2.078438711371265526e+03
2.549817645198641003e+03
1.433113167498426492e+03
2.349753200954451586e+03
1.887414706313621537e+03
1.946965251405664503e+03
2.576181209603272237e+03
2.071505821187478887e+03
1.529352605016683810e+03
2.248017069384892693e+03
1.967510668619803027e+03
1.917475793495104881e+03
2.707659097161485988e+03
1.497406332742229779e+03
2.125999322997244235e+03
2.260022581460235870e+03
1.735855952593156871e+03
3.131077403403835888e+03
1.531101794471428093e+03
1.425915514529417806e+03
2.222706819827722938e+03
2.107313892993109675e+03
2.749581133308750395e+03
2.422213518318190836e+03
2.175677060762790916e+03
8.283200897612661038e+02
2.144449219020663804e+03
1.693582514803648792e+03
1.826951557353098906e+03
2.377253412272072183e+03
1.781227648924418418e+03
2.243192349583837313e+03
2.223820480403620422e+03
1.844843933126284583e+03
2.659976467124055944e+03
1.758998096265465620e+03
