2.119999251126066156e+03
1.837115480024375984e+03
1.748798211043857691e+03
2.578795775790817515e+03
1.475358019643257194e+03
2.046503418697438292e+03
1.927740407104620772e+03
1.586113696164251678e+03
2.529750023717786462e+03
2.007226760897305894e+03
2.144820669862857812e+03
2.377552206298412329e+03
1.455800439188847804e+03
2.792886073015351030e+03
1.624519042820230652e+03
1.899324960011584153e+03
2.771511402728342091e+03
1.310290999339968494e+03
2.279400528124801895e+03
1.735372112306948338e+03
1.674180174329681449e+03
2.641015908460822175e+03
1.600801944646244465e+03
2.029512874391836704e+03
2.151600674103398433e+03
1.604845167041332843e+03
2.609114750556478157e+03
1.605688317722037482e+03
2.085919644061565123e+03
2.434889975539667830e+03
1.457450252158445892e+03
2.689203050888747384e+03
1.470309155536163189e+03
1.916527883339409300e+03
2.616163499080763813e+03
1.628024070632809298e+03
2.555401909415094906e+03
1.737497999416118091e+03
1.527115562650149286e+03
2.850330967312816483e+03
1.155870777661068587e+03
2.264004776246065376e+03
2.239054855266836512e+03
1.346916431332742150e+03
2.762099840016402595e+03
1.335448462300972324e+03
2.038740413113928525e+03
2.509982299708711707e+03
1.260475745801719313e+03
2.555063175628973568e+03
1.742901550104094667e+03
1.782629207393285924e+03
2.931044910142205481e+03
1.368344959980630165e+03
2.076871849312430186e+03
2.374292818772117243e+03
1.497041163079727085e+03
2.908435805158521362e+03
1.462916709627941145e+03
1.573760133714336007e+03
2.866355931392369257e+03
1.340706649172324660e+03
2.552307433059731920e+03
1.812743111913712482e+03
1.404495153711877265e+03
2.746702201395168686e+03
1.681492088920586411e+03
1.958864132283244771e+03
2.457052411368386402e+03
1.372013686036837271e+03
2.597117645133100723e+03
2.181486687291316684e+03
1.406910445295289492e+03
2.596734093997315540e+03
1.469258124415423481e+03
1.986758874762029109e+03
2.614603761385536927e+03
1.296528294211709181e+03
2.440263722212992889e+03
2.030657921664895184e+03
1.582930413718157524e+03
2.712028813153353440e+03
1.458088226646016665e+03
1.921001580318868264e+03
2.706404833153408163e+03
1.387984704391616560e+03
2.084641692915643489e+03
2.232015328820115428e+03
1.473980801180901608e+03
2.440335249837791707e+03
1.754393554418286612e+03
1.662591334268202218e+03
2.605447482636156565e+03
1.674369857276291668e+03
1.945648032425511019e+03
2.483621022685661956e+03
1.643899484393279408e+03
2.192170433852138558e+03
1.262185259812017193e+03
1.331959639437790202e+03
2.675524656099213189e+03
1.273715982571600989e+03
2.598371003424047558e+03
2.850647338750290146e+03
1.825872368324304034e+03
1.683988200457336006e+03
2.299965454681966094e+03
1.898083024683305439e+03
1.847480302500950756e+03
2.071668051955055034e+03
1.997067009057647510e+03
1.939300032102584282e+03
2.223455251008211690e+03
1.849583401737411577e+03
2.265540837058940269e+03
1.963036618089795866e+03
1.827534067043796085e+03
2.550421472648120925e+03
1.931492354912756127e+03
2.753485494614746585e+03
1.409912547861226813e+03
1.505514826296619049e+03
2.544497044397942773e+03
1.558325305371894501e+03
2.015595888323168083e+03
2.019310747467445481e+03
1.705644819728950552e+03
2.487507302368296223e+03
1.650923516357381004e+03
1.948461727009699189e+03
2.262133632347936327e+03
1.349722694581848828e+03
2.602133876690549187e+03
1.679942455334053648e+03
1.848311407557219127e+03
2.392087801415947524e+03
1.539094055993303073e+03
2.487683182115884847e+03
1.702977428954785637e+03
1.957401296834904088e+03
2.567397686197533858e+03
1.513111499690122855e+03
2.609874555611367668e+03
1.590714607056963359e+03
2.005194405440345236e+03
2.199585347768833799e+03
1.638713604844384918e+03
2.635606205389227398e+03
1.672827747928511144e+03
2.109549559793014851e+03
2.288950166885903400e+03
1.573040709154818160e+03
2.588593900210782522e+03
1.654661087098291318e+03
1.788992365966196758e+03
2.492601028643102836e+03
1.706930452116218248e+03
1.857023519373709405e+03
2.151755481659884936e+03
1.518103956018018835e+03
2.662376400590331286e+03
1.554976363071870537e+03
2.088614076992923856e+03
2.368141963674938324e+03
1.459792857643119078e+03
2.649240716598664221e+03
1.674835957073359168e+03
1.903020980313855034e+03
2.462717210583302403e+03
1.388747036395958958e+03
2.193440535340168026e+03
1.913328437490004262e+03
1.631560018681149131e+03
2.387953782512478938e+03
1.747311250890427800e+03
2.193922303007099799e+03
2.305135503416041047e+03
1.523404997945834566e+03
2.810462813403230939e+03
1.549988325266230504e+03
1.971178045480809715e+03
2.694662397678151137e+03
1.161535287467449507e+03
2.759027389804378345e+03
1.656137750783521369e+03
1.656221321283149791e+03
2.824455059833916039e+03
1.280592100020475982e+03
2.139425888911663151e+03
2.229422092616709506e+03
1.590250454283564068e+03
2.400796025290395846e+03
1.851163877876672359e+03
1.843457074321393748e+03
2.547840688995812343e+03
1.422414845362321330e+03
2.184459999870279717e+03
2.367970271249318557e+03
1.342950631292815160e+03
2.749338322826591138e+03
1.683971855845833488e+03
1.444281048957024950e+03
2.787943866425005581e+03
1.313225922174032803e+03
1.806962011947166957e+03
2.825623113455711973e+03
1.416343216556090056e+03
2.386374042142802409e+03
2.231676894352086947e+03
1.248338456083667779e+03
2.953436555017683077e+03
1.530153048747724597e+03
1.778250293519191246e+03
2.831564102581219231e+03
1.245931719351457559e+03
2.585183235134302322e+03
1.906562335186103383e+03
1.692783936445323661e+03
2.730320156634683372e+03
1.459367802300457015e+03
2.163048799170856000e+03
2.273558072826056105e+03
1.522598075112668994e+03
1.715896165522187403e+03
6.466500950063831397e+02
2.925728547049897315e+03
2.884985925904204578e+03
1.191793320665528654e+03
2.791470397295731345e+03
1.841328021318546917e+03
1.742550662114025727e+03
2.417863230344582917e+03
1.738542747880738034e+03
2.586495274403298481e+03
1.881228250574289632e+03
2.061170771388020967e+03
2.220305308342651188e+03
1.924841606209711472e+03
2.075533841558017684e+03
2.172166782164514188e+03
1.681698738636170674e+03
2.263764469466403170e+03
2.016714661894435949e+03
1.508591236825609258e+03
3.839344653845230823e+03
9.956779794157079095e+02
1.432080735977965560e+03
2.305388903540424508e+03
1.231560862525125458e+03
2.451202032104011323e+03
1.899204520516268303e+03
1.706471260054279583e+03
2.573614866947183145e+03
1.550856897118271036e+03
2.132432758714920055e+03
2.429411247983963676e+03
1.506034140236560688e+03
2.598661878906162656e+03
1.768182925814230657e+03
1.694798489791690827e+03
2.788668072884395770e+03
1.337924840522612840e+03
2.189215393306404167e+03
2.339271724287488723e+03
1.374925953831774905e+03
2.712785746264907630e+03
1.639567449139397468e+03
1.716790709320177029e+03
2.755168497801421381e+03
1.407651211134854066e+03
1.911578800869699080e+03
1.788460249183716996e+03
1.368546852607852543e+03
2.603588334233436399e+03
1.925511814728148238e+03
1.716661244725479492e+03
2.723049484605939597e+03
1.698561919401872046e+03
2.052643128722605070e+03
2.468763298619502621e+03
1.494747072177832251e+03
2.534280124638326015e+03
2.040248847857131977e+03
1.584216797921814305e+03
