2.208962564831112559e+03
2.339717536602527161e+03
2.096502787320108382e+03
2.220018260362973251e+03
2.369502494141124771e+03
2.278960466804403040e+03
1.702579335692507584e+03
1.669660158919365585e+03
1.606931719239539461e+03
1.372684539328412484e+03
1.391949837941764599e+03
1.483061481986335821e+03
1.902147547099296617e+03
2.020965016324309317e+03
2.171329791748351909e+03
2.201184836990576514e+03
2.429730838133486486e+03
2.499899604717149487e+03
2.382478102099977605e+03
2.089862395846406343e+03
2.309556343203989400e+03
2.289547595047109553e+03
2.007079619037018801e+03
1.695037827749062444e+03
1.901643403782065434e+03
1.848073197438894795e+03
1.594144949058082375e+03
1.600402919356163238e+03
1.704523238415275728e+03
1.705761759079463445e+03
1.507427176420802425e+03
1.445363892591331023e+03
1.639614883821895091e+03
1.654375160209666547e+03
1.518646346108288526e+03
1.423933461839322263e+03
1.644876919036856407e+03
1.655212840123252363e+03
1.462551507738024384e+03
1.480939969083930237e+03
1.636867613914251706e+03
1.791204475259077526e+03
1.760701232273214146e+03
1.746579257132194016e+03
1.860673409255482738e+03
2.051956838970374974e+03
2.067436155961602708e+03
1.857705887028478173e+03
2.070434631398147303e+03
2.103826469989115594e+03
2.273362422648734082e+03
2.098923236158067084e+03
2.123121312966753976e+03
2.254566935763944002e+03
2.351277326662974701e+03
2.213090473244820714e+03
2.118654153555985431e+03
2.295396090854643717e+03
2.251604707134069031e+03
2.076641194771464143e+03
2.010402674953844098e+03
2.094024894830249650e+03
2.061872712190387119e+03
1.822773109142973226e+03
1.625152665981488099e+03
1.878714631469844790e+03
1.747789644647301202e+03
1.790244504085317658e+03
1.541545944387372401e+03
1.352541499883742063e+03
1.542619309081458596e+03
1.417588532678450065e+03
1.827794261335835017e+03
1.735074121399648448e+03
2.041810949375013251e+03
1.965010474820123591e+03
1.970824997156956215e+03
2.073162660245081042e+03
2.166605444204132255e+03
2.185180315061039892e+03
2.127721677547516720e+03
2.163949330633706268e+03
2.204026755884438899e+03
2.221844242098454743e+03
2.150486150770450877e+03
2.406425751949502228e+03
2.388420348499378179e+03
2.236403197182812164e+03
2.181781963057621397e+03
2.326036873631021990e+03
2.339321700822272760e+03
2.043207602072329564e+03
2.168342610719999811e+03
2.109221996188284265e+03
2.023326642800073614e+03
1.759445260480555362e+03
1.835684931743797506e+03
2.006314143214879323e+03
1.909163312593708724e+03
1.764212999192297502e+03
2.251511237195735703e+03
-3.863623699459068206e+01
1.369758557755878428e+03
4.114817844673110812e+03
3.146047361573897433e+03
4.287388429495203127e+03
5.365978712290424255e+02
3.936641211390446642e+03
2.444988524848389261e+03
3.370767419662524389e+03
7.953920343015722665e+02
3.464032617950268218e+02
3.050115377037790950e+03
1.822674556604270037e+03
4.117002581865902357e+03
-2.897088803713468224e+02
1.874992086607063129e+03
8.438924452143772896e+02
1.270823129546933615e+03
3.297973746462925646e+03
-1.240240516421480379e+02
1.016135572864899586e+03
2.057336796359535128e+03
1.925447777150722686e+03
1.803969043747702017e+03
1.809533573915211718e+03
1.819189058399447958e+03
1.884490146242112132e+03
1.882220249308343909e+03
1.855526952461830660e+03
1.875274725923786946e+03
1.861332605039387317e+03
1.858242752419202134e+03
1.794124568253248754e+03
1.875917629200356942e+03
2.041706059034090458e+03
2.022218055033528799e+03
2.019182515686166653e+03
1.996317977577337842e+03
2.230759594389038739e+03
2.238135014150171628e+03
1.982693157604706357e+03
2.091238059956740017e+03
2.130706263625294014e+03
2.079541409161413867e+03
1.858703914537075207e+03
1.968955078395059445e+03
1.921121454859841833e+03
1.726378907003318318e+03
1.428977919910183573e+03
1.570465888357811764e+03
1.580589687454252953e+03
1.636461766503174886e+03
1.648244527737651651e+03
1.887623607490284257e+03
1.916113193212378746e+03
2.038091874663006365e+03
1.899769264751436822e+03
2.191535247714342404e+03
2.298169813638788128e+03
2.317523221139410907e+03
2.061787712255404585e+03
2.100478226044102485e+03
2.275251879893709884e+03
2.250788872943543993e+03
1.964826916578537748e+03
2.061148290264387470e+03
2.063527750416374602e+03
2.060689829551327421e+03
1.855285130585247998e+03
1.919662543827227410e+03
1.888555217265156216e+03
1.985428402774323104e+03
1.895188618868171034e+03
1.974975857579034255e+03
2.091729094703428473e+03
2.046281482076296015e+03
1.970982082850348661e+03
2.090603766187476594e+03
2.187598624037154423e+03
2.239658231457573947e+03
2.034880209269681473e+03
2.189891361260552003e+03
2.245399342614252419e+03
2.257125600348594162e+03
2.144505734489694987e+03
2.260553806190114756e+03
2.290910932756268721e+03
2.160628114173510312e+03
2.025524072746967704e+03
2.194406153244034158e+03
2.094196079813950746e+03
2.006051260464523693e+03
1.925560032208018811e+03
2.063967940265893958e+03
1.998599720549869971e+03
1.835008603775207803e+03
1.926197675261832501e+03
1.873900449878425889e+03
1.728661061745782490e+03
1.535559116836319845e+03
1.556270029223969686e+03
1.629222807716898842e+03
1.595359986146703022e+03
1.510490785902717334e+03
1.450663326413909317e+03
1.725509890916489212e+03
1.618365890137473798e+03
1.619411737619479027e+03
1.529659010195254496e+03
1.750813631227065571e+03
1.745779508520862009e+03
1.882600863606026678e+03
2.069185765474676373e+03
1.974171553424780768e+03
2.310080807852631096e+03
2.410654420426184515e+03
2.267975427605772893e+03
1.970807600056843285e+03
2.057476491443916530e+03
2.121146516135429465e+03
1.778112411202283056e+03
1.542119512977214754e+03
1.558383950318994948e+03
2.903820069522487302e+02
-1.266436361863908502e+02
4.420664904251518237e+03
-2.090441794764113013e+02
4.374497136837157086e+03
1.087529545563630109e+03
4.333221983165411075e+03
5.463683006331926890e+02
2.704220280360520974e+03
3.364233012055841300e+03
9.790400561828448645e+02
4.235878429670151490e+03
3.865277671724385300e+01
2.774080806779108570e+03
2.692235914408018743e+03
3.630890687707384359e+02
3.985439260811250278e+03
3.975227213510252113e+02
3.154274326378200385e+03
2.123623186447264743e+03
4.201180110608397626e+03
4.441559688499613685e+02
-6.067652098304090913e+00
4.633996269365690637e+02
9.261607913147981890e+02
1.476924998385529989e+03
1.732519180848534006e+03
1.712572432386804621e+03
1.892258259680817218e+03
1.913652643811314874e+03
1.882465377349570417e+03
1.878591653728228721e+03
1.907329346895528715e+03
1.930387769795593613e+03
1.878931362529492390e+03
1.784136657510815667e+03
1.885884354146667647e+03
1.805574265896406814e+03
1.872847524850027412e+03
1.803491023814908203e+03
1.799556941354727769e+03
1.872333509597125840e+03
1.834057552405250590e+03
1.776336654111339158e+03
1.735750236867282183e+03
1.989521615267643256e+03
1.872323907607132924e+03
1.851424500427896646e+03
1.868871608042781872e+03
1.945241231201551045e+03
2.087205113737558349e+03
2.074547076119950361e+03
2.133283137985268695e+03
2.200800530484114461e+03
2.357579099809712261e+03
2.445687458141532261e+03
2.102472197007726663e+03
2.286714181896397349e+03
2.165392855664365015e+03
2.002505286440441751e+03
