1.953046427197158664e+03
1.823193191006832194e+03
1.816679956123632564e+03
1.939869995653168417e+03
1.924856301955160006e+03
1.887671282312582662e+03
1.882374259288374333e+03
1.878064819683871292e+03
1.849573755842675382e+03
1.901485324013923901e+03
1.874268085677339059e+03
1.852796297356228251e+03
1.870400137088699239e+03
1.893921711937639657e+03
1.887306729872419055e+03
1.857816546465689498e+03
1.785849143487949050e+03
1.825459259808571005e+03
1.851096250249043806e+03
1.977611349637545800e+03
1.768449908913896479e+03
1.932232230629846299e+03
1.831229628576648338e+03
1.914295403237875917e+03
1.875039025780630936e+03
1.853371135453910938e+03
1.851137443145431234e+03
1.912877372289241976e+03
1.848911447235898095e+03
1.908269026387653639e+03
1.863197552076258262e+03
1.903143349852199890e+03
1.883344419259756023e+03
1.837098151392364798e+03
1.896044478946538220e+03
1.874180214783506699e+03
1.847632897481312966e+03
1.861938773546902212e+03
1.861225083459405369e+03
1.936470553595043157e+03
1.839698419418639332e+03
1.838523121507295627e+03
1.874454843550247688e+03
1.821645883931295430e+03
1.886076043267003115e+03
1.823720022418148801e+03
1.907199051027685300e+03
1.849148750126832965e+03
1.833122013506011399e+03
1.861745127671253158e+03
1.919725029204470502e+03
1.918554412558635931e+03
1.860946137663346690e+03
1.896791534880459949e+03
1.796104239799987454e+03
1.907364883238046787e+03
1.847333267991783487e+03
1.905473385932225256e+03
1.828140687751415498e+03
1.884025488947790564e+03
1.838593950423127126e+03
1.891569536104063900e+03
1.801700626560177398e+03
1.886984440846148800e+03
1.866442729771919403e+03
1.824310836873235530e+03
1.868874490291595748e+03
1.867301360724636652e+03
1.828788430527724131e+03
1.935882793729918376e+03
1.812976794562983741e+03
1.801393816658899141e+03
1.944894712284729849e+03
1.834084039473273606e+03
1.849660102330117297e+03
1.903158969070471585e+03
1.850023055660476530e+03
1.833017752568343894e+03
1.871731319714443771e+03
1.875748741721018177e+03
1.829848888954066297e+03
1.945594915733346397e+03
1.884214262003710928e+03
1.881309376183124414e+03
1.900513110693007775e+03
1.847130912437127108e+03
1.821327892413797144e+03
1.891435416304447017e+03
1.875087204555244398e+03
1.782704520602973389e+03
1.905489811058510895e+03
1.881611633069808704e+03
1.849829053172639533e+03
1.854972093315284155e+03
1.922935717731548493e+03
1.818180700302903688e+03
1.891065346070244459e+03
1.888184853272573946e+03
1.892614788647311798e+03
1.874075170036773670e+03
1.822942083817638832e+03
1.913776954022686368e+03
1.909977044054835460e+03
1.901337957026073127e+03
1.853096765294844545e+03
1.882519420838803626e+03
1.860323887481710244e+03
1.879842647990004025e+03
1.911486804633626434e+03
1.862224751311025557e+03
1.873245642055145936e+03
1.887216876444467516e+03
1.876981713941726184e+03
1.855671226231447463e+03
1.820820554312989543e+03
1.900542904565346589e+03
1.925051408367672821e+03
1.866313659772177061e+03
1.872064664022765101e+03
1.923722298604260004e+03
1.850288058756981854e+03
1.836264532283370499e+03
1.922428435540351302e+03
1.841691178050215967e+03
1.913852166720068453e+03
1.894680719084061366e+03
1.824685563084285832e+03
1.902954065095313354e+03
1.853413464616293595e+03
1.868208659589704439e+03
1.922365695622076146e+03
1.848025075897559418e+03
1.802799843219443801e+03
1.976784046231825187e+03
1.838800962676553127e+03
1.827305927062440333e+03
1.825493797077831232e+03
1.846888998394155124e+03
1.952046600292393578e+03
1.861435116278449414e+03
1.921755382419064745e+03
1.826073571571799221e+03
1.935381826126960732e+03
1.909874679307122278e+03
1.875054710240631493e+03
1.813543995833254485e+03
1.846403623676457073e+03
1.884811931974901654e+03
1.909779990701293627e+03
1.875966305065212055e+03
1.863943271973472065e+03
1.838099888364670051e+03
1.923254605782398812e+03
1.924325407271364384e+03
1.824855666473848942e+03
1.891157908602030147e+03
1.930233784676132927e+03
1.833719415026474962e+03
1.842598218507495858e+03
1.850067337114262045e+03
1.841632315827807361e+03
1.885446395798893718e+03
1.870574486522048574e+03
1.806081579770971985e+03
1.919829912605167920e+03
1.891819989820912497e+03
1.854776205633111203e+03
1.845311099655514909e+03
1.837585998564808051e+03
1.881563398295668776e+03
1.844096306336750331e+03
1.903838491541222311e+03
1.841428225864100796e+03
1.862063342588631485e+03
1.928529029862568223e+03
1.857938592871087849e+03
1.875675217333850924e+03
1.885203504948682848e+03
1.875242277124309794e+03
1.858918015971828936e+03
1.827181342787697758e+03
1.854002218203439725e+03
1.912581496679681550e+03
1.872446580442796858e+03
1.807659112233430733e+03
1.841379468119517242e+03
1.917024212360534420e+03
1.831526987504681529e+03
1.854370205881780066e+03
1.871692007595910354e+03
1.826446415695335418e+03
1.850586422415340166e+03
1.850248958645371204e+03
1.852845065813104156e+03
1.955659652481199828e+03
1.840255141827722809e+03
1.807429425342852028e+03
1.891482686853968971e+03
1.816649187960970494e+03
1.946240596456521871e+03
1.863463102613565979e+03
1.761036456177661194e+03
1.861915304322041720e+03
1.877941859128983651e+03
1.905297515054474843e+03
1.845194296039028586e+03
1.859406726559921935e+03
1.869484918467640455e+03
1.946610186638496543e+03
1.883686106072361781e+03
1.832828846259934835e+03
1.897610331721155944e+03
1.870348759765604655e+03
1.869359560870340829e+03
1.898294096781590042e+03
1.838832906090841107e+03
1.888136831879810188e+03
1.846753469705410453e+03
1.785909896254068599e+03
1.903146262144749016e+03
1.872596815215068091e+03
1.878560705464862394e+03
1.821359162290120139e+03
1.912011503571027333e+03
1.775303187918068488e+03
1.929804545574833583e+03
1.857138726968591754e+03
1.854629782870335248e+03
1.870435044453508453e+03
1.837643923836226577e+03
1.890493486730647192e+03
1.879368179823663922e+03
1.847684289642450040e+03
1.840780828450754598e+03
1.872409634706095630e+03
1.835545782382632069e+03
1.884306328829867880e+03
1.840715365842863321e+03
1.916188298916397571e+03
1.849388679984944019e+03
1.875582378720836005e+03
1.910830137986890122e+03
1.773285326145955423e+03
1.893432491188164249e+03
1.840667875477680809e+03
1.834941495889273028e+03
1.870598242593477153e+03
1.881312763744760105e+03
1.826341413340741383e+03
1.904621841743992718e+03
1.818843442644106290e+03
1.891028126075133514e+03
1.908221794871716384e+03
1.911103073799021558e+03
1.830947719037002344e+03
1.950311511336616604e+03
1.821526394470426339e+03
1.857411133643660833e+03
1.865896975495750894e+03
1.841259927752079648e+03
1.851578029280232386e+03
1.802206972366419450e+03
1.826803896223865650e+03
1.860360963286640526e+03
1.886880767252927171e+03
1.819578824730370116e+03
1.839188146028851406e+03
1.871468566017756302e+03
1.848557237938876597e+03
1.881669254177725406e+03
1.857187691032124576e+03
1.891092231623722228e+03
1.868294340253507926e+03
1.875329699292405394e+03
1.782017062662150011e+03
1.916168015443552576e+03
1.888457903824416235e+03
1.796255381139308611e+03
1.891002656310203065e+03
1.875005177576918413e+03
1.905066924872143090e+03
1.832129857580594262e+03
1.826211899661731877e+03
1.890049403567494664e+03
