1.558094090100132917e+03
1.582733873181157151e+03
2.181589889426506943e+03
2.310102775755150105e+03
2.095408271092814630e+03
1.744516811330958944e+03
1.821330844916597698e+03
2.153305208011939612e+03
2.379078801298994222e+03
1.881693975317850118e+03
1.469153544058860916e+03
1.941117546247609653e+03
2.681079942494378884e+03
1.839180175533388137e+03
1.593893288726928404e+03
2.355789918405585013e+03
2.342267102441893712e+03
1.916706192668068525e+03
1.805854616444866679e+03
1.928000440084552793e+03
2.144923738718457116e+03
2.099577966697597731e+03
1.593294738553867091e+03
1.873071219451604748e+03
2.571044124302064120e+03
2.493017115395433848e+03
1.330440145278593036e+03
1.836153223076690438e+03
2.965258432070799699e+03
1.908826598295494477e+03
1.198589486758464545e+03
1.797751394048098518e+03
2.290512025902801270e+03
2.640803471491852633e+03
1.722526754930205925e+03
1.714928962330621744e+03
2.021907069631046625e+03
2.003396921337556932e+03
2.348247202142008973e+03
1.923429769593233232e+03
1.755911813306478962e+03
1.914372169896576906e+03
2.016923535619400809e+03
2.126492912628788872e+03
2.195465048467908673e+03
2.378327027355450355e+03
2.162105803634462973e+03
2.049502602688526167e+03
1.439603292376382115e+03
1.986048897937743504e+03
2.544138469007013555e+03
2.721812440196430543e+03
1.967482599310789283e+03
1.325822696027506709e+03
1.541595269229266478e+03
2.478929940066595009e+03
2.678029567985372069e+03
1.916257745795980327e+03
1.421558156202698456e+03
1.923259638821074532e+03
2.206184698771930471e+03
2.308502673179258181e+03
2.132347688424428270e+03
1.834211335703514806e+03
1.758873894407175612e+03
1.959767652609046308e+03
2.373118305672538099e+03
2.608690363922055440e+03
1.987034318174291911e+03
1.021978827925800942e+03
2.024677693486546332e+03
2.614464511384474008e+03
2.607378283186872977e+03
2.249993784773537755e+03
1.715803866211733748e+03
1.899199319938916233e+03
1.807219354511341407e+03
1.873911481471553770e+03
2.285378941515400584e+03
2.170859323848725580e+03
2.168046175837702776e+03
2.246387832726299621e+03
1.358367226416738959e+03
1.718765608471487212e+03
2.355087987284774044e+03
2.635700280110131189e+03
2.245679313765170264e+03
1.585204714090988091e+03
1.598032767251778523e+03
2.261129948809767939e+03
2.565078864539395909e+03
2.440633621750803286e+03
1.861929779095105687e+03
1.473322887983092187e+03
2.093484062672588152e+03
2.300329384454356386e+03
2.052464356581468110e+03
1.728149711261906759e+03
1.878015668173038421e+03
2.532720642046520425e+03
2.038408702238683190e+03
1.361434958986892298e+03
1.836389263020410681e+03
2.463940004759752355e+03
2.419180618203750782e+03
1.759552080621730511e+03
1.764867218962748439e+03
2.193910172331984541e+03
2.264998897680599839e+03
1.773177022086490069e+03
1.910865495169729002e+03
2.205475252872467081e+03
2.137022636210801920e+03
1.472802161885743317e+03
2.006387803053784864e+03
2.505944960770295438e+03
2.234046787235678039e+03
1.259509360085207845e+03
2.177552698756890095e+03
3.211537171749107529e+03
1.896811432916091917e+03
1.049498697994478562e+03
1.659873654242451494e+03
2.349469690584033742e+03
2.734984982212647992e+03
2.072421926106087540e+03
1.709728702983054063e+03
1.839381463357168514e+03
2.103337297363710150e+03
2.392366392677273325e+03
2.133444130443899212e+03
1.804943956097185037e+03
1.764331205213441763e+03
1.950025608630685156e+03
2.183139629801483807e+03
2.229772484216236080e+03
2.040878683937030473e+03
1.772024519667704681e+03
1.870868905038983030e+03
2.200306392766610315e+03
2.307663418097228259e+03
2.431635018799770023e+03
1.611122776819507862e+03
1.481726752237088704e+03
1.836105736552795634e+03
2.398047368407116664e+03
2.464794540522385432e+03
2.334460967900938158e+03
1.546979944927272300e+03
1.653600002518718156e+03
2.061325115190433280e+03
2.488487603148750168e+03
2.286585753262237631e+03
1.870647382980272141e+03
1.756893751805656848e+03
1.961018716769476669e+03
2.154869326840301255e+03
2.319393330354068439e+03
2.265029103394033882e+03
1.756549366154170684e+03
1.574389867777985728e+03
1.456749354055710228e+03
2.184989008711028873e+03
2.799174238074486766e+03
2.459362467587959600e+03
1.887832237691708542e+03
1.412348734145749631e+03
1.837020671188843380e+03
2.079714225961247394e+03
2.257157427282183562e+03
2.237970700557913915e+03
2.036325213057408973e+03
1.803235103507142867e+03
1.844832926779257832e+03
1.992156408865945195e+03
2.249899539339831335e+03
2.664049612344500019e+03
1.870540851436121557e+03
1.567310836128425308e+03
1.366308184131839198e+03
2.280476391122442237e+03
2.954961584425347610e+03
1.874678803000497282e+03
1.622108088271951601e+03
1.419967808686319813e+03
2.223726526923293932e+03
2.358308619762089620e+03
2.108789649606337662e+03
1.803518795529934550e+03
1.741962460949928072e+03
2.105439968046649483e+03
2.406284811739200450e+03
2.040761410841741508e+03
1.786152584286169940e+03
1.795135668041909184e+03
2.110897379017094863e+03
2.366619933644958110e+03
2.103691091177684029e+03
1.787982033875680372e+03
1.750270481977850068e+03
1.994785725226615568e+03
2.237538859101618982e+03
2.149968307811171144e+03
1.856269770982538603e+03
1.844103862778817302e+03
2.026451806796866322e+03
2.113489738136815049e+03
2.282234066429875838e+03
2.215597534319915212e+03
2.113523686903201451e+03
1.625128598363147148e+03
1.785324633554458842e+03
2.202888457892541737e+03
2.753864839574306188e+03
2.404581547637029416e+03
1.408580643183050370e+03
1.707749362609108175e+03
2.204841953260789978e+03
2.557370438096640555e+03
2.068085433013928196e+03
1.789300376375681253e+03
1.923194370486901107e+03
2.134359388748875972e+03
2.278043763800335000e+03
2.062319052785901476e+03
1.861378049911238804e+03
1.733496342438902047e+03
2.269530378351284071e+03
2.505589842398899691e+03
1.987344168943793875e+03
1.637149517965003270e+03
1.689826151787260869e+03
2.021153072711543473e+03
2.671817646276934738e+03
2.237506723447376316e+03
1.787496956192177095e+03
1.889969202531886594e+03
1.998220912732144825e+03
2.565530194531262623e+03
2.469247292767276576e+03
1.845885423784757222e+03
1.231704600263286238e+03
1.497955560816240222e+03
2.282378915109790341e+03
2.737709294741105168e+03
2.154535927090322275e+03
2.096636675569477120e+03
2.170676002091679948e+03
2.011187021714277307e+03
1.604052294713209221e+03
1.861467561885362102e+03
2.135344483829985165e+03
2.168793482908170517e+03
2.109264451562836712e+03
1.971759001298829844e+03
1.898924214738680121e+03
1.777521433113646481e+03
2.136125190853435470e+03
2.424974328232025982e+03
2.740458116331531073e+03
1.989764854256131002e+03
1.476544117770065668e+03
1.517572053780998885e+03
1.948047130457185631e+03
2.486757756888337099e+03
2.532326834945378778e+03
1.878099736501801999e+03
1.659810870908376046e+03
1.681718826142180660e+03
1.900566524433804034e+03
2.051596529284326607e+03
2.171297533221030790e+03
2.277803429439660249e+03
2.157713604049345122e+03
1.874194243079034095e+03
1.764981731853082692e+03
1.939643024907928066e+03
2.445052066950035169e+03
2.673425897605258342e+03
2.226479857834841368e+03
1.747718767147807739e+03
1.283771974422051017e+03
1.428358083988020780e+03
2.239240599752079561e+03
2.211141445793779894e+03
