1.975972181456365888e+03
1.843766502573151456e+03
1.922240041643838595e+03
1.822322354112258381e+03
1.745291166250192646e+03
1.547446666938913040e+03
1.707917690614970752e+03
1.759313916171951405e+03
1.731574033710200638e+03
1.969292196880164511e+03
1.938022467381248134e+03
2.049093982527244407e+03
2.150720746375584440e+03
2.201591678894982124e+03
2.022091141550127531e+03
2.207297186930797579e+03
2.279313705535330428e+03
2.220892764816594081e+03
2.150946004378413818e+03
2.347477850807982122e+03
2.452677901706143530e+03
2.158870944948145279e+03
2.183542207100149426e+03
2.277179650789527841e+03
1.968751096477631108e+03
1.885829621928573033e+03
2.039793715386516624e+03
2.120813995645240539e+03
1.969527632475474320e+03
1.905028188569764552e+03
2.137651648360897070e+03
2.050286691033898933e+03
2.065628425123940815e+03
2.050502653970313077e+03
2.264731015734731500e+03
2.217233790340194901e+03
2.187882171948876930e+03
2.475480336703577450e+03
2.154581891992213968e+03
2.071101496926022264e+03
1.921724200745037706e+03
2.264951050731991018e+03
1.935868563740391892e+03
1.863352312763930058e+03
1.902770823638326419e+03
2.093758408084407165e+03
1.918650255600046194e+03
1.840166026806492027e+03
1.945482456203524180e+03
2.429335368168045079e+03
2.197469551091117410e+03
2.231302420340077333e+03
2.315665852634672774e+03
2.606644559693245355e+03
1.995397044710010732e+03
1.747670473026109221e+03
2.468864650124928176e+03
1.785436873411373426e+03
1.635930338463152111e+03
1.849440801238949689e+03
1.909630709341386819e+03
1.987976647741185616e+03
1.973485084584263859e+03
1.994564071176019525e+03
2.136278590103403985e+03
2.119611111668438298e+03
2.000137184191215511e+03
2.084996059722651353e+03
2.242137133291406826e+03
2.110991748166523848e+03
2.064795194217929293e+03
1.885884137287335989e+03
2.251701024542971936e+03
1.668849131053884093e+03
2.026730907011480667e+03
2.188066996107874274e+03
2.136710968336542464e+03
2.186121832076076771e+03
2.272038219260703045e+03
2.408845733136374292e+03
2.230899194733389322e+03
2.115561922911447255e+03
2.164770518921760868e+03
2.270619258763193102e+03
1.960500672549166211e+03
1.815328183992786535e+03
1.883844108792619181e+03
1.789115508847209185e+03
1.640260438639269978e+03
1.765825517246448499e+03
1.968300445833085860e+03
1.911947083536131913e+03
1.934056033822727386e+03
2.033510428098301418e+03
2.343934697845611026e+03
2.018757656303668000e+03
2.196452116823242250e+03
2.026861725376121285e+03
2.206692683422022583e+03
1.989045472682578293e+03
1.905840793672406789e+03
2.092350297026079261e+03
1.828118206293261210e+03
1.722628872914352314e+03
2.034348856456595968e+03
1.957267694633115298e+03
2.285829709287363130e+03
2.474930571679319200e+03
1.842486984897305319e+03
1.656009164285154839e+03
2.287604364059520321e+03
2.317222752278045391e+03
2.352642043507427388e+03
2.133577301371602516e+03
2.183693372944258044e+03
2.578708073912288910e+03
1.369809555381429163e+03
2.523886423428769376e+03
1.364187003789978007e+03
2.248414997059784127e+03
2.402010844024532162e+03
1.955286213737750359e+03
2.104365234165446964e+03
1.834156011943899557e+03
1.855363160335749853e+03
1.950584481096040008e+03
1.981715306837612616e+03
1.943532773524318145e+03
2.104468063697549042e+03
2.172739892769759535e+03
2.218901950667274832e+03
2.192013191619407280e+03
2.410750600497478899e+03
2.235742406230097458e+03
2.160648642901724088e+03
2.028305105041422166e+03
2.118821030522733508e+03
2.186344373738604645e+03
1.996203986220430124e+03
2.221615510442880804e+03
2.401043118798530031e+03
2.190947246498687036e+03
1.979782695523616439e+03
2.111773023633763387e+03
1.944584758430873308e+03
1.922344797364128226e+03
1.848781782674610895e+03
1.864112585399872614e+03
1.805904364151982008e+03
1.923381438398828777e+03
2.094586036137787687e+03
2.065642478997348462e+03
2.105356351901712060e+03
2.255495187846702720e+03
2.246485525277353190e+03
2.257554157238837888e+03
2.207576662890554417e+03
2.220129129111517614e+03
2.069684527312566843e+03
1.822835957014596261e+03
1.903276962314394268e+03
2.255068108884997855e+03
2.311163670379979521e+03
2.112134882560708775e+03
2.418275302802468559e+03
2.059268995713118784e+03
1.892623897111262522e+03
1.745983721351816712e+03
1.980247110170716041e+03
1.725516625056397515e+03
1.643367457189554216e+03
1.764991599787288351e+03
2.038901548414736908e+03
2.071749430066591685e+03
2.065557561279444599e+03
2.455654285110027558e+03
2.336712399953481054e+03
2.006750954907685582e+03
1.934394800845893769e+03
2.128286292925205089e+03
1.953701512069229238e+03
1.828577842557269378e+03
1.918614559286502299e+03
2.133515171682736764e+03
1.965086659608437913e+03
1.976821435737750789e+03
2.201852177574152392e+03
2.238756262025075557e+03
2.150265785418866471e+03
1.984827512799280157e+03
2.157667754464480822e+03
1.921445859583842093e+03
1.788452040004282253e+03
1.905408218824175947e+03
1.986581910012299659e+03
1.905484830307934772e+03
1.926806756680347462e+03
2.329552902614986579e+03
2.205007800776929798e+03
2.131128202437227628e+03
2.135744262896663713e+03
2.254815702774852070e+03
1.914427883217648287e+03
1.892405640590508028e+03
2.183072653322098176e+03
2.181605367620727975e+03
2.244232511819817319e+03
2.146029175413638768e+03
1.842402397041015774e+03
1.643335653311262831e+03
1.834138380983456273e+03
1.746403448708640553e+03
2.117995573926857105e+03
2.048275357105937474e+03
1.802881187326267082e+03
2.222520375537219024e+03
2.124447105005125195e+03
1.850001996590726776e+03
1.909013295492512498e+03
2.050684488767397852e+03
2.170468886309977734e+03
2.377141936210137828e+03
2.262895803111216537e+03
2.445103867570060629e+03
2.189312710844759749e+03
2.263630833634369992e+03
2.041501708586155928e+03
1.928502049336892242e+03
3.709417777127125646e+03
-5.977054334689793791e+01
6.335558194510294925e+02
2.506475304531507845e+03
2.369707996110696058e+03
2.525238357158929375e+03
2.260891102470850001e+03
2.349579943587924390e+03
2.057032191659202908e+03
1.975561452390161094e+03
2.253574863620286578e+03
2.065477970437302702e+03
1.849653955301642327e+03
2.057971425724879737e+03
2.247201272021643945e+03
2.234547731717294482e+03
1.991878238258922465e+03
2.215231708106109636e+03
2.177594194909544058e+03
2.134788768049375904e+03
2.375836381070068001e+03
2.183333891333914835e+03
2.152304385234690926e+03
2.091634584797003754e+03
2.107643205285579825e+03
2.012655814784817721e+03
1.724833806662805046e+03
1.567969102938103788e+03
1.935150423021971847e+03
1.833256449815065707e+03
1.867513636870227629e+03
2.119248740741603797e+03
2.308667343850662292e+03
2.402458358285560280e+03
1.953854998598244038e+03
2.241498844178177023e+03
2.481266943911150520e+03
1.944943986371829851e+03
2.273603740374101108e+03
2.259699056670699065e+03
1.972416541552243871e+03
1.956134181751210690e+03
2.039257189379110969e+03
1.989544756593134025e+03
1.747486153014394404e+03
1.915588649993318541e+03
1.976088818263043549e+03
1.968558817147737273e+03
1.646222937933929870e+03
1.877416795603078981e+03
2.136451865524301866e+03
1.847370462745616351e+03
2.047559033532578951e+03
2.194396147824536001e+03
2.004988649864575564e+03
2.103410332396520971e+03
