2.649553926134782614e+03
2.065246515537756750e+03
1.629414268496248042e+03
2.100037221314372800e+03
2.309951040220596042e+03
2.365834306355912759e+03
1.719309915616898707e+03
2.070776248019289596e+03
2.120136926776836845e+03
2.645554196707865231e+03
2.192968203219664701e+03
2.007004029258565879e+03
1.980272397611968017e+03
2.044362954497734563e+03
2.058839100957374740e+03
1.602743849945755983e+03
1.292269537500818842e+03
3.621692902375261383e+03
2.412874625612895215e+03
1.615268115576726132e+03
1.518170216202327310e+03
2.151162125089898836e+03
2.463184846292401744e+03
1.874893735355690069e+03
1.751910761069275395e+03
1.815249346267468127e+03
2.555484818699863808e+03
2.325750807689099020e+03
1.734543363369679355e+03
1.930962066944518256e+03
2.161808845733335147e+03
2.712794535371467646e+03
2.221447962827740412e+03
1.854464241820635380e+03
1.579797548922761280e+03
2.291475696335193788e+03
2.654359078776588831e+03
2.257471385705846842e+03
1.917579164226047624e+03
1.255491588106938934e+03
1.930209305726009916e+03
2.618514353194022533e+03
2.034981545118832400e+03
1.878270246252183824e+03
1.726909658567082261e+03
1.494268835992488675e+03
2.353194881970415281e+03
1.762872065088231921e+03
2.553464345879058328e+03
2.379342242516130682e+03
1.998012541566771915e+03
2.190491997128005096e+03
1.271454566789929686e+03
2.611264395090729977e+03
1.931060798782295024e+03
2.663541175517596457e+03
2.215555417960349587e+03
2.075058093423320315e+03
2.128036668345614999e+03
1.688620077961365723e+03
1.791135756166894453e+03
2.212029402026409116e+03
2.625118056837165113e+03
2.077685882057128310e+03
1.787974169671234222e+03
1.680881133393276059e+03
2.129248126000145021e+03
1.835518332642512405e+03
2.246819301559869473e+03
2.035619800582922153e+03
1.679381794213871217e+03
2.759174844675635995e+03
2.303144970957961959e+03
2.252610653913784063e+03
1.208265505860376834e+03
1.705308255761608507e+03
2.081127470948862083e+03
2.732023842153627811e+03
1.972743309505993693e+03
2.221600772372274150e+03
2.091048084304068198e+03
1.862729437139422544e+03
1.643484865456424131e+03
1.904410684672894831e+03
2.509525253658326619e+03
2.288246800137075297e+03
2.113084023220634208e+03
2.192855242316947169e+03
2.186042476056780743e+03
1.225736811169845851e+03
1.847660218387456780e+03
2.115667599422534749e+03
2.167231589711619108e+03
2.420548581130636194e+03
2.481376728289360926e+03
2.513292036461129555e+03
1.944848387834585537e+03
2.273084703612139037e+03
2.429847204946015609e+03
1.437049136858725660e+03
1.615084701093328249e+03
1.093543937857342371e+03
1.065495053527596156e+03
2.927643034245881609e+03
6.398705336596523239e+02
3.589697396260156438e+03
1.766959212532934998e+03
2.168630776859696198e+03
2.061701279710750896e+03
1.581146980493545470e+03
2.884145945363380633e+03
1.642425664976535245e+03
2.550402178164843463e+03
1.814107702183484434e+03
1.855900738942963244e+03
1.377096929395445159e+03
2.970207823561815076e+03
2.371601974130302096e+03
2.100064337110481574e+03
2.048452127727451625e+03
1.879432497311888028e+03
1.692648842912979717e+03
1.922467183649749586e+03
2.581181474359352251e+03
2.527941285469465583e+03
2.268337472538443762e+03
1.749930802640875299e+03
1.370800674954383794e+03
1.927422780551706410e+03
2.340479217949362919e+03
2.209344064530044307e+03
2.153426612810225834e+03
1.901143317615423712e+03
2.236302657674668808e+03
1.968279360010249547e+03
2.168981333676892973e+03
2.286124496401887882e+03
1.638287989381974285e+03
1.924337315843987881e+03
2.062388144906748494e+03
1.869092764873787701e+03
2.363704350384170539e+03
2.552969940393562410e+03
2.418165524332868245e+03
1.594263366406259820e+03
1.865547943215268560e+03
1.601425118627301345e+03
2.068711070086323161e+03
1.867595291573287568e+03
2.230559909120117482e+03
2.759717706788871965e+03
1.746790993304228778e+03
1.918700521644078890e+03
2.093630507673627108e+03
1.546656814591818602e+03
1.868569669330158149e+03
1.940521732260784574e+03
2.959577302603825501e+03
2.203594922425385448e+03
1.876951673762225028e+03
2.469362258676248530e+03
1.810222987993131483e+03
2.204107678366732671e+03
1.808426957285313165e+03
1.917000400852779649e+03
1.667485946786417117e+03
1.825403633229168690e+03
2.609677334948321914e+03
1.777228743653446372e+03
2.296480297932712347e+03
2.472454625749321167e+03
1.534830780204420989e+03
1.773912554717755029e+03
2.106641788747529517e+03
1.465195529387692886e+03
1.928323590488877926e+03
1.754790294527495234e+03
2.644654121588272119e+03
2.207722736034045283e+03
2.195133301586850848e+03
2.342443427784563028e+03
2.375180377075837441e+03
1.382279795752840300e+03
2.217912068883843403e+03
2.559277472365416088e+03
2.625520163247605979e+03
2.172758745766330321e+03
1.760062435351602517e+03
2.047934463051122293e+03
1.855108525001751332e+03
1.972713346386566627e+03
1.927760852755878659e+03
2.494499301239391571e+03
2.425981123252710859e+03
1.769284831507996387e+03
1.857600614485116239e+03
1.806447492792468211e+03
1.791375383478633012e+03
1.828227339550070838e+03
2.314360529551880063e+03
2.561417627447458472e+03
1.913792285033665621e+03
2.094051197344654156e+03
2.129677249821206260e+03
1.853376472363504263e+03
6.952653423807399804e+02
5.502593484872788849e+02
1.959553259361037817e+03
3.382300950943107182e+03
3.154407467457845087e+03
2.701166679732028115e+03
2.677921559437725591e+03
2.090004126365069624e+03
1.611895450893077850e+03
1.604656685382702562e+03
1.959212786522352189e+03
2.165730113279314082e+03
2.220041767172631808e+03
2.170154171742969993e+03
1.924153714543220303e+03
1.534648888302901014e+03
1.790156260040313555e+03
2.625008813630434815e+03
2.583835042107578374e+03
2.296679111947949878e+03
1.819812659253354013e+03
1.472269853188928209e+03
1.586735895420305042e+03
2.606924932713326143e+03
2.597138975293638850e+03
2.142884843019956861e+03
3.179019893784183296e+03
1.981806749371710112e+03
2.064828964034950786e+03
2.398550443492334125e+03
1.761115856790572479e+03
2.524081615020284971e+03
1.456093905108192757e+03
2.489014407674234008e+03
2.025572006063074014e+03
1.578942930139040755e+03
2.203158650048553682e+03
1.706635932294593886e+03
2.378341213498438719e+03
1.802423305978817098e+03
1.950068891266795163e+03
1.983277598990658362e+03
2.021728870204127588e+03
1.988719384591818653e+03
2.265442192124983649e+03
2.333980063094404159e+03
2.109730343278640703e+03
1.904094837186379209e+03
1.826303646738284215e+03
1.825649833832180093e+03
1.911153677757339892e+03
1.830818054369008678e+03
2.274343550605758992e+03
1.988919053345160364e+03
2.185456282667013056e+03
2.126230296335923867e+03
2.319423451831603870e+03
1.733836142607030524e+03
2.071494653279720751e+03
2.321014598850631955e+03
2.040897182697943606e+02
3.094935721712799477e+03
2.298372292597173328e+03
3.067463299416850077e+03
3.311864729798815915e+03
2.652142698649127396e+03
1.287169461544033538e+03
2.143862014343592818e+03
2.009188778666814187e+03
1.963096499429152800e+03
2.044835974941294126e+03
1.874837235389266880e+03
2.321580711237001651e+03
2.300176088260515826e+03
1.819059779678087580e+03
1.990216968931633573e+03
2.085797139893589247e+03
2.299900223321191334e+03
2.303626960479184163e+03
