2.143859303324027223e+03
2.633799937182197482e+03
1.850371148537348972e+03
1.185756580261630461e+03
1.957297068443291209e+03
2.387619799589338982e+03
2.763283111552869741e+03
1.769724309962084362e+03
1.253225981603477294e+03
1.596706441041264725e+03
2.256600065653722595e+03
2.984967753561547852e+03
2.494309073137956602e+03
1.671750867282225727e+03
1.042935149184934062e+03
2.143678230392640671e+03
2.743800217857666667e+03
1.635439981339863607e+03
1.470196575016331508e+03
2.328175762894705713e+03
2.628478821511341266e+03
2.046689862936456848e+03
1.584422288302803281e+03
1.665173017868687111e+03
2.015199579776877727e+03
2.239039869272475244e+03
2.057571845002441933e+03
1.737322251584389960e+03
2.045506935502550277e+03
2.544729339854551654e+03
2.367976978257274823e+03
1.843182864998789910e+03
1.510259279954643489e+03
2.158792285006226393e+03
2.751165376992662914e+03
1.209225148136028338e+03
1.190363008706011442e+03
2.531522928211782983e+03
3.205030652427682980e+03
1.955090370056623215e+03
1.141722655745478050e+03
1.635871021485731944e+03
1.932952354657254091e+03
2.438623078198806070e+03
2.547509809708941248e+03
1.935964038114276036e+03
1.440318538268222483e+03
1.732349403564874365e+03
2.604534235068986618e+03
2.388893737087460977e+03
1.919465830497392517e+03
1.470654647842848817e+03
1.826237851029398371e+03
2.442582937801891603e+03
2.708003538966366705e+03
1.918513512869024680e+03
1.288009878007724410e+03
1.733435285449710591e+03
2.621153979029591483e+03
2.485734807977973560e+03
2.012130708503069400e+03
1.313974364205178745e+03
1.888134555788548369e+03
2.231090139493642710e+03
2.801699973041369503e+03
2.338737203068462350e+03
1.559959028613067630e+03
1.323635631228896273e+03
1.785967034192507526e+03
2.183731459605625332e+03
2.318384554827328429e+03
1.816995066639671904e+03
1.738268592288752870e+03
2.490858512377295938e+03
2.535812317976067334e+03
1.460431585462571547e+03
2.005470019863770631e+03
2.894288513836271250e+03
2.306625209026660741e+03
1.571971971429418318e+03
1.222481941731782626e+03
1.993566353571180798e+03
2.509373180591207984e+03
2.174770024575119805e+03
2.112526068344849136e+03
1.765207892987147261e+03
1.721565503622324741e+03
2.188158563634065104e+03
2.563803882124149368e+03
2.080749730479731170e+03
1.667657087694477696e+03
1.540343038381397946e+03
2.038720316672964373e+03
2.383559962905108023e+03
2.719135308501746749e+03
2.182624929773732219e+03
1.604468044418440968e+03
1.410710840744020516e+03
1.723649622536481502e+03
2.460690138847476192e+03
3.207082324351273201e+03
1.702800067330286993e+03
2.585764601787890115e+03
8.087372020049849652e+02
1.367780114918821937e+03
3.010387597002187704e+03
1.212342245700163630e+03
2.585496756341899982e+03
1.354198314609523095e+03
1.889096468151381714e+03
1.834530085036823266e+03
2.104325293454696748e+03
2.349753510113220727e+03
1.873696769813167748e+03
2.067987621704974117e+03
1.905850342310723590e+03
1.626654515143918161e+03
2.286921934935600348e+03
2.340514292908508651e+03
1.657385923767670647e+03
1.912731544051938727e+03
1.968729760036008201e+03
2.104735834061987589e+03
2.472335499241432444e+03
2.205309963518398035e+03
1.781600488481434240e+03
1.470071625509473279e+03
2.155542873328181486e+03
2.565174960851712058e+03
2.687694434375334367e+03
1.625075607556860859e+03
1.292959460770427313e+03
1.887060215536623900e+03
2.511712572829670989e+03
2.794816454765835260e+03
1.694513268381544322e+03
1.499408341774570090e+03
1.661364206941491375e+03
2.376278114878710767e+03
2.417244863084780263e+03
2.115703366879452005e+03
1.741613012911208671e+03
1.742977323105380492e+03
2.068283334250336793e+03
2.300315235897141520e+03
2.464314255899592808e+03
1.887747132873058263e+03
1.529513356643257112e+03
1.499618579094083316e+03
2.365057226462511153e+03
2.481152952914229445e+03
2.489090479820238215e+03
1.813640242477371658e+03
1.571900851441643908e+03
1.596469182208365055e+03
2.254884370860756462e+03
2.686942956502901779e+03
2.294103115059610445e+03
1.628745081250731573e+03
1.353064562224808697e+03
1.982560769277902409e+03
2.488731080530115833e+03
2.752831243975071629e+03
2.236458874886856847e+03
1.965782142039842029e+03
1.730620020024490941e+03
1.355512312659025156e+03
1.531153037148423437e+03
2.102908632762355410e+03
2.487194822379569814e+03
2.568845636236420432e+03
2.138995698011638069e+03
1.662067217993083659e+03
1.480780752627830907e+03
2.248645074707858839e+03
2.751644418445112024e+03
2.422347506439082281e+03
1.823061637402037604e+03
1.363183248871579281e+03
1.788172392497192277e+03
2.132971832461279973e+03
2.861388110299615619e+03
1.994733171793779775e+03
1.566934167332262632e+03
1.328625640156549025e+03
2.025561109769905215e+03
2.651378069135065743e+03
2.405561614281257334e+03
2.237647010889505964e+03
1.692154851377757950e+03
1.509094469101530422e+03
1.702519812458116121e+03
1.920899663713427799e+03
2.149849064617001204e+03
2.172992255822886364e+03
2.172595752871397053e+03
2.000739989083281671e+03
1.854327863626188673e+03
1.959956678540467237e+03
2.306884825330766034e+03
2.638039478406315538e+03
2.126204649464153590e+03
1.603579132126721788e+03
1.226668955670036439e+03
2.460105645783554792e+03
2.679196993082159224e+03
2.584603941911088896e+03
1.774268566534600268e+03
1.376568460724535498e+03
1.553944828651850912e+03
2.232755812460496600e+03
2.732951231741474203e+03
2.243977778434157699e+03
1.873725866870937807e+03
1.455154489717161141e+03
1.737200940310100123e+03
2.249192623494129748e+03
2.501516637552879274e+03
2.397245905457417393e+03
1.772324522357709156e+03
1.517068029092920369e+03
1.724380503044888428e+03
2.412308059901294200e+03
3.061058967956001652e+03
1.414902447285037852e+03
1.344869120950058687e+03
1.770745197586868926e+03
1.845932180241164133e+03
2.440033070432473323e+03
1.906106131633066298e+03
1.438151375082522691e+03
1.981347706612367119e+03
1.765700251332803191e+03
2.280242262015513461e+03
2.106198874582800727e+03
1.994205029754155248e+03
2.230268829046801329e+03
1.059386664050049376e+03
2.585802465645671873e+03
2.127591938168923207e+03
2.053573616583156763e+03
2.177860896079901522e+03
9.600242806998406877e+02
2.300522651272277926e+03
1.129863867338102182e+03
2.401690816311915569e+03
2.219360777600712026e+03
2.200805341698806387e+03
1.934401986396049779e+03
1.848545008256627625e+03
1.896772383100214711e+03
2.075322063770561726e+03
2.323002923602460214e+03
2.208850302425402333e+03
1.960234209505159015e+03
1.775363402509608477e+03
2.026195970336367054e+03
2.056168947993031452e+03
2.479475040799682120e+03
2.435649472557002355e+03
1.855311736275151134e+03
1.412375331108669570e+03
1.576963084170639831e+03
2.138918340915990939e+03
2.300564481691068067e+03
2.772535360370163289e+03
1.969283167846113656e+03
1.560625656594423845e+03
1.453975101617519840e+03
1.858128683516513547e+03
2.459419291929551491e+03
2.693730008040715802e+03
2.518358324575151528e+03
2.039231858310182133e+03
1.329763901298729934e+03
1.470982390596627511e+03
1.896836035555108310e+03
2.751137752496447320e+03
2.634950220891013942e+03
1.919495710352933656e+03
1.291742788506470788e+03
1.634674367583410685e+03
2.139898984845095583e+03
2.512937481860877597e+03
