1.749094834107734187e+03
2.351286141714754194e+03
2.369219783552659010e+03
2.264672250328708287e+03
2.323864231652014496e+03
1.853101338206594164e+03
1.804819060664610788e+03
1.628144212019263023e+03
1.913360321312700307e+03
2.239325275475824128e+03
2.471605485911474261e+03
2.781904361483155299e+03
2.203175063058576598e+03
1.910156783883657681e+03
1.371288883800043550e+03
1.674144886981177024e+03
1.827544636201945195e+03
1.986116183165253233e+03
2.280504041675329518e+03
2.106652919258105157e+03
2.200881751747445833e+03
1.934040008803601268e+03
2.038672067888947140e+03
1.882315221096139567e+03
1.860728739652794502e+03
2.149694384737369091e+03
2.229564723790453172e+03
2.577495901811797467e+03
2.395277917333423375e+03
2.086088011828036542e+03
1.830921913776084239e+03
1.876417915682546663e+03
1.944138763305368457e+03
1.992683822924475635e+03
2.332770950846369942e+03
2.781753397167381991e+03
2.296846331251295851e+03
1.835192241099457306e+03
1.470428399164850589e+03
1.738555374507048782e+03
1.697008898437737116e+03
2.074712196297321043e+03
2.274066927580805896e+03
2.246292314831041494e+03
2.446895447875256650e+03
1.995634900092643193e+03
1.837088510369044116e+03
1.681776819449915365e+03
1.900525572946282864e+03
1.946558982974823266e+03
1.960313606385450385e+03
2.330876638306612222e+03
2.297451081691023319e+03
2.596412459713086264e+03
2.220799803447535396e+03
1.821181291702067028e+03
1.746667978134857321e+03
1.752488428219003708e+03
2.044038891163375183e+03
2.176433189389829749e+03
2.429183848629351360e+03
2.140098847650262996e+03
2.137689157509490087e+03
1.895558829524002931e+03
1.762259639113243793e+03
1.895507654845536990e+03
1.869914132746284167e+03
2.041746242262474425e+03
2.126400087437160437e+03
2.242517051040837032e+03
2.264395725461632992e+03
2.196116632471816501e+03
2.241534776350676111e+03
1.902248550699386669e+03
2.131974457057597192e+03
2.324586344480422213e+03
1.977256959022319052e+03
1.867887640671772260e+03
1.601127215180588792e+03
1.884952451750717728e+03
2.113739375985800507e+03
1.920316318659699164e+03
1.920428757131746124e+03
1.701497481034091606e+03
2.043036392325917859e+03
1.958019888493495273e+03
2.226212545198542557e+03
2.278841631926906302e+03
2.230444187721428534e+03
2.364635344402256578e+03
2.129968868397618280e+03
2.048094722703860953e+03
1.724708073177260303e+03
1.917992336245932165e+03
2.065953077588644192e+03
2.231827407603242136e+03
2.419828433436508476e+03
1.927288333157609713e+03
3.523812048486695403e+03
1.975204021938963024e+03
6.508703102945638648e+02
4.134222404454795651e+03
2.850224825832615920e+02
2.371747327666515957e+03
3.020622739196023304e+03
5.548000036769208236e+02
2.866559182358450471e+03
1.694375761804713875e+03
1.847117954725859818e+03
2.882117525893892434e+03
1.582609946607761003e+03
1.948369676007648877e+03
2.728004361239311947e+03
1.480609342496740737e+03
2.374592832556593294e+03
2.233530990918068710e+03
1.654431870869260365e+03
1.713458966459143539e+03
2.117099227541512391e+03
1.712289746588150138e+03
2.002057625822839100e+03
2.480378499656771965e+03
2.393046424091230620e+03
2.279381050095596947e+03
2.451067364700666076e+03
2.099906189114760309e+03
1.961815078885875892e+03
1.723607263519935032e+03
1.780455231296161855e+03
2.031869451871437377e+03
2.038671398005881883e+03
2.282398136260606861e+03
2.146227433946599376e+03
2.380142312615518222e+03
2.035395911304630090e+03
1.702825733420546612e+03
1.922612405688372974e+03
1.964034203611651719e+03
2.533485453428786514e+03
2.440529918068184088e+03
2.386787763901217204e+03
2.192909306250281134e+03
2.063666072475613419e+03
1.860786118038403856e+03
1.637152149026476764e+03
1.938867739553383444e+03
2.053609589845779738e+03
2.243242087632079802e+03
2.498195217756453985e+03
1.826815998944098965e+03
1.915374607446926575e+03
1.801952082219099793e+03
1.890829535071644841e+03
1.799082406873793389e+03
2.126181666677583507e+03
2.509099482073802847e+03
2.409829918464908587e+03
2.186783072322755288e+03
1.847462255528905416e+03
1.914267461084630440e+03
1.677826056816096752e+03
2.084824005676841807e+03
2.572970645245291962e+03
2.584092568104888414e+03
2.670686841416723837e+03
1.860716914718661201e+03
1.944925816433231375e+03
1.655434321662636876e+03
1.883851512818171614e+03
1.590209954225631691e+03
1.568542431045238800e+03
1.969614587896846388e+03
2.171192039503221167e+03
2.517319074918156275e+03
2.554793515609064343e+03
2.012440496908652449e+03
1.938562162223982114e+03
1.721592955622111049e+03
1.793137749489438193e+03
1.872479081954110825e+03
2.099819470424386509e+03
2.054609271656064720e+03
2.650999366169491623e+03
2.447645902683745589e+03
1.927104907157482103e+03
1.921061880461447799e+03
2.159022483988355361e+03
1.614119247822776515e+03
2.087964722366572460e+03
1.928729394478593576e+03
2.200572944879031638e+03
2.315918648827175275e+03
2.562822628822196748e+03
2.219694775964411292e+03
2.189154859313329325e+03
1.853113482883216193e+03
1.478341920647171037e+03
2.218083229687337280e+03
2.150965766526778680e+03
2.547621727309032394e+03
2.417165928695579623e+03
1.930424314600090383e+03
1.887359334635720870e+03
1.509118851407227339e+03
1.491885605574016381e+03
2.191906370327732020e+03
2.382792362421032976e+03
2.579583178205448803e+03
2.353317550808758369e+03
2.171334935428872541e+03
1.695989719532840354e+03
1.970999359386930109e+03
1.837161752960769718e+03
1.893255601718824209e+03
2.212327719644345507e+03
2.241886409357747652e+03
2.613724962457667061e+03
2.185166270524392075e+03
1.901204020115287904e+03
1.748679272432988000e+03
2.103883651468664539e+03
2.403977140302463340e+03
2.360782300065921845e+03
2.211625376614439574e+03
1.727306374261655037e+03
1.977922296904617497e+03
1.877895211599536196e+03
2.010381225087600569e+03
7.439409744073009279e+02
1.950785456536314314e+03
1.134343188143528323e+03
2.598542128404802497e+03
4.231603666293790411e+01
3.602046534608727143e+03
1.224751503826717283e+02
3.708432852252308294e+03
1.045803448892101869e+03
2.706527189345493753e+03
7.809048117039577619e+02
2.672853487081019921e+03
1.745459564086816954e+03
2.392080401050882756e+03
1.977561883148416200e+03
2.426916673139024169e+03
1.351032266636131453e+03
1.973546362452971835e+03
2.052532798998498038e+03
2.081954782703572164e+03
2.066887436163047369e+03
2.288098358275878581e+03
2.254148855092540543e+03
2.358792304812774546e+03
2.331004813953720713e+03
1.892839868148042115e+03
1.901538259490006794e+03
1.786795070348015997e+03
1.760809521763334487e+03
1.823932637637507696e+03
2.139184530633803661e+03
2.419870663829264686e+03
2.465593369270445237e+03
2.161431501114165258e+03
1.697447351726896159e+03
1.896952645335997659e+03
1.966799145639774906e+03
2.147434973851283758e+03
2.536359437338745465e+03
2.259701171313784471e+03
2.556707996685519447e+03
2.250867029508865471e+03
2.126685917545431039e+03
1.596928222120975988e+03
1.724356967191650256e+03
2.106706505845324955e+03
1.948110925845752263e+03
2.675423063554361306e+03
2.211378718744789239e+03
2.306060404196663512e+03
2.244301351849616367e+03
1.848389990261723142e+03
1.807126669790714004e+03
1.683031658764843542e+03
2.247719173786119427e+03
2.003971166623899308e+03
