1.608445259984881204e+03
2.392264780698988943e+03
1.508921497841094606e+03
2.352869624265260427e+03
1.635673178891590624e+03
1.952617577584415130e+03
2.084130558094948810e+03
2.218479361775581310e+03
1.787683286494259619e+03
1.906937546796158358e+03
1.930106469329562742e+03
2.151552811756549545e+03
1.698943337967144089e+03
2.502523406138269820e+03
1.410352074108136321e+03
2.386229619193526105e+03
1.556216651551776977e+03
2.778386348735883530e+03
1.448927235155731751e+03
2.683832787909775561e+03
1.614975195143685369e+03
2.532106827738949050e+03
1.731056448202928095e+03
2.138873311576816832e+03
2.292570421442066163e+03
1.633221936598899674e+03
2.644183148351739419e+03
1.485413167865077185e+03
2.273353627393449642e+03
1.522255901324511797e+03
2.327399204163453760e+03
1.774328665135076108e+03
2.117662529119175815e+03
1.633680391419879243e+03
2.218573090334772587e+03
1.713216683330498654e+03
2.003160360890269885e+03
2.511816668811900854e+03
1.794847804398387325e+03
1.459733212595134773e+03
1.790352576857995700e+03
1.989417745228613740e+03
2.249560525026828145e+03
1.898940900678232538e+03
2.577017316695501904e+03
1.742541955529001370e+03
2.761104908007502218e+03
1.572074210036895693e+03
2.078386024842086954e+03
2.851189560097329377e+03
1.137370528440582802e+03
2.778631082151670398e+03
1.769595845671019561e+03
1.531551319637286497e+03
2.894584166409878435e+03
1.110884232400723931e+03
2.982308720493920646e+03
1.211221475239783331e+03
3.198832605404797960e+03
1.074763153721542039e+03
2.927730110114427589e+03
1.370351743002136345e+03
2.799718492957873423e+03
1.318797832165709906e+03
2.494162328009328121e+03
1.626851772838678926e+03
2.342395441352355647e+03
1.591890467958408408e+03
2.398558751835633302e+03
1.628183325851996869e+03
2.284403889122622331e+03
1.580870370980483131e+03
2.363427668488787731e+03
1.645882937499933632e+03
2.220201492787745337e+03
1.636885315015757669e+03
2.291878846301507565e+03
1.723628206665596281e+03
2.134935790364815148e+03
1.799962702147775644e+03
1.895762806393730671e+03
1.758188664738194348e+03
1.867594248093047554e+03
2.382462800447469363e+03
1.786167939040718693e+03
2.646875730613126962e+03
1.709544044906972431e+03
2.242725548081978104e+03
2.593000355347960976e+03
1.385714282951815449e+03
2.868505388941379806e+03
1.787246558753872250e+03
1.631607747848718645e+03
2.892152331782734109e+03
1.430102850321379719e+03
1.973033819621705561e+03
2.732878014035962224e+03
1.213230112744228563e+03
3.082979633495170219e+03
1.615487104221207119e+03
1.766929115064708640e+03
2.038990571152789926e+03
2.451158251983663831e+03
9.086132097382179609e+02
3.311279273021654262e+03
1.161579420621827239e+03
2.659172471419892190e+03
1.539640200703418486e+03
1.942335648364585950e+03
2.416735150353506924e+03
1.421905323232579121e+03
2.815266918241783060e+03
1.426025160932553717e+03
2.145910028733530453e+03
2.142862312123282663e+03
1.733921097911750621e+03
2.569136523894510447e+03
1.592144453737051663e+03
2.528572568053486066e+03
1.593139392982601521e+03
2.544403053085599822e+03
1.542294048515939721e+03
2.476394505482680415e+03
1.661320244537805365e+03
2.533382960079662553e+03
1.669456868627888298e+03
2.561746571153270452e+03
1.697599497949681563e+03
2.828276419854584219e+03
1.493870974751764152e+03
2.808218699493755139e+03
1.357059181511406678e+03
3.326782422008438516e+03
1.226118797935593193e+03
2.948086991026813848e+03
1.325121958280216177e+03
2.890947899261504517e+03
1.479403847370125277e+03
2.388403512171508282e+03
1.805080638657823329e+03
2.105381898103888489e+03
1.840499423680609198e+03
1.715324589413541162e+03
2.108827088344687581e+03
2.016787893864872331e+03
1.821607033794472500e+03
2.294657940982017863e+03
1.683089737343403840e+03
2.501490179429638829e+03
1.608290616579190100e+03
2.694451475879448026e+03
1.442659745098839267e+03
2.658323980459667382e+03
1.504663929886288088e+03
2.448047412410040124e+03
1.166899734914672308e+03
2.384471070799877452e+03
1.620562171977657272e+03
1.973717709576348852e+03
1.767564040767291317e+03
2.055404166202891702e+03
2.426319709538176994e+03
1.569534595962199319e+03
2.812024037307949584e+03
1.458481354431394266e+03
2.758105173818551975e+03
1.486723331494828699e+03
2.167139167381858442e+03
2.598178905021177798e+03
1.358701172321206059e+03
2.763398854256109644e+03
1.457591661404473143e+03
2.486886777984825585e+03
1.459762272765031639e+03
2.415693590748031511e+03
1.911899314329949675e+03
1.722229944747429727e+03
2.322322426337874731e+03
1.535471822477574278e+03
2.634218115607721302e+03
1.368400855000790898e+03
2.758049916041736651e+03
1.603670532704277093e+03
2.263219491897569242e+03
2.052296517963031874e+03
1.765707159662449840e+03
2.612588141345972872e+03
1.466376389830359813e+03
2.922652237758348747e+03
1.411476230023120934e+03
2.721456010177882035e+03
1.665024498931887592e+03
2.124842511164214557e+03
1.612302815653808921e+03
2.162140997579190298e+03
2.175697358461760814e+03
1.568535907936947069e+03
1.850821044107839043e+03
1.944264307692169723e+03
1.684419399201217857e+03
2.027562606564938278e+03
1.536011986035267228e+03
2.224952996130588872e+03
1.507598618558856060e+03
2.312983848594162737e+03
1.482490343338493176e+03
2.388090618674530106e+03
1.474699543931608105e+03
2.169313559126887412e+03
2.446817800949559569e+03
2.207564043651002521e+03
1.315720870745207549e+03
2.370141900380270272e+03
1.827383278178014734e+03
2.575527457106718884e+03
1.830313028114983354e+03
2.810025613527903261e+03
1.836480301889572956e+03
2.926889867303315896e+03
1.417718575436341553e+03
2.767155536199663402e+03
1.329549079263972999e+03
2.157599679864877089e+03
2.635367798530331584e+03
1.434141814520942262e+03
2.749904749056407582e+03
1.478031452873594162e+03
2.767241226929703316e+03
1.301548797122130054e+03
2.225957726177520726e+03
1.650625824013990041e+03
2.210180824387647590e+03
1.747528917841031671e+03
2.258563808679880367e+03
1.954172154789846445e+03
2.174586924549400919e+03
1.905417828909791979e+03
1.913822740565702816e+03
2.097914121545399667e+03
2.013000436191710605e+03
1.773114284571157668e+03
2.154904710075648836e+03
1.420138621642250882e+03
2.145366010204497798e+03
1.794034533151269216e+03
2.442016879931763469e+03
1.688823289123062523e+03
2.465742180744990947e+03
1.589824613620506625e+03
2.758868444349729543e+03
1.451175374078093000e+03
2.600094215261778572e+03
1.403935805775869540e+03
2.360423575182412151e+03
1.543700034627803689e+03
2.269210206293380907e+03
1.777303346754396671e+03
1.944088729749601271e+03
2.140664417944520665e+03
1.637353016210236547e+03
2.845499006359323630e+03
1.357071722686852809e+03
2.605451639648406399e+03
2.017685167750036044e+03
1.639325062258905746e+03
2.705969570733213004e+03
1.389434784723369148e+03
3.078721646530174894e+03
1.149777757230537873e+03
3.275778944414361376e+03
1.234566109517839323e+03
3.119251245922239377e+03
1.227720138736468925e+03
3.013340907303120275e+03
1.292619337640994445e+03
2.834378502502515403e+03
1.409876512849120900e+03
2.374916683087419642e+03
1.656054868472702083e+03
2.307881576163633326e+03
1.665684046235466212e+03
2.311936741161568989e+03
1.633210538929571385e+03
2.370000688731494847e+03
