2.226692987271300353e+03
2.223762572839564655e+03
2.066255798346955089e+03
2.256891620202392915e+03
2.261017131401186361e+03
2.251814149882768561e+03
2.136987382437921042e+03
2.193792819252032587e+03
2.192835367889096233e+03
1.960134658035558687e+03
2.092743897034678412e+03
2.276807707423539796e+03
2.115853099106370337e+03
2.121567795792216202e+03
2.228507864000037898e+03
2.180878241912731937e+03
2.221647392248657525e+03
2.168840134717846922e+03
2.232731175737816102e+03
2.149203055287732695e+03
2.192747055082102634e+03
2.318659898438537311e+03
2.238907254100157843e+03
2.209673041186247247e+03
2.247234068554434998e+03
2.280484589688665892e+03
2.142153306285350027e+03
2.074556427863589306e+03
2.129570225021343958e+03
2.201872178683070160e+03
2.066552050940468234e+03
2.157289712277705348e+03
2.077520480329801558e+03
2.063480966336945130e+03
2.146458382985135813e+03
2.059796356415185983e+03
2.130057766733060362e+03
2.181021516497024550e+03
2.150755979940141515e+03
2.204251073361071121e+03
2.210543396541326274e+03
2.195531376319996980e+03
2.222494466032532273e+03
2.226468377044762292e+03
2.103157417857156361e+03
2.025948309535991029e+03
2.141638456358819894e+03
2.098925041814074120e+03
2.045904182602231913e+03
2.108088758715522090e+03
2.128795689742174545e+03
2.119374247402760375e+03
2.174525602790854919e+03
2.248654385746177923e+03
2.128560965473309352e+03
2.126501385676468999e+03
2.197156331527867678e+03
2.279873076326098726e+03
2.223022183997972661e+03
2.208443439531492913e+03
2.283179513096844858e+03
2.126931052418374748e+03
2.161643115893723461e+03
2.248128312107763577e+03
2.231246813854570064e+03
2.176194627620452593e+03
2.181233975618518798e+03
2.215192567077105195e+03
2.239641358067303372e+03
2.230123324780567600e+03
2.224804494283191616e+03
2.136287686554755965e+03
2.098992221041243283e+03
2.162548315634889605e+03
2.191824390412459252e+03
2.159825858908649934e+03
2.150253098264469827e+03
2.244990645730155393e+03
2.253037794304448198e+03
2.129541204315148207e+03
2.228487164745054088e+03
2.278252770196357687e+03
2.169492045179117667e+03
2.235466992462599592e+03
2.250711940622233215e+03
2.097643540134009072e+03
2.178994269930028167e+03
2.099950680541637212e+03
2.185115083338297609e+03
2.094309411087138415e+03
2.102253133686074761e+03
2.045787740470149629e+03
2.119311888378482763e+03
2.091864435598983619e+03
2.212852834028185498e+03
2.185551025693731845e+03
2.190529059633485758e+03
2.148271185455063460e+03
2.294347734020376720e+03
2.301455953356237842e+03
2.162746135346756091e+03
2.260270377076488330e+03
2.195831366336913106e+03
2.179367040817980524e+03
2.187868504544494499e+03
2.217596184652094507e+03
2.130885449487526330e+03
2.163912315936956929e+03
2.087048464898901329e+03
2.195260002038914081e+03
2.039011504990655567e+03
2.247380125603994657e+03
2.188262498149535986e+03
2.157216002733146524e+03
2.210146661841472906e+03
2.114013685346236798e+03
2.292966110566516818e+03
2.143992473624619379e+03
2.189409609837507105e+03
2.220433304587068960e+03
2.256771352299231239e+03
2.123077617146810098e+03
2.218395667460379173e+03
2.229622668521369178e+03
2.168696367196946085e+03
2.111208706410505329e+03
2.165670446231684309e+03
2.188779984883822181e+03
2.098965770600687392e+03
2.112365628007857140e+03
2.161745495639873297e+03
2.149597032154027602e+03
2.069536292218891958e+03
2.166545712332039784e+03
2.128018637009167378e+03
2.150475887259898172e+03
2.230463289128234464e+03
2.253069706058504835e+03
2.167019951829365255e+03
2.130890243024430674e+03
2.238439791044459071e+03
2.188299088098751781e+03
2.129706535025751236e+03
2.108448602733737516e+03
2.220805980111131248e+03
2.113722830316498857e+03
2.205616232574686364e+03
2.151101935687724563e+03
2.164320924791903963e+03
2.057974257802971806e+03
2.190155910352114006e+03
2.214821210686285212e+03
2.093439289301617009e+03
2.189930974370045988e+03
2.287653459475300679e+03
2.189323604211083421e+03
2.135499612072519540e+03
2.142662245901048209e+03
2.236626294332501857e+03
2.178792108566663956e+03
2.137845363850992726e+03
2.186588733002264235e+03
2.169452373515671297e+03
2.147315689500774170e+03
2.168199548705893449e+03
2.214807816221578832e+03
2.158765455181980087e+03
2.090548108976428466e+03
2.240692114365517227e+03
2.084599479551897730e+03
2.066350931218162259e+03
2.203964630804334774e+03
2.114139404856271085e+03
2.042660769854088585e+03
2.071948346328161279e+03
2.191080853346745243e+03
2.226586161353712214e+03
2.100011540150468591e+03
2.193344770906418944e+03
2.161441997403281221e+03
2.144645324511740910e+03
2.257103140907234319e+03
2.198860032290669096e+03
2.202726772360418636e+03
2.212346679061567556e+03
2.245655236243393119e+03
2.121206926956102961e+03
2.089583476151509331e+03
2.135330536669904177e+03
2.214098384416763110e+03
2.135435147786424750e+03
2.112429560220462463e+03
2.186324724743989009e+03
2.208765476591507650e+03
2.178078137177000372e+03
2.153334200625476569e+03
2.345663792759046828e+03
2.147892853458462923e+03
2.195731940662119541e+03
2.274847320143978777e+03
2.245093963923960473e+03
2.172515026256790861e+03
2.274929797174300802e+03
2.225087470459696760e+03
2.092218967698460801e+03
2.183838000027254111e+03
2.189527679189017363e+03
2.171671056691034664e+03
2.068612166405737298e+03
2.154048043359181065e+03
2.024164580047702202e+03
2.075455188583092422e+03
2.127864071637911366e+03
2.172997071518205757e+03
2.119354069670213448e+03
2.253660222623192567e+03
2.137172711328516925e+03
2.228773029178884826e+03
2.187154334349802866e+03
2.124990118424382217e+03
2.296426442280517222e+03
2.153337245540213189e+03
2.170545469974132629e+03
2.029080335218220398e+03
2.115712692602228344e+03
2.006706538108969880e+03
1.999697827848389807e+03
2.047826830982776528e+03
2.194936681904555826e+03
2.051480460608630892e+03
2.199677469854134415e+03
2.262172382711040882e+03
2.185263529097648643e+03
2.194026652667851977e+03
2.145859111291001227e+03
2.226398604585914200e+03
2.159503329851711896e+03
2.227768359587793839e+03
2.240780022299679331e+03
2.179008831484420625e+03
2.226174258930458109e+03
2.249046945372002483e+03
2.195418743875696691e+03
2.161234282842461198e+03
2.129791883590620273e+03
2.222853249352036528e+03
2.265539798726813842e+03
2.068573586214721672e+03
2.324414086380651497e+03
2.178841325732758833e+03
2.152893673106123970e+03
2.136591331704324148e+03
2.127600234700556939e+03
2.179651712333220075e+03
2.127625476711338251e+03
2.248028744282734806e+03
2.214146880289184082e+03
2.132864332428189300e+03
2.259999396755955331e+03
2.271770629799810649e+03
2.186709619625208688e+03
2.193054044943051395e+03
2.081448076875431070e+03
2.229941630689359044e+03
2.094352041377700061e+03
2.166319351863927750e+03
2.206272464643358035e+03
2.062702650114851622e+03
2.051647363208951901e+03
2.099193433831650054e+03
2.096915856925339995e+03
2.091011542605926024e+03
2.202000291538282909e+03
2.149343368245313741e+03
2.270521534385293762e+03
2.158972247833213714e+03
2.308644117192539852e+03
2.292847002244136547e+03
2.209091892309012565e+03
2.107994358674035993e+03
2.186354423877124191e+03
2.200761819221866517e+03
2.124530082261172993e+03
2.200247781184039468e+03
