1.684434852512872340e+03
1.942948538458436133e+03
2.281354246826650524e+03
1.753717900336624325e+03
2.696599420343739894e+03
2.078431314466436561e+03
1.562309135826295915e+03
2.956399624318998576e+03
1.890056336986317092e+03
1.454497624798703782e+03
2.819534987540595466e+03
1.234734247090880444e+03
2.315730933113072297e+03
2.590081400337893683e+03
1.014128649840111962e+03
2.885708959758285346e+03
2.212739691172933362e+03
1.317591818567808332e+03
2.590868664226679812e+03
1.650839237706945596e+03
1.910160647729602033e+03
2.693789231358293819e+03
1.455000710409958629e+03
2.151594645298845535e+03
2.671493428835488885e+03
1.367260103399419904e+03
2.132892263519393509e+03
2.600900027512788711e+03
1.546749193526333556e+03
1.981309363857821836e+03
2.360682498231898990e+03
1.527664718309921909e+03
2.231105352975729147e+03
2.232115748285720656e+03
1.232251386181121234e+03
2.380138367996491979e+03
2.704738089004623362e+03
1.282771750878004923e+03
2.042236961312864651e+03
2.174582837144855603e+03
1.747747695117828471e+03
2.251960949816821085e+03
2.320347749875943919e+03
1.606745211234878298e+03
2.355629408571242038e+03
2.464637748128864587e+03
1.593471195607025948e+03
2.065567213475111203e+03
2.526338870037749075e+03
1.620913700765769363e+03
2.073965205016441359e+03
2.389655604906790359e+03
1.663506896126013316e+03
2.231653441257024497e+03
2.329972144672714876e+03
1.710819031939218121e+03
1.854147963956181911e+03
2.512106798377940777e+03
1.327604859595758853e+03
2.051664496968202911e+03
2.286581009768088734e+03
1.794469926417253191e+03
2.513998318201664461e+03
1.753529249960809466e+03
1.919071813706345210e+03
2.897658537855155373e+03
1.390792247184440612e+03
1.809166437677370823e+03
2.966707239914566344e+03
1.260055675242508414e+03
1.897680883800147967e+03
2.606070676259475476e+03
1.260336845200201424e+03
2.570689043952918382e+03
1.995287613603132286e+03
1.252224705533964880e+03
2.892810695295015194e+03
1.459185060884342192e+03
1.701500480164857436e+03
2.632578992023715273e+03
1.594077506386046252e+03
1.924226506524388924e+03
2.477529197903125805e+03
1.765640236163342024e+03
1.685020425158687658e+03
2.297337152180964949e+03
1.860592364219077581e+03
1.951837271742880603e+03
2.370614322459689902e+03
1.672385561082163804e+03
2.127293239131723112e+03
2.645084580255143919e+03
1.315133552324789889e+03
2.029531446045818257e+03
2.809788305416879211e+03
1.235958826953553626e+03
1.706581809950926527e+03
2.711613347956225880e+03
5.838310362591423655e+02
1.767225529972405639e+03
3.191840044173908154e+03
2.569775168031308567e+03
1.251137475917516895e+03
2.221635884409666232e+03
2.129643282110694145e+03
1.604917027408632066e+03
2.728348685486082104e+03
2.245675655114614983e+03
1.731353748261262581e+03
2.757618746091133744e+03
1.951619674933746865e+03
1.717491805705743900e+03
2.639004138844120007e+03
1.818224777193042428e+03
1.522577784033010857e+03
2.620625956275235239e+03
1.933338574013529524e+03
1.363562689084371414e+03
3.418151112622689197e+03
1.958402323103405706e+03
1.138547999875417190e+03
2.574637429517691544e+03
1.611396825407965707e+03
1.544529544592418461e+03
2.526856523389664289e+03
1.907602945464485629e+03
1.611405895323941422e+03
2.450002394350154191e+03
1.870953638886781164e+03
1.688887507482291539e+03
2.550626015067923163e+03
1.707578169479361804e+03
1.816729217616130200e+03
2.664379239913948368e+03
1.621636789504130547e+03
2.000024449122146734e+03
2.473943433581481713e+03
1.417539112818058811e+03
2.440061720867075110e+03
2.254699723189478391e+03
1.402949741048369333e+03
2.497466011957569208e+03
1.934722529861710655e+03
1.622320668727054908e+03
2.509226412343391075e+03
1.623376651118641348e+03
2.036152825458338157e+03
2.565427229719653951e+03
1.494412895861215702e+03
2.101990465277443491e+03
2.466749044644233436e+03
1.546887750082714547e+03
2.098231297854014883e+03
2.331775746367608917e+03
1.687474187388473410e+03
2.197211910386439286e+03
2.135650371038808316e+03
1.584948549409261204e+03
2.508064405670274937e+03
1.815999778315522690e+03
1.637257114923590507e+03
2.764617887120051819e+03
1.632496624091701733e+03
1.746747135292452185e+03
2.667031733033447836e+03
1.641322786002273915e+03
1.766528190734575446e+03
2.403528986419358716e+03
1.716961075510285127e+03
1.966072392150763108e+03
2.325896134242436347e+03
1.784697581844782007e+03
1.841904104842439665e+03
2.268255713660341371e+03
1.972591651245592175e+03
1.675451912192569125e+03
2.500106355275790065e+03
2.283754227382052250e+03
1.505624477883716736e+03
2.671371374601628759e+03
2.358814797668240317e+03
1.288444754100161390e+03
2.473491802314822053e+03
2.466788662563347771e+03
1.331812441791605579e+03
2.105681683713931307e+03
2.517222592777675345e+03
1.675507332519455986e+03
2.295364343868059677e+03
2.199911413765503312e+03
1.619618847670822561e+03
2.799994415098652098e+03
2.356928455684071196e+03
9.375677735266231139e+02
2.195089932588598913e+03
2.457314813556782156e+03
1.258485685195834776e+03
1.799789332038131761e+03
2.636592428018196188e+03
1.783021049515905133e+03
1.776153644087194834e+03
2.414355017468676124e+03
1.763744666554962350e+03
1.850283923784561694e+03
2.388303543721670394e+03
1.931470063001701646e+03
1.938077439717531433e+03
2.720614889400772881e+03
1.336090637863806478e+03
2.170410140687019066e+03
2.811389319487047487e+03
1.345227846869052200e+03
1.753675248859640078e+03
2.814676235091047602e+03
1.533544870643415607e+03
2.101321426108694141e+03
2.618297002168417293e+03
1.226073369730212789e+03
1.972081633273197667e+03
2.706941668015780579e+03
1.424653607322870130e+03
2.104724500728835665e+03
2.498663764185820582e+03
9.966897701482199636e+02
1.727207626477995063e+03
2.526067038062652500e+03
2.399954406609959733e+03
1.431532548684574977e+03
2.632812034475213295e+03
1.435627218744952870e+03
2.122101479298217328e+03
2.090995398804432170e+03
1.872160205118419753e+03
2.211363862688047448e+03
2.252909096486536328e+03
1.920914363586646232e+03
2.056845589724324782e+03
2.423282678765249784e+03
1.795289759305278949e+03
2.002456766656653826e+03
2.616739613027596988e+03
1.704047877709395607e+03
2.220925235126693224e+03
2.498740190260565214e+03
3.297468091051789543e+03
1.710891963524192306e+03
2.452316263569532566e+03
2.325095760835341025e+03
9.987912614754447986e+02
2.015777379560914369e+03
2.419660579129865255e+03
1.378398447974673900e+03
1.861997950015032529e+03
2.591132628315455804e+03
1.788611694705050922e+03
1.841193875533883556e+03
2.600909632479669654e+03
1.685801442639752395e+03
1.849235447988292435e+03
2.513395720978828194e+03
1.830416360003562886e+03
1.540786642601826316e+03
2.046900772035570526e+03
2.127920892893361270e+03
1.515746130953173861e+03
2.223372597527709786e+03
2.393099532706894024e+03
1.460197810186904235e+03
2.516732429132044672e+03
2.556447717301572084e+03
1.489257982238218574e+03
2.175675568049853609e+03
2.259037609614270878e+03
1.576055737654601216e+03
2.468752506254008495e+03
1.859176332191039592e+03
1.613685059619767344e+03
2.760974151776926192e+03
1.801789314881608107e+03
1.848781469097540594e+03
2.830938805771779244e+03
1.331160278781974284e+03
2.097562278193747716e+03
2.544279697883528115e+03
