1.900835344052086157e+03
2.556011910213077499e+03
2.277734659226307940e+03
2.135523830682320749e+03
1.877133719550329033e+03
1.466242714495949713e+03
1.990739565658870106e+03
2.202070170212851281e+03
2.000766566611975350e+03
2.008791538152133626e+03
2.098888886352890040e+03
1.632168889863731010e+03
2.864719713276190305e+03
2.363158277659100349e+03
2.127127320894838249e+03
1.897839079364305690e+03
1.718611976094955480e+03
1.197140652557817930e+03
2.330857756697107106e+03
1.863144678238519646e+03
1.577251356893983939e+03
1.079833567020416922e+03
1.783870450751360977e+03
2.713788097859123354e+03
2.364581786786788143e+03
1.916307963371123378e+03
1.861404994193746916e+03
2.780981310458623284e+03
2.412971763195422227e+03
1.645036092355372830e+03
1.882409040176551571e+03
2.540028267303482153e+03
1.901531640012135313e+03
1.641006879731850631e+03
1.329884418707326631e+03
2.087610437654072484e+03
2.419624717122209859e+03
2.148959738155450395e+03
2.219142037202558186e+03
1.947300579112193191e+03
1.101634070228529481e+03
1.527617308069823139e+03
2.634284460148060134e+03
2.339699471999948855e+03
1.656719538987290889e+03
2.170712443671787696e+03
2.496680361479342992e+03
2.296905417083574321e+03
2.003338003647265850e+03
1.909502674592433777e+03
2.641743400656164340e+03
2.086117612937228841e+03
1.788274178969034892e+03
1.379967843254637501e+03
2.095388277808700423e+03
2.542418805245203203e+03
2.321430556688220804e+03
1.406118323107736614e+03
2.350592091948871257e+03
2.544875549033878087e+03
2.266922171585898013e+03
1.463567346431460919e+03
1.175793182290193954e+03
2.643533672550036954e+03
2.248368339160709638e+03
1.903691527560158193e+03
7.774248886219588712e+02
2.009917731622974543e+03
2.574015074008391366e+03
2.413266497407433235e+03
1.577817584014420163e+03
2.285511096756733423e+03
2.820244083591509479e+03
2.393423410308149869e+03
1.241004626216135421e+03
1.761203021361870242e+03
2.534751993130356368e+03
1.781989273135866370e+03
2.695627477512424775e+03
2.295997458512672438e+03
1.687482061192355332e+03
1.688650117489482227e+03
1.828624091022600396e+03
1.813853140965211878e+03
1.684485132347561375e+03
2.664720121387884319e+03
2.529392865894807983e+03
2.335104365808836974e+03
2.032019784401635434e+03
1.729572608828912053e+03
2.579935316809527649e+03
2.241528104862512464e+03
1.846141254310043678e+03
1.063291111553835890e+03
1.638211761618834998e+03
2.546455871373537775e+03
2.421446288516405730e+03
2.004931987389375990e+03
1.208417663262811857e+03
2.844563043053583442e+03
1.943099008266842702e+03
1.736194151573796262e+03
1.545349677856108656e+03
2.295969139738768263e+03
1.931356864113957272e+03
2.197013454659932449e+03
2.042791937282295748e+03
2.211177333599692247e+03
2.630627585524052392e+03
2.215382157267509683e+03
1.774829104372565325e+03
1.849334219460756913e+03
2.138619883363135614e+03
2.073415607756097415e+03
1.645222238317186566e+03
1.353106954434996396e+03
1.836493867792315314e+03
2.401967971921489607e+03
2.579052885117334426e+03
2.244596908589302075e+03
1.504455436120378636e+03
2.552873021363684984e+03
1.918420448684378471e+03
1.396538353485743983e+03
1.116198623614015332e+03
2.073598758396888570e+03
2.802058502128518285e+03
2.388036598311247872e+03
2.019292429944438027e+03
2.014184182257795328e+03
2.366882248394164890e+03
2.343344248885395245e+03
2.138705491102839915e+03
1.791956438267181966e+03
2.083754321098302171e+03
2.476478764129851697e+03
2.165235173219240551e+03
1.976144832740531911e+03
1.644333532929790408e+03
1.812535572950676169e+03
2.929145236418212789e+03
2.362138150038797903e+03
2.015099978892471881e+03
1.596908659485908856e+03
3.130409381762625344e+03
2.355858009935040172e+03
1.797287836065558849e+03
1.164227187258318736e+03
9.313471770769625664e+02
2.485908062005995362e+03
1.938838156751199449e+03
1.932923963617250365e+03
1.923724116306610540e+03
1.901910876723278989e+03
3.161691256025981147e+03
2.544088362811902698e+03
2.120753268541353918e+03
1.452174382322776410e+03
1.132776157040369753e+03
2.420988755069125546e+03
2.164828728346994467e+03
1.872520821485136821e+03
1.708309251480632611e+03
1.971756040587879852e+03
1.627949829766171433e+03
2.146433665994102284e+03
2.356867943009600822e+03
2.138837732401620087e+03
1.380002450365352388e+03
1.002060383197408783e+03
2.084261008802699962e+03
1.935689308382979334e+03
1.922176378291250785e+03
1.910492523368975299e+03
2.533861064470117071e+03
2.782950345685258071e+03
2.694076025765476970e+03
2.470334423412984052e+03
1.685935963451804582e+03
2.148795020080316135e+03
2.378699751788794401e+03
1.590892841635786681e+03
1.296109220771649689e+03
1.716984319147553606e+03
2.279296525814536835e+03
2.017310528062120284e+03
1.804611932810297048e+03
1.910454468035472473e+03
2.265464627984814797e+03
2.162014426403074140e+03
2.255706511560050330e+03
2.251548974573962823e+03
2.605117290512523141e+03
2.143072068107151154e+03
1.869973311649985362e+03
1.528242740903730237e+03
1.990008557289388591e+03
2.032711719443340598e+03
1.818256895168525034e+03
1.671741527886437325e+03
1.791730498965586321e+03
3.097198074234100204e+03
2.478512368190901270e+03
1.873802424793949740e+03
1.200105442347886765e+03
2.624043546398300350e+03
2.085887055703199621e+03
1.599703357594975159e+03
1.114533560416389491e+03
1.765429106132268544e+03
2.197093992128544869e+03
1.964516504284834355e+03
1.702723047410433310e+03
1.639844109502436822e+03
2.567172698797686280e+03
2.295166916304365714e+03
2.176892766288066014e+03
1.898010286198949416e+03
2.332143123701701370e+03
2.569023139889647155e+03
2.181480386964493846e+03
1.932663264077940312e+03
1.691280509220331169e+03
2.617851680655330711e+03
2.123583235458370382e+03
1.843715674366485246e+03
1.786697412825918718e+03
1.965911317409469120e+03
1.563634039562975659e+03
1.709148498004567045e+03
2.421216533747783615e+03
1.803393440027978613e+03
1.722354384049029022e+03
1.095886492109414576e+03
1.725818495070274821e+03
2.102577703404481326e+03
1.812165562459584635e+03
1.803163289254861411e+03
1.857309186413885072e+03
2.928759028221827066e+03
2.602378365109745118e+03
2.245873367223274272e+03
1.478080246931054944e+03
1.643019864223319928e+03
2.134715620112905981e+03
1.676363964445303282e+03
1.573542648663424416e+03
1.925203178731012940e+03
2.351817614763667734e+03
2.150666340870293880e+03
1.903361671907833625e+03
1.755416782177935602e+03
2.212775064703480439e+03
2.025453030454499412e+03
1.835842712902385983e+03
1.896698480675196151e+03
2.229865193415945669e+03
1.959481627220998462e+03
1.949521047192553397e+03
1.906705236268481030e+03
2.216837522280691701e+03
2.245840518215975408e+03
2.155591038071426283e+03
2.093477892338242327e+03
2.368232813793265905e+03
2.986854686667863007e+03
2.272884357120919049e+03
1.617096376036204219e+03
1.018144151391004584e+03
2.051663672481448430e+03
2.247234148264245050e+03
1.757937855293253733e+03
1.040770553708173111e+03
1.251696402888062039e+03
2.333554852643777849e+03
1.933225563668600216e+03
1.678304409399284395e+03
1.316283963665615829e+03
2.640315523433971975e+03
2.490349088744537767e+03
2.039581625866389231e+03
1.246505679571127075e+03
2.656155738719960482e+03
2.470550619153186290e+03
