2.386895604299196293e+03
2.113971928121111887e+03
2.143008008712028186e+03
2.290874686633371766e+03
2.018421377029989344e+03
2.354408405954681712e+03
2.224103909738393668e+03
2.251771713358285069e+03
2.155628974918753102e+03
2.005667181632438087e+03
2.266092873878620594e+03
1.995157714180881158e+03
2.468079372869209692e+03
2.019793404804876218e+03
2.206944622251020064e+03
2.256273222478236676e+03
2.055477548802578895e+03
2.270536362985824326e+03
2.025035094348176699e+03
2.425676577132226157e+03
2.090538334764172760e+03
2.164420170834763212e+03
2.133102358520707639e+03
1.958319320779909049e+03
2.324807103095283310e+03
2.122549715487559752e+03
2.255675466939331727e+03
2.109975177454696677e+03
2.027667158491426108e+03
2.179417880956055342e+03
1.929937136282683014e+03
2.333452781641502952e+03
2.027696995880620534e+03
2.188996683282893173e+03
2.079200238071093281e+03
1.981179929394593273e+03
2.238690078545315373e+03
1.893224167786438329e+03
2.324270936766095929e+03
1.975725779939227323e+03
2.110793478182205035e+03
2.132893653172219729e+03
1.889600752724483755e+03
2.265212968964740867e+03
1.835289991823826313e+03
2.311515078129504673e+03
2.054230179037092967e+03
2.191822721302973605e+03
2.092451136776207022e+03
1.927614447866653109e+03
2.273979854874315606e+03
2.025952378626117252e+03
2.288664337060941307e+03
2.172331642820424804e+03
2.006827184223750919e+03
2.233746565045581065e+03
1.862013691927842274e+03
2.327459825547111450e+03
2.051645850632162364e+03
2.367566415165888429e+03
2.045350405278468543e+03
2.038872907480055574e+03
2.220994095836333145e+03
1.820066934429513594e+03
2.372915418952926757e+03
1.980301166325770737e+03
2.354944761620374265e+03
2.090276309011774174e+03
1.912136439000300015e+03
2.203353275965250305e+03
1.910806820813189006e+03
2.377128580176768082e+03
1.988432090985904779e+03
2.195814764344899686e+03
2.123131625215580698e+03
1.966679850156179782e+03
2.188409123483150779e+03
1.962369073505407869e+03
2.388577352508528747e+03
2.039939213617977202e+03
2.111967154968775503e+03
2.134448081332995116e+03
1.919227597124487829e+03
2.330328962664482333e+03
1.932826336794507370e+03
2.306009072307706901e+03
2.025514941419450224e+03
2.009270746198285224e+03
2.126869287934548538e+03
1.795024901246748186e+03
2.327109991565435394e+03
1.920699671475767445e+03
2.334628993302413164e+03
1.977442569641924365e+03
1.956761184126744411e+03
2.184822700417153555e+03
1.862723279219365850e+03
2.344804716999897209e+03
1.913401325205581315e+03
2.225017194526340063e+03
2.014477898602565574e+03
1.975493191199849889e+03
2.303589630743862926e+03
1.814408021301787585e+03
2.307775533716686368e+03
1.984282532730082266e+03
2.112146529846458634e+03
1.982935038487451038e+03
1.948896023578031645e+03
2.331651290957163837e+03
1.848412971806350697e+03
2.326797541865704261e+03
2.027927822118040012e+03
2.146398000545234936e+03
2.111493163204085249e+03
1.913320618881165501e+03
2.268304997580902636e+03
1.912960940494001761e+03
2.242293995231550070e+03
2.118507348033701419e+03
1.992284047583924576e+03
2.191231147899610733e+03
1.836344714545811030e+03
2.371002911696426054e+03
1.959156003341270889e+03
2.288091944811875237e+03
2.115849092237049717e+03
2.002957620206813999e+03
2.183549186401948191e+03
1.863072236200236375e+03
2.271981366927224826e+03
2.005354167215977441e+03
2.211235850501027471e+03
1.959423896394137728e+03
1.961570106843569192e+03
2.198111248610621715e+03
1.899011123106796958e+03
2.276370841829348592e+03
2.025796493040772702e+03
2.113139035879469247e+03
2.094624784882412769e+03
1.864508718236852246e+03
2.304001401069646363e+03
1.835188456689632631e+03
2.309106999205352167e+03
2.068902766221460752e+03
2.032307253828711509e+03
2.144669430437115807e+03
1.876386533757673760e+03
2.297210040144397681e+03
1.923695948843891301e+03
2.251410645380899496e+03
2.054696295195896255e+03
1.954292717838557564e+03
2.174355217026406081e+03
1.817598981516085360e+03
2.287912962024587614e+03
1.943594246709668369e+03
2.110251374629064230e+03
2.087289424182166840e+03
1.973308817992863396e+03
2.182994776314011688e+03
1.935508331178907611e+03
2.300681612749816850e+03
1.969968963744725897e+03
2.160404817171056493e+03
2.100362398202332770e+03
1.858436009649753714e+03
2.212348947595852678e+03
1.877482633207798472e+03
2.280345827358260976e+03
2.055579955835852161e+03
2.135014968807722198e+03
2.059441250921353003e+03
1.958938748687576435e+03
2.297174316995253321e+03
1.917252346604442437e+03
2.344702578108153830e+03
2.003510718157509928e+03
2.100546049735561610e+03
2.143488611687600951e+03
1.880528324546535259e+03
2.365072378914809178e+03
1.997905928049777685e+03
2.306168830599974171e+03
2.010383942389572667e+03
2.087892916887525189e+03
2.199775805019575728e+03
1.855322987849298443e+03
2.307560240197635721e+03
1.931823126835265839e+03
2.260081269666675325e+03
2.035368352109002672e+03
1.933591656857028056e+03
2.160303149128234054e+03
1.904590574574183393e+03
2.384775701331232540e+03
1.966029555834887333e+03
2.168879994748220270e+03
2.120213702284009287e+03
1.916444522028631127e+03
2.240163491244735269e+03
1.984916188358685531e+03
2.278398334301804425e+03
1.962504864140921427e+03
2.066025539893233145e+03
2.072883602506612988e+03
1.900209865497505007e+03
2.267977330590447309e+03
1.871825115028665550e+03
2.264992370887867764e+03
2.011761704973967881e+03
2.036071661826673790e+03
2.136832325842241062e+03
1.789016687659588797e+03
2.312467771047606675e+03
1.899137218400089978e+03
2.237938596575006613e+03
2.042143514494841156e+03
2.027273247988622188e+03
2.157605455240054198e+03
1.928307867192242384e+03
2.314789148304289029e+03
1.943900441939616712e+03
2.150702166726027372e+03
2.105370406121040105e+03
1.875567888755813556e+03
2.243392003329249746e+03
1.931705512057145597e+03
2.350990868766020867e+03
1.907082183181243181e+03
2.250700344783347191e+03
2.133019406602563322e+03
1.859018133998562462e+03
2.237359311974822958e+03
1.950013304312758464e+03
2.267922815358222579e+03
1.959987372167158128e+03
2.106541400296851862e+03
2.115451622303772183e+03
1.912428058224174265e+03
2.272981821165778001e+03
1.800320030039444646e+03
2.326031701450636774e+03
2.046516239720153635e+03
2.056157762221115718e+03
2.103451726662904548e+03
1.906306090535009616e+03
2.382315350735064385e+03
1.905740615078025257e+03
2.265987672136291167e+03
2.065156153621705471e+03
2.022936700579991566e+03
2.217641008056037663e+03
1.907777831335634801e+03
2.370069995338738408e+03
1.894968790561220203e+03
2.207622860250297435e+03
2.139891253436691386e+03
1.922076294997506693e+03
2.203644098395518085e+03
1.901000644114703391e+03
2.349120164928759095e+03
2.033330674477914272e+03
2.182984034441129552e+03
2.071330427108381627e+03
1.862323296838515262e+03
2.247581975869090002e+03
1.997156761029690642e+03
2.360286515840396532e+03
2.042721632150723053e+03
2.090054539605544960e+03
2.140870353579776292e+03
1.932069074443797263e+03
2.294934820627170211e+03
1.965812969811568792e+03
2.330549555169555333e+03
2.049563800816974435e+03
2.058080449343217879e+03
2.167239776963899658e+03
1.857537212916894532e+03
2.399301961049595775e+03
1.975219504858250048e+03
2.178197130834025302e+03
