2.198344185270148955e+03
2.255296380925158701e+03
1.968889876981368843e+03
1.356703116731202272e+03
2.290218723596826294e+03
2.294911711400699460e+03
1.781924279004248319e+03
1.271557085489457222e+03
2.536717908637534492e+03
2.274116644369506503e+03
1.556630525297552140e+03
1.761572242994541966e+03
2.343043946257369498e+03
1.642706786688575903e+03
1.926095728463437354e+03
2.613132935425623145e+03
1.406348912089993291e+03
1.948829708903760547e+03
2.646911020120569447e+03
1.355570724897144146e+03
1.900823796951801114e+03
2.896265518824046012e+03
1.540050516016496431e+03
1.618571991333411006e+03
2.476526238023058340e+03
1.820135339748969500e+03
1.741030115176278287e+03
2.164845102963431145e+03
2.105221887021566090e+03
1.686594956048161976e+03
1.891921650575382728e+03
2.419022851003624510e+03
1.541627159150581292e+03
2.014140414126097994e+03
2.412303721792407487e+03
1.572486691869253036e+03
1.952267308309714053e+03
2.566356637607445464e+03
1.647315505899817026e+03
1.797512701097847639e+03
2.324136276867934157e+03
2.089563966064079978e+03
1.753735786251395666e+03
1.884513885332205518e+03
2.604954795679180734e+03
1.675989507126828130e+03
1.828062078081385380e+03
2.227828588593534278e+03
2.331379829117991903e+03
1.647539241554134151e+03
1.694223668124641108e+03
2.266354543160994581e+03
2.255917779733930274e+03
1.954145372351152218e+03
1.622407838950055748e+03
2.290173100668296684e+03
2.370106108018846044e+03
1.900943321475071116e+03
1.563948598019659130e+03
2.002034174884756794e+03
2.530512060206513524e+03
1.656615498393001872e+03
1.788406387765087629e+03
2.138201281388999178e+03
2.452088379220469051e+03
1.724922218752174786e+03
1.786457425495852476e+03
2.225864834458431687e+03
2.409255013962422254e+03
1.580477996564616433e+03
1.753411388242391922e+03
2.406496607292503086e+03
2.174958181689800313e+03
1.462136172656788403e+03
2.045957058088182066e+03
2.676032852746821391e+03
1.791892215422185473e+03
1.497909627328272791e+03
2.201356399799087740e+03
2.405277372136420581e+03
2.051045783415592723e+03
1.687706005663287669e+03
1.924865693752334892e+03
2.352420252548435201e+03
1.993949582249771765e+03
1.723107225107632075e+03
1.680057381913564996e+03
2.247824939805256236e+03
2.584503831933978745e+03
1.334662997510916284e+03
1.899033439673153907e+03
2.580664913901555792e+03
2.269931520601208376e+03
1.508273111460957807e+03
1.647451543321802546e+03
2.524688667195352991e+03
2.463145535226163247e+03
1.463871702017899679e+03
1.487989012722805228e+03
3.298681586771697766e+03
2.372340583935027553e+03
2.099474745013612392e+03
1.903809444663767181e+03
1.881249425634225645e+03
1.944989276733387442e+03
1.957550058637668371e+03
1.960795565078115715e+03
1.901431736728384067e+03
2.418173265592236930e+03
2.027911814961282971e+03
1.225095755820464319e+03
2.602022018442936314e+03
2.001318515613437057e+03
2.020950160438022067e+03
1.336484688667716910e+03
2.406611048637054864e+03
2.828322305852214868e+03
9.825368569724327017e+02
3.284558665354526511e+03
1.058324092024321999e+03
2.204875158408734023e+03
3.762399468577330026e+03
2.481977723914747912e+03
2.665165801529517921e+03
2.196467832943566918e+03
1.661097120693677653e+03
1.920513237046474842e+03
2.076722023636067206e+03
2.224941614650085285e+03
2.203869340057898626e+03
2.102339580356588613e+03
1.783470924294084625e+03
1.556188998653790577e+03
2.201674482526928841e+03
2.226059515043597457e+03
2.173123565566222169e+03
1.467913528374944917e+03
1.995960377212942376e+03
2.569536707254572320e+03
2.388083555823670849e+03
1.094187591804284011e+03
2.741839910149980824e+03
2.423458018999465821e+03
1.166904390500525096e+03
2.153382690799156535e+03
2.579962954405596975e+03
1.644196118091446579e+03
1.491628621802302632e+03
2.713642371768518387e+03
2.216956776846309367e+03
1.524559789053365421e+03
1.861193460985704178e+03
2.299119928750901636e+03
2.057360468888581636e+03
1.567762112916515434e+03
2.301102753541453694e+03
2.297070706757933294e+03
1.578321975751806121e+03
1.997877951045731379e+03
2.374133983469407667e+03
2.211887253032180070e+03
1.451174707018421714e+03
2.520598437102211392e+03
2.527971937879958205e+03
1.372375748814399685e+03
1.778072310631343498e+03
2.558918531989989788e+03
2.027084298688650506e+03
1.467784272697008191e+03
2.098046656105805141e+03
2.854255336748413356e+03
1.819018656975539898e+03
1.524648811942680823e+03
1.704627451737748515e+03
2.629206362099414946e+03
2.330104591745001471e+03
1.389391390753469977e+03
1.544762400782447003e+03
2.241189591322986416e+03
2.495310303526930056e+03
1.549710911751718868e+03
1.584401588049293878e+03
2.319374035785021078e+03
2.385931962307729464e+03
1.853619307658971820e+03
1.412048846864837287e+03
2.468987283729690262e+03
2.544582152268454138e+03
1.887088902556299672e+03
1.408177141925883234e+03
1.875786019092113065e+03
2.745086494348538508e+03
1.962063067932665717e+03
1.619013560040652919e+03
1.463414508433883384e+03
2.460936375481416690e+03
2.412759723498808398e+03
1.582780128106679058e+03
1.613526336685576780e+03
2.550186438001303941e+03
2.329332494691143893e+03
1.389277999461764239e+03
1.799271288830253980e+03
2.570416451804378994e+03
2.095313974624668390e+03
1.653595324345135850e+03
1.523093394662779247e+03
2.646679923084185702e+03
2.152495994067088759e+03
1.545648216150800181e+03
1.716098885595644560e+03
2.489114198404643503e+03
1.976875922455997170e+03
1.576278692562240849e+03
2.413203051642650735e+03
2.340982292655534820e+03
1.869593450090511851e+03
1.523903897914852223e+03
2.479741113059063991e+03
2.250465208705350960e+03
1.591317729360985822e+03
1.698946691612512268e+03
2.533528958147909634e+03
1.429163737081416230e+03
3.186847917608482931e+03
2.382928775932976805e+03
1.510366393277600082e+03
9.662667158826664036e+02
2.530005397799937782e+03
2.089660958127567483e+03
1.577262627636694560e+03
2.323638815250334119e+03
1.474689066576312143e+03
2.817028361364659759e+03
2.301601753183385881e+03
1.703707709846197304e+03
1.548355114934698122e+03
1.753574357238561106e+03
2.362824577696210781e+03
2.192346031764333020e+03
1.510116556205461620e+03
1.957500683925768953e+03
1.964532291928860104e+03
2.487465173383550336e+03
2.091293814188801662e+03
1.716154625665474668e+03
2.154215998067001237e+03
2.227253589018591811e+03
1.931671864394623981e+03
1.670500122699829035e+03
2.237080639435554531e+03
2.418478100165500109e+03
1.670012616600676665e+03
1.820369290706691345e+03
2.109410976746621145e+03
2.467694070290637683e+03
1.703687931928952594e+03
1.440261988080418860e+03
2.479004900723595711e+03
2.350388367463357099e+03
1.779742017752449101e+03
1.364432865597959108e+03
2.389953901695181685e+03
2.776869357248001961e+03
1.634530556214626358e+03
1.611135137513325390e+03
1.912060372577485623e+03
2.825617170679345691e+03
2.166610299610281345e+03
1.850852253475560474e+03
1.693041990255176188e+03
1.393659073727770874e+03
1.569807073126325804e+03
2.011667670796141238e+03
2.452383963271629909e+03
1.517214787145550417e+03
1.906462329693080846e+03
2.292376242224032922e+03
2.559681627134841165e+03
1.762624502971493484e+03
1.826266569457698324e+03
1.800272587948220917e+03
2.493392080257631278e+03
2.115405924230604342e+03
