2.630191572049933256e+03
1.973408291026670440e+03
1.661629734071304028e+03
1.715543817621973631e+03
1.941752424172374276e+03
2.895732297072058827e+03
2.220043672150731254e+03
2.463422882917342577e+03
1.588025504322823735e+03
1.537380054495948116e+03
2.092898189784051283e+03
2.009467487446275527e+03
2.498753722490996552e+03
1.474264285439021933e+03
1.784645708228119702e+03
1.946395613848169432e+03
2.324241833536420472e+03
2.246645183136435662e+03
1.627780418894044715e+03
2.278147590850152937e+03
1.992032568348833365e+03
2.605931562119531009e+03
2.171281562805795147e+03
1.736211466184140818e+03
1.976977689357691588e+03
1.689831440460989143e+03
2.508419135500279026e+03
2.222556926336567813e+03
2.185376292200363878e+03
1.877395352552278609e+03
1.603927348990564269e+03
2.450822820934643460e+03
2.082741444907616369e+03
2.508528562751278059e+03
1.829205207264777982e+03
1.559429579563510515e+03
1.854552902826036643e+03
2.052011137253103698e+03
2.586522479579235551e+03
1.710417297662148485e+03
1.813232036392511645e+03
1.781512057804362712e+03
2.308074184903101923e+03
2.616033163370642797e+03
2.069429221987624260e+03
2.320641558176823310e+03
1.549617404008348103e+03
1.848098047039802623e+03
1.795148763743004110e+03
2.098151979014315657e+03
2.423494439727878671e+03
1.786633855581072794e+03
2.389325405631710510e+03
1.785868432145808129e+03
2.075818669763343678e+03
2.081776772686051117e+03
1.546462376204486645e+03
2.160504598981327035e+03
1.929546778258409859e+03
2.683609885099328494e+03
1.827663253935161038e+03
1.914400752138621328e+03
2.020099030723972874e+03
1.760063380619833652e+03
2.600587449247078894e+03
1.977134247518288703e+03
2.248509114612770190e+03
1.937637832486917659e+03
2.158776766959983888e+03
2.327079883465345119e+03
1.508437083286279858e+03
1.898449188312101342e+03
1.451254956179570854e+03
2.527724210951699206e+03
2.363095402939976793e+03
2.367142455848796999e+03
2.585150362743407641e+03
1.710649759458196741e+03
2.198514865572015879e+03
1.366181956694792007e+03
2.205423223767635591e+03
2.429798653501913577e+03
2.256291119211246951e+03
2.289664166787797058e+03
1.250701943851914393e+03
1.898449884314216206e+03
1.724513674181790066e+03
2.636435945943802835e+03
2.369587030533739835e+03
2.158758725467043860e+03
2.475523038561454996e+03
1.456935670224728028e+03
1.871385338165512167e+03
1.284304305223128949e+03
1.892618043214278259e+03
2.479052104547096405e+03
2.200023239154884322e+03
2.727675316242524787e+03
1.722577398372956395e+03
1.918892833910010268e+03
1.419129690335861369e+03
3.946923008372778440e+03
1.632058044334736223e+03
1.027676336355033300e+03
1.907790236619121288e+03
9.948810747181386205e+02
1.908958615155831922e+03
1.402055702272867165e+03
2.841774025957933645e+03
2.484925142516087817e+03
2.635787743248295101e+03
6.118647388419792605e+02
2.359679163249977591e+03
1.012289253283509993e+03
2.243419476190600562e+03
2.362155822404154605e+03
3.314773836589813072e+03
1.908261456917639634e+03
1.788244018826701222e+03
1.127648984652427316e+03
1.580938302003309218e+03
1.994035696855524975e+03
2.115417910015435154e+03
2.501321996594679604e+03
2.006904344643656259e+03
2.031126156690585958e+03
1.465329069877120219e+03
1.626668951968450756e+03
2.007703332485580631e+03
2.149280453969470727e+03
2.756603738251819323e+03
2.182078430890084292e+03
2.513932716419175904e+03
1.896053598245548073e+03
1.886285840453254878e+03
2.180893853734589811e+03
1.985865989367814564e+03
2.837672844585192706e+03
2.267728397159442920e+03
2.113056788034809415e+03
1.408015462221012740e+03
1.349724351104683819e+03
2.327402175402870398e+03
2.567497305240463902e+03
2.568959336021254330e+03
1.542240648850459365e+03
1.841234911404795412e+03
1.832473826211861478e+03
1.449515565746797847e+03
1.718969345026671817e+03
1.478488420108423043e+03
2.391165690527037896e+03
1.876129974318352197e+03
2.274470832912887090e+03
2.388018931138288735e+03
1.889669694439806563e+03
2.148633614660681815e+03
1.713540535548148910e+03
2.426499455401536125e+03
2.358257117161697352e+03
2.631526911257136362e+03
2.204953868555669033e+03
1.994818196770879240e+03
2.203078861746419989e+03
1.214726531858694216e+03
1.685849901024040491e+03
1.594544947419173468e+03
1.851159363356173799e+03
2.233827300874635966e+03
1.859166953705968353e+03
2.583671850041214384e+03
1.834867456062871270e+03
2.438935109035317510e+03
1.910701143449014126e+03
1.899213792816480463e+03
2.840929733634628974e+03
2.168611853421945852e+03
2.704800437994722870e+03
1.620736205060451994e+03
2.025301228953232794e+03
2.161150079444263156e+03
1.683768852171351455e+03
2.436005379539265505e+03
1.897458735047370055e+03
2.713790727278369559e+03
1.482846209654442873e+03
1.451183193179431328e+03
1.996024444858198876e+03
2.201502120974481841e+03
2.954510868231209770e+03
1.450622784557305067e+03
1.973960107147287545e+03
1.615960826944582323e+03
2.140149991858926569e+03
2.690434033495264430e+03
1.923990839039331377e+03
2.790042786461189280e+03
1.425963139892009622e+03
1.715891046329607434e+03
1.616511334582461359e+03
1.992606725903710640e+03
2.684489590726530878e+03
1.803969970095001599e+03
1.993031694843945161e+03
1.639940209867874728e+03
2.602991213716270067e+03
2.715675887384053112e+03
2.429942348298613524e+03
2.421066289957185290e+03
1.300830897369777404e+03
1.774324585617350749e+03
1.723968805733857153e+03
2.512667117783103095e+03
2.429958756879483190e+03
1.933803130521386720e+03
1.765718844757584520e+03
1.335414337266361827e+03
2.287718725213042035e+03
2.169311436412528565e+03
2.694661277656451148e+03
2.582184752389764526e+03
1.486711691690364432e+03
1.742612567986523800e+03
1.583457307278528788e+03
2.645004615046407707e+03
2.242362785756079120e+03
1.675552152564087010e+03
3.303232485233998887e+03
4.330706269732217493e+02
2.454933173941829864e+03
1.778978957802898776e+03
1.792740229319835862e+03
1.811838016013038668e+03
1.773285777114676193e+03
1.894034471423895184e+03
2.328862770558355805e+03
2.282081358005474613e+03
1.919892880980914470e+03
2.191691400205864738e+03
1.691135159342068164e+03
2.322262582311718234e+03
2.101190517337645360e+03
2.255395429432616311e+03
1.900830123480931206e+03
1.461996051580483027e+03
1.949110413847017526e+03
2.275493113266992623e+03
2.388494376154729252e+03
2.619560833396027647e+03
1.545724836276174074e+03
1.720729351513904476e+03
1.425482925698012423e+03
1.781366754539106296e+03
2.252433745017730416e+03
2.240348125202692245e+03
2.484188106007879014e+03
1.647263463406465007e+03
2.014288150012760980e+03
1.646287403035084026e+03
2.046585308892739022e+03
2.308987968589436150e+03
1.964732601958732630e+03
2.923068522379197475e+03
2.206799639298509192e+03
2.407499118692940101e+03
1.577938907788156939e+03
1.462585390588272503e+03
2.202895977336164833e+03
2.321631974915302180e+03
2.841760024370705196e+03
1.989045108978497638e+03
2.082082134328365100e+03
1.623738743631768330e+03
1.521774686371906228e+03
2.039024780624378764e+03
1.919545362585176235e+03
2.885663741995745568e+03
2.189583358111202870e+03
2.066622316468078679e+03
1.758451469686039445e+03
1.393947077758412888e+03
2.133409024437152766e+03
1.762419987174293965e+03
2.461701356682960977e+03
