2.095790740180373177e+03
2.738458581826650970e+03
1.814495644997092541e+03
2.235750776240226060e+03
2.729283896902983088e+03
2.532193328915793700e+03
3.607860208992412481e+03
3.027031461322449104e+02
2.698509175931967548e+03
1.753922609123582561e+03
2.177476511928832224e+03
2.586526184024146460e+03
1.890158814039002891e+03
1.762843892822705811e+03
2.197548393004105947e+03
2.375401080842082138e+03
1.570027708628758546e+03
2.097840041725022274e+03
2.083723306384836178e+03
1.736056191410029442e+03
2.404742685108320075e+03
2.091634346091520911e+03
1.970825731983471769e+03
2.261467626011432912e+03
2.260585318551358796e+03
1.863587383308526114e+03
2.059353414454826634e+03
2.682778352254577840e+03
1.519441463725651374e+03
2.041693820107298507e+03
2.660132304714629754e+03
1.921465313571207162e+03
1.688555894814140174e+03
2.545474542964022930e+03
2.172237215331369953e+03
1.559496561695656283e+03
2.561716704640066837e+03
2.482775931535466498e+03
1.316365371456691946e+03
2.416921221086980040e+03
2.451626537878394629e+03
1.683626314524874942e+03
1.990253187203945345e+03
2.348561934218052102e+03
1.928033254251203516e+03
1.741876571647778292e+03
2.335522145991150410e+03
2.106192148698397432e+03
2.055943564243163109e+03
2.062444622531568257e+03
2.533778526949721254e+03
2.085446447102276124e+03
1.954206060715498779e+03
2.636759238240598734e+03
2.368636416868623655e+03
2.171758533502475075e+03
2.225610290421157060e+03
2.375828696050586132e+03
1.926266675267106393e+03
1.976451197326827923e+03
2.275268781984009820e+03
2.409665826855460637e+03
2.470707575345112673e+03
1.393483396462253495e+03
1.989882757165228440e+03
2.578088195365645333e+03
1.466363081196915800e+03
2.405857128477791775e+03
2.555004301180414132e+03
1.983884430155392238e+03
1.882391831296461305e+03
2.509663743893201627e+03
2.028779257366696356e+03
1.831482986469546631e+03
2.695453637903253366e+03
2.227709916944175802e+03
1.730281486393949308e+03
2.404523601832599525e+03
2.522736867695624369e+03
1.704862495756553699e+03
2.008452318537320707e+03
2.941565775135863078e+03
1.609653430668559849e+03
1.847124297608418146e+03
2.547605105220474343e+03
2.272724810193697067e+03
1.728956596952470136e+03
1.939763143600308467e+03
2.664328263355746458e+03
1.932978175136154960e+03
1.667316479982191140e+03
2.534107130270108883e+03
2.012179580885190944e+03
1.824101847629136955e+03
2.248267856484083040e+03
2.565885752247313121e+03
1.601371667139571400e+03
2.040778107232222283e+03
2.685557881091194758e+03
1.907328428908994283e+03
1.768828818303328262e+03
2.459785860848794982e+03
2.876979381919352818e+03
2.424619353281713302e+03
9.808894084899379777e+02
2.553601220002274204e+03
1.493646913535986414e+03
1.945733762474546211e+03
2.078471189004606458e+03
2.161986282065116939e+03
1.655526057959066975e+03
1.800379106582132408e+03
2.689501476279539929e+03
1.609959894252126333e+03
2.138172219809019680e+03
2.359997690163305833e+03
2.687542964849787495e+03
1.844297601617454120e+03
2.456240136469677964e+03
2.389624551851319666e+03
1.806346381569300092e+03
2.061528711717196984e+03
2.388031540851437512e+03
2.300527271192225271e+03
1.730254347430996404e+03
1.888480450341560982e+03
2.316112180380354403e+03
2.157933984987606891e+03
1.729731319212329709e+03
2.060586700940267747e+03
2.321282915998770022e+03
2.015376621814173632e+03
1.840144831202196201e+03
2.642132367436074674e+03
2.321178509319259319e+03
1.814347058120207294e+03
2.339289650665295994e+03
2.578431256406317061e+03
2.094760307617079434e+03
1.833482560033179652e+03
2.816153890632792354e+03
2.015444535802321298e+03
1.674697135180171472e+03
2.436575684751140670e+03
2.393432639676977942e+03
1.579197158947662501e+03
1.834136300224463866e+03
2.718922595646303307e+03
2.238325854694295231e+03
1.604193202741869527e+03
1.948713760361712957e+03
2.468445887321996906e+03
2.263142252939796890e+03
1.530190495910693471e+03
2.217087287737056158e+03
2.801722507651301385e+03
1.793597124319234354e+03
1.812809289285846717e+03
2.339929742562082083e+03
2.757014769738651921e+03
1.593593328765159413e+03
1.923580584098774125e+03
2.471817561058287538e+03
2.260182771457325998e+03
1.853600612954689723e+03
1.793138354001355538e+03
2.025686907774014117e+03
2.064602394213692605e+03
2.229777288443832731e+03
1.914200225768775681e+03
1.801658228617877739e+03
2.353121534674939085e+03
2.290175707156569842e+03
1.808168927982021614e+03
1.890823655732356656e+03
2.299060470478906154e+03
2.276537306328186787e+03
1.563701505471358814e+03
2.113839314823487257e+03
2.447498005022495363e+03
2.174249002251408911e+03
1.834664566529752392e+03
2.439109301272976154e+03
2.208580378876876239e+03
1.670656912426400140e+03
2.131983869074544600e+03
2.196762714456420781e+03
2.723244262057221022e+03
2.136681164371037084e+03
1.563074578466540743e+03
2.358161825730756846e+03
1.963086935768083777e+03
2.005035800595772571e+03
2.204058554896319492e+03
2.457540609316225073e+03
2.000443625297105655e+03
2.039537961943508435e+03
2.676789719821455947e+03
1.897351552274223650e+03
1.990826060679127295e+03
2.455171564303052037e+03
1.814463175355043404e+03
1.999954592065399311e+03
2.458609714853691003e+03
2.038594234514899654e+03
1.959310959730482864e+03
2.818668758247768437e+03
1.673107598301467760e+03
2.119843921153193151e+03
2.490425271316669750e+03
1.829930754311774081e+03
2.067342253083030300e+03
2.130956902594057738e+03
2.392840819021209882e+03
2.320124959510249482e+03
1.604023226607343076e+03
1.712453405439742710e+03
2.183768820343156221e+03
2.402348223049930311e+03
1.736141098097314625e+03
2.277309736633776083e+03
2.580032596471860870e+03
1.769576817746879215e+03
2.211019702314105871e+03
2.337110793974211902e+03
2.013103290501745505e+03
2.076212597254649609e+03
1.752495424478777977e+03
2.318532901577690609e+03
2.450424476475443043e+03
1.924421041052481087e+03
2.560189224872398427e+03
2.826346895055161895e+03
1.767322131210434691e+03
2.243816904304574564e+03
1.951988614087649921e+03
3.054354405391904947e+03
1.806142247040229904e+03
1.977602825162323597e+03
2.388608801070512527e+03
2.036110014525557062e+03
1.922212759293875479e+03
2.289533721490929111e+03
2.012720365526980686e+03
1.827286164404069496e+03
2.455849532192992683e+03
2.001135227563809849e+03
1.690966490299090765e+03
2.476976982319506988e+03
2.273263021742410729e+03
1.520538216917964519e+03
2.287736996305944103e+03
2.541694761396266586e+03
1.722554659502999584e+03
1.746614548829117894e+03
2.150759629715354095e+03
2.329878761474367820e+03
1.613800236759100926e+03
2.078656124809318044e+03
2.358390015814095023e+03
2.316550264905444692e+03
1.901098570591041153e+03
2.060687686083496374e+03
2.377769293780377666e+03
1.764856198848310441e+03
2.090911868892236726e+03
2.338493693830394022e+03
2.340617642606277514e+03
2.015022700102983435e+03
2.074135833230210210e+03
2.566330817185439628e+03
2.098964275117024499e+03
2.043480037079577187e+03
2.430473194352957762e+03
2.421978336154940735e+03
2.063997271958376587e+03
2.143966525978858954e+03
2.628331675559350970e+03
1.601089515085126777e+03
1.997920990668355898e+03
2.363352535064087533e+03
2.165408687944298435e+03
1.774924633705764563e+03
2.367063062609700864e+03
