3.135930595905348127e+03
2.558544991440272952e+03
2.140631056093658117e+03
1.929615109080836191e+03
2.010614504018064054e+03
2.376424809780915893e+03
2.607901470280597096e+03
2.643881535231369071e+03
2.077620806544560310e+03
1.918621575231700717e+03
1.546880540434855902e+03
1.390238988877883003e+03
2.341614800640715202e+03
2.304554447646382414e+03
2.330047974369495023e+03
2.314094294685783552e+03
1.922656876168468671e+03
2.075624045378285246e+03
2.135652052497000568e+03
1.717429267036547799e+03
2.117936757134986237e+03
2.171052215724097550e+03
2.698443640798244360e+03
2.503197506658753355e+03
2.186083196645449789e+03
1.433107577662178983e+03
2.271705413773958753e+03
2.253875208419393857e+03
2.453140455919618489e+03
1.987022150815173291e+03
2.435647916562241790e+03
2.245152482748317652e+03
1.894322734721024517e+03
1.721194857931082879e+03
2.419425082228781775e+03
2.807094638696722541e+03
2.308694632488056413e+03
1.806380853143838067e+03
2.379068684050098454e+03
2.129940911964991756e+03
1.365662519981478908e+03
1.871467918941009202e+03
2.303246708083651811e+03
2.387153271182232857e+03
2.044563602149934923e+03
1.759764995574624663e+03
2.613067436307099342e+03
1.329575473710019651e+03
2.369958019652485746e+03
1.623213715385394835e+03
4.299602607915371664e+03
2.804221400908360806e+02
9.896528139593837068e+02
2.446794537517162553e+03
9.536417423614768722e+02
1.796989226772958318e+03
2.597609272580310517e+03
2.368422047557558017e+03
2.441801941182337941e+03
2.138463057155157458e+03
2.067594409149775856e+03
2.127527269426081148e+03
2.020944643311042000e+03
2.304509492064964434e+03
2.416761670994494125e+03
2.351505030157479268e+03
2.186616170528507155e+03
1.719370629960760425e+03
1.544322642034444925e+03
2.000275950342308306e+03
2.308110559574552099e+03
2.058237167771528675e+03
2.239279817481721238e+03
2.487124987156551015e+03
2.358625134331424761e+03
2.267071715800043421e+03
2.159136667616391605e+03
1.339269638425377480e+03
2.116794863550152513e+03
2.235293551472095714e+03
2.141377795119436996e+03
1.256737550082753387e+03
2.165625710099251592e+03
2.046477864462535990e+03
1.540595352505444453e+03
2.225651632566432454e+03
2.617569792002037957e+03
2.615010744964640253e+03
1.954650854690788492e+03
2.164329235542968490e+03
2.412340418114661134e+03
2.139801712728793063e+03
2.058828382842595602e+03
1.706228128453382624e+03
2.406348859883173191e+03
2.579367470003993276e+03
2.520395090816548418e+03
1.774303721452543186e+03
2.255523700805215412e+03
2.066707222760944205e+03
1.727294563682237595e+03
1.111699993919115514e+03
4.285781869799709966e+03
2.382775069173626889e+03
3.438844053232321585e+03
1.423864816358721555e+03
9.746157105128204421e+02
2.266847378564976680e+03
9.631741373904585544e+02
2.800361988804150769e+03
1.946965262713333914e+03
1.860772697901081983e+03
2.071530484983268707e+03
1.637503850816493468e+03
2.657517278401884141e+03
1.375140125325515328e+03
2.215488183938573002e+03
2.225852006596737738e+03
2.076921752185824062e+03
1.869689144178076504e+03
2.120822457329303234e+03
1.715849226460285536e+03
2.158838986459181797e+03
2.213361248299501312e+03
2.206368556768633880e+03
2.188116450310515575e+03
1.923799916013255597e+03
2.113756318939089397e+03
2.220650590375479169e+03
2.112687602588228401e+03
2.003638196255975799e+03
1.998027231026858999e+03
2.190148957578599038e+03
1.775667639291601745e+03
2.173572855353465002e+03
2.155054596108295755e+03
1.907462146093387901e+03
2.076785043268438585e+03
2.377851237202391076e+03
2.482194005004856535e+03
2.121128400891570436e+03
1.981618464502024835e+03
2.095341371577915652e+03
1.387484308203621367e+03
1.836965281823278247e+03
2.230931163913003275e+03
2.390860902004499621e+03
2.450135060443287330e+03
2.302415092265219755e+03
2.313816998870213411e+03
1.996970767154347641e+03
2.119099958410608451e+03
1.745334510411008978e+03
1.628198893122705840e+03
2.121255030492278820e+03
2.264643536452973876e+03
2.382463247649617642e+03
2.458532456299186833e+03
1.941958525976389637e+03
2.493626706827285943e+03
2.586084796374801954e+03
2.218074482580583208e+03
1.708187545653215238e+03
1.640720739795097415e+03
2.063736995349074277e+03
2.188207473611962087e+03
1.534664748199568749e+03
2.188281381159862576e+03
2.616901712757305631e+03
2.329483758033014055e+03
2.161024387678842686e+03
1.429248459573303990e+03
2.126919755453419839e+03
2.320766993671119053e+03
2.301101831522719749e+03
1.216652875411789410e+03
2.291590595175127419e+03
2.905218373555206654e+03
2.027602484949440850e+03
2.167980351201879785e+03
1.595442552305389199e+03
2.129927117262500815e+03
2.346290976404015964e+03
1.903079194798024446e+03
2.135823410537080690e+03
2.629097711349708334e+03
2.762050626466938411e+03
2.103756475475066509e+03
1.288236492992806006e+03
1.976807130518748863e+03
2.360343393195212229e+03
2.706496874494934673e+03
2.232506696402801481e+03
1.892875451549293757e+03
2.205781765335907949e+03
2.445694600050590907e+03
2.421219586995888221e+03
2.091383820021811061e+03
1.736415257038390791e+03
2.003926045809180096e+03
2.209435565648747342e+03
2.458595143663535964e+03
2.472008558565623389e+03
2.231647785070454120e+03
1.080659526952892065e+03
1.888979004475117790e+03
2.067836210741510513e+03
2.042812344459792030e+03
2.133696132205458525e+03
2.388359505683238694e+03
1.978569759817968134e+03
2.259000478985971313e+03
2.407846985044232042e+03
1.876642956308450721e+03
2.033747789668696214e+03
2.227908719744113114e+03
2.216000857057800658e+03
2.429811332818350365e+03
2.686844560840961549e+03
2.419562092815544929e+03
2.061187215009067586e+03
1.838593038308412133e+03
1.649267608776144925e+03
3.630374322563623082e+03
1.664996459131605889e+03
2.387271255002098769e+03
2.301404432899561471e+03
6.973779230812906462e+02
3.146695569356404576e+03
1.376533484767691334e+03
1.180613453998553723e+03
2.370813192052108661e+03
1.966639712667451249e+03
2.495829295763182017e+03
1.752044708567585303e+03
1.909434151350096272e+03
2.025072369152753026e+03
2.021148059800294959e+03
2.197128717475528447e+03
2.131547299013277552e+03
1.778111116842821730e+03
2.171061371455221433e+03
2.093997177226170152e+03
2.002184886347164138e+03
1.751525664149604154e+03
2.088091118027926768e+03
2.270208835708899187e+03
2.395781588647370882e+03
2.351266756866428295e+03
1.875045961830742726e+03
2.114233054479650491e+03
2.060867897021308636e+03
2.063330552261932098e+03
1.852334838770861325e+03
2.266298279121750511e+03
2.696987453453444232e+03
2.549647263893577474e+03
1.918732800950046567e+03
2.420247885145203782e+03
2.266697268036100922e+03
1.756789481600906811e+03
1.869876008675636285e+03
2.488635700377599278e+03
2.575769831353169593e+03
2.409073830581690345e+03
1.488074713307612001e+03
1.744656802266981231e+03
2.000184515364922845e+03
2.039274513411469570e+03
2.529377736198359344e+03
2.241264040335449408e+03
1.767413277413064407e+03
1.776699940781865507e+03
2.275283457679192452e+03
2.437381328286389817e+03
2.419833431585297603e+03
2.348955638330122383e+03
1.589161537957784958e+03
1.814902427029886894e+03
2.042185663576259230e+03
2.190357939674474437e+03
2.272316444193241750e+03
2.578369639421597640e+03
2.084056137758891055e+03
