2.374433552707733270e+03
1.875880270223587331e+03
1.467599489900826484e+03
1.817581543116459898e+03
2.061476512069898035e+03
2.355090770780384901e+03
2.473771177142918077e+03
2.246022108459965693e+03
1.719959142982437243e+03
1.557657194481329270e+03
1.751581860462307077e+03
2.081134697615784717e+03
2.329865871436295947e+03
2.483422452263572268e+03
2.367708413526640015e+03
1.926356195455055513e+03
1.585124794706979173e+03
1.668943775533319695e+03
1.757091011503484651e+03
1.907775728910775797e+03
2.310325766969779124e+03
2.535243904299395581e+03
2.360656264206653304e+03
1.674774492706633282e+03
1.627378799725006502e+03
1.868624105550448576e+03
2.274746833858412629e+03
2.558182068668684224e+03
2.381512770569559052e+03
1.694830599283550100e+03
1.578916671542857557e+03
1.664918865523477962e+03
1.797937601576555608e+03
2.082970056592499532e+03
2.614276370234229489e+03
2.492887136266060224e+03
1.810270150366564849e+03
1.650517138277657068e+03
1.690723176510578696e+03
1.727200675501373553e+03
1.755638450677937726e+03
2.093044177411355122e+03
2.315646847903848084e+03
2.301903723185430863e+03
2.484099465976772990e+03
2.285368573360732626e+03
1.981916344871385036e+03
1.952881562658546727e+03
1.552211114988383770e+03
1.759965876904425159e+03
1.621212288561196374e+03
1.980639515655443120e+03
2.256218479554011083e+03
2.541247128707093907e+03
2.431258464856326555e+03
2.328112657240732460e+03
1.880475576826960832e+03
1.511796667793301367e+03
1.833836210155046501e+03
1.592142684291381784e+03
1.604330024860796357e+03
1.869659525001660995e+03
1.884356229793386774e+03
2.058769588375734202e+03
2.172534160399011398e+03
2.465039022087313242e+03
2.383819482060143855e+03
2.454715760336425319e+03
2.567804815676987346e+03
2.281659522587345691e+03
2.167486724077667986e+03
2.256518721959085269e+03
2.131801319232638434e+03
1.789542490690406567e+03
2.033683658475869834e+03
1.733697270277537200e+03
1.443794443114904425e+03
1.744375909269223484e+03
1.534970519282913301e+03
1.775048947611458289e+03
2.312083253270167916e+03
2.446969848593705592e+03
2.562927010045347288e+03
2.340341740986081277e+03
2.474678793279307683e+03
2.292781913329430608e+03
2.200749792974439515e+03
2.342543905516753057e+03
2.123534781896852564e+03
1.916891360642466907e+03
1.998158858665156458e+03
1.865702846628343650e+03
1.525509653792051949e+03
1.725409850224934189e+03
1.604108458590109649e+03
1.597309045020811709e+03
2.003681012323741697e+03
1.908364540539040945e+03
2.489171627389117930e+03
2.438412832497161617e+03
2.471164252852050140e+03
2.294808820418244068e+03
2.691224991696120014e+03
2.302551661303874880e+03
2.462940750142211982e+03
1.943953353197829301e+03
2.000441320148789373e+03
2.008704968193819013e+03
1.661681930707833544e+03
2.070041596998952627e+03
1.660129374007801289e+03
1.766539902311046944e+03
1.972259311094608847e+03
1.736263371715850553e+03
2.000686621992631899e+03
2.109180790886731756e+03
1.949531109405799043e+03
2.360822566711760373e+03
2.246231196078275843e+03
2.321713319859128660e+03
2.184559907807114541e+03
1.706022686714091606e+03
1.903095090281615740e+03
1.630999676691892546e+03
1.570037349499953507e+03
1.693305827702738497e+03
1.748510681491480682e+03
1.942095832456933067e+03
2.207010218577528576e+03
2.436352772975713833e+03
2.461807498813021539e+03
2.365651707337939570e+03
2.524557645485269404e+03
2.513436826406275941e+03
2.346012791435492090e+03
1.981472833986002797e+03
2.182679631902967685e+03
2.001411465510835342e+03
1.663366650515368747e+03
1.709836430609186209e+03
1.953500558768153269e+03
2.024886544473658205e+03
1.995411334963130457e+03
2.165593489336058155e+03
2.123583478685256978e+03
2.330649197951180668e+03
2.418415947434942154e+03
2.379353762557295795e+03
2.513558392908917085e+03
2.429822215482398406e+03
2.403120806440426804e+03
2.305604208396893227e+03
2.486067638975375758e+03
2.329369464809169585e+03
2.199109843319223273e+03
2.486965789818971643e+03
2.264492410846423354e+03
2.261867031959314772e+03
2.363193777671549924e+03
2.203481940596036111e+03
1.779519842791308974e+03
1.807728550593623822e+03
1.722450050657780821e+03
1.578100974884781181e+03
1.773812206943227920e+03
1.858831873819543716e+03
2.025869179274317275e+03
2.035898049056305354e+03
2.186101914455584392e+03
2.193119820783294472e+03
1.773943089871695747e+03
1.851637171945304090e+03
1.560582381840436028e+03
1.798917153874318501e+03
1.916160968021331882e+03
1.804425083045646716e+03
2.171534213384377381e+03
1.951052264092947325e+03
1.971921800199555719e+03
2.070462133240111598e+03
2.141010929081502582e+03
2.341452168978290047e+03
2.271976110303794030e+03
2.182142182486823458e+03
1.568585395617446011e+03
1.552796448646621684e+03
1.811503668545717574e+03
1.737343607982121057e+03
1.919858659898801079e+03
2.123946218541799226e+03
2.301605842751878299e+03
2.268852324532188049e+03
2.332760772064376852e+03
2.435984400235108751e+03
2.348924697723210556e+03
2.466667706161209480e+03
2.432087670068768603e+03
2.210848145933877277e+03
1.681213434280323781e+03
1.591987374252237259e+03
1.507492382330768578e+03
1.975691177992859139e+03
2.483047664527647157e+03
2.679944027823825309e+03
2.315122972487284642e+03
1.995063599931448380e+03
1.748039125539545694e+03
1.446998454790030337e+03
1.629476214517565950e+03
2.185938110327000231e+03
2.240610865306172855e+03
2.505539782952280802e+03
1.833372152197418927e+03
1.821031362313725595e+03
1.631636310662044025e+03
1.554979997767989744e+03
2.195278501139910986e+03
2.373604367048890253e+03
2.582170792776386861e+03
2.292161832816775586e+03
2.232286230854161658e+03
1.942111278658622723e+03
1.547992879959376978e+03
1.803411564312441669e+03
1.604311067533077448e+03
2.081688054598301278e+03
2.494040902932768859e+03
1.759249048736464147e+03
2.810565172957912182e+03
1.696127637460900587e+03
1.497306823341296422e+03
2.656385527922391248e+03
9.030458101781495088e+02
2.263705683214277997e+03
1.888638618342947439e+03
1.998653898661876156e+03
2.048174565010981496e+03
1.922985249682776384e+03
2.418989834023660933e+03
2.001713894659973448e+03
2.285601109942228504e+03
2.284974534245155610e+03
1.804430695928941077e+03
2.043820016338934465e+03
1.676398872482014895e+03
1.770488730431361319e+03
1.874046144509096393e+03
1.861138227280471710e+03
1.945646236378537651e+03
2.226774884278885565e+03
2.326783842265296698e+03
2.397991627753508965e+03
2.259403788708766115e+03
2.116823116931035202e+03
1.984313173479627039e+03
1.822564747816088129e+03
1.992035212973177522e+03
1.803830690500367837e+03
1.778237232162468217e+03
1.873975768479947646e+03
1.762563368859417778e+03
1.687406590364004842e+03
1.688006259113179112e+03
1.834983766534559891e+03
2.052554556286687330e+03
2.411673767082512768e+03
2.666119158748792870e+03
2.522399904560477353e+03
2.357965381892986898e+03
2.223998215694227838e+03
2.126659406614782711e+03
1.767467848364867905e+03
1.631102387588847478e+03
1.758654800268615190e+03
1.737898268568202639e+03
1.832967063373829660e+03
1.901986995028391675e+03
1.933057357764988410e+03
2.073956046668703038e+03
2.216443891303118562e+03
2.274310778953512909e+03
2.258674481456926515e+03
2.310157559052618581e+03
2.053530943752004077e+03
