2.541941724421501021e+03
2.361726546562855219e+03
2.352137071290435870e+03
2.283421259245299098e+03
2.203978718861848392e+03
2.167713995961335058e+03
2.139627693347252716e+03
1.929037728114192078e+03
1.748378506683661954e+03
1.761840042240143930e+03
1.857158534278789375e+03
1.798227043254416230e+03
1.805029323377265200e+03
1.796676122962714317e+03
1.875686258121440687e+03
2.042776079595869987e+03
1.935259927426430750e+03
1.957126122734330920e+03
2.195852219091033930e+03
2.369754449076656329e+03
2.519652109752483739e+03
2.505474583858856477e+03
2.341394519362055689e+03
2.367869971545585486e+03
2.395239283254728434e+03
2.240029867251425003e+03
2.239692397294933016e+03
2.194608938253776614e+03
2.203776672016173507e+03
2.233232434929985629e+03
2.187521962854629692e+03
2.124654965186381560e+03
2.071628233396481392e+03
2.073384790985107429e+03
2.091172468222445332e+03
2.009844088314203645e+03
1.936249190655355733e+03
1.988629022900524205e+03
2.000572565074902514e+03
1.978176312167588321e+03
1.881727442977078226e+03
1.812896198185365847e+03
1.817196031216128404e+03
1.823362360031500430e+03
1.729757939655619566e+03
1.770886439613881976e+03
1.965337712660465286e+03
2.218937091235922708e+03
2.327628477168774225e+03
2.405425856180956998e+03
2.642192027989402050e+03
2.540916073122699345e+03
2.389277244542337030e+03
2.220312590306235961e+03
1.925094962895183016e+03
1.682164671344366297e+03
1.636289308089294082e+03
1.757079352377155146e+03
1.685123857297701534e+03
1.594647096755207713e+03
1.739875320982856692e+03
1.760677268181764930e+03
1.790800932856712052e+03
1.878693564425378554e+03
2.053624837229123386e+03
2.317250946831615238e+03
2.326596402037799635e+03
2.249422627383416511e+03
2.223433263977958632e+03
2.288875556847366170e+03
2.357998288321852669e+03
2.443605134941357392e+03
2.312624825310428605e+03
2.283778327244488992e+03
2.305978097908227937e+03
2.404519047535857680e+03
2.377605220987242319e+03
2.303138318283046374e+03
2.341894166368676906e+03
2.222119644153482568e+03
2.059539275610929053e+03
1.981462540382913858e+03
1.984306496858330775e+03
2.184156225129838276e+03
2.123726339608439957e+03
2.232792321587816787e+03
2.392019355751794137e+03
2.378475032208214088e+03
2.281623157266770249e+03
2.050965472577282981e+03
1.858360801625122122e+03
1.694928036311499454e+03
1.756686707312141607e+03
1.906642134441676262e+03
1.807779701414244755e+03
1.648721049723103761e+03
1.893912613600252598e+03
2.229064019741207630e+03
2.548377811875050611e+03
2.324252674634925825e+03
2.310099575895547787e+03
2.068036286801921051e+03
2.162307313736178457e+03
1.797214495168440408e+03
1.728453809737159418e+03
1.702558353325694270e+03
1.706765145713629181e+03
1.786782129092443256e+03
1.899594856168050001e+03
2.156954363339699285e+03
2.139340988289153302e+03
2.454155583600861519e+03
2.487657434879996799e+03
1.885743841938294736e+03
1.422271128207850325e+03
1.574264550369834751e+03
1.822825915232774605e+03
2.088937763901969447e+03
2.396092668964090080e+03
2.781333278477804015e+03
2.281301890926677970e+03
2.203420267641071405e+03
2.525387781892436578e+03
2.149983815248418068e+03
2.273587126191040170e+03
2.076616261069868415e+03
1.940864377484761008e+03
1.633520970328252133e+03
1.565974629958529931e+03
1.916043789432637141e+03
2.005811625131819483e+03
1.873382086774186519e+03
2.122971464918236052e+03
2.303340844378462407e+03
2.559670407487659304e+03
2.461415107541462021e+03
2.253518771857693537e+03
2.189078985750831635e+03
2.037214157934019113e+03
1.899429157234858849e+03
1.896035493294102935e+03
1.919786795408997023e+03
1.759202281497208560e+03
1.663994310431165559e+03
1.924316381829891270e+03
2.252697826997185530e+03
2.705993947192641826e+03
2.618057723598516986e+03
2.501718122346926975e+03
2.211088790089440863e+03
1.658224465264614537e+03
1.628012598625841065e+03
1.562953756290433603e+03
1.581553564263525004e+03
1.987014482292845287e+03
2.417511348695248671e+03
2.488110854571637901e+03
2.383268833449422800e+03
2.319601757541681764e+03
2.247900953940572890e+03
2.167200172346163527e+03
2.106032932253566742e+03
2.050215374171584244e+03
1.918916114939356476e+03
1.721833864618728057e+03
1.537157478834927588e+03
1.596417462671693784e+03
2.079175855709491316e+03
2.062616445113800182e+03
2.207503465997759577e+03
2.554161426643905543e+03
2.695448640648447508e+03
2.787966753002331188e+03
2.390425586703255249e+03
2.068112598358837658e+03
1.878803976675020749e+03
1.835835347226539398e+03
1.817498987968060646e+03
1.638837160617876634e+03
1.605244614846072182e+03
1.746318452260793947e+03
2.141895232749888237e+03
2.259243940321952778e+03
2.078681031360563338e+03
2.233960808012750476e+03
2.355982590370610524e+03
2.338095770161400196e+03
2.201005952053579222e+03
2.033133089824921171e+03
1.850503435574540163e+03
1.830291261057172733e+03
1.931568525565528034e+03
1.797339548833475646e+03
1.687526158415968212e+03
1.728427934946312007e+03
1.911413047377427802e+03
2.017427809363432971e+03
1.995899463896777434e+03
2.057743457305919037e+03
2.212515343221429703e+03
2.327291052673781905e+03
2.289083206695734134e+03
2.038560738221365909e+03
1.857682981542329799e+03
1.865214247557860290e+03
1.696711636311947814e+03
1.679848075766387183e+03
1.873049258472574820e+03
1.837711186744253382e+03
1.696286563640420354e+03
1.792375153884609972e+03
2.346526161501398747e+03
2.569562304932617735e+03
2.244481133277256504e+03
1.830912339113352800e+03
1.599282848238575525e+03
1.374094774844220865e+03
1.563150757785559335e+03
1.963747960104899903e+03
2.109128099398373706e+03
1.997991520860184892e+03
2.028773052130618225e+03
2.283729886963740228e+03
2.272155451775358415e+03
2.247579737922583718e+03
2.283376743966452068e+03
2.006915279674898784e+03
1.932073079153473600e+03
1.893432873367274397e+03
1.721703749272462119e+03
1.868252190648066062e+03
1.778489771855017125e+03
1.604962441459982074e+03
1.886143146728684769e+03
1.923792305889238833e+03
2.198229516062387574e+03
2.166124575852076305e+03
2.060612971067360377e+03
2.349978208782927140e+03
2.268610068127542036e+03
2.438438878052554628e+03
2.314521165837671560e+03
2.178260901613090027e+03
2.111749470131918770e+03
2.044535743861429864e+03
2.007293527996319199e+03
1.983446685778302935e+03
1.846901314157513752e+03
1.715063605436214857e+03
1.570773285817822170e+03
1.623360355537180567e+03
1.984872093475218207e+03
1.994758653314984031e+03
1.796285279350732708e+03
2.022859895106687418e+03
2.309681784687566505e+03
2.698479705512028886e+03
2.503427201508188773e+03
2.144515002064533292e+03
2.259356149328657921e+03
2.342616907836507835e+03
2.280868819518554119e+03
2.107493931820898069e+03
1.911492830781604880e+03
1.719587533084452843e+03
1.678782210212427799e+03
1.857340665611206532e+03
1.842642225444210453e+03
1.698816461595118881e+03
1.562788489977284826e+03
1.617833768783869573e+03
1.953978374360948010e+03
2.068135100930442604e+03
1.906745008042569452e+03
1.828524397908819537e+03
1.922816870606576686e+03
2.026850208515155828e+03
2.199872884891192371e+03
2.087712498837537169e+03
1.891612659925526032e+03
1.911327356693796901e+03
1.990708904855334367e+03
2.124325103664808466e+03
2.125826975543606295e+03
