1.995890986086532621e+03
1.994184438036698111e+03
1.963492323658527994e+03
2.178185323079799673e+03
2.153946001227162014e+03
1.818805971721196556e+03
1.967736425450746538e+03
2.139596371659258693e+03
2.171301413427517218e+03
2.281184034218750185e+03
2.018325231538760363e+03
2.481856934157397518e+03
2.033981549254489209e+03
1.781541742010673261e+03
1.626967968022698869e+03
2.438253468513152711e+03
1.820432095136280850e+03
1.719643889503133323e+03
2.255149711235377254e+03
2.287165842487377176e+03
2.087733397168154170e+03
1.768311593065075613e+03
2.050567697897044127e+03
2.043228487596222521e+03
1.991471570095054631e+03
2.117534834387444789e+03
2.632217916932668686e+03
2.270703509923002457e+03
2.001269447996685358e+03
2.491627575225279998e+03
1.930061855917002276e+03
1.569539732627341436e+03
2.596890643668933535e+03
1.807400334394986430e+03
1.778343937363832310e+03
1.677737458539580302e+03
2.125354344911469525e+03
2.682535825644732995e+03
1.894623379794138373e+03
1.835290911935372833e+03
1.631200822589485597e+03
2.189890101505856819e+03
2.052039548241684770e+03
1.878901583011958792e+03
1.998135225324590010e+03
2.300041521374796048e+03
1.881389702645220268e+03
2.132962438862234194e+03
2.091584503565821251e+03
2.003617119214738295e+03
2.118112114221202773e+03
2.313123426021229079e+03
1.980797689862206653e+03
9.727387011655923743e+02
2.018975613757912015e+03
1.968268595608965143e+03
1.968054177745132392e+03
2.514344573369948648e+03
2.685542126784394895e+03
1.990914914384947906e+03
2.143878827632529010e+03
2.515405173327980719e+03
2.333844983747642800e+03
1.779534550888364265e+03
2.172322419931294007e+03
2.671769636345665276e+03
1.860056126705950874e+03
2.268384306108310739e+03
1.661511565930617053e+03
2.396268376731225089e+03
1.943561745495915147e+03
2.020053829598649372e+03
1.809258640211076681e+03
2.435350334565710000e+03
2.083109434675905050e+03
1.405516046815744176e+03
2.431372257545144294e+03
2.101720621188741461e+03
2.205789152497938630e+03
1.998819293395012664e+03
1.949179138557287843e+03
1.899979605224738634e+03
1.755109237468568836e+03
2.408486342221440736e+03
2.397865367052831971e+03
2.091330753973204537e+03
1.603032493152114739e+03
3.205983386452765444e+03
1.462917451743868014e+03
2.570302521538333167e+03
1.709019103510240939e+03
3.085637731499638448e+03
2.298173226546775368e+03
2.135837006013024620e+03
2.554806931301977329e+03
2.232240104508083277e+03
1.649686483045059958e+03
1.816689316631829115e+03
1.801497818084302935e+03
2.934441021472169723e+03
1.742803800625502845e+03
2.825861312809012134e+02
3.643809604241222587e+03
2.812923031496280601e+03
7.690233492652033647e+02
2.191823152704028416e+03
2.213592787699215933e+03
2.169033335859347972e+03
2.249311546234614070e+03
1.631106704383724264e+03
2.454195740857131568e+03
1.936021501643656848e+03
2.099208815849526673e+03
2.275967094697113680e+03
1.688201547438215584e+03
2.359999747628638033e+03
2.123051259978897633e+03
2.250431139582345168e+03
2.141228596544873199e+03
1.716730240602401182e+03
2.302788228082165915e+03
2.193240236845368599e+03
2.210516853382679983e+03
2.072492606703082856e+03
1.878292282506839683e+03
2.572823516723950888e+03
1.155776724858512580e+03
2.202940768597138231e+03
1.776987086897851441e+03
2.360844644470487310e+03
1.665821222031129537e+03
5.350119488413422459e+02
3.127006573682217095e+03
2.081838672639409197e+03
2.055712458929647255e+03
1.873377417948820494e+03
2.285664453811356452e+03
2.059364779365103459e+03
1.689825981164285849e+03
2.285782699611269436e+03
2.296334759962271164e+03
2.079954947880034979e+03
1.957342997060552307e+03
1.998451656543128138e+03
1.865394989462973399e+03
2.399482570685251176e+03
2.232966196850235519e+03
2.184816502835978099e+03
1.582899274402163883e+03
2.205812507979374914e+03
2.674200200030400993e+03
1.884933734366850331e+03
1.677936015748878617e+03
1.690161704855731159e+03
1.323264111585065166e+03
2.441098142701787310e+03
1.841005236900693717e+03
1.712388967824023212e+03
2.203016288615396661e+03
2.318086429011734708e+03
2.257489968163406502e+03
1.846904405248651756e+03
3.540080681237440785e+03
2.261175706799936506e+03
1.771149447195694847e+03
1.401245300585543646e+03
2.416499920709978142e+03
1.889516700240070122e+03
9.988138460557696590e+02
2.937301946576093087e+03
2.511780880575123319e+03
2.278067006623909037e+03
1.817838382882496717e+03
2.205126987047668536e+03
2.300255521302854049e+03
1.322250896795901554e+03
2.112540508650860829e+03
1.776747070826807430e+03
1.847000856080013818e+03
2.248748193153614466e+03
2.220502477443465523e+03
1.844999057316014159e+03
1.439373279870374063e+03
2.513315900051495646e+03
2.343492712645691881e+03
1.188075134865640848e+03
8.975541101704657194e+02
3.363832942217210984e+03
2.133010433580379413e+03
2.098502882049957407e+03
3.007753463652220944e+03
1.781051715948769015e+03
1.443034144976584230e+03
2.559123603348433790e+03
2.090643105130069216e+03
1.635908720792161375e+03
1.874364241067815328e+03
2.452023282892609132e+03
2.184323443225449410e+03
1.831045408976041244e+03
2.564881271617042785e+03
1.856477570070587717e+03
1.733685078667939251e+03
3.011127806383567986e+03
1.347136508321352721e+03
3.315813960628274799e+02
1.351557046813277793e+03
3.539450114603664133e+03
1.993314833953403195e+03
1.783362922058335243e+03
2.141910929524092808e+03
1.785442738614231757e+03
2.352077173362707981e+03
2.037403089045059232e+03
2.081846463558847063e+03
2.412912310246905690e+03
2.317610894386136351e+03
2.152395681892470293e+03
1.209733324656662489e+03
2.672747394808274294e+03
2.742525780869709706e+03
2.198285001661872229e+03
2.256524328031482582e+03
1.222953746320439677e+03
3.074464130786223450e+03
2.241183453625987113e+03
1.432232015105939126e+03
2.635738421810496220e+03
1.704042350480833647e+03
2.282139459647127751e+03
1.852527127795326123e+03
2.090346475401909629e+03
2.133485714344491953e+03
1.889697900255211380e+03
2.277557685190188749e+03
1.785324755166437626e+03
2.213582314759296423e+03
2.097043274477750856e+03
1.671732391993259853e+03
1.726970746054758365e+03
2.147399519771526229e+03
2.066243535466369849e+03
1.896286933356291911e+03
2.433423949538591387e+03
1.901187005830269072e+03
1.193737635767653046e+03
3.421380785518194898e+03
2.216394340818335422e+03
2.039355694516686754e+03
1.054384756711348018e+03
2.177836468311832505e+03
2.012130108073728024e+03
1.739250000400996669e+03
1.915991365773989855e+03
1.749243190074325184e+03
2.567510202162841324e+03
1.756697822640556069e+03
2.018233561088766919e+03
2.651978053942762926e+03
1.942307783404589600e+03
2.016273810642175476e+03
1.251868074897862243e+03
2.527846522734949758e+03
1.917348386697982960e+03
1.917847194095290433e+03
2.704327213471272898e+03
2.746202443965431939e+03
2.335010169944502195e+03
1.026662301542709429e+03
2.949424221850489630e+03
2.737973267804092757e+03
2.314779446122834088e+03
1.570458898143069746e+03
2.056054955779502507e+03
1.725447866171542728e+03
1.699994492952261226e+03
2.066910657624861869e+03
1.977581324869924629e+03
1.967701504357020667e+03
1.892414777581924000e+03
2.039984688067491788e+03
1.947867270553662365e+03
1.766833382070281914e+03
2.180259473138977683e+03
