1.994731981583703146e+03
2.029839517331800153e+03
1.720569622227026002e+03
1.822769673532824982e+03
2.318364054482214215e+03
2.378864729940873985e+03
1.591281316847395374e+03
1.728545183679282445e+03
2.478783872087919463e+03
2.310143411176850805e+03
1.563102562887988597e+03
1.486873634744009905e+03
2.276306763620600123e+03
2.565102642986669252e+03
1.476099311108270513e+03
1.937481556232544335e+03
2.363341049219431625e+03
2.493199574576341547e+03
1.713766493791940547e+03
1.672635429055081431e+03
2.047272353344409112e+03
2.266049639909376310e+03
2.111910598645445134e+03
1.732594707512563900e+03
2.005003306998472226e+03
2.682002345505888115e+03
2.240486712475085824e+03
1.630117524513835633e+03
1.972702554600290568e+03
2.618436287818683013e+03
2.120772096526367477e+03
1.645972988315212888e+03
1.625725695844041184e+03
2.190668161142588360e+03
2.383441469632439748e+03
1.688240793497127470e+03
1.792673328992604638e+03
2.041631189883127263e+03
2.463983679253076843e+03
2.062615196661522532e+03
1.482907290801733097e+03
1.886915423658126656e+03
2.251500827785004731e+03
2.244710042441899986e+03
1.765115723686495357e+03
1.846666516606337154e+03
2.429941278715032695e+03
2.442553531526224560e+03
1.954296455833289428e+03
1.766682326559666990e+03
2.270763450243542138e+03
2.579573232175461726e+03
2.179139744996885383e+03
1.698063059048504329e+03
1.721215001491871135e+03
2.226679773715579813e+03
2.292782671568818841e+03
1.725835776978238300e+03
1.467692445551563424e+03
2.073404716924434979e+03
2.381692634533314049e+03
1.648315777648287622e+03
1.892212582248197805e+03
2.250129261726341156e+03
2.249729796853029256e+03
1.962254522619777390e+03
1.663580488088998436e+03
1.861533785737037761e+03
2.251195884993325762e+03
2.356617744023214073e+03
1.999826878291171852e+03
1.834131186475031882e+03
1.928604243778095906e+03
2.293319845918132160e+03
2.435093969261727125e+03
2.176619982704776248e+03
1.855216249817284734e+03
1.740767518562297028e+03
1.995192734024042693e+03
2.239281049071413236e+03
2.120275901808169237e+03
1.947864921946059894e+03
1.728066986198090717e+03
1.800480433161831797e+03
2.266212409102645324e+03
2.360221301191115799e+03
2.073182204524698591e+03
1.673895936030442044e+03
1.860495331943978044e+03
2.337313949696652799e+03
2.619406605324537850e+03
2.087267717012005505e+03
1.847801972616494595e+03
1.623938351901051192e+03
2.042903164920550353e+03
2.457057318705702983e+03
2.255674613820138802e+03
1.824081990157136261e+03
1.892620222465875941e+03
2.081804767804861513e+03
2.710359934992079161e+03
2.524171953043890426e+03
2.249906805437369712e+03
2.550071133508558432e+03
-2.365702658014740223e+02
3.019916758727070828e+03
3.590491977744645737e+03
2.373980139915069685e+03
3.086871823522058548e+03
4.649444878232497445e+02
3.438142249946915854e+03
2.534059545001931838e+03
2.621620454659821007e+03
2.016283443033619278e+03
1.662444346449116438e+03
2.549634891452450120e+03
1.908664845079382758e+03
2.715005720533729345e+03
2.459436823745043966e+03
1.415151082077166620e+03
1.694615975024004683e+03
1.705993910501664004e+03
1.896125737000249046e+03
1.982667290121348969e+03
2.002279383055094513e+03
1.877048661909327393e+03
1.736308703496274120e+03
1.947407397789253537e+03
2.181169471691347553e+03
2.122342577146859185e+03
1.673673700596726121e+03
1.938737191875615508e+03
2.500115406120489297e+03
2.208770724816569782e+03
1.587831444981257619e+03
1.929688240533554335e+03
2.620053136386127335e+03
1.976264066234627080e+03
1.474762712183094663e+03
2.206936844188198393e+03
2.390120575556959011e+03
1.666271101415165049e+03
1.588002855411619066e+03
2.178330370113897516e+03
2.452044480116676823e+03
1.914859083472299972e+03
1.725865672921864871e+03
1.933744958814665779e+03
2.260730890466974870e+03
2.437311705058260031e+03
2.087590698002466979e+03
1.958182625818640190e+03
1.952091862817675747e+03
2.438235050774650972e+03
2.371405260455263033e+03
1.738263449174405878e+03
1.688355226855061574e+03
2.018989786099664798e+03
2.340906255326507107e+03
2.068387870883716005e+03
1.799797235326842610e+03
1.723562464061840046e+03
1.954225429289794647e+03
2.213006646027775332e+03
2.118737416652452339e+03
1.828607145337575048e+03
1.820167606552706275e+03
2.135640033794762985e+03
2.404678980544838851e+03
2.021528058488885108e+03
1.896284277173451073e+03
1.963297424588228068e+03
2.027929831741083490e+03
2.302527410882642471e+03
1.820442075698950703e+03
1.933419542165728672e+03
2.025968744267710917e+03
2.197250215222255520e+03
2.253186100482905658e+03
1.847118550406142276e+03
1.865936004586675836e+03
2.141826000025560461e+03
2.362191018204907323e+03
2.374930316627742286e+03
1.749588567352285281e+03
1.759533432756858929e+03
1.945882276945994136e+03
2.260878710416580816e+03
2.080457153137696878e+03
1.776877887095783535e+03
1.816651415841265816e+03
2.061593942394490568e+03
2.082039646672859817e+03
2.146769019467807993e+03
2.216394519285754996e+03
1.926942012197181384e+03
2.105606761955888487e+03
1.913189170218788831e+03
1.958979402989873961e+03
2.197930185850045291e+03
2.355195791669285882e+03
1.961286068182468171e+03
1.776360781871886047e+03
1.621108435278945535e+03
1.841151397579600143e+03
2.112165765558255771e+03
2.421273090647130175e+03
2.329018988165398241e+03
2.042324145960973510e+03
2.083749584465733733e+03
1.856019077849726727e+03
2.109683504844572781e+03
2.134497463283031720e+03
2.348709784201708771e+03
1.805288638361404992e+03
1.790013373841203929e+03
1.914188829869955271e+03
1.944134136854209373e+03
2.166531302589145980e+03
2.649925359833026050e+03
2.492374945555440263e+03
2.079976527607862408e+03
1.687135916456860286e+03
1.659204241081176406e+03
2.421779736367748683e+03
2.534275969020775847e+03
2.218562676132758497e+03
1.782095659102873014e+03
6.033511508748974848e+02
7.747511894725279262e+02
2.736728075984919087e+03
2.170725629793504595e+03
2.503378131826023036e+03
1.378988442586596875e+03
2.659872819133939174e+03
2.253041254947939251e+03
1.635245917476626119e+03
2.992125767345543863e+03
1.365707652851566763e+03
2.002109152880028205e+03
-4.401311604992875459e+01
3.573670115024147435e+03
5.641249482637621213e+02
3.382536044176872565e+03
4.148509155886889857e+03
3.035853615924042060e+03
1.618446297842993317e+03
1.427650428135287939e+03
1.880038208352779975e+03
2.012247962011980462e+03
1.904627307732512236e+03
1.735602839395161027e+03
1.729797400149264831e+03
1.944081784409718921e+03
2.357150194261091656e+03
2.139483566582687217e+03
1.702041401004284126e+03
1.852456423944310700e+03
2.281050394964586758e+03
2.321639619464902808e+03
1.107377840542759259e+03
1.634167367684440251e+03
2.484105229983842037e+03
1.698194200436492338e+03
1.123605817882268411e+03
1.990002184016136880e+03
2.520887009322728773e+03
2.104896398442368536e+03
1.537316055738413070e+03
1.961703995324023253e+03
2.576280974296333170e+03
1.852971234895693669e+03
1.823314774359934518e+03
2.472566623299533603e+03
2.236647540420305631e+03
1.710124377951479801e+03
2.168700111599489446e+03
2.585876015475520489e+03
2.102502264244047637e+03
1.787048233772376307e+03
2.047543502392058826e+03
2.183057183099460417e+03
1.600060144047197127e+03
1.904463358481721571e+03
