2.478860064880399932e+03
2.117075307742964924e+03
2.234729965534364055e+03
2.672875506881232468e+03
2.434231807246950211e+03
2.264249387188889614e+03
1.986952277973341324e+03
1.591162897719837247e+03
1.711764318975318247e+03
1.908003581486901567e+03
1.757333279956048045e+03
1.769564224775431285e+03
1.913429287722665322e+03
2.142962463317893707e+03
2.561903922873192187e+03
2.492240216702370162e+03
2.396958026940505533e+03
2.182392206120588980e+03
1.880695815555565332e+03
1.624916053676470938e+03
1.943370286876831415e+03
1.960130021324466270e+03
1.819015549030224747e+03
1.889245890571335167e+03
1.935047475067353389e+03
2.057242194110346645e+03
2.530386828533652533e+03
2.474703614648370603e+03
2.381457004410981881e+03
2.282317634474171882e+03
1.894770750548269007e+03
1.892078739191192199e+03
2.173073637517586576e+03
1.943008549814222988e+03
1.755803031247558010e+03
1.808239137308071577e+03
1.639320301105445878e+03
1.872580489169236216e+03
2.082457893305160724e+03
1.861432955402107609e+03
1.991214629734785831e+03
1.962474541940443260e+03
2.186589820610514380e+03
2.307945649005922860e+03
2.345812183112798266e+03
2.221464649993808962e+03
2.061159050741660849e+03
2.449591560066385682e+03
2.414633326829889484e+03
2.231542619069602097e+03
2.488231907744993350e+03
2.194835815610498230e+03
2.152142517447418868e+03
2.367487992806437433e+03
2.360581406176328528e+03
1.926917264409622021e+03
2.041057752958008905e+03
1.944046266349712596e+03
1.910011577806830928e+03
1.903323217350455252e+03
2.290831130852715887e+03
2.191078526481080644e+03
2.205621113428313038e+03
1.907096766926600594e+03
1.958271143303231838e+03
2.222696488137791221e+03
2.119807101366863662e+03
1.879850487041346014e+03
1.854832620227194639e+03
1.752530010743407956e+03
1.564271830093633980e+03
1.866657200501299258e+03
1.998225451241160044e+03
1.990437238020088444e+03
1.983901990350219421e+03
2.121507741994520075e+03
2.243624737880783869e+03
2.177933588950917965e+03
2.291860247868768511e+03
2.467844798924040788e+03
2.471197078260976923e+03
2.312374348243355598e+03
2.039321949269610286e+03
1.940098390402572022e+03
2.149810554120503184e+03
2.093180923586045537e+03
1.910841350207583673e+03
1.711195657288613120e+03
1.838107812356754948e+03
2.007665924834061116e+03
1.855893662867949615e+03
1.724563291623087935e+03
1.783178497649111250e+03
1.710621660279099160e+03
1.935744140582038654e+03
2.115679847450731813e+03
2.285848375592454431e+03
2.365457705970926781e+03
2.246894852842211549e+03
2.424072888864499873e+03
2.378114834254435664e+03
3.766120066448316265e+03
2.282757588735495574e+03
1.607829706365137326e+03
1.325311545570982616e+03
1.727420170074053658e+03
2.173906685065750480e+03
2.159345154097661634e+03
3.019663288170833312e+03
2.129857351616593405e+03
2.028324109454739528e+03
1.844504677449844621e+03
1.505757204951373069e+03
2.414174263624912328e+03
1.574908602381063929e+03
1.422004494547336208e+03
1.697218539298001360e+03
2.015816682345497384e+03
1.256081632533981519e+03
1.130312520698170374e+03
2.619694011750282698e+03
2.608574958686226182e+03
2.383778303657338256e+03
2.513222874252678139e+03
2.277294459099015057e+03
2.038490411427143272e+03
1.952547494928748165e+03
1.966555460199754634e+03
2.120144297074339647e+03
2.366027136198817516e+03
2.344245435358130180e+03
2.304209702051866316e+03
2.134666870628214383e+03
1.723836233091957638e+03
1.818394333905046551e+03
2.021559620776243491e+03
1.892198082286395675e+03
2.069479922841065218e+03
2.242384101302891850e+03
2.333301046852275249e+03
2.120660517013085155e+03
2.189781825161294819e+03
2.257357410462832377e+03
1.812874361149423066e+03
1.754373258367887274e+03
1.761999634934845290e+03
1.970183605332815887e+03
2.005754607059384398e+03
2.175437884752950140e+03
2.432929485497172209e+03
2.347360039721591420e+03
2.345835623442101223e+03
2.169120802553722115e+03
2.034674010096579650e+03
1.856993935955968027e+03
1.722560811026571173e+03
1.746302229384737302e+03
1.671963227017711461e+03
1.877424522436684128e+03
2.021923904003823282e+03
2.189443660497242490e+03
2.383239885968929684e+03
2.197421615771204870e+03
2.157776416699211495e+03
2.313314573312372431e+03
2.430786607730882679e+03
2.290593656515362454e+03
2.209348943488351324e+03
1.959038728199997195e+03
2.227085785516494525e+03
2.654476170831080253e+03
2.323668360099646634e+03
2.308023560983102925e+03
1.970928768436154542e+03
1.874539061878703478e+03
2.076563249116422867e+03
1.952310694730934756e+03
1.784161476400666288e+03
1.535691882591868534e+03
1.876956327127580380e+03
2.163290125262618403e+03
2.235085043450172179e+03
2.309484979243314683e+03
2.316669136964947938e+03
2.235806023997965895e+03
2.435642926149345385e+03
2.271310670377915812e+03
2.380939043495106034e+03
2.304704976967930634e+03
2.245321389591199477e+03
1.959044578983802921e+03
1.971541229835999275e+03
2.052515338055797201e+03
1.895638180640344899e+03
1.796098744787902660e+03
1.767341920974950199e+03
1.723147902177567175e+03
1.996414816884108177e+03
2.239437687988975995e+03
2.213319334601078936e+03
2.311146549996356498e+03
2.425186924171928695e+03
2.225102648756939743e+03
2.178564811315220140e+03
2.224976410228997793e+03
2.070891955883293122e+03
1.697556319656196820e+03
1.841976305713184502e+03
2.186377984499837567e+03
1.949265493139856744e+03
1.885541346421914113e+03
1.615950251535179632e+03
1.709420733175908254e+03
1.829129003847546073e+03
1.957654354393722997e+03
2.044281100986872389e+03
2.047015870851769932e+03
2.226193701897777373e+03
2.170239951280172136e+03
2.338732291036410516e+03
2.491888216917888712e+03
2.273858307110439910e+03
2.088360367359330212e+03
1.637636412075220278e+03
1.776576948954658747e+03
1.945195616701891140e+03
1.813611756211986858e+03
2.399937029652608544e+03
2.710573029256126119e+03
1.566075160901239542e+03
2.607327583264262103e+03
1.869037219926950002e+03
2.550149957697119135e+03
2.316476931143507045e+03
2.117434660424112280e+03
2.533874274126711498e+03
1.876722697525892045e+03
1.612721159271561191e+03
1.694027163338746732e+03
2.259782381407730099e+03
1.826763723260243751e+03
2.285577862489979452e+03
1.963367822130197737e+03
2.333284083598720827e+03
3.497265169332143842e+02
1.925093082586496621e+03
2.010204658878268674e+03
2.009545253518529762e+03
2.290384292632612414e+03
2.385620033433152003e+03
2.463647698760425101e+03
2.452334120639121011e+03
2.356178337644662406e+03
2.432752911467433023e+03
2.369085470689972681e+03
2.044700179506215818e+03
1.788996779412848809e+03
1.598254975881288374e+03
1.788264736386198820e+03
2.064372365098194223e+03
2.121350260168165732e+03
2.064459155017700141e+03
2.074717323708696767e+03
2.215197102249916043e+03
2.470416755028318676e+03
2.241226719442267949e+03
2.084515365195770300e+03
2.227350026583636009e+03
2.083059616212429773e+03
2.007351407353365403e+03
1.777858189700597222e+03
1.933156797442831021e+03
1.829416226943221091e+03
1.740763912916424943e+03
2.013064925732106758e+03
1.939719858828041879e+03
1.689158164659859040e+03
1.376241654276944246e+03
1.683195041844502612e+03
2.013429510201185394e+03
1.950756769060880060e+03
1.985773546681282596e+03
1.961941449532702791e+03
2.065080077929083018e+03
