2.399720492082569763e+03
1.765598247311733303e+03
1.908752865215052225e+03
2.737709082118153219e+03
1.844933454987055484e+03
1.713485827568125387e+03
1.724890297080104574e+03
2.651411767448528735e+03
1.809252619801166020e+03
1.986725216439990845e+03
2.546464917506574238e+03
2.645114095696287677e+03
1.963435815699525392e+03
1.900331544580514674e+03
2.265038395647953621e+03
2.529397158475417655e+03
1.823202020528393632e+03
1.419304594574316752e+03
1.447552186616838526e+03
2.271569604215906111e+03
1.463279092312277498e+03
1.752595688818193139e+03
2.479517865465280465e+03
1.901981972236593720e+03
2.055696845478108116e+03
2.175283680518690744e+03
2.127947521826163666e+03
1.509969130080987497e+03
1.624619311165571844e+03
2.435427036305793990e+03
1.845813220919906144e+03
2.290444995383778860e+03
2.526251472447715059e+03
2.309950943872481730e+03
1.945016340287106914e+03
1.690593586559873074e+03
2.178156745389866956e+03
1.905558902302444494e+03
1.772978948207109624e+03
1.956935209197070435e+03
2.533086243152135921e+03
2.159056400961910640e+03
2.109898218619191084e+03
2.304097693725691897e+03
1.738739977186345641e+03
1.511492835844401498e+03
1.843576299138817376e+03
2.436116092580345594e+03
2.194847686005909509e+03
2.212174443597110894e+03
2.431755507168224085e+03
1.855686648638552697e+03
1.729937949577875315e+03
1.752937030607954739e+03
1.954548083747913097e+03
1.692683834362152083e+03
1.829994837684720551e+03
2.552957693008819206e+03
2.166468722723232077e+03
2.117610916163826914e+03
1.834646613510450607e+03
1.708560784858687384e+03
2.146229399411678060e+03
1.580615170267491749e+03
1.861479091148465841e+03
2.015430080636077037e+03
1.951447121357056631e+03
1.536920779167814089e+03
1.917611266352018902e+03
2.559840210697823295e+03
1.903934210181509116e+03
2.056978573023110130e+03
1.907695603414099878e+03
1.971348607227375169e+03
1.682212122609977314e+03
1.949745147718382441e+03
2.445705976116259535e+03
1.598020485566261641e+03
2.083826783477087247e+03
2.490954389650729809e+03
1.707753312952163924e+03
1.802448188709501210e+03
2.231052108999796019e+03
1.964124396501194497e+03
1.509526108082323390e+03
2.078189061007934924e+03
2.288042849491882407e+03
1.773141117295280992e+03
2.385277668208572322e+03
2.690460927775025539e+03
2.271781312926070768e+03
2.037643127688398636e+03
2.608022571047030851e+03
2.178696045375001177e+03
1.928961539974055086e+03
2.343698850625426076e+03
2.346662989766517512e+03
1.857068766553392607e+03
1.490130886344653163e+03
2.142752224027316970e+03
1.784498485461861492e+03
9.932758680787635512e+02
1.968444811603163089e+03
1.914412774305846369e+03
1.741595926464257673e+03
2.126049519325048550e+03
2.258079270630569681e+03
1.894936045497830264e+03
1.485134327652085631e+03
2.229067956068237891e+03
2.099213130103184994e+03
2.236255185274387713e+03
2.432531897075210054e+03
2.483404879729203913e+03
2.170798907401633642e+03
2.101266905034822230e+03
2.650636275377210040e+03
2.069922117706074914e+03
2.288750452082656466e+03
2.051334841088790199e+03
2.251981084577373167e+03
1.909042007089188928e+03
1.799795248326413684e+03
2.122236176102305308e+03
1.855484977556102194e+03
1.776691082377086104e+03
1.898329318484738906e+03
2.073369687686747056e+03
1.867700631739686742e+03
1.686221956230886917e+03
1.931100071975285346e+03
1.946064659097133926e+03
1.695513197946673017e+03
1.824729791138189057e+03
2.249414040899792326e+03
1.871680573111695821e+03
1.891099331099353549e+03
2.489061798916075531e+03
1.763662846216427624e+03
1.840358466416142846e+03
2.254080287760247757e+03
2.607595837122836656e+03
2.154891884885279524e+03
2.064888216756965448e+03
2.424240855620757884e+03
2.184192356695972649e+03
2.129604065727387024e+03
2.283419309321543096e+03
1.911199222500331643e+03
1.932428346332255160e+03
1.938132937109370232e+03
2.354870624702577061e+03
2.055238411435608668e+03
2.113420188585876076e+03
2.305721158071024092e+03
2.013147153879626785e+03
1.889010071371329332e+03
1.858548966912519973e+03
2.255450893956036907e+03
1.876541647574833860e+03
1.801936152595421390e+03
2.107828237013827220e+03
1.923489633934239691e+03
1.605438143897414875e+03
1.687135377518300857e+03
2.420914282866408030e+03
2.200803826038176339e+03
2.110697555883212317e+03
2.331641906219846987e+03
1.929183936363091789e+03
1.789927955217996669e+03
1.934497492118367745e+03
2.025458318463667638e+03
1.822900640082518521e+03
2.051017248514615858e+03
2.375428239069949541e+03
1.676467398919942752e+03
2.058762838722376728e+03
2.317189120685615308e+03
2.021173976021114868e+03
2.007234655770519566e+03
2.220902005072325665e+03
2.215974650298107917e+03
1.790756829135458020e+03
2.235432067671433288e+03
2.033180019833499955e+03
1.752884054938407189e+03
1.942811058540584781e+03
2.100381600905885534e+03
1.927232949974717712e+03
1.536837385834292718e+03
2.053062053638902398e+03
2.043677396452098719e+03
1.651735367108947230e+03
1.890288047489420023e+03
2.041258226011235820e+03
1.892549671962167167e+03
1.622091109662557074e+03
2.069260728415623817e+03
2.128480083287783145e+03
1.652789871433129520e+03
1.993586466305689100e+03
2.170483839662773789e+03
1.919758757218486835e+03
1.919256795709188054e+03
2.417353333148243564e+03
2.259596031676300754e+03
1.765973270171060449e+03
2.094409674869972605e+03
2.010034991075998278e+03
1.989880448426567909e+03
1.641842354946345722e+03
1.812681425612603334e+03
2.294017114270926413e+03
1.722112567633637354e+03
1.906329081604939574e+03
2.232112941308606878e+03
2.186850060346428563e+03
2.119747877947948837e+03
2.353223070142934375e+03
2.676213623787592041e+03
2.145965131346922135e+03
2.015160970468629102e+03
1.672164120873766251e+03
1.977479554113516542e+03
2.059377532487835197e+03
1.500917414588197744e+03
1.414060363299114670e+03
2.063080285900774925e+03
1.798763326892453506e+03
1.546918389321175937e+03
2.021888864678793198e+03
2.363347455121522671e+03
1.990207876854780579e+03
2.254607290037250095e+03
2.431216314277784477e+03
2.211996377304645193e+03
1.999245364282690161e+03
2.478196989253747233e+03
1.982836450887491765e+03
1.440418593499461622e+03
1.822647826302289104e+03
1.791377848333161637e+03
1.571988438323538503e+03
1.755517939815859563e+03
2.312887930506105022e+03
2.283383882297870969e+03
1.770615019943962579e+03
2.204431846888230666e+03
2.327930203815319601e+03
1.980406836754141978e+03
2.248964170411555642e+03
2.522749525241078572e+03
2.168425529537303646e+03
1.974423488395662162e+03
2.357784941989492381e+03
1.983932412413706516e+03
1.871912390384754190e+03
2.009960495191286554e+03
2.204732377834624003e+03
2.051998417609022454e+03
1.713861431084787910e+03
1.630975943304254542e+03
1.996707192750057857e+03
1.985660750634951228e+03
2.019979889670776174e+03
2.381786622224859002e+03
2.683489520904470737e+03
2.099944276538303711e+03
1.973785717935864568e+03
1.765991176030397583e+03
2.012542158581453577e+03
1.725792881714521400e+03
1.831378616950973310e+03
2.313788570225213789e+03
2.192378227820324355e+03
2.028709272499832650e+03
2.159793075976288037e+03
2.170932814312894607e+03
2.317062148177978997e+03
2.059586289547862634e+03
2.218001883447985165e+03
2.333459399419493366e+03
2.194239145323128469e+03
