1.385293024514101035e+03
2.177998258168085613e+03
2.212696844108115783e+03
2.463583020827357814e+03
2.332383024534776268e+03
1.862664395981591952e+03
1.935552933422791057e+03
1.574313035539917564e+03
1.741785150529810608e+03
2.103241388543165158e+03
2.463025514652055790e+03
2.646887095254517135e+03
2.378440367151453302e+03
2.068173887892535731e+03
1.287062275709397227e+03
1.687613403519361100e+03
1.726743016991723835e+03
2.240239947469191065e+03
2.048696076709484259e+03
2.037854925475654682e+03
2.092476605071126869e+03
1.757584638233792475e+03
1.970027382915835005e+03
2.126813469895345861e+03
2.314166062825208883e+03
2.560900497006741261e+03
2.514586304147547253e+03
2.818981417465623053e+03
1.942442526153197605e+03
1.239045321184366912e+03
1.432046280858344289e+03
1.648520127554040073e+03
1.846030800984410689e+03
1.810011956703517853e+03
2.272541096239223407e+03
2.172590453914515365e+03
2.436020584751483511e+03
2.314956323386066742e+03
2.156202437610013021e+03
1.885171633779813874e+03
1.204288588389368215e+03
1.652620817726040968e+03
1.986580458565352274e+03
2.366811200904723592e+03
2.470088182049782972e+03
2.126430158185176424e+03
2.331021123406341303e+03
1.797897249720437230e+03
1.656600145549485205e+03
1.757579592430206048e+03
2.205905608935329383e+03
2.481692424784719606e+03
2.323769135414734592e+03
2.358769151321231220e+03
2.179677802782826802e+03
1.739506855527411062e+03
1.160487706717614856e+03
1.738931054878432178e+03
2.151039468922615015e+03
2.159358664786751433e+03
2.578453086990977226e+03
2.357426356784424115e+03
2.584606488289944991e+03
2.139936216367505040e+03
1.153874744885513337e+03
1.555745252873916797e+03
1.717032688039424329e+03
2.185633455119370865e+03
2.159958561496523544e+03
2.431142830632035384e+03
2.421431988475653270e+03
1.913108448784587608e+03
1.768239465953983427e+03
1.530085267686286443e+03
2.034276427608921722e+03
1.925212456167113714e+03
2.223702733771318435e+03
2.594600392761668445e+03
2.661690350350691915e+03
2.596444661884282596e+03
1.897777719580854864e+03
2.152572801959115623e+03
1.664808837470545541e+03
1.287254756450388641e+03
1.476769411024743704e+03
1.675642231216444543e+03
2.030429319936858064e+03
1.924963244884952928e+03
2.332705014772850973e+03
2.707660358127091513e+03
2.707313381951133124e+03
2.558734172418531216e+03
1.932820074698122880e+03
2.103300737080094677e+03
1.256781916782282451e+03
1.302462993343774087e+03
1.794352809092068355e+03
2.191271147239729544e+03
2.432984203306805739e+03
2.421532679053812444e+03
2.365601101070372806e+03
2.246746336986787810e+03
2.551338694905729881e+03
2.186393209905908407e+03
1.784182996311827765e+03
2.143383479579232244e+03
1.596533933512501335e+03
1.528627541612108644e+03
1.751887997264064325e+03
1.934625644072437126e+03
2.106098226366586459e+03
1.924240671793079855e+03
2.270007673592485844e+03
2.236380723314235638e+03
2.161538892941329323e+03
1.984881695020431380e+03
1.875481207827325989e+03
2.241298913307333351e+03
2.168363492348535146e+03
2.253949292526771842e+03
2.160928406741728850e+03
2.463446246159731800e+03
2.578331227995714016e+03
1.628297332367299305e+03
1.626124713410442382e+03
1.798518093895638003e+03
2.121920393956505904e+03
1.797814507739762803e+03
2.331677071209378028e+03
2.748328034357473825e+03
2.922342741752429447e+03
1.459990980228039689e+03
9.182030446101048256e+02
2.436861637222566515e+03
2.757676578720155703e+03
2.436605391677810530e+03
1.522607230261730137e+03
1.682930625292580544e+03
2.027424833419871220e+03
2.075006870563875509e+03
2.616283217448444702e+03
2.140354452032178415e+03
1.885114521299031367e+03
1.375879456731935761e+03
1.766011957501960524e+03
2.225546115006246964e+03
2.305665867443105526e+03
2.341275459820895776e+03
1.874972669198419226e+03
1.704119713950674850e+03
2.061414479876655605e+03
1.981882788277207283e+03
1.941532066650456500e+03
1.979134053266798901e+03
2.548970904752343358e+03
2.738048595928709801e+03
2.420199193356920205e+03
2.505425610031703854e+03
1.989340989361182665e+03
1.741639675670607403e+03
1.478259065541734572e+03
1.928924320023285418e+03
1.829459345507582611e+03
1.271478976461985440e+03
1.367192475516234026e+03
1.588069288911113517e+03
1.783287473490646335e+03
1.623083510212550209e+03
2.002568553606368823e+03
2.209880487179013471e+03
2.202276153789203363e+03
2.345887968150991583e+03
2.277222953736249565e+03
2.430718197892633725e+03
1.829336098594235864e+03
1.598275737701393609e+03
2.022654117820090050e+03
1.739353144817451494e+03
1.837882995540150887e+03
1.724833393455618534e+03
2.301388338973262762e+03
2.334702039010297995e+03
2.252350262129605198e+03
2.397301385812211265e+03
2.473554907966181418e+03
2.365774646997714626e+03
1.219216780461030567e+03
1.698431695478329630e+03
1.824913421162207896e+03
1.564254272839720443e+03
1.632202788105388890e+03
1.960359726624810264e+03
2.352955228669232838e+03
1.954547623767968844e+03
2.119168157566096397e+03
2.531070928350439772e+03
2.411936863437441389e+03
2.316998408365738214e+03
1.881071318929199833e+03
2.209046853769166319e+03
1.986679301154896393e+03
1.802918377189937019e+03
1.917144076471628978e+03
1.885570277684810208e+03
1.737108031400330901e+03
1.304135750560636325e+03
1.816359214093640503e+03
2.008937256207917926e+03
1.925373173529256974e+03
2.031395082657240209e+03
2.278899012920589030e+03
2.604352279287803412e+03
2.434862074566599858e+03
2.405516079277236258e+03
2.097982455530016068e+03
2.143880285854540489e+03
2.119964422741732506e+03
1.447798542972322139e+03
1.168359343024401824e+03
1.797323375179759523e+03
2.085295794622806170e+03
2.270070642129400312e+03
2.117439588362723498e+03
2.057689121840231110e+03
1.961271746517559222e+03
2.063705272377011624e+03
2.077474197575480957e+03
2.509376426039471880e+03
2.545733282092141508e+03
2.560052359986445026e+03
2.283809459284250806e+03
1.551118195425901831e+03
2.163728581187801865e+03
1.708903046067525793e+03
1.696340300146915979e+03
1.928781933750165990e+03
1.885592258301664288e+03
1.962651441604956062e+03
1.735814115462260816e+03
2.462886889092196270e+03
2.415082090764909935e+03
2.358250593562406721e+03
2.216422158213115381e+03
1.929213835624232161e+03
2.311963011454557090e+03
1.331833210242303721e+03
1.630575141525745948e+03
1.921801345020432336e+03
1.768223426735602061e+03
1.650306588620698676e+03
1.639172886099173866e+03
2.392672171360403354e+03
2.393006185273790379e+03
2.401184219205016689e+03
2.214951816174563646e+03
2.422436604716489001e+03
2.219452217882500008e+03
1.221477090908764922e+03
1.768418295681270820e+03
1.778069471386177838e+03
1.780797149878734444e+03
1.949546679964360919e+03
1.964278036062546789e+03
2.243619992949067182e+03
2.122217877478807623e+03
2.226957651316534793e+03
2.231147060602941565e+03
2.485641864384936525e+03
2.334529697347976708e+03
1.716643166646259715e+03
1.641686231549109607e+03
1.559876945308291852e+03
2.041116261989222039e+03
2.432329520592792505e+03
2.608930859056041754e+03
2.725344573478304483e+03
2.398505018857687901e+03
1.717845279275569283e+03
1.214782885501072769e+03
1.604469256028370864e+03
1.773721616217445217e+03
2.213373609462906643e+03
2.621695859029857274e+03
2.002824418586064667e+03
