2.473357669196561346e+03
2.202369086356424759e+03
1.604640169614037632e+03
1.753221635384004230e+03
2.198750807735114904e+03
2.528837422370003878e+03
1.855358434870937799e+03
1.818802135326548068e+03
1.425757543021652054e+03
2.399376731379218199e+03
2.562368586368412707e+03
2.176050873617728485e+03
1.401095221260175322e+03
1.484057985669973959e+03
2.015290404147169966e+03
2.020348036804945650e+03
2.420149575224199452e+03
2.303562799749435726e+03
1.730659202048561838e+03
1.624017699917496657e+03
1.733416220902554187e+03
2.349311017740782972e+03
2.143531536970783236e+03
2.055794456798510055e+03
1.547228859657610428e+03
1.904043131936238979e+03
2.180470033511790461e+03
2.419217659767350597e+03
1.860953333320322372e+03
1.637494717191631707e+03
2.312582690632104004e+03
2.649734852388564832e+03
1.838290229437829339e+03
1.520917648954657125e+03
1.856026329616042858e+03
2.353918660518695106e+03
2.311732819703987843e+03
1.378982179482991796e+03
1.498548574095519825e+03
2.541395900736610656e+03
2.440793811568729325e+03
1.920598153287540981e+03
1.592455622070597428e+03
1.521349043602009260e+03
1.627238141277108980e+03
2.117935539872213667e+03
2.777451163146427461e+03
2.424948735387024954e+03
1.697713000384672114e+03
1.687125933485096311e+03
1.228072155719296006e+03
1.791059639761598646e+03
2.250250793613401584e+03
2.354909943136683523e+03
1.773207382053526317e+03
1.446673340239695335e+03
2.103214027059425916e+03
2.033358288174187919e+03
2.279710992463124967e+03
2.386512382371383410e+03
2.238811132799363349e+03
1.177534107875340396e+03
1.746864675181420807e+03
2.783411647579764576e+03
1.872389468251647259e+03
2.444223356813121427e+03
1.939552743977293630e+03
1.861439351537796483e+03
1.438182483321194013e+03
1.905268397149679458e+03
2.752216074305427355e+03
2.167683876758406313e+03
2.295365506767368515e+03
1.721326260592806420e+03
1.709358869440026865e+03
1.479826901412945062e+03
2.016836094788728360e+03
2.922515905899309928e+03
2.194184720849255882e+03
1.936656689668176568e+03
1.313193844543830437e+03
1.591344277984373321e+03
1.486765039720161667e+03
1.764433519854724864e+03
2.575957922411956133e+03
1.919048915370236273e+03
2.138838158875090357e+03
2.390788482864278194e+03
1.641602891333610387e+03
1.491987430249618910e+03
1.888522991573677018e+03
2.441375208214724353e+03
2.385844110873383670e+03
1.872127746625926875e+03
2.061432299059002617e+03
1.650831893311315298e+03
2.085844705600999532e+03
2.629104285152302509e+03
2.456171844235006120e+03
-4.987421411751716960e+01
1.437628751584544943e+03
3.731338047050771820e+03
1.527906530845815496e+02
1.217710115976356747e+03
2.554866261690185183e+03
-3.398421555904192815e+02
4.127528900283966323e+03
1.540729866352688049e-01
2.489902336685025148e+03
2.329677784434928071e+03
1.014536117988488058e+03
3.571156730793382849e+03
9.016749761138773067e+01
4.025843090655458127e+03
1.160297869795137331e+03
1.652359652172854794e+03
3.596456803283106638e+03
-1.347441905389897272e+02
3.579247317253109941e+03
7.880525639660276056e+02
4.135121036596769045e+03
3.867806041391400868e+03
2.902602308019572774e+03
1.477458089161440512e+03
2.135721512857729067e+03
2.164105937055192499e+03
1.486066372265006976e+03
1.558216431476834941e+03
2.443378134288187539e+03
2.519551509872277165e+03
1.499835862234507431e+03
2.416476888938940647e+03
2.181291205696736597e+03
7.263724289333646311e+02
1.940162211845351976e+03
2.399026320686822146e+03
2.296550265923376173e+03
1.660206811387858352e+03
2.395454383306395812e+03
2.030255225915962228e+03
1.790063749330098744e+03
1.551297446594897110e+03
2.480403407872069693e+03
2.743366138634431536e+03
1.376326951106331308e+03
1.589096441010450690e+03
2.346518573264144834e+03
2.297804339278194675e+03
1.613377825667162824e+03
2.404088123238900607e+03
2.204852435259570939e+03
1.299256910217292443e+03
1.871444392061017425e+03
2.841755308723321832e+03
2.690810269920052633e+03
8.947504375628731168e+02
1.656393402853322641e+03
2.354388555113746861e+03
2.210539200647778671e+03
1.776834857989019156e+03
2.364942002627669808e+03
1.717605627350065788e+03
1.172586287077190718e+03
2.635019305091202568e+03
3.459523619565550689e+03
1.643717859537551021e+03
7.519184673416549458e+02
2.283609948572184294e+03
2.107221454489470489e+03
9.102196600186895239e+02
2.279026973217049999e+03
2.607133384528101487e+03
1.960097793528023658e+03
9.953389048930492891e+02
2.428209006094517008e+03
2.508206445880417050e+03
1.851544106727156986e+03
1.675279025566643895e+03
2.391430648824273703e+03
2.423496189802935532e+03
1.310525385507321516e+03
2.654414393649251451e+03
2.063802452767270097e+03
1.152445467184317295e+03
2.446141133133813582e+03
2.621313046134157503e+03
1.359524413023841134e+03
1.937772155296427627e+03
2.461482735688329740e+03
1.150068264887460373e+03
1.483081263872103364e+03
2.821807214360207581e+03
2.528207761793267764e+03
1.181860603735843370e+03
1.935595667589011555e+03
2.429046489582543472e+03
2.217267583550444215e+03
1.606698311158390197e+03
1.998321574629237148e+03
2.297008135050562032e+03
1.493000010486432757e+03
2.181742090456518326e+03
1.826448737990928066e+03
2.036271854865758314e+03
1.737963850316546086e+03
2.171811006059577721e+03
2.563252661349232312e+03
1.634023830473169937e+03
1.976972297838564828e+03
2.084007891644613665e+03
1.636004731167418640e+03
1.722702152588611625e+03
2.209060276398393853e+03
2.256779128230702099e+03
1.817012590717979720e+03
2.202255908715571877e+03
2.232334238039034062e+03
1.622589103925932250e+03
1.371962003781022986e+03
2.246152327501686159e+03
2.515309636191839218e+03
1.696169971143459179e+03
2.105363770852329253e+03
2.424222736143746715e+03
1.724750004224429176e+03
1.278465413189994251e+03
1.764949784663744595e+03
1.171756652472075075e+03
2.539865740100061430e+03
1.358382085239332810e+03
3.243584356190671770e+03
1.381670122281762133e+03
2.876539407208751527e+03
2.414352851069927965e+03
2.513364034671209879e+02
3.824181898850376001e+03
-1.296915498333810888e+02
2.963226403940431737e+03
1.501631882439671472e+03
1.226070245237486915e+03
2.974152974463476767e+03
6.961746724798722425e+02
3.317111302363313371e+03
1.235996545962515256e+03
1.169297059863261666e+03
3.592497297583068757e+03
2.582591930768680413e+03
2.260407249587312890e+03
2.334130633591116748e+03
1.867235482969640543e+03
2.022121336352110575e+03
1.994814816768721130e+03
1.572828075447244828e+03
1.907062227348479837e+03
2.149331751188095950e+03
1.988970542774627120e+03
1.898255259117097012e+03
2.139495422592101477e+03
1.912243502811749522e+03
1.636075209679816908e+03
2.201761413003238886e+03
2.444729541041742323e+03
1.696081947579048801e+03
1.599785028649411061e+03
2.266036871404598060e+03
2.400905198698509139e+03
1.663658553536510681e+03
1.747144322434201740e+03
1.714377391854143525e+03
2.200214136522879016e+03
1.700637687919522932e+03
1.732133816675479011e+03
2.177526160229188918e+03
2.366950551375932719e+03
1.664592920376672510e+03
2.026943621153291815e+03
1.833533510916979822e+03
1.520446949223660340e+03
2.249471737476788348e+03
2.617145623846541639e+03
1.718909040183490106e+03
1.416055671465881460e+03
2.253531961306878202e+03
2.540543248221842532e+03
1.992249711542891419e+03
