1.950128864454092991e+03
1.547616645400246853e+03
1.718893222363965606e+03
2.379392465375563006e+03
2.471216973497865638e+03
1.885916656332994307e+03
1.505613080021571022e+03
2.014719036664076839e+03
2.683379361284735296e+03
2.237757291256532426e+03
1.675251723706760913e+03
1.597033908136398168e+03
1.784541434909484224e+03
2.579200654790367480e+03
2.376480033237640782e+03
1.363731360174098654e+03
1.941152867772149875e+03
2.653826912720301152e+03
1.989439184831512421e+03
1.381804487667898229e+03
2.309672445817187054e+03
2.694740667548102465e+03
2.130043333514954611e+03
1.359299358808339775e+03
1.985424794650713238e+03
2.621565846088906255e+03
2.046628849172079754e+03
1.730148124450124214e+03
1.685339498431890433e+03
2.513801826978908593e+03
2.028532751019697344e+03
1.493934598148343866e+03
2.312365855663767434e+03
2.500286095801040574e+03
1.520709244910530742e+03
2.006233874460908964e+03
2.369761899989704943e+03
2.123932179588930921e+03
1.657380286155261047e+03
1.859046755951287423e+03
2.435741869346681597e+03
2.013977635996275694e+03
1.590280719855711595e+03
1.884416126757205802e+03
2.420759430648462512e+03
2.022417541605600491e+03
1.674020116650913224e+03
2.201187489341984929e+03
2.405585221850749804e+03
1.971981589072828683e+03
1.648778483624950013e+03
2.247639769792611332e+03
2.385904469757962488e+03
1.798962906984147594e+03
1.553262164996178626e+03
2.428960797720798837e+03
2.628443423601996528e+03
1.703181492576662095e+03
1.567845338869582292e+03
2.168112770273135993e+03
2.554896470224100085e+03
1.745359876300941778e+03
1.685866990733546345e+03
2.410239605863587713e+03
2.597352112565961761e+03
1.597208697617601956e+03
1.763838644220087417e+03
2.798434646797564255e+03
1.794023816729963983e+03
1.536903299737600719e+03
2.535872735689008550e+03
2.649982063544410266e+03
1.424070091412004786e+03
1.728683912909882110e+03
2.550009859664511168e+03
2.243264355971220994e+03
1.686238703883757125e+03
1.465174621178568714e+03
2.267365021855429404e+03
2.444071335706909849e+03
1.681711004416301421e+03
1.673900415409112611e+03
2.091288536146042134e+03
2.561345133084294048e+03
1.606122727098184669e+03
1.939757436658872621e+03
2.483710409423145848e+03
2.529269595165218107e+03
1.656460527631757941e+03
1.663544622106051975e+03
2.264251161757229056e+03
2.276714924074866758e+03
1.704343878755854121e+03
1.700708079278173045e+03
2.600944255444622286e+03
2.211770486842331593e+03
1.636495028068917009e+03
1.940565273303028107e+03
2.788396427365304589e+03
2.772860144428990225e+03
1.801214309914219484e+03
1.635676812859436495e+03
1.332823489278184297e+03
2.139419957829915802e+03
2.214098293738692973e+03
1.758198828838617828e+03
1.707430411712337445e+03
2.226593549491840804e+03
2.380490485845518378e+03
2.347055654801362834e+03
1.566047238826557987e+03
1.604871291435231797e+03
2.432646372119715124e+03
2.444527533239634977e+03
1.853645403725651931e+03
1.489482949485743575e+03
1.942828090363006368e+03
2.512475592588979453e+03
1.723111994940469231e+03
1.378665198365453989e+03
2.187398351733960226e+03
2.622145048031324677e+03
2.360169223112667623e+03
1.855107340312597671e+03
1.797346507243570613e+03
2.057434019137868745e+03
2.226960260141647723e+03
2.377358540723420447e+03
2.343316846514014742e+03
1.925969546264483824e+03
1.468995807128497972e+03
2.105123238964630673e+03
2.793031166513103472e+03
1.763531513145110921e+03
1.570889844293784336e+03
2.164898065352838330e+03
2.843851281709122759e+03
1.925347166848928282e+03
1.303410012976159578e+03
1.981615815079678214e+03
2.567637048497421802e+03
2.528626679938342477e+03
1.560333808664675871e+03
1.632137849303289386e+03
2.349821402202126592e+03
2.496004757103019074e+03
1.905558848500542126e+03
1.376745791906621662e+03
2.140982837768245190e+03
2.719325893606230238e+03
1.614018820576698772e+03
1.601737979269643120e+03
2.202121513393243276e+03
2.836367926488353078e+03
1.585547082416354215e+03
1.526190029575247081e+03
2.534743278738054414e+03
2.349079913361400941e+03
1.505023957568968399e+03
1.821811547414691177e+03
2.800655885708380083e+03
1.527548572537054497e+03
1.630018532873772983e+03
2.454562882307693599e+03
2.611658337066210152e+03
1.285931193836668626e+03
1.786404972276165154e+03
2.471392091052312935e+03
2.161918285915109664e+03
1.757903968237740401e+03
1.807004395429273927e+03
2.202736090622729080e+03
2.250706325572826699e+03
1.822451432769462826e+03
1.837890036004879903e+03
2.423206308377334153e+03
2.095881577411977560e+03
1.552645626869992157e+03
2.431613405433716707e+03
2.065787792420687310e+03
1.565512234044725346e+03
2.366238000062721767e+03
2.701561939816615450e+03
1.430606014768057776e+03
1.961644417183235646e+03
2.554030895317300292e+03
2.560813731592684235e+03
1.361562680905760317e+03
1.793234110007798336e+03
2.728189096901534867e+03
1.895339500547348962e+03
1.371338354095532168e+03
2.277171763633381943e+03
2.421209172978388779e+03
1.491711649005005029e+03
2.257368556779751543e+03
2.282178281420065559e+03
1.573226033909197895e+03
1.967367524920677170e+03
2.629743195464988275e+03
1.619162177804433441e+03
1.925666113810334991e+03
2.536813844486778180e+03
2.083045215188180919e+03
1.549866390519903234e+03
2.291729240567674424e+03
2.315782043397004600e+03
1.395829560108090845e+03
2.062600903928774187e+03
2.422234685693772008e+03
1.786470792270692755e+03
1.801039857354819333e+03
2.582056774067248625e+03
1.795826919917450141e+03
1.739242422084202417e+03
2.401512284612937492e+03
2.228858121716833921e+03
1.541219407991983871e+03
2.177351204732784481e+03
2.262540319392015135e+03
1.681424253827535040e+03
1.949752376834239612e+03
2.681291240940623538e+03
1.584806160457605301e+03
2.114762150425576692e+03
2.764842800069771783e+03
1.815144701462932062e+03
1.419398141042821635e+03
2.427885572923109066e+03
2.005304567729112250e+03
1.664365546916137191e+03
1.949034902010758287e+03
2.216590428363055253e+03
2.351929463270372707e+03
1.669984395597229877e+03
1.646778049742728172e+03
2.418231173302635852e+03
2.225253928586319944e+03
1.689426421420917904e+03
1.799963222036362140e+03
2.396647164155256178e+03
2.429650889980166539e+03
1.831414366779821648e+03
1.614202113183455140e+03
1.607315380748949792e+03
2.460957302308183444e+03
2.421101761329418423e+03
1.930977818627337001e+03
1.836640631048734576e+03
1.732883493716262365e+03
2.131127746555127942e+03
2.352411471386831181e+03
2.165684597992049021e+03
1.939739119651257852e+03
1.763402546603146675e+03
1.939005978518132679e+03
2.472000992750005480e+03
2.356463900007619031e+03
1.543416888753754165e+03
1.798043260852602089e+03
2.514961887142405885e+03
2.877696367704323620e+03
1.691944353544996829e+03
1.423587447488154567e+03
1.909807530459528380e+03
2.324833247445919369e+03
2.715508454801660264e+03
1.935853228621144126e+03
1.543843943298870272e+03
1.617318490816767508e+03
1.855123566493176668e+03
2.210577109111535265e+03
2.436190963665223535e+03
1.614630217470609523e+03
1.791851701103620599e+03
2.523863493839051898e+03
1.944200003506599387e+03
1.615990404328046679e+03
2.455632283279872354e+03
2.632132793445634434e+03
1.742247976608653516e+03
1.801997215321647218e+03
2.333221455696053908e+03
2.776264894348583766e+03
1.304567598256521705e+03
