1.383123163872906844e+03
1.862055785253218119e+03
1.918037068762979516e+03
2.209148887071100944e+03
1.777504295283999454e+03
1.855286072498826798e+03
2.710946359944475716e+03
2.693149507398610695e+03
1.597915802442557833e+03
1.339505561595910194e+03
2.405702639535413709e+03
2.746214234334506727e+03
1.834733977314346703e+03
1.066238674785870444e+03
1.384633680546018013e+03
2.383047835534958267e+03
1.726400261059564855e+03
2.258153165952669042e+03
2.496455593337860137e+03
2.032634227639041001e+03
1.748728413334428524e+03
2.643715372243118509e+03
2.682684814390798238e+03
1.674514249870176855e+03
1.661051927196628867e+03
2.801332267651617713e+03
2.740104674518555385e+03
1.580102415449001001e+03
1.546560018651734481e+03
2.269131339279990698e+03
2.527565421249568317e+03
1.936070525166006746e+03
1.918257471618141381e+03
1.912419109426716204e+03
1.548749640100299757e+03
1.754486722514765461e+03
3.095726714601726144e+03
2.598549317643484301e+03
1.710610172579408527e+03
1.607441303362327972e+03
1.873895988621650986e+03
1.569720908429083920e+03
1.477582036710740113e+03
2.414389151749238863e+03
2.318638745237618423e+03
1.248806371888178091e+03
1.490653226916319682e+03
2.548257264837621278e+03
2.207278280448033001e+03
1.837061045943446743e+03
2.723883200639969800e+03
2.655398763925248659e+03
1.192396689870279033e+03
1.794357141175596325e+03
2.748134636907682307e+03
1.853703908176200002e+03
1.805182659031686171e+03
2.896223192519400527e+03
2.633480279492026511e+03
1.270638639434934703e+03
1.729700835460583221e+03
2.613553696437728377e+03
1.639433484914237397e+03
1.366011029155958113e+03
2.495367446713752088e+03
2.934739307228199323e+03
1.559383682378640742e+03
1.389702100904434019e+03
2.784533369986971593e+03
2.258662073040018186e+03
1.612025101872641471e+03
2.457029409567618131e+03
3.203372270072215997e+03
1.614064288844224848e+03
1.359321158906913297e+03
2.660080957775043316e+03
2.295285161803665687e+03
1.678182378731383324e+03
2.307732235964624124e+03
2.332063857980875127e+03
2.745982797081446734e+03
1.589075059206810010e+03
1.228968586289815676e+03
2.192267368948981584e+03
2.925504591295558384e+03
1.321650900502491822e+03
1.250373068937833295e+03
2.697387934028190102e+03
1.820846138818363215e+03
1.320676195895975297e+03
2.319763589816006970e+03
3.195979912263154802e+03
1.638121687796294736e+03
1.814686666194085319e+03
2.879651212772014333e+03
1.880827917927165799e+03
1.404748251882145269e+03
2.205601029133930751e+03
2.668631334349286135e+03
2.212205401028215874e+03
1.921172126201680385e+03
1.406876953506789505e+03
2.229566966022609904e+03
1.431789664014738719e+03
2.867885857496891731e+03
2.378310222398936730e+03
1.374218954727602750e+03
2.464626680309865606e+03
2.029579474767521788e+03
1.750111254245155123e+03
2.032846889420124626e+03
2.081480473642396191e+03
2.199100484052669344e+03
1.990300313263573116e+03
2.075034059059506944e+03
2.136911172353492930e+03
1.971077391139188194e+03
1.950406792725695368e+03
1.998607859898350853e+03
2.972421404134063323e+03
1.543288452755570233e+03
1.577941129670403825e+03
2.440206026428142195e+03
1.917591483887570348e+03
1.441590449525997656e+03
1.477092888362433087e+03
2.359630779107156741e+03
2.387957122905005690e+03
1.729814565346415066e+03
1.906868157356615257e+03
2.330498331141727704e+03
1.996481162092043178e+03
1.904354049114770987e+03
2.587054802898668640e+03
2.604391477376797866e+03
1.533854580688390797e+03
1.945444685896478632e+03
2.545995227581267045e+03
2.398511604346503191e+03
1.347036515447989814e+03
1.770239517116149273e+03
2.520237677342028292e+03
1.870713270943289217e+03
1.169852792023899610e+03
1.970916786447984123e+03
2.990154902090130236e+03
2.089087862565374053e+03
1.060233332496497042e+03
1.837557748220492385e+03
2.916160080667195416e+03
1.958598728420675116e+03
1.464033775391220843e+03
2.314058479900278144e+03
2.534531434454160717e+03
1.657506176607372026e+03
1.981110254898002268e+03
2.569477060851883834e+03
1.880740330791577662e+03
1.400931586106729355e+03
2.399202198946995395e+03
2.889817296172170245e+03
1.446046822801955614e+03
1.405310108853139582e+03
2.823002176246179715e+03
2.089538297538300867e+03
1.424086422347343159e+03
2.519792108455016660e+03
2.821459907931487123e+03
1.089739333441873896e+03
1.311186892237595430e+03
2.537702380106596593e+03
2.569946946164501242e+03
1.378700466990821042e+03
1.773462111877339112e+03
2.755687886928818898e+03
1.487105781866275720e+03
1.378594661195193567e+03
2.488130446900034258e+03
2.535366435992851166e+03
1.435089716278089327e+03
1.930196976338277864e+03
2.596489726771972073e+03
1.623609227867405252e+03
1.385720907918703915e+03
2.375638767294540685e+03
2.820493110644760691e+03
1.574327335054430932e+03
1.730285455653306826e+03
2.615271563957373928e+03
1.943029725964680893e+03
1.569349388541063945e+03
2.511538434446826614e+03
2.641534409857814353e+03
1.522876806993570654e+03
1.585147789924081280e+03
2.530143349643270994e+03
1.815721821049553682e+03
1.515230327918304056e+03
2.422629706319207799e+03
2.695976694686493829e+03
1.664040623203776931e+03
1.769203619973303603e+03
2.668488421540514992e+03
1.871340518683148730e+03
1.243455201383964550e+03
2.291872019559399632e+03
2.410777794693729902e+03
1.312784060254273754e+03
1.384197567519283211e+03
2.699327397445155384e+03
2.660332518818832796e+03
1.089120681317849858e+03
1.490199658257992496e+03
2.567868953494699781e+03
2.140248287605535552e+03
1.154007035391664658e+03
2.234453341299952172e+03
2.866478068694852027e+03
1.486475502227762036e+03
1.217776227567111846e+03
2.361511470847841338e+03
2.819455496538470925e+03
1.405125982138473546e+03
1.472548620389288772e+03
2.708952075910939584e+03
2.230750448809065347e+03
1.021766566216042861e+03
1.443053577584799541e+03
3.258348702569759553e+03
2.768336538526772529e+03
1.520305650971876958e+03
2.675882762704972720e+03
2.980051743636677202e+03
8.385766984088631943e+02
1.900290955082353776e+03
2.964193114941930617e+03
1.830533174569760376e+03
2.170542369763458282e+03
1.932452037668996809e+03
2.493735911237867185e+03
1.458856888641110118e+03
1.416662842368122256e+03
2.893712671338254950e+03
2.102768921249543382e+03
2.646604880958443573e+03
2.090006732672104135e+03
1.554266340597200951e+03
1.401118097266232098e+03
1.642433579229883208e+03
2.308042585197494191e+03
2.194670838434249163e+03
1.457885103882691737e+03
1.721057511652958283e+03
2.242169161675743453e+03
1.884778083365444900e+03
1.510135490150326405e+03
2.467938770155370094e+03
2.681177608238613630e+03
1.637046261054480055e+03
1.824446871113746283e+03
2.362297928815454270e+03
1.869390012914335330e+03
1.716261996608633353e+03
3.010131290203838944e+03
2.679958912478265120e+03
1.632220853428430019e+03
1.793336878874672266e+03
2.451456481664438797e+03
1.965362803523500361e+03
9.232635329362407219e+02
1.130048224223296756e+03
2.671936847639719417e+03
2.006028455785188044e+03
1.471637369549128380e+03
1.952455940901903659e+03
2.391422539764060275e+03
1.704695536813851504e+03
2.755988246069053275e+03
3.009647349015527197e+03
1.975990402565628756e+03
1.685930232443598015e+03
2.267521979703230500e+03
2.345090480231810943e+03
1.677895259105187051e+03
