2.829063308108351521e+03
2.328191448856731313e+03
1.867758048701533653e+03
1.684751704617609221e+03
1.495151477409755444e+03
1.513048468341773741e+03
1.598568920708118412e+03
2.052131835561287062e+03
2.420121104178423138e+03
2.817250860497992107e+03
2.570765999902978820e+03
2.353548004870499881e+03
2.208405393723457109e+03
2.002384631040606564e+03
1.642533803013956685e+03
1.441086474404000228e+03
1.705024046051406913e+03
1.793499282688664380e+03
1.915193546314065316e+03
1.875257437867118824e+03
2.003834807110293013e+03
2.133202490268645761e+03
2.292335136846897058e+03
2.239110890798829587e+03
2.179100005519293973e+03
2.315788227677740451e+03
2.328445342696530588e+03
2.133444723907171920e+03
1.883342872531903822e+03
1.889945489456082214e+03
1.820770203163106771e+03
1.706187311040154782e+03
1.708868369928881521e+03
1.833562789056690008e+03
1.907989432059756382e+03
1.885088557688832225e+03
1.926375658629332520e+03
1.983174338294137669e+03
1.966117308622070141e+03
1.879481221735604777e+03
1.953605565239001407e+03
2.133180961218662560e+03
2.337380275875779716e+03
2.331561274185858565e+03
2.306729551172839820e+03
2.411885519777139052e+03
2.484938439801434924e+03
2.406141685321774276e+03
2.221852362352743512e+03
2.327012282121052976e+03
2.367962410687495776e+03
2.211129928176944304e+03
1.858925672672210794e+03
1.847766587249532222e+03
1.819115963720562149e+03
1.746206501635388349e+03
1.565070603939582497e+03
1.687833416286840475e+03
1.820174465084857275e+03
1.851482356453015655e+03
1.918513457447239489e+03
1.965757257653407351e+03
2.106233610896171285e+03
2.276536953076162263e+03
2.424320733830877998e+03
2.351506389625271822e+03
2.068938578845839857e+03
2.027158182611788561e+03
1.834098292024278408e+03
1.667455135777420992e+03
1.633600495939986558e+03
1.808563992569131415e+03
1.994398496240364921e+03
2.107509790036442610e+03
2.108649232544412826e+03
2.206489696666882537e+03
2.296754657118530758e+03
2.390722914029371623e+03
2.418979988641428918e+03
2.308305904892839408e+03
2.096921191304698368e+03
2.211776635211079792e+03
2.338310183792113094e+03
2.256897584539428408e+03
2.158769329326013121e+03
2.250698734759920171e+03
2.220477072217559453e+03
2.103255059211719527e+03
1.972553827908428957e+03
2.043625100383780591e+03
2.036659873643231094e+03
1.962207047557027181e+03
1.804355184731503869e+03
1.902445307152195483e+03
1.847601611097674549e+03
1.745550474331647820e+03
1.738548394542353890e+03
1.777408591929972317e+03
1.858258722205883714e+03
1.316968191278686163e+03
1.824680467651829758e+03
1.624387977329035266e+03
1.632378488702469213e+03
1.580332923307642659e+03
1.564311712583390090e+03
2.002673123089061846e+03
1.702687113981431366e+03
1.887147337724406498e+03
1.966924435723962688e+03
2.117944760771563324e+03
2.333949787796669625e+03
2.196533320106564588e+03
2.426723385146132387e+03
2.345936132501643442e+03
2.485637064732911313e+03
2.364113268176971360e+03
2.221264684054797272e+03
2.388296599213881109e+03
2.428229334568325612e+03
2.306813028721035153e+03
2.260344775944910907e+03
2.414802852058041935e+03
2.515573731604743898e+03
2.441710450081934141e+03
2.189214595560304588e+03
2.268046044771482229e+03
2.327135215641877494e+03
2.404558542537011817e+03
2.143698870135307061e+03
2.143649896773952605e+03
2.212788528196032530e+03
2.285098156739441947e+03
2.262097605679284243e+03
2.224256431520285787e+03
2.235196520419266562e+03
2.224818421997799760e+03
2.012110528213947873e+03
1.904086985491714813e+03
1.790792729223950573e+03
1.936530808651143843e+03
1.962748055536261063e+03
1.898284028459167303e+03
1.808401523913190204e+03
1.810125443397276058e+03
1.977249132734882551e+03
2.026477938955286163e+03
2.087166413684520194e+03
2.053791572620507850e+03
1.538494672841667125e+03
1.661246904905620568e+03
2.207828069368144497e+03
2.388667869847822658e+03
2.286640006246167104e+03
2.131426605086226573e+03
1.917931878864758801e+03
1.682271410737337874e+03
1.649733772822296260e+03
1.836589705883105125e+03
1.901214666003264483e+03
1.881016615471880186e+03
1.929762108769753922e+03
2.110947982911567124e+03
2.387566948990277069e+03
2.418959636043177852e+03
2.270910669630402481e+03
1.693475224003542735e+03
1.702033229303457119e+03
1.718942770288148040e+03
1.835786698736156950e+03
1.905085523498345310e+03
2.015388026899759780e+03
2.151082453358731073e+03
2.287743744545740810e+03
2.304112260863209940e+03
2.286461154213680857e+03
2.411423985355094828e+03
2.438736465099760153e+03
2.184562253097765733e+03
1.850591526273074351e+03
1.919296861559947502e+03
1.816384891664515408e+03
1.624584022460059714e+03
1.540345463927895253e+03
1.799201347553337200e+03
1.877367871977362256e+03
1.833785333252245437e+03
1.779386186737388471e+03
1.888690867704046241e+03
1.997275660504469897e+03
2.013978611819522484e+03
2.054609317429002658e+03
2.066319822379261950e+03
2.209370921957827704e+03
2.391800501185201938e+03
2.393683122830610955e+03
2.439088640166479763e+03
2.618695586420925338e+03
2.398139761729602924e+03
2.061600991225076541e+03
1.796081007903338104e+03
1.789560813895835963e+03
1.676132736207771131e+03
1.542092870341762818e+03
1.412815437987716905e+03
1.742280380259996036e+03
1.644733923710815134e+03
1.627739989780768155e+03
1.278471335214195278e+03
1.559512795017112467e+03
1.864889656198163038e+03
1.927484183570563800e+03
1.936133255565581067e+03
2.112843971665412028e+03
2.283985095108708265e+03
2.422244160375249976e+03
2.489687818428264109e+03
2.207457383044359631e+03
1.786768090487820928e+03
1.919413551608304488e+03
1.807442026331930947e+03
1.690000812809263380e+03
1.627473497037801735e+03
1.835573070355045729e+03
2.177544743665487204e+03
2.404005880770444037e+03
2.526700561277319594e+03
2.428469906685202659e+03
2.177414129147964559e+03
1.734959870297785528e+03
1.562103239037650383e+03
1.456291637365176030e+03
1.724698934047723924e+03
1.931231338284646426e+03
1.656837519290849286e+03
2.133694708259740310e+03
2.132570367523647747e+03
2.226074710514740218e+03
2.284641235873902133e+03
2.322286611837053897e+03
2.390913328037296651e+03
1.908039973920147986e+03
2.077691233874015325e+03
2.078127420739319405e+03
1.887236098376441532e+03
1.653027777830930063e+03
1.772400587512519678e+03
1.878427174197129943e+03
1.863669251240228505e+03
1.803418274370103290e+03
1.857188344766659156e+03
2.046792151591840366e+03
2.129904831181899681e+03
2.086627408192324765e+03
1.979386362317755811e+03
2.008420951413153716e+03
2.005517498789721003e+03
2.063920364662100383e+03
2.207548644733804849e+03
2.315381208331896687e+03
2.332570902837936501e+03
2.232280859660306760e+03
2.325846984227676330e+03
2.369235641318965463e+03
2.219421313282999563e+03
1.943495531105424334e+03
1.977369589363513569e+03
1.991107149824294765e+03
1.847793209856799194e+03
1.786386227455528797e+03
1.790702335312398645e+03
1.838817863693692971e+03
1.823970557862571241e+03
1.992391146037545923e+03
2.264913822800352591e+03
2.612497960710808911e+03
2.626872444923008061e+03
2.484062269548609947e+03
2.053422617430086120e+03
1.895941126827991411e+03
1.854833536444647507e+03
1.543941673531957122e+03
1.246017854352321365e+03
1.275081283410698688e+03
1.713773747259724814e+03
2.656447553467884973e+03
