2.049082563132736141e+03
2.097064681493932767e+03
2.243973054416131163e+03
2.193274357859792417e+03
1.770097710507504416e+03
3.825644881462027115e+03
-1.149374849886615522e+02
1.754931370075261157e+03
1.994418348999568479e+03
2.311165867693323889e+03
2.205727208667092327e+03
3.227081224792114881e+03
-8.725933759874887130e+01
9.962130639353808874e+02
-1.802721036385368620e+02
4.064263079398846003e+03
4.041299281140690709e+03
3.896876058765897596e+03
3.611333403720514070e+03
3.562193151699681948e+03
2.007819935108411983e+03
2.011147431305059627e+03
1.969705901347191229e+03
1.928195143134872978e+03
1.990779968329848771e+03
2.347012697723259407e+03
2.497893858585275211e+03
2.270223732733346878e+03
1.917206375752453596e+03
1.900594813697345899e+03
1.900910844533923637e+03
1.501422648028747290e+03
1.609367106152687484e+03
2.013332507779688513e+03
2.259982849011479175e+03
2.445186469190186017e+03
2.325105426016523779e+03
2.572739359934435015e+03
2.556423934222595108e+03
1.812244400410462958e+03
1.427052803807849386e+03
1.724397838000903448e+03
1.809715126934473346e+03
1.597386340618019176e+03
1.945304847091047122e+03
2.036011797305970049e+03
2.015453875811789658e+03
2.029764953433505070e+03
2.117811312326271945e+03
2.403749586596773497e+03
2.258071816728518115e+03
2.165400799942861795e+03
2.259967490115884175e+03
2.310510209074206159e+03
2.107367872798658937e+03
2.056822762775032970e+03
2.227205493114888213e+03
1.430321525648372244e+03
1.578243202737083948e+03
1.787089013386816305e+03
2.032636438096909615e+03
2.473115691478474218e+03
2.582463786855455055e+03
2.477366022942501786e+03
2.287545015592794698e+03
1.961634188378975523e+03
2.175445226106134669e+03
1.716408761844019182e+03
1.976677299694838666e+03
1.974021705577515149e+03
2.042678546493838894e+03
1.865088647078694748e+03
2.090868452207352675e+03
2.317539458825256588e+03
1.833088259587005950e+03
1.568843889891232948e+03
2.139466905889310965e+03
2.438110580389868574e+03
2.066180577280975285e+03
1.990649652934579535e+03
2.795357038460609147e+03
2.735541390865231733e+03
2.469190699772964308e+03
2.343153255074919343e+03
2.404325356953820119e+03
1.619538214461088501e+03
1.474076552320734208e+03
1.795534177437571998e+03
1.567926024694334501e+03
2.075818946604445500e+03
1.954992780226393279e+03
1.622739593958487376e+03
1.795612818686527589e+03
2.300154555554724539e+03
2.585211673313561732e+03
2.178904701212938562e+03
2.610646435217259295e+03
2.143668570916935550e+03
9.608291339897754142e+02
1.794904760880795038e+03
1.857899627676622913e+03
3.542989294777479699e+03
8.593942384042754838e+02
2.035359868728599395e+03
2.480879130654639539e+03
2.251175554440435917e+03
2.287854005143949962e+03
2.503060425959718032e+03
2.318474013456618650e+03
2.299107051373724516e+03
2.120237122906802597e+03
1.888503078129960386e+03
2.027352850359864078e+03
1.645912043837682859e+03
1.985829289720172483e+03
1.780847177887251291e+03
2.004992738375894533e+03
2.733040755427073691e+03
1.411164033770327933e+03
2.163540557565913787e+03
2.229517569841496879e+03
2.191697947389784986e+03
2.287115462081648275e+03
2.281461976342645357e+03
2.283515491607678541e+03
2.164107278365575439e+03
2.301996450633033874e+03
2.430843031436727870e+03
2.349527571990068736e+03
2.146879786300765772e+03
1.782190088774470041e+03
2.033008798889531590e+03
2.331371991154937405e+03
2.006285644883321538e+03
1.795487275500519218e+03
2.164321434339476127e+03
2.236817365942142715e+03
1.757470193207427428e+03
1.807151817103206440e+03
2.146287687572046252e+03
1.965832084901471717e+03
2.157371600462577135e+03
2.394322074461702869e+03
2.577149517982348698e+03
2.579843691721590403e+03
2.202994503635094134e+03
2.346058367936672312e+03
2.328376166522285530e+03
1.974589630405374010e+03
1.547674143758448736e+03
1.584878089253631970e+03
1.544786998188266580e+03
1.877189425069945628e+03
2.119432987451104054e+03
1.915790145720597138e+03
1.870393516787720500e+03
1.983756551452024496e+03
2.058972815229215485e+03
2.193957916596215455e+03
2.128237820360816386e+03
2.317639151857074921e+03
2.403299051148459966e+03
2.046129265518718057e+03
2.547586549671740158e+03
2.496261700053954428e+03
1.793666216507183890e+03
1.621723488349383615e+03
2.204451328684850068e+03
1.851209569846267641e+03
1.591591554523606646e+03
1.858860788802354364e+03
1.901475579682942680e+03
1.496034437592850281e+03
1.545600054974457862e+03
2.207288026327542866e+03
1.696760004671083607e+03
1.385407698759855748e+03
1.734133877394447836e+03
1.865560911743357337e+03
2.050175413789953836e+03
2.052008246234514445e+03
1.840806390288557623e+03
1.939675698884615940e+03
2.312842431937333458e+03
1.628482152630327391e+03
1.614434350126662821e+03
2.065254681999732838e+03
1.709805827630505519e+03
1.861907052702465535e+03
2.413024050748189438e+03
2.369255607199565020e+03
2.115348432087323090e+03
2.010177681899006757e+03
2.397728627070635866e+03
1.847760431162647592e+03
2.110176054405180366e+03
2.496971907125071994e+03
2.615925118401994041e+03
1.979289700475222617e+03
1.813223274701113723e+03
2.035179583931657135e+03
1.878449466825244599e+03
2.002390359981231541e+03
2.031253980309740200e+03
2.124006193667709340e+03
2.359499782468913963e+03
1.789212190408452670e+03
1.389394788023345654e+03
1.789982629029543432e+03
2.071006542629101205e+03
2.022501999672663032e+03
2.081052685333751924e+03
2.361397971958016569e+03
1.779382194152155762e+03
1.701278552000113677e+03
1.964780798173262156e+03
2.163397541345968875e+03
2.299591185353735909e+03
1.649059087285382930e+03
1.199483512131544330e+03
1.962152855575217018e+03
2.440250656135782720e+03
1.951133287420072293e+03
1.858728456925514820e+03
1.880755937506512282e+03
2.128684708572988711e+03
2.039180251054940527e+03
2.632156364181582830e+03
3.065697169015591044e+03
-3.075099668147269654e+02
3.857714845074482128e+03
1.748524958755789385e+03
1.688148418413435365e+03
3.122549639247566574e+03
1.287077403869343698e+03
2.469431858626320718e+03
3.154873785714594760e+03
1.500848526289893698e+03
2.795990063442970950e+03
1.603751979559851634e+03
2.216413824180760457e+03
3.631066121847118666e+03
1.436364004135967207e+03
2.360288477264468384e+03
1.322768465786899014e+03
2.253382579526669815e+03
1.802039226730078781e+03
1.962194715211842777e+03
2.278570790970150483e+03
2.197043182252958559e+03
2.188932652557690744e+03
2.036190796869494307e+03
2.313462227596405683e+03
2.131399030820913140e+03
1.861156035062649607e+03
1.730447485399865172e+03
1.945006968811352635e+03
1.961828723310865598e+03
1.952218743824251078e+03
2.228954516119732943e+03
2.196839813542991578e+03
2.221830857533668677e+03
2.298422046130555827e+03
2.549663239346990395e+03
2.070307652957638766e+03
1.252847578131987575e+03
1.762955527544208280e+03
1.920116923331673206e+03
1.830251470000958534e+03
1.699377049219616993e+03
2.018722388621028131e+03
2.101472408830371023e+03
2.029993901011955813e+03
2.264506393684976047e+03
2.551391537270974368e+03
2.708532073431437311e+03
2.172093328137594199e+03
2.191558561412322888e+03
2.134213041815233737e+03
1.565155772317446235e+03
1.792100444733457607e+03
1.605245193278465194e+02
2.523230841760397652e+03
4.064057982836607152e+03
