2.775914168083880213e+03
2.112141237952378560e+03
1.749403629160535502e+03
1.680267145615064010e+03
1.939496277056856570e+03
2.343120749257500393e+03
3.120419376680969890e+03
2.276040794716799155e+03
1.662638284606323168e+03
1.768360145227246221e+03
1.635228096461835548e+03
2.319242767268885018e+03
2.631351809659706305e+03
2.505687307165121183e+03
1.866385934340808717e+03
1.517683019215662853e+03
1.694544630548991563e+03
2.006167259778737616e+03
1.882773521674831500e+03
1.970322044766416411e+03
1.917269432969000945e+03
1.891984617531300273e+03
2.342682918865140891e+03
2.048301627576732699e+03
1.788065640313087442e+03
1.402534882080876059e+03
1.859403286768754469e+03
2.749434711367234286e+03
2.562867395856213989e+03
2.406327756610162396e+03
1.513492451137698936e+03
1.827270374303199333e+03
2.280068144773389577e+03
2.239470582436892073e+03
2.269143851840708976e+03
1.517539513331640819e+03
2.158146874073774597e+03
2.629508819728505841e+03
2.216236250568511423e+03
1.742200656865192741e+03
1.420342955721328735e+03
1.724871827504383418e+03
2.245533929461993921e+03
2.494686703041887995e+03
2.475856040161089368e+03
2.618362362046199451e+03
1.666261114445393559e+03
2.167842315325106028e+03
1.630110581878691391e+03
2.610896799361225021e+03
2.877803716197967333e+03
2.136207208682992587e+03
2.360011500487180911e+03
1.556755405019009004e+03
2.158943687428809426e+03
7.985012485880618271e+01
1.211884003181068238e+03
2.539748596847297904e+03
2.111061924362925765e+03
2.698311833911066969e+03
2.351266179637197638e+03
1.896970887935522342e+03
1.697487427185313209e+03
2.571757817539918051e+03
2.080751046407135163e+03
1.749520866205619086e+03
1.396845727781319056e+03
1.593462919999128644e+03
2.871997840731800352e+03
2.484225647964658037e+03
2.385117179249913988e+03
1.614210229901425237e+03
2.003053935727442195e+03
1.976263992787883808e+03
2.032262935536988607e+03
2.050435083260927968e+03
1.833683690789328011e+03
1.915215691331738071e+03
2.617621668558106194e+03
2.747984584632207316e+03
1.819814965068465654e+03
1.631235056260062947e+03
1.756786503864791257e+03
2.116479661764163211e+03
1.960567258291254575e+03
1.666992806001101599e+03
1.628721356858650779e+03
2.395014484366278793e+03
2.455970651145210013e+03
2.582600711622499603e+03
1.759475953042087212e+03
1.742262195588668646e+03
2.419751879630005533e+03
1.941321838998073190e+03
1.780683041308451720e+03
1.507745564409734015e+03
2.400805059449362034e+03
2.526844555601634966e+03
2.651550492116505666e+03
2.098515271263625891e+03
2.336301999857837927e+03
8.899130579057884916e+01
3.409172955305301912e+03
1.580828591336079853e+03
3.309593006136885379e+03
8.588152164866650082e+02
3.499619073598314571e+03
1.037238174063727456e+03
1.131316122123066634e+03
3.464090221437566470e+03
1.510548542257035706e+03
2.782638011365002967e+03
2.867567558815213943e+03
1.081226070751132738e+03
2.563023399093413445e+03
1.401202045719559692e+03
2.817400107250717156e+03
1.861673523083793498e+03
2.469546812046196919e+03
2.639903009601488975e+03
1.818412334236404376e+03
2.002743847562228666e+03
1.864800322698509035e+03
1.930202563331769170e+03
1.965575156241347713e+03
1.860800114771711833e+03
2.137447704191920366e+03
1.909141801090146373e+03
1.843306907095058705e+03
2.017601985390931077e+03
1.892829575761928027e+03
2.048024275213144392e+03
2.230676769179758594e+03
1.846164469915005611e+03
2.045287689200504246e+03
1.753351367034195619e+03
2.467604682777287962e+03
2.124285488455390805e+03
1.895704339385976255e+03
2.041197871250490607e+03
2.335247025728079734e+03
1.777532807585354931e+03
1.901600444502125583e+03
2.509393160735522997e+03
1.693118278037466553e+03
1.877190429839501121e+03
1.825056701490560499e+03
2.132591563847825910e+03
2.662511318767986722e+03
1.820566600727590640e+03
1.806504185129513417e+03
1.499275421452794490e+03
2.215062709055768664e+03
2.857366322414397928e+03
2.066335778076357201e+03
1.776393265093807486e+03
1.306981728936787704e+03
2.198387366914674658e+03
2.721620297329218374e+03
2.431253501679907458e+03
1.714651523561611612e+03
1.438453192875289915e+03
2.257354666281467416e+03
2.536911107589277435e+03
2.797260017451226759e+03
1.988308964706950746e+03
1.530277988050844897e+03
1.710545066221863181e+03
6.727305831585961187e+02
1.714076775404276987e+03
1.722500015835051272e+03
2.710968183032339766e+03
1.265300342801921261e+03
3.029089054142708846e+03
2.257089994439507791e+03
1.962636268572131939e+03
1.837173926469890830e+03
2.627558168427413875e+03
2.138727872846449372e+03
2.303884909728148614e+03
1.398803842741052222e+03
3.961684518435743939e+03
2.343288678203713516e+03
1.162569546049097198e+03
1.305225379673245925e+03
1.754885697189839220e+03
2.664292756424525123e+03
2.396027952362011547e+03
1.978654136622694068e+03
1.625946255619303656e+03
1.977195529420194816e+03
2.095593243752683975e+03
2.201642098699467624e+03
2.142661676825968698e+03
2.028414409625641611e+03
2.081280979139011379e+03
1.984519817729716124e+03
1.599568075950274306e+03
1.831541130703110639e+03
2.208563712531903093e+03
2.466011798807991454e+03
2.295426854164389169e+03
1.903225559014781084e+03
2.832915406838101262e+03
1.944642620333748937e+03
2.208114367404248242e+03
2.379574379617680279e+03
2.011444435022172229e+03
1.381214812952737020e+03
1.438361029058082295e+03
1.841346184250821125e+03
2.557862285154803885e+03
2.304114138371337049e+03
1.493525324601293732e+03
1.651038468450428354e+03
1.750018872952463425e+03
2.629165391948014985e+03
2.425938811096801601e+03
2.059974842332636399e+03
1.387809506716751457e+03
1.194133619670114285e+03
2.186012305715777984e+03
1.959556681366283101e+03
1.401104440356868508e+03
3.307806517958572385e+03
1.908701562573383171e+03
3.791136188750237579e+03
4.016581981970555262e+03
3.158322393783802909e+03
1.508955981653691651e+03
2.365523167165478299e+03
1.991804487328857704e+03
2.022094093034965908e+03
1.622831246944815575e+03
1.276080914109259083e+03
2.897796374375351661e+03
1.642284826060056275e+03
2.753917542657392460e+03
1.944364992173760811e+03
1.402998976723009946e+03
2.532078934321330507e+03
2.362995224077601961e+03
2.308188260511367389e+03
2.077139758269895083e+03
2.442288283298753868e+03
1.794822380975515898e+03
1.903214603836898959e+03
2.035073509466540145e+03
2.046444875732660876e+03
2.099414944754382759e+03
1.954415853311959609e+03
2.018498842093496251e+03
1.705934610396505832e+03
1.714173222664775039e+03
1.855584643938002273e+03
2.168841023931506697e+03
2.580223669116314340e+03
2.224021154469151043e+03
1.890177806692927561e+03
1.541735635586829176e+03
1.934622922565300996e+03
2.275051384343277277e+03
2.262585998288241171e+03
2.054899907507990065e+03
2.132943735220215331e+03
2.275979230256528353e+03
2.274144892422893008e+03
2.192754397237248213e+03
1.182782532125018861e+03
1.807547135439249587e+03
2.802072880586947122e+03
2.401972789286280658e+03
1.930451674583475096e+03
1.833195538637676236e+03
1.746606710272124474e+03
3.900231526114148437e+03
1.801465636092374098e+03
1.912034758728900215e+03
1.641696122907730569e+03
1.136085893167797167e+03
1.967345395620440740e+03
1.745589998689504000e+03
2.020391776528050286e+03
1.880994112607453644e+03
