3.105027972522442269e+03
1.743734110318102921e+03
1.405274491912399981e+03
2.066294349368865369e+03
2.487560387065469968e+03
2.554228405664623551e+03
1.881176680251819334e+03
1.458700663683152015e+03
2.042677586250086279e+03
2.464239204115391658e+03
2.428569738980216243e+03
1.425316553694233107e+03
1.731495358849343575e+03
2.450096415922015694e+03
2.619358525440434278e+03
1.680912920946945860e+03
1.442331347802979280e+03
2.107778793467934975e+03
2.464568359876964223e+03
2.360506298606092514e+03
1.924247862841471260e+03
1.703925229804301125e+03
1.695008275097271508e+03
1.988056771436863755e+03
2.270300152192203768e+03
2.162070295552781317e+03
1.623344478940524141e+03
2.000763194896557707e+03
2.537497563849970902e+03
2.284062708741305414e+03
1.556993587162471840e+03
1.979382786970549887e+03
2.464580021914693134e+03
2.308344633887148120e+03
1.568745579795864842e+03
2.280211693571587148e+03
2.266133448659942587e+03
2.371202660337075486e+03
1.939691319200122507e+03
1.594702803764397686e+03
1.868279223690761455e+03
2.455771881476330236e+03
2.067303547910881662e+03
1.698979288871550807e+03
1.986845452280249674e+03
2.291186633071377400e+03
1.975169072749138877e+03
1.835965734052257631e+03
1.948090974484997332e+03
2.458297744114233865e+03
1.921695186740225608e+03
1.852386369680525831e+03
1.942617490926852042e+03
2.701515320593839988e+03
2.064915842499968221e+03
1.445733484507341700e+03
1.921428542743763273e+03
2.672407584258591669e+03
2.235585729955775605e+03
1.708101914010359906e+03
1.808801184671143801e+03
2.168994020155685121e+03
2.439275370722135449e+03
1.836444010480943916e+03
1.785198583498406379e+03
1.920838170721635606e+03
2.385189252347352067e+03
2.369292315564684486e+03
1.630476463465753341e+03
1.716927255563547078e+03
2.183552039625210455e+03
2.467524210440969455e+03
1.889892757799295168e+03
1.660678678713907857e+03
2.177645026460425015e+03
2.491310817041797691e+03
2.001641705395114514e+03
1.492478194666678519e+03
2.119693536350803697e+03
2.579741478805704901e+03
2.216849672309299876e+03
1.604130581525687376e+03
1.807972831855167215e+03
2.329175141198459642e+03
2.514442786361390517e+03
2.068690433049748208e+03
1.488987586917765611e+03
1.941083096798915449e+03
2.285764839010681499e+03
2.423047256252107218e+03
1.841981416350642348e+03
1.745558088167043934e+03
1.988257694702887648e+03
2.292005724189717057e+03
2.209516687485853254e+03
1.749216051608629641e+03
1.807438216543594990e+03
2.092013563017986598e+03
1.534178143737993651e+03
2.089395999471770665e+03
2.069983577678472557e+03
3.168111501447637238e+03
2.274230790988011904e+03
6.604407104397846524e+02
2.255810212212567421e+03
2.588689538414329945e+03
2.027250066308184273e+02
3.404355109090598944e+03
2.141519439726961537e+03
2.021412702824139842e+03
2.209290326414125957e+03
6.544975487619921068e+02
2.634581856900650564e+03
1.792211835232363228e+03
2.220358729694245994e+03
1.578608077615300772e+03
2.243178246157193826e+03
1.367774740123746369e+03
2.533961188356821367e+03
2.572105877446002523e+03
2.048213415429516772e+03
1.678175298066885262e+03
1.820199986696751694e+03
1.839482435390233832e+03
1.837454685320249382e+03
1.984584675011814852e+03
2.003475486959602904e+03
2.044574362981689319e+03
1.893391252129356189e+03
2.050890113692850264e+03
2.245104736239038630e+03
2.112051499763448192e+03
1.921520312930741511e+03
1.925432292992607699e+03
2.284832191186195359e+03
2.211579037064514523e+03
1.915012760382278884e+03
1.764955574800388376e+03
2.229315365605706575e+03
2.355818055655098760e+03
2.009424033869651339e+03
1.732172345130760277e+03
1.877781321849999813e+03
2.434398794835590252e+03
2.285072769954665546e+03
1.716461100723572827e+03
1.716604705698643556e+03
2.264360446135693110e+03
2.522614952205329246e+03
1.825520309674245027e+03
1.551021360837843758e+03
2.014275209303403017e+03
2.551943793246387031e+03
2.306179004979278034e+03
1.800492353925451198e+03
1.557723363936808255e+03
2.069112745282854576e+03
2.652314301373742182e+03
2.233642276088315157e+03
1.555162354731449796e+03
1.657067121887691428e+03
2.460353645898740069e+03
2.485443547987672446e+03
1.946975378857312307e+03
1.910753790779521296e+03
1.844119533690671688e+03
1.808803296449603067e+03
2.130102281217126801e+03
2.667686420680725405e+03
2.263692948124472423e+03
1.711534750087812427e+03
1.553946089735618898e+03
2.198001255503690118e+03
2.786351017012867487e+03
2.236857893105272524e+03
1.575390094070718987e+03
1.845415930449770713e+03
2.277932683669668677e+03
2.474086166656349633e+03
1.868506847933296058e+03
1.913138694353637675e+03
1.869865483186835036e+03
2.302195637522155266e+03
2.043485583366584706e+03
2.037757378591667475e+03
1.849921899322928994e+03
2.016036604461286743e+03
2.182833475279075174e+03
1.961191896495120318e+03
1.920167419507190289e+03
1.951899241073658914e+03
2.167260840088374152e+03
2.009288595845461487e+03
1.980960914544813477e+03
1.915341996552666387e+03
2.136016217815913024e+03
2.193882882738911576e+03
2.110352159710361775e+03
1.836320837532708765e+03
2.077358467926074809e+03
2.307549931924669181e+03
1.588188900519571007e+03
2.057913308385413075e+03
2.357850767059942882e+03
2.033023012879513544e+03
1.880207329937062468e+03
1.992922565709974151e+03
2.061415234665605112e+03
1.968324437446131469e+03
2.147057311401148127e+03
2.321311038242491577e+03
1.904615011730312744e+03
1.729631871793314076e+03
2.301717752262329213e+03
2.867090587092920032e+03
1.843419119209830342e+03
1.124143682409501935e+03
1.868750392506381559e+03
2.903086385048095963e+03
2.448912468498394901e+03
1.563366171790542012e+03
1.618617627416954065e+03
2.421958104955104318e+03
1.226281036359060408e+03
1.481669412310631515e+03
3.010939579141248032e+03
3.381966306116989017e+03
1.691914178837806048e+03
3.283902657272994929e+03
1.857899417001997790e+03
9.029614276627485197e+02
2.932359313095968901e+03
2.876830365559889742e+03
2.135721535503516861e+03
1.853959231298765417e+03
2.149118444108463336e+03
2.956369123967096129e+03
1.053676368137056215e+03
1.772596276631067894e+03
2.403687209975634687e+03
1.790809905419712322e+03
2.609912131927566861e+03
8.516328132887543916e+02
3.144851517811180656e+03
1.086184549232155632e+03
4.012255420455933290e+03
3.330359216246716642e+03
1.186970488124861731e+03
1.705389455045983823e+03
1.701517705408466782e+03
1.681615264600024375e+03
1.935885729047220593e+03
2.049947453498507002e+03
2.066962852017323257e+03
1.893240494642956492e+03
1.976153065250132840e+03
2.063640243970131451e+03
2.133259999490153859e+03
2.017159983226766826e+03
2.047802414635067180e+03
1.897506277169305577e+03
2.092019084286218913e+03
2.071644682985027430e+03
2.024104453164149618e+03
1.871065548122443261e+03
2.134001017483293708e+03
1.626416964484681557e+03
1.831766614689552853e+03
3.138709777198753727e+03
2.557663767535531406e+03
1.779484286382479922e+03
2.085199992062930050e+03
2.187712242048452936e+03
1.606707609326663942e+03
2.023903486733332556e+03
2.023838480830253502e+03
1.888472114281658151e+03
1.802028646603554307e+03
2.387792962266313680e+03
2.497007665135395200e+03
2.057178331485273247e+03
1.906559718399598751e+03
1.698616007950028461e+03
1.895466668803259381e+03
