1.724342775128920039e+03
2.239783663446750779e+03
2.443538115456191008e+03
2.275242779230180531e+03
1.740307481772407755e+03
1.632063588981679914e+03
1.385452916897369278e+03
1.787542501208641170e+03
2.197469499838224237e+03
2.138470509156564276e+03
2.240254164745425442e+03
2.115852347150593687e+03
1.625172352308568861e+03
1.642864509317662396e+03
1.818960218527967754e+03
1.834297915390485286e+03
2.171347243846601486e+03
2.373127875228318317e+03
2.152138726553980177e+03
2.192428516746470905e+03
2.179726804053836076e+03
1.725992399826526025e+03
1.828159570737986996e+03
1.526485688018576639e+03
1.819285407272672273e+03
2.136703974923963870e+03
2.241654638012745181e+03
2.463170579025820643e+03
2.467481048538515097e+03
2.038810064817487500e+03
1.748115009091468892e+03
1.726043289051320471e+03
1.384496197453124751e+03
1.650099626476026742e+03
1.630460403345838586e+03
1.945099119847020802e+03
2.354094916538514553e+03
2.284719060138606437e+03
2.208208268480490005e+03
1.968671259195345556e+03
1.793232607825662626e+03
1.393430009413546031e+03
1.653925941876015031e+03
1.561798395886940853e+03
1.680981427360823318e+03
2.197063262797565130e+03
2.117217129893728270e+03
2.460894878910765783e+03
2.095682031741739138e+03
1.879234414485934849e+03
1.358676291460769789e+03
2.029685810248077814e+03
1.889944909871996288e+03
2.442764026956030648e+03
2.491557588575410136e+03
2.278159529432366526e+03
1.901766249253645356e+03
1.885690438922315934e+03
1.385373283729008790e+03
1.642781972420810007e+03
2.216650657547267656e+03
2.314273613759515683e+03
2.543804582269228831e+03
2.462826777593466886e+03
2.289318148801380175e+03
1.855756312899220802e+03
1.520700854090487837e+03
1.242522931980566000e+03
1.329255554504885595e+03
1.751601559547453917e+03
1.971213185541376561e+03
2.448159864267601733e+03
2.608242561860997739e+03
2.465010815883943451e+03
1.982435522730524099e+03
1.694739847556507584e+03
1.138232153696060095e+03
1.606225726979397677e+03
1.590802692197938541e+03
1.919886997611856486e+03
2.427215841069590624e+03
2.332674434331785051e+03
2.053963948018442352e+03
1.985355010702430263e+03
1.684708125784060485e+03
1.630882968529408345e+03
1.779738586845835698e+03
1.651743579074928221e+03
1.992288055439950313e+03
2.060253948215207402e+03
2.305307213503010644e+03
2.373180441571660594e+03
2.178787110545999894e+03
1.809466453725110796e+03
1.858625341586134709e+03
1.585233813137969946e+03
1.720262851287332069e+03
1.902299214486983146e+03
2.073683899317918531e+03
2.320192102170512953e+03
2.416755843093653311e+03
2.156524490309338034e+03
2.180286245715040877e+03
1.892261785392817274e+03
1.470754870953974887e+03
1.525375873286327078e+03
1.494990622504025396e+03
1.727863806299048974e+03
1.854780423620700503e+03
2.239570309690383510e+03
2.261607670175772000e+03
2.578372289233753690e+03
2.397538067684333782e+03
2.342463443867301066e+03
1.355261605325771370e+03
1.520946176427600449e+03
2.373675136091846070e+03
1.943851547171539778e+03
2.224365154830082702e+03
2.118958628929446604e+03
2.058634678467845333e+03
1.555140890741334033e+03
1.739299396837957374e+03
2.034946878648809843e+03
1.692535400521531528e+03
1.922451585135701634e+03
1.997788953130743494e+03
1.864924979412966195e+03
1.882002108069046017e+03
2.073172255093530111e+03
1.996853639294227833e+03
1.092200774155938916e+03
2.493391035788722547e+03
2.552606960940879162e+03
2.457385477598925718e+03
2.438120672841841952e+03
1.894430848425541626e+03
1.811965305948469222e+03
1.613400693862858361e+03
1.651172025218193085e+03
1.890209298130505204e+03
2.123923237580811019e+03
2.308807936223138313e+03
2.334005469295468174e+03
2.012541160487013030e+03
1.859234724581126784e+03
1.726423857151504308e+03
1.832147744827006136e+03
2.050659229489739118e+03
2.339068205592055165e+03
2.331133869146731740e+03
2.137826176150678293e+03
1.765881567685020627e+03
1.413607889215192472e+03
1.591078102404543415e+03
1.540993350578854916e+03
1.716941416912928844e+03
1.989027757668584172e+03
2.338412639893404048e+03
2.419891783103566013e+03
2.321671719332744942e+03
1.950205417623869153e+03
1.699987694682465417e+03
1.871123841604085783e+03
1.349232039986072323e+03
1.827443069050250415e+03
2.120698983217465866e+03
2.358069737769317271e+03
2.263065331676084497e+03
2.108313915111140432e+03
2.011000423393243636e+03
1.492792352872152151e+03
1.786651545038080485e+03
1.660207415156142361e+03
1.867075827782503211e+03
2.090026188878630364e+03
2.261459649853363771e+03
2.283835138324632680e+03
2.204451637702636162e+03
1.846182110580845119e+03
1.751280137301870127e+03
1.609810392951946596e+03
1.621162333350464451e+03
1.814018996168356352e+03
2.047455050518843791e+03
2.322255948796447228e+03
2.324550550863216358e+03
2.468877834830524080e+03
2.022615210069666546e+03
1.879919233312137521e+03
1.886076836111871671e+03
1.413864605101508459e+03
1.558869947578453093e+03
1.803409489360780526e+03
2.105712239805435274e+03
2.303117913172484805e+03
2.460679801730083909e+03
2.427097243043896015e+03
1.910290923950659135e+03
1.847388204788341682e+03
1.583954388200560970e+03
1.518393558711536571e+03
1.647976766321196919e+03
2.081094081489522523e+03
2.030988876030970459e+03
2.060058431919315808e+03
2.157181906969133706e+03
2.124195774195638933e+03
2.111799996087117052e+03
2.210799620072608832e+03
2.218038986962654235e+03
2.080901212669997221e+03
2.094999107154113517e+03
1.814409681350487745e+03
1.849666598490585784e+03
1.827473204201078715e+03
1.809777632916213406e+03
1.709821808285957786e+03
1.674311634131197707e+03
1.543851844342537561e+03
1.723477202288476519e+03
2.013928034455759416e+03
2.170390687468197029e+03
2.220168558034442412e+03
2.301233347152864098e+03
1.961340666007209165e+03
1.644166886781781841e+03
1.610983020010951577e+03
1.608200982724416008e+03
2.045928436024396433e+03
1.858065386435632718e+03
2.649356454519085219e+03
2.407256349506315473e+03
2.488300483511565744e+03
1.875025354569301044e+03
1.295442828687647761e+03
2.110366497780185455e+03
2.008022407608812500e+03
2.321881592722977985e+03
2.236528950714051462e+03
2.033332012958435143e+03
1.845164274480278891e+03
1.718116742100057536e+03
1.709655031111632297e+03
1.720492148173339501e+03
1.993901586524514414e+03
2.137169542373487729e+03
2.242325235970212361e+03
2.388596972010159334e+03
2.281851627399630615e+03
2.160403837881254276e+03
1.733529768169621320e+03
1.596433741142972394e+03
1.515884805992008751e+03
1.510334954758810227e+03
1.705326333918735827e+03
1.735737673926022808e+03
1.675809114314286262e+03
1.794357604920426638e+03
2.005421459110606065e+03
1.982063533235503428e+03
2.181601134885656847e+03
2.233476115242959168e+03
2.624545541739846612e+03
2.397649270148826872e+03
2.477357252374014479e+03
2.191025400714421266e+03
2.161917824320401451e+03
2.045821719025671200e+03
1.736766780832358108e+03
1.836048565128885684e+03
1.659706823426276969e+03
1.817471276714969918e+03
1.889961346012842796e+03
1.589747405902166065e+03
1.403662577598441885e+03
1.750012680534896617e+03
1.770450448532076280e+03
2.015361497027372025e+03
2.300907087761428556e+03
2.492199675224704606e+03
2.086893763389909054e+03
1.745073779399216164e+03
1.717936072994283222e+03
