1.727900815643680971e+03
1.812921514760382706e+03
1.651927421476053269e+03
1.756172962864302917e+03
1.376553166768329902e+03
1.514262542965560215e+03
1.663782991103081713e+03
1.854993051283065824e+03
1.697498097453508308e+03
1.586685048941311607e+03
1.875040698936257058e+03
1.916574637899451773e+03
1.642019797270908839e+03
1.662898011712463585e+03
1.988123567184454487e+03
2.015513420360906593e+03
1.347565340781197619e+03
1.534354488792414941e+03
2.066730854618864214e+03
2.102738593641141961e+03
2.300055478888461494e+03
1.865090575013799253e+03
1.604743458286054647e+03
1.654170035327665573e+03
1.881734192447318492e+03
2.287978812515425034e+03
2.360944094951160878e+03
2.177923175288843140e+03
1.671597583576159877e+03
1.873431976993422040e+03
2.064003388081658613e+03
2.248936152829700859e+03
2.504239013001049443e+03
2.667818222788089770e+03
2.342125005505077752e+03
2.794608828105599059e+03
3.303939364252511496e+03
3.008229477905007570e+03
1.548932672194430097e+03
1.745173823928080083e+03
1.501496864001201402e+03
1.057720647653238302e+03
1.338302717121618798e+03
1.784377189766232050e+03
1.827574863136604108e+03
2.010938622659242128e+03
1.958823752526120415e+03
1.740425741538496823e+03
1.637373090925603719e+03
1.772980135004108661e+03
1.746318166987374070e+03
1.721516552052779844e+03
2.020245145513968964e+03
2.057695223395276116e+03
1.838237108970006830e+03
2.047924119783888045e+03
2.406840356289351348e+03
2.382042312685420256e+03
2.339029262969010688e+03
2.492117710263410572e+03
2.623893538539296969e+03
2.283011550638335393e+03
1.993813553694355051e+03
2.241064876721525707e+03
2.208077769195726432e+03
2.299329828751755940e+03
1.745182450625796037e+03
1.759917012018282094e+03
1.866015252250390176e+03
1.920357558014567985e+03
2.288101950717741602e+03
2.346668698307727027e+03
2.434085687352543118e+03
2.529230422280226321e+03
2.035728290684232888e+03
1.691900581328038470e+03
1.614978934829820901e+03
2.204911965047965623e+03
1.956571175441420337e+03
2.224430154723355827e+03
1.752819263771170654e+03
1.847351641036542787e+03
2.151643024110997885e+03
2.246719818610368293e+03
2.609651663852093861e+03
2.864495224097040136e+03
2.575261514617094690e+03
2.237001663712527261e+03
2.198914771882517471e+03
1.922428755071447313e+03
1.532259415487533261e+03
1.665213431031444543e+03
1.633560697141796709e+03
1.617277006970733282e+03
1.747193635081073580e+03
2.261050139748861511e+03
2.415736019808319725e+03
2.223685627307637333e+03
2.638055835400250544e+03
2.433706689694422494e+03
1.963326312428869869e+03
2.395553267402786787e+03
1.595131505475741278e+03
2.214943137567193787e+02
3.215225330096058769e+03
1.072397925308922595e+03
1.169509030716022835e+03
2.677518914996986950e+03
1.520142479885870216e+03
2.955233558767966770e+03
1.793358372755677465e+03
1.852630164917001593e+03
2.320218097785968894e+03
1.710953562699176928e+03
2.258768173822983499e+03
1.643591580998771633e+03
2.306143773889373279e+03
2.136750300761673316e+03
1.502320094276631835e+03
2.331561938542402913e+03
2.553212327017366079e+03
2.457158658538386589e+03
2.219875420210578795e+03
1.778783333872989942e+03
1.693834647569606659e+03
1.702383244810376254e+03
1.920858383012032164e+03
2.094986789680338461e+03
2.213239730967786727e+03
2.231041870241823744e+03
2.261775127719993634e+03
2.251325710456701017e+03
2.216889679120778965e+03
2.135663783523030816e+03
2.014240801412153132e+03
1.906988728475265134e+03
1.783317358849564243e+03
1.770546523915485750e+03
1.827768792913682091e+03
1.765817277713190151e+03
1.829830422405301078e+03
2.031653197019307981e+03
1.998477403203440417e+03
1.877978465090715872e+03
1.616769985066341860e+03
1.577812690540084759e+03
1.580811143786367211e+03
2.034138478889477938e+03
2.143553946565154547e+03
2.370703545517874318e+03
2.197399068627867109e+03
2.089806939011859868e+03
1.875541304450817051e+03
1.708661825957359952e+03
1.594779770313637073e+03
1.419616814218738682e+03
1.582176805592049050e+03
1.630409828167217256e+03
1.952621803748631919e+03
1.994035312010878897e+03
1.862182401214555284e+03
2.419809457094327627e+03
2.481636289105095784e+03
2.174994922310030688e+03
2.290851998388089669e+03
2.392210914058670369e+03
2.237995883317494190e+03
2.152307350897356628e+03
2.186963089495658096e+03
2.119137748575269143e+03
1.791465715164334824e+03
1.749330541057209530e+03
1.767168395978725812e+03
1.674494474880418693e+03
1.868848214808896955e+03
2.153099417835980148e+03
2.096383838122012094e+03
1.995169104326262641e+03
2.065975287776501318e+03
1.980116054836180865e+03
1.867287809263347071e+03
1.913627307573191274e+03
2.290403232126148851e+03
2.455112125240913883e+03
2.399148314982205648e+03
2.228377441840757456e+03
2.224899436033773782e+03
2.237950283416632374e+03
2.427365559609239426e+03
2.389107231645594311e+03
2.371277194391726880e+03
2.405713273087027119e+03
2.311172949046794656e+03
2.333610459536179405e+03
2.522645332093646630e+03
2.367546557777373891e+03
2.403615780523992271e+03
2.331548065078856325e+03
2.188496274697177341e+03
2.204101002309589603e+03
2.252405184103653482e+03
2.458998841431088749e+03
2.264166559802297797e+03
2.566803582170942718e+03
2.241807122939356759e+03
2.256212371433945918e+03
2.153209201702617520e+03
1.805274300193427507e+03
1.485893848515823038e+03
1.531299146841531638e+03
1.795201030554114823e+03
1.690181683017282012e+03
2.117611697760032712e+03
2.482233071804603696e+03
2.474818045660063035e+03
2.485936575584903039e+03
2.411530436282364462e+03
2.256406513954718775e+03
2.142490151821909421e+03
2.056408676531796573e+03
1.949321032534400274e+03
1.746431201041861641e+03
1.505237795871492153e+03
1.635129120432185573e+03
1.779597341789428810e+03
1.936497464396713895e+03
2.112881062737152206e+03
1.019442296750698233e+03
3.099658307628332295e+03
8.547138674378136329e+02
2.119964842735765615e+03
3.174128817324748070e+03
1.272691520644709044e+03
2.541308966940623577e+03
1.678289032287640111e+03
1.901327733817203125e+03
2.165437567498975113e+03
1.288094251588014686e+03
2.327736477583283886e+03
2.066260932727695945e+03
1.968423600954120502e+03
2.214192884671449065e+03
1.908839254779355542e+03
2.433477049118159812e+03
1.520365777530837477e+03
2.424256484778296453e+03
2.223360748432784931e+03
2.101320304383111761e+03
2.012885626668714167e+03
2.007811908767190062e+03
1.893803151242029571e+03
1.901279205263358563e+03
1.828424150361536022e+03
1.877597216236160648e+03
1.907496765798143542e+03
1.728055022695907837e+03
1.842778666363980847e+03
1.892803911552048476e+03
1.850863528057425128e+03
1.808740613942208256e+03
1.922624572033590312e+03
1.999327598978301921e+03
2.039727278190989864e+03
2.197895699177367078e+03
2.437648689903442119e+03
2.291732718666061373e+03
2.353595639707208193e+03
2.152902985284972146e+03
1.993328302639021103e+03
1.918620501146706829e+03
1.873818357945165189e+03
1.944300877045605375e+03
1.804093183468416100e+03
1.632959063657771594e+03
1.590300281776178963e+03
1.665825393063539877e+03
1.857994339590014988e+03
1.820476695760875145e+03
1.867518484893441610e+03
1.964916384259913684e+03
2.272302116123557425e+03
2.407336671466831831e+03
2.324293658710838372e+03
2.319677552016687514e+03
