2.132237727869351147e+03
2.359105472011020993e+03
1.733506211128707264e+03
1.661546547749749607e+03
1.948654771043482015e+03
2.155648722964645913e+03
2.230491915598910055e+03
2.047083673665294327e+03
1.990661938424957043e+03
1.856013979912436980e+03
1.636464393278870830e+03
2.050220951971979957e+03
2.513652441438041933e+03
2.023619404033441697e+03
1.347207513521655756e+03
1.794497403527940378e+03
2.391233127859166416e+03
1.961164114956420235e+03
1.815754973637358034e+03
2.666696210842934761e+03
2.902540614237103910e+03
1.743715891770337294e+03
2.073807496485225329e+03
2.658900278731975504e+03
1.600788461859590370e+03
1.637682376589046498e+03
2.716949605345122563e+03
2.367024161730835203e+03
1.098075457962017936e+03
1.918998102044966799e+03
2.378819502680355072e+03
1.618638475852004831e+03
1.825829576414532994e+03
2.305263811195726248e+03
2.086319664018350522e+03
1.777592966007708583e+03
2.700535474377775245e+03
2.332443250425767474e+03
1.301499631953123753e+03
2.191007597721294587e+03
2.953364357252095942e+03
1.487252417036060478e+03
1.265328882717163879e+03
2.396378980608049005e+03
2.319232897842551665e+03
1.197706139500281552e+03
1.813280821210143813e+03
2.310925812928692721e+03
2.077586998903047970e+03
1.803184008074914800e+03
2.435756983486559875e+03
2.418333478077075142e+03
1.982623682723575484e+03
1.798095064083888246e+03
2.451750386349290693e+03
2.433710460347705066e+03
1.530384336533546502e+03
1.747328472856664803e+03
2.630411486482411874e+03
1.543676280117808119e+03
1.439404134860001477e+03
2.453245278628503456e+03
2.743109017641641913e+03
1.246733840688291139e+03
2.115939075360148308e+03
2.782009300904293923e+03
1.631585491602547791e+03
1.193242405303284841e+03
2.100588791882944861e+03
2.142177707791767261e+03
1.728258371122523386e+03
2.035150163213773567e+03
2.682967803496305351e+03
1.876945554947911887e+03
1.729099505096191251e+03
2.268091031151584502e+03
2.467342875668954093e+03
1.662705091815502556e+03
1.694961396910443000e+03
2.334177443115522237e+03
1.935870284429083313e+03
1.574533637664952266e+03
2.229163219511355692e+03
2.618148257650696905e+03
1.620317978726229740e+03
1.759957169170265388e+03
2.610556162090399084e+03
2.660558689606305506e+03
1.343796540897252271e+03
1.815862164549577983e+03
2.809315236307406849e+03
2.220189651397909074e+03
1.169383464588583820e+03
2.353778824188102590e+03
2.664463649516161240e+03
1.582448062518582901e+03
1.377411945400054947e+03
2.064175544668033126e+03
2.222426051081592050e+03
1.723556669817703778e+03
2.067122467912915909e+03
2.366572754818689646e+03
2.079045882719834481e+03
1.316162703844324824e+03
1.828813004993770619e+03
2.296733107843144353e+03
1.728572640024066459e+03
2.024603254242790172e+03
2.491164240335933300e+03
2.444756642634254149e+03
2.148932521622849890e+03
1.882079044073985642e+03
2.408112789989582325e+03
3.112400800324106058e+03
6.169023236465623086e+02
1.943276716892350578e+03
1.894821830883212897e+03
2.538788505618066665e+03
1.026988402930093798e+03
1.634366221121696753e+03
2.893458782297348534e+03
3.203350883468181109e+03
2.205379327694957283e+03
8.570666770278107833e+02
1.739959500283460102e+03
2.602942732630072442e+03
2.191575629447821029e+03
1.535332544436070293e+03
2.366305440576315050e+03
2.537651281621960607e+03
1.630676935165708755e+03
1.709635727561884096e+03
2.632078090022405831e+03
2.191814238770579323e+03
1.201604095816731387e+03
2.143603976230106127e+03
2.841913369983682969e+03
1.357655238255023733e+03
1.703006575898087021e+03
2.900682262016103778e+03
1.387459605652588152e+03
1.752206123056176239e+03
2.766361495014184584e+03
2.539820478776621258e+03
1.573436721016528281e+03
1.581756726645698336e+03
2.264751371109602132e+03
1.752082904451175864e+03
1.795062605717673932e+03
2.112715115955178135e+03
2.145370901078338193e+03
1.716766563684415814e+03
2.078775312776898772e+03
2.386248586514752333e+03
1.997496564821673928e+03
1.790771450724265833e+03
2.413072963241605976e+03
2.404552288034793946e+03
1.531990185943132019e+03
2.014398444189417887e+03
2.657202853420366864e+03
1.004188568291504339e+03
1.850366661002174169e+03
2.442363721702346083e+03
2.841937957894300780e+03
2.189355200860903551e+03
1.717616724457899636e+03
1.491602685942491007e+03
1.620163071577036362e+03
1.908243425145562014e+03
2.352413310114417527e+03
2.248940025976564357e+03
1.896557474839997440e+03
2.262005229144663645e+03
2.476730735777424798e+03
1.902422519052254529e+03
1.740047345280711852e+03
1.928989479354469267e+03
2.157633698387398908e+03
2.070695428796150281e+03
1.686655928937034787e+03
2.146193917606509331e+03
2.570244800390743421e+03
1.944184466253345363e+03
2.067215709342225182e+03
2.044198483100341946e+03
2.001360744491885043e+03
1.824525663639066806e+03
1.715789610162843246e+03
1.795302292427845032e+03
1.869360940752342913e+03
2.293476562475545052e+03
2.757311252807919118e+03
2.146444511846894784e+03
1.556045961375493107e+03
1.810282170956925256e+03
2.349159914745115657e+03
2.286245746307550235e+03
1.327567760354390202e+03
1.704257454631008386e+03
2.799472286581137269e+03
2.827011973867053712e+03
1.298815358738966324e+03
1.580456951545897255e+03
2.303830148423581250e+03
2.807995240868199289e+03
2.270914160359641301e+03
1.348876760014149113e+03
1.274864925619532187e+03
1.859925513743392457e+03
2.361295811596633939e+03
2.469481462638952053e+03
1.867357515836854873e+03
1.856441913793991944e+03
2.550963278353235182e+03
2.509523780273112607e+03
1.532634777591225429e+03
1.810573088397646188e+03
2.889838593734466940e+03
1.903240143441517603e+03
1.209211092476734621e+03
2.311526033525365165e+03
3.125739662251148275e+03
2.002359820594303301e+03
6.301591522946965824e+02
2.899225383668383984e+03
3.039002482437532308e+03
2.255797066953236481e+03
1.082609969696516828e+03
1.633496301305720635e+03
1.941081678904432692e+03
1.849182533489207572e+03
1.875036207992742220e+03
1.649200618136656885e+03
2.162658178436070102e+03
2.557433614415383545e+03
1.797968591656699573e+03
2.457280189498972504e+03
2.332998342794654491e+03
1.919647018954795158e+03
1.587428130732740101e+03
1.420416036358428528e+03
2.848231166171839959e+03
2.278167946258990469e+03
9.454915073154993479e+02
1.751786445624570661e+03
2.264446868302095481e+03
2.613118571817230531e+03
2.047592274683873939e+03
1.542286081374768855e+03
2.086463390332384279e+03
2.547396605055601412e+03
2.461818596980412167e+03
1.578034453444276323e+03
1.541933381324754464e+03
2.052237960347975331e+03
2.426794656121632215e+03
2.057088182917108497e+03
1.603722038258485327e+03
2.115977447427447714e+03
2.646897601043262057e+03
2.468840276506068676e+03
1.436054356984951028e+03
1.572517622212524884e+03
2.254478728270185911e+03
2.605110177055029908e+03
1.898708472039287017e+03
1.322067332078667960e+03
1.646626782859447076e+03
2.352927051395362469e+03
2.756099377020404972e+03
1.920908195525219526e+03
1.643907550312840840e+03
2.106706764318755631e+03
2.074908245681752305e+03
2.309993946996615705e+03
1.896236798392314768e+03
1.596592764623720996e+03
2.030658408356850487e+03
2.703957581468321678e+03
1.916812700914172183e+03
1.077979872416497528e+03
1.522400682256013170e+03
2.020643985770845802e+03
