2.434663647012469937e+03
1.637682596452058760e+03
2.104520893226243516e+03
2.462807634460594272e+03
1.485387527631278317e+03
1.856256752148030046e+03
2.428003545797991592e+03
1.685862641472655469e+03
1.787003849393763176e+03
2.369261758833599743e+03
1.477862547461500753e+03
2.252949483796855020e+03
2.263511975068213815e+03
1.313273790972432835e+03
2.612960984182062020e+03
1.870833544452382284e+03
-2.526726833277447071e+01
2.872946773588929545e+02
2.204956051547724201e+03
1.890187557493335362e+03
1.408330638724581377e+03
2.580576194087321710e+03
2.428124255393784097e+03
1.898941488342993807e+03
2.133970174436722573e+03
2.509114588642682975e+03
1.950386962716905145e+03
1.995595944500724727e+03
2.623766697805009699e+03
1.789438132106796729e+03
2.093925654441909501e+03
2.491900816354241670e+03
1.904857716554828812e+03
1.860534039194119487e+03
2.079224403164052546e+03
2.299333312895418658e+03
1.633100780853365222e+03
2.141758771230768161e+03
2.907560693180174894e+03
1.642682640027575644e+03
1.713208241992153262e+03
2.433112507298276341e+03
2.097194018246784253e+03
1.738480505620602571e+03
1.943355004367183255e+03
2.108901183098190813e+03
2.472677190005382272e+03
1.474778650552606450e+03
1.939457508783727462e+03
2.706920286271491932e+03
1.866958183594684897e+03
2.975677232208016449e+03
1.338784645674422109e+03
1.854209322210720529e+03
2.723294187573182626e+03
1.133686285953583138e+03
2.389197035709851662e+03
2.424353474780238685e+03
2.068338340383083050e+03
2.247165780587498375e+03
2.026329437933835834e+03
2.040963400444715262e+03
2.413359337324588978e+03
1.924104754131167510e+03
1.776847405422219026e+03
2.292377967497275222e+03
2.184507836165265417e+03
1.452283927764656710e+03
2.334440426545723767e+03
2.429087733084175852e+03
1.976211419545781155e+03
1.778510734599627085e+03
2.611816062323168808e+03
2.144491807879007865e+03
1.480075994278384087e+03
2.723864051161094721e+03
2.571590682351703435e+03
1.723017801224715186e+03
2.197039923015845943e+03
2.366759613311830435e+03
2.452242466848266758e+03
2.072236346298167064e+03
1.831602566267942620e+03
2.094458416873059832e+03
2.431122249647044555e+03
2.009789356686532756e+03
1.324934598855359582e+03
2.182654496792883492e+03
2.477055683450870674e+03
2.338652964199046892e+03
1.582607079991282035e+03
1.728385547486219593e+03
2.379431851916557207e+03
2.486328837583655968e+03
1.947433068143152923e+03
1.647616725225625260e+03
2.388219963699025357e+03
2.175482433392930034e+03
3.672015863020060351e+03
3.200183908452726882e+03
3.209701334513136771e+03
3.423425057405825555e+03
3.622832319999116407e+03
-1.183838096722570157e+02
4.472020938272058856e+02
6.830714326795010720e+02
9.634072505433995275e+02
8.803002249014796234e+02
2.461118560545354285e+03
1.588988235087927251e+03
3.255514187540763487e+03
2.465470359829861536e+03
1.955983482999143689e+03
1.595406650807549340e+03
2.362066017105966694e+03
1.762194493043319426e+03
1.830212871225481422e+03
1.870535530171262735e+03
1.982888124540043918e+03
2.173948388451012761e+03
2.175338314431561685e+03
2.158892793672159314e+03
2.507885014264896199e+03
2.260085222493425135e+03
1.856641941069040286e+03
1.897401694174453951e+03
1.935457644341424839e+03
2.238906028544033688e+03
1.553414984274241533e+03
2.081811657025746626e+03
2.451764927881449239e+03
1.758273518465863390e+03
1.737364658432052920e+03
2.167204937114152017e+03
2.362539780633529972e+03
1.539379202658836675e+03
2.592197213801862745e+03
2.254442919409087608e+03
1.180014464282824520e+03
2.694578078775458835e+03
2.060232372664287141e+03
1.717925037617470480e+03
2.334375350747533503e+03
3.002039256464634036e+03
1.958808736922387652e+03
1.456779876060455081e+03
2.309227182461916982e+03
1.972037918084502962e+03
1.642648280998630298e+03
1.987981327261568595e+03
2.343923209497303560e+03
1.873376665461975335e+03
1.859337525675231745e+03
2.610588443513182483e+03
2.202483135872352250e+03
1.802644574486883812e+03
2.280350428485136490e+03
2.337563758489855445e+03
1.836793947702632977e+03
1.540290689206031175e+03
2.775291510818834467e+03
1.786249226581218863e+03
1.900617206619272338e+03
2.102871613552174949e+03
2.339415576110526672e+03
2.127555935378948561e+03
1.420589055692733155e+03
2.135510784841918394e+03
2.340938328240138162e+03
1.946177762477087072e+03
1.769419357048314396e+03
1.869737889335674708e+03
2.870423789280394431e+03
1.606294910679504028e+03
1.821349402601238353e+03
2.171203009947846112e+03
2.537013764356127012e+03
1.940203813877115635e+03
1.591077639019774324e+03
2.259824954840111332e+03
2.230830467847982618e+03
2.039523986080394252e+03
1.783127423222958214e+03
2.264820618701384774e+03
2.320277705117930964e+03
1.923970622457423360e+03
1.923891128149893802e+03
1.956662331121653779e+03
2.626466994447091110e+03
1.927757619731000659e+03
1.680122091332344326e+03
2.417678748301885207e+03
2.168460075134793442e+03
2.010185641388795830e+03
1.659503930928507543e+03
2.532923478947849162e+03
2.419991126189855095e+03
1.410100392921628782e+03
2.059373308182560322e+03
2.302933416220411800e+03
2.530025175800717534e+03
1.498147256115199525e+03
2.070815860395769505e+03
2.099359960718878028e+03
2.250684969946430556e+03
1.786197347303166453e+03
1.716547027410748115e+03
2.511718657203188286e+03
2.374204230287117298e+03
1.866877954374070214e+03
1.863676781539001240e+03
2.065591895425198800e+03
2.551569388720945881e+03
1.533272613880245672e+03
2.219461980302488428e+03
2.365709712932526600e+03
1.808561740814307086e+03
1.939506935684899645e+03
2.424416066520128425e+03
2.000445180665212320e+03
1.612219155932169315e+03
2.581417767682663452e+03
2.205386865086170019e+03
1.462556232710030599e+03
2.207487088876382586e+03
2.489850057980335350e+03
1.812437495925006488e+03
2.928134032415210186e+03
1.391400595427958706e+03
1.598929360523153036e+03
1.384641382492562116e+03
2.535490789724329716e+03
2.107845134659409723e+03
2.071803624270619366e+03
1.722101342372748832e+03
2.412826785986608229e+03
2.275674380342503355e+03
1.453953994449213951e+03
2.525340009033289334e+03
2.220356323787884321e+03
2.159250635968694041e+03
1.546776060296338983e+03
2.411521627393673498e+03
2.494412181864110607e+03
1.725155602327034103e+03
2.531183533757346140e+03
2.341087516606665758e+03
2.359520731820697620e+03
1.687372668531645786e+03
2.167077190362883812e+03
2.344842970875486571e+03
1.935176765291254469e+03
1.718950210922537508e+03
1.919386783161746507e+03
2.478093452619772506e+03
2.084503729790360012e+03
1.591338495077724701e+03
1.921022594455656872e+03
2.215745667482779027e+03
2.458138715051550207e+03
1.641254978761843631e+03
1.915163011363430087e+03
2.316479967158739782e+03
2.177001653207768868e+03
1.796248803355472319e+03
1.736495378311782360e+03
2.585113372376293228e+03
2.328585327620332009e+03
1.887778929537821341e+03
2.042565216105757372e+03
1.978509523787898615e+03
2.786173860391613289e+03
1.386302355190119670e+03
2.087582420765868392e+03
2.677582372406585819e+03
2.444372297197669013e+03
1.556250359007125098e+03
1.933243561892067191e+03
2.895719342991298618e+03
1.647670751807451097e+03
2.017268555073876541e+03
2.357273873975879724e+03
2.305982658594533405e+03
1.758109352451337827e+03
