1.953107051458186561e+03
1.648803826569901275e+03
9.373059100833781940e+02
1.418245721407638484e+03
3.157507592784627832e+03
3.144305753184869900e+03
2.379022188028139226e+03
1.971968269085103202e+03
1.681554498187862237e+03
1.734267820052010165e+03
2.077775036271561930e+03
1.749594801770195545e+03
1.487188600733029716e+03
1.660479444115302158e+03
1.637008519172406523e+03
3.513650020483277785e+03
2.894314705800892170e+03
2.944646674850172985e+03
1.950287027938703659e+03
1.492333278258639439e+03
1.435502898289268160e+03
1.968596091562576248e+03
1.735019292588801136e+03
9.114725538447734152e+02
1.730568310449256614e+03
2.301805211148921444e+03
2.818662630514372722e+03
2.302651819545100352e+03
2.283927441076792093e+03
2.215443131149448163e+03
1.556577604357739119e+03
1.746055865332542453e+03
1.878275882445474281e+03
2.304600347135937227e+03
2.048173213476355613e+03
1.239871514670883016e+03
1.115167440640251016e+03
1.925689436828450425e+03
3.650725412064343345e+03
2.820000123725351386e+03
3.113024791537960482e+03
2.302537960557807764e+03
1.223111741683061382e+03
1.494689046700111021e+03
1.842760778486519030e+03
2.313109799589452905e+03
1.872024049687298884e+03
1.831898829356088982e+03
1.908140726357629774e+03
1.957695253215398679e+03
2.519451987155830921e+03
1.919619962200295049e+03
9.886871539006231160e+02
7.246977498823310953e+02
2.780116229473909698e+03
3.681582220386995687e+03
2.069030506696368320e+03
2.896061941648424181e+03
1.975841673445307606e+03
1.326323767942991253e+03
3.657689281753531532e+02
7.123448341927613683e+02
3.263448172684334168e+03
3.360303163159447649e+03
3.197691619585141780e+03
1.364076448356861192e+03
1.705390313922665882e+03
1.855004072445540487e+03
1.576284599855045371e+03
1.477558229705575741e+03
1.662543268981413348e+03
2.994869551402708566e+03
2.076914324797295194e+03
2.105276916452555270e+03
2.425871736480872187e+03
2.131571550019397364e+03
2.262237429287347368e+03
1.878942746889313639e+03
1.061465265019251092e+03
1.386576107416508194e+03
3.358100386825557507e+03
2.325525980782967054e+03
2.166095937671937463e+03
2.300567158734332679e+03
2.109006113419442045e+03
2.089148675720986830e+03
1.839991279170170401e+03
1.824347238624329975e+03
1.926286217816842054e+03
1.325784165301960456e+03
1.175991500775237455e+03
1.617482993553368033e+03
4.105556652430719623e+03
2.729086556218907390e+03
2.117993572440179832e+03
2.539944170415532426e+03
1.864690363753531528e+03
1.423691573486009020e+03
2.681163155844104153e+02
1.577498705109112734e+03
3.458390201832221010e+03
2.599972677068313715e+03
2.266967859368447989e+03
2.822170772332839533e+03
1.034885350783028343e+03
1.799712551081581069e+03
1.848276414035588687e+03
1.444835342878559914e+03
2.656722123347706656e+03
9.974568190923231441e+02
1.644654837532107649e+03
2.998012118839175400e+03
2.953279902295540523e+03
2.700636417870533478e+03
1.154647721169893430e+03
2.324084324704612300e+03
1.434524195101186024e+03
2.011293632097453610e+03
1.655949172173164470e+03
1.603061416225816856e+03
2.115964346738981931e+03
3.334145812478845073e+03
2.321599449646800622e+03
1.615896823934351460e+03
1.637366019939752732e+03
2.196005046316385688e+03
2.114516080669591702e+03
1.825909864083866751e+03
1.456195831806660408e+03
1.930248277785092569e+03
2.504761814420557585e+03
2.004924248526706606e+03
2.002686525140907406e+03
2.142169136447022538e+03
2.180808293971190778e+03
1.988765170521646496e+03
1.615952395464148367e+03
1.791999727165999730e+03
1.418370013309020578e+03
1.671709851291502900e+03
2.612156106521241782e+03
3.338102948644782828e+03
2.709144542692313280e+03
2.740443830741559850e+03
1.586448463278496320e+03
9.302154242620313198e+02
1.333087299972125948e+03
1.047513052268109504e+03
1.273465676188753378e+03
3.103107777958602128e+03
2.710535647287416396e+03
2.392887138225051785e+03
2.534500974979634520e+03
1.869780672186894435e+03
1.510410444995238777e+03
1.209858228663798172e+03
9.751048793124973599e+02
1.211507790997026859e+03
2.969653704669442959e+03
2.418603934271399339e+03
2.434279203301347934e+03
2.258456740322192672e+03
2.023097823757552305e+03
1.542401646051813032e+03
1.076778776130581946e+03
2.674241408143129775e+03
2.386307766754067416e+03
2.375802653084184840e+03
2.416456311429517882e+03
1.896688496060815851e+03
2.551165649493978890e+03
9.665355534899887289e+02
9.670565339963178531e+02
3.369903798376082250e+03
2.320960008960139930e+03
1.828736841500202445e+03
2.262095537119771507e+03
2.521210889008386857e+03
9.692463347859732039e+02
1.805326617175822776e+03
2.350156902821162475e+03
1.675531095581258569e+03
2.294043242189568900e+03
2.143666084348184540e+03
2.283479698946881399e+03
2.056833876583367783e+03
1.372684447854388054e+03
8.565236233958572711e+02
1.710983201233435466e+03
3.096885480968845059e+03
2.605950408658836295e+03
2.251246338991147695e+03
2.251305380831555340e+03
2.306209604484958163e+03
1.863899638317562221e+03
1.594581139791320084e+03
1.862536899659102573e+03
1.302453418962003070e+03
1.451617210742920861e+03
2.138034561084179586e+03
3.991372395377371504e+03
3.058890387972701774e+03
1.975526478030968974e+03
1.626989567355883764e+03
1.417866024127168203e+03
1.745019242274337785e+03
2.052769699576621861e+03
1.681464282347235439e+03
7.420688248203001649e+02
1.526372321904603268e+03
3.571992349435772212e+03
2.651804271446415441e+03
1.741562821348254602e+03
2.331955061229925832e+03
2.255330527539482318e+03
1.922976026080087195e+03
1.253114289015715485e+03
2.008412326663841441e+03
1.670808025870208439e+03
1.025214653004908314e+03
2.027461744057352234e+03
3.608444823089461806e+03
2.161595838777635890e+03
2.100640896340823929e+03
3.054707033404926733e+03
2.473096136421392657e+03
1.798235606477627243e+03
2.392870358798175403e+03
2.060252852346143300e+02
2.164190689069046130e+03
2.270957837454131550e+03
1.669025952180428476e+03
2.903834712192273855e+03
2.458597651286485871e+03
1.641103292761016291e+03
2.852900674309655642e+03
1.844096814798970399e+03
2.580846302837753683e+03
1.417566870489548137e+03
1.951027157078618984e+03
1.456630134360079637e+03
2.308575619238922172e+03
2.712186939265569436e+03
1.423025776132368946e+03
2.260972641585845395e+03
1.580761969286234944e+03
2.119603304480121096e+03
2.951779814547058777e+03
2.143004884916125775e+03
2.111929391400150053e+03
2.150234474099903764e+03
1.447666003862293564e+03
1.443046467830382426e+03
1.525922377415902702e+03
2.310992828176816602e+03
2.787632745135674213e+03
1.901404713611140323e+03
1.792098679614760385e+03
1.893869419654568446e+03
2.271424371345497548e+03
2.267826427396633790e+03
1.986783282635478145e+03
1.561499661599819547e+03
1.243797528958654993e+03
1.537231971383716655e+03
3.019481644268960281e+03
2.201599046289001308e+03
2.750456302385361141e+03
2.211427095102133535e+03
1.481284629091792112e+03
1.093752450322765753e+03
1.695746379537034045e+03
3.207210665642474396e+03
2.535244263962848436e+03
2.147094853576179048e+03
1.711605461639631585e+03
1.825445495632316351e+03
1.974462322551222087e+03
2.053749351742330418e+03
2.038056702976642100e+03
1.940200573190345267e+03
2.010545113606008726e+03
1.836120550883790202e+03
1.720022772143932798e+03
1.865697726654196913e+03
