1.523618682163278891e+03
1.712551791483325360e+03
1.778882530311197343e+03
2.028233739018988899e+03
2.541601952741135392e+03
2.721780649461220492e+03
2.768833029942011308e+03
2.860827723621788209e+03
2.710607033881772168e+03
2.272956489631101249e+03
2.178925458074495509e+03
2.422681345875565512e+03
1.972192715606863885e+03
1.314977361194365812e+03
1.614684664286645329e+03
2.315404548992386481e+03
2.697636164049490162e+03
2.313001063631508714e+03
1.683130422370808219e+03
1.517201536688344504e+03
1.784919070393661968e+03
1.819469500823478938e+03
1.804208449692993099e+03
1.842072118638207940e+03
1.860026904045804258e+03
2.121208005179029897e+03
2.360631479953113740e+03
2.181646907242211910e+03
1.815413774387822514e+03
1.828305112690095939e+03
2.117853469016186409e+03
2.356972887869160786e+03
2.352543528036668249e+03
1.922328611296455165e+03
1.870837099900710882e+03
2.030566763731885885e+03
2.054048419062489756e+03
2.004822465408620246e+03
1.842299216984494024e+03
2.013398839434657248e+03
2.117383494263877310e+03
2.288012317795517447e+03
2.368923630833944117e+03
1.955114957908118186e+03
1.649933787472353742e+03
1.757829093636725020e+03
2.101227530526682585e+03
2.406109681015898332e+03
2.398027161860648903e+03
2.315244012552701406e+03
2.168038480850875203e+03
2.005003746060950789e+03
1.818929287176532171e+03
1.851971957340569134e+03
1.951835798787003114e+03
1.981574882635108224e+03
1.742885458505236102e+03
1.709920316223602640e+03
1.889344630178710531e+03
2.153538116466251722e+03
2.379846595911310033e+03
2.089668020261548463e+03
1.837444843052914621e+03
1.836819201965029833e+03
1.748582061679578146e+03
1.737951917414468653e+03
1.760299763385191909e+03
1.852123160556415087e+03
1.869440208622509772e+03
2.002812063330648243e+03
2.229952226417178736e+03
2.298201860907781338e+03
2.394745308403380477e+03
2.187938359372984451e+03
1.957700754437713158e+03
1.929349212158400633e+03
2.011247354759010022e+03
2.002718021515199325e+03
1.921775325396370135e+03
1.922977643406697780e+03
1.957914924966786884e+03
1.955280891144494035e+03
1.829578127663177611e+03
1.711305693412605706e+03
1.811361431040534399e+03
1.860217164864497818e+03
1.944252682402882783e+03
2.046570763804552598e+03
2.068701537084872598e+03
2.116745729009383467e+03
2.105222982526147916e+03
2.041017484181139025e+03
1.960153976312373743e+03
1.900030176610152239e+03
1.841456034509760229e+03
1.690919595223077067e+03
1.761555901992331201e+03
1.736668731855298802e+03
1.799136513872086425e+03
1.813523746472794983e+03
1.863208382101604911e+03
1.727855868734276783e+03
2.448616167031311306e+03
1.622697321960298041e+03
2.373045385900239125e+03
2.169762451579066692e+03
1.351506070123663449e+03
2.201322883533928689e+03
1.989644134776875035e+03
2.021196339599569910e+03
2.119486293645342812e+03
1.781317677795344707e+03
2.168630157091112778e+03
1.993397755958311336e+03
2.213901906933234386e+03
1.989061165958051333e+03
1.748946745608983974e+03
1.930993704649994925e+03
1.841834938891138790e+03
1.655571681938745769e+03
1.618199600591087801e+03
1.777315974721123439e+03
1.867275622947319107e+03
1.834504102876527895e+03
1.802394701584706354e+03
1.749498642192587795e+03
1.811858513904755000e+03
1.815543958312272025e+03
1.813512715993502297e+03
1.979594477245277858e+03
2.222070161601086056e+03
2.213392218070983290e+03
2.079788747398831674e+03
2.160881679923503725e+03
2.226951753266224387e+03
2.157275627661455474e+03
2.052905906538095223e+03
1.778626037436046772e+03
1.931001617037574306e+03
1.952277714510942815e+03
1.729740573649932230e+03
1.554432404373003010e+03
1.607580821363444784e+03
2.166190594702414273e+03
2.475626876065358829e+03
2.583637506623431818e+03
2.394077727597341436e+03
2.323243547868334645e+03
2.424939513017497575e+03
2.091104585991582098e+03
1.625846688259200619e+03
1.524063636069036193e+03
1.755730103010980201e+03
2.033484052359192674e+03
2.314279796619833178e+03
2.307964367575453707e+03
2.219154870461569317e+03
2.271925601325307525e+03
2.195274245715094366e+03
2.030145030346636759e+03
2.007680411290922166e+03
2.091265402002617066e+03
2.210295161833284965e+03
1.904225082169461530e+03
1.773494309717524629e+03
1.689633280802626132e+03
1.855298989259428936e+03
1.903119740003117613e+03
1.940025094978194375e+03
1.945702082380107640e+03
2.021526070850751921e+03
2.044564660206355938e+03
2.104745682092549487e+03
2.116953653211192886e+03
2.198974133638516378e+03
2.178253426171420870e+03
2.159215903392547716e+03
2.101286812685306813e+03
2.109337365395954293e+03
2.124997652983517582e+03
2.110524099698048303e+03
1.925161552359630150e+03
1.799388865424425148e+03
1.823284033022158610e+03
1.888330533754701037e+03
2.095563313445735275e+03
2.342581969290986763e+03
2.272717656317040110e+03
2.337923952063599700e+03
2.294913767834064402e+03
2.155553327226910369e+03
2.116318945976664054e+03
2.076847614574117870e+03
1.960567530294634025e+03
2.003521175315387609e+03
2.086855390346709100e+03
2.272376854205841482e+03
2.338259031603440235e+03
2.225572530196442131e+03
2.213385308864365015e+03
2.167197874442697412e+03
2.106929701534099877e+03
2.038819300755585573e+03
2.027196388337927601e+03
2.126272863344844154e+03
1.993226847747778720e+03
1.920388221018894910e+03
2.061826654992068143e+03
2.001501099644876604e+03
1.816489665294836186e+03
1.720590523581980506e+03
1.877384614943593533e+03
1.918175846996274686e+03
1.872987328091933250e+03
1.827465518962060287e+03
1.845027416368853437e+03
1.906963278398486636e+03
2.016438873088170340e+03
2.113610625192103726e+03
2.082566533579781208e+03
2.095899628442533867e+03
1.982384753218525248e+03
1.796304114376611551e+03
1.641368187547244816e+03
1.972862452434151692e+03
1.653997265168326066e+03
1.934003306993938622e+03
1.870380301273782152e+03
1.960112922122385726e+03
1.863425500749541470e+03
1.537759624139915786e+03
2.124994812199565786e+03
1.808398937914883390e+03
1.885618779448952182e+03
1.973548713196707013e+03
1.776599317889835447e+03
1.895971582039237774e+03
1.961452666052965469e+03
2.047136806705513663e+03
2.256152111616516322e+03
2.212528686650487543e+03
2.273417041919869462e+03
1.830782450031775397e+03
1.926866228225060013e+03
2.027300819978623167e+03
2.113917157569743267e+03
2.207406544798070627e+03
2.301863980081294358e+03
2.206206632933696255e+03
1.878186753922445860e+03
1.523708341801093411e+03
1.697341434916309026e+03
1.997197420634612854e+03
2.272586254762190947e+03
2.382240447346570818e+03
2.127849500568297572e+03
2.087811263902424344e+03
2.007445894396767017e+03
1.896708905465809949e+03
1.817771913136861031e+03
1.852984549781240958e+03
1.859291425713533954e+03
1.809039136223292871e+03
1.835366606560475702e+03
1.856449390711725982e+03
1.929433086737027452e+03
1.963803201921614118e+03
1.945038393378183173e+03
1.978405382971527843e+03
2.026664206338055010e+03
2.081069359913973130e+03
2.161446890419691044e+03
2.269177543681414591e+03
2.377768666052543722e+03
2.565518964566368595e+03
2.562124859312270473e+03
2.327149183274264942e+03
2.231519425493908784e+03
2.415768722778801020e+03
2.487514841047887330e+03
2.424570299587206136e+03
2.262618834779858389e+03
2.173028126240878009e+03
2.385335121934853305e+03
