2.904227200113593426e+03
8.102539056939472175e+02
2.627846604727990325e+03
3.152473670704794586e+03
7.873799042694903392e+02
1.463656536517656605e+03
3.109288098923128018e+03
1.702023858348691647e+03
1.169868244758506762e+03
2.290023041643737088e+03
2.305004229139154631e+03
1.677654594497225617e+03
2.226893496631226753e+03
2.023219200690148455e+03
1.816936758666650576e+03
2.397444569528070133e+03
1.796892445152154096e+03
1.428457498769046879e+03
2.424846387954156853e+03
2.215343910798824254e+03
1.573604155721039433e+03
1.975410092870505196e+03
2.400367506127120578e+03
1.892553286174355890e+03
1.952114325311134508e+03
2.265798431399471610e+03
1.764733662797588522e+03
2.333337972738330336e+03
2.461054402865769589e+03
8.600554849017304377e+02
2.549985583673883411e+03
2.876771144957463093e+03
1.127230672698273111e+03
1.765164188468785142e+03
2.511830100147236408e+03
1.578749661799438854e+03
2.020434176824190217e+03
2.106039860097971996e+03
1.565761094868238388e+03
2.270168401785624610e+03
2.772679138738295933e+03
1.120087044673872697e+03
2.006681198807202691e+03
2.734456207418716986e+03
2.074617608974345785e+03
1.063458758689039996e+03
2.411334393792745232e+03
2.742051148659149931e+03
1.497381935212013559e+03
1.320832145964744996e+03
3.185620686997409848e+03
2.590522775053098030e+03
9.145709742136423301e+02
2.078980603856020025e+03
3.155542422330723639e+03
1.630520854069531197e+03
9.488785036091288703e+02
2.260013423770849840e+03
2.576400023136628533e+03
1.546599966066922661e+03
2.416339131433413513e+03
2.430135785987991312e+03
7.517450211930255364e+02
2.486794230232258087e+03
3.202949806231320963e+03
1.838840341628844953e+03
8.418709970016761872e+02
1.978096666020861221e+03
3.148297557007399064e+03
1.907533761725665499e+03
1.440582262761531410e+03
1.863887145536360322e+03
2.199597801560582866e+03
1.902990833528546773e+03
1.724823151020262003e+03
2.338597308705030173e+03
1.717119481728904020e+03
1.833167832956851498e+03
2.170368770434700764e+03
2.625602071726319537e+03
2.364449284041990268e+03
1.449596073161359300e+03
1.057006069874442801e+03
2.338696107839981323e+03
2.696102442779320427e+03
1.852051899054824389e+03
1.274380835862950335e+03
2.496741923101030352e+03
2.953362342133784750e+03
1.556650168670730636e+03
1.260495698000840093e+03
2.855413526183282102e+03
2.500066503429677596e+03
1.307373926360560517e+03
1.701163681924545926e+03
2.501740535670679037e+03
1.777563836690645985e+03
1.757626847323393804e+03
1.277890348932721054e+03
1.565600682086554798e+03
2.195348357646961176e+03
2.235891388691795783e+03
2.919768152856772758e+03
1.536848881513079050e+03
1.986468910722939427e+03
2.253575582722801300e+03
2.913179981697613584e+03
1.359778599915210862e+03
1.791317599632263864e+03
2.408435957314385632e+03
1.673141257072800727e+03
2.012654246461451521e+03
2.791498249618312002e+03
1.535931681486598563e+03
1.450642541159173788e+03
2.645667459431374482e+03
3.177925335958007508e+03
9.469896377977416932e+02
1.412686299922053195e+03
3.014992218297175896e+03
2.245292386602809529e+03
1.450517091652255431e+03
1.824938692017307631e+03
2.355946477343130027e+03
2.355670841470025152e+03
1.556883941782947431e+03
1.674493006645541072e+03
2.113712834586734971e+03
2.296396819715015226e+03
1.802527758144324025e+03
1.836317429287055347e+03
2.077416092021487202e+03
2.306715044768139705e+03
1.836386591076372952e+03
2.013851944174664368e+03
2.326845158628703757e+03
2.134011859169598210e+03
1.752862609694166849e+03
2.447952285068081437e+03
1.909382109911161251e+03
1.550025798733371630e+03
2.487718250600489228e+03
2.469129933124958825e+03
6.821899934985267464e+02
2.230901312328349832e+03
3.150054672692363511e+03
1.696093000077309398e+03
8.263145793792396034e+02
2.157426125629543549e+03
2.532552969511909851e+03
1.799400797580488643e+03
1.596406317450306915e+03
2.045197343537663528e+03
1.970862154949217938e+03
2.070579338641084632e+03
2.006017336927659699e+03
2.486217596865581072e+03
2.012038482210748271e+03
1.648512697206648454e+03
2.499973183213361153e+03
2.859675352476801436e+03
1.788618521890356305e+03
8.364652793556267625e+02
2.479330074884870555e+03
2.700454791596240284e+03
1.440549884829304801e+03
1.396320795361736373e+03
1.905682030731186615e+03
2.723912780814585858e+03
1.990161748754322161e+03
1.746972039037791319e+03
1.936623139313148840e+03
1.792773742394031160e+03
2.289555297070711731e+03
2.451011143876659389e+03
1.614738650328449467e+03
1.500502423432598562e+03
2.791726504339545045e+03
2.558102354164345797e+03
1.355002681753460593e+03
1.354138838244362887e+03
2.900681228203357023e+03
2.567934895665069689e+03
1.015174160401114818e+03
1.513743692731761257e+03
3.104319922536004924e+03
2.225144559824169392e+03
1.221448298881121900e+03
2.110446145657995658e+03
2.139011548521543773e+03
1.486064190804228247e+03
1.985870099822338489e+03
2.655522015574385932e+03
1.811560115377172679e+03
1.083201408400914715e+03
2.302149198540809266e+03
2.659511471262811028e+03
1.814130292721734804e+03
1.542349881388543281e+03
2.340159183178188414e+03
2.251451253736814124e+03
1.627692859583534528e+03
1.573153248827197331e+03
2.342865587508285444e+03
2.238482228075944931e+03
1.840299477192320410e+03
2.009943900250908655e+03
2.264914764972361809e+03
1.980558606631935845e+03
2.328701836869222916e+03
2.207464543731668527e+03
1.748269037141851641e+03
2.235186885146139048e+03
2.659637231775618147e+03
9.577171344589298769e+02
1.558302644675221472e+03
2.615127657837111201e+03
1.865060312146318211e+03
1.291381210425163772e+03
2.347843133499564374e+03
2.612668189556526158e+03
1.642160590978657638e+03
2.500964695044930522e+03
1.818125401287784371e+03
1.156234528656543716e+03
2.781939057342159686e+03
2.519560197292158591e+03
1.216996839598270526e+03
2.311275612199346597e+03
2.018889936318083755e+03
1.812281760677602279e+03
2.214583728007946775e+03
2.561126758926335242e+03
1.496561864213367016e+03
1.707392987303309155e+03
2.483846595298282409e+03
2.045918462557312751e+03
1.490638771549314242e+03
1.882677791911872873e+03
2.874850066118649011e+03
1.789003436061630964e+03
1.365838533092568014e+03
2.899578024706444921e+03
2.488561522025227532e+03
1.262947802435395033e+03
2.182415338416813029e+03
2.515796262147847301e+03
1.689277054055057761e+03
1.595208933433101947e+03
2.697898337269996773e+03
1.443265881145228605e+03
1.299684893404385093e+03
2.064069519703839433e+03
2.584247904277819089e+03
1.715237914495149880e+03
1.166786935328346544e+03
2.122256064872051411e+03
2.543502815771251790e+03
1.898302504748899310e+03
1.564773368149486259e+03
2.696146325468920168e+03
2.713373224032012786e+03
1.568450368021392933e+03
1.819494650383751605e+03
2.963542645354977594e+03
2.006003133067586759e+03
1.534816450393578862e+03
2.053177869722813284e+03
2.338425325465881542e+03
1.523542698547708824e+03
1.750844834392705252e+03
2.652215180729208441e+03
1.390768682260802052e+03
1.299683781106477909e+03
2.645276755391842471e+03
2.486851699847486088e+03
1.492123704536990999e+03
2.233587707451183178e+03
2.085505792303861654e+03
1.654370983760552690e+03
2.283733257815888919e+03
2.789873906735142555e+03
1.039073963719625681e+03
1.606646379159261187e+03
