1.634410389894504533e+03
2.415485097328735719e+03
2.212085659729696999e+03
1.492649650440812366e+03
1.623497513642536660e+03
2.804863946047471927e+03
1.707906692696374876e+03
1.451933069683800113e+03
2.118598597001161124e+03
2.686515994525464521e+03
1.754592958035904758e+03
1.538492025431721913e+03
2.060125458196047020e+03
2.630871146243595376e+03
1.431441395552375980e+03
1.869889096409782269e+03
2.514871260413841355e+03
2.436855002268399403e+03
1.486916444701101909e+03
1.696358030464926514e+03
2.462807284844054266e+03
2.031699347122261543e+03
1.589128161346015531e+03
2.515279549147930993e+03
1.882526477651300183e+03
1.627625353401802386e+03
2.474214229036289453e+03
1.820959825302077661e+03
1.557034013017394273e+03
2.622267465399178036e+03
1.754594213779631446e+03
1.684196157548678229e+03
2.714685847051961446e+03
1.682408594187849076e+03
1.893277119341465550e+03
2.527631538101354636e+03
1.340652777316987112e+03
2.264251427402628451e+03
2.720168577273072060e+03
1.449280027916769086e+03
1.684357733019898660e+03
2.396499965481351410e+03
1.702151586260736394e+03
1.990287009540710415e+03
2.400810254705979787e+03
1.565996544284920219e+03
2.044505260797543997e+03
2.645838323109836892e+03
1.414651126384745339e+03
2.158488472343659396e+03
2.472804252304257261e+03
1.446693765648237104e+03
2.331381358947079661e+03
2.008627364702170780e+03
1.520541644125368748e+03
2.642515363982759027e+03
1.561054863744216846e+03
1.770042245210839610e+03
2.733297936968367594e+03
1.435822940197435628e+03
2.230082711234019371e+03
2.080020413993181137e+03
1.370831816712745194e+03
2.732182607504219050e+03
1.808168392121880970e+03
1.649429338776829582e+03
2.550434508127968911e+03
1.772877216919210923e+03
1.767435001675877857e+03
2.574042546000430775e+03
1.499152747846849707e+03
2.026950355982489782e+03
2.487279774157248085e+03
1.448792181781716181e+03
2.502322958600344919e+03
1.857542462145870104e+03
1.738269543720433603e+03
2.680521523454560338e+03
1.473856461087514845e+03
2.015213883501238342e+03
2.596191715516950353e+03
1.496466877783060909e+03
2.148890591801035953e+03
2.164882235571650654e+03
1.643332534457138991e+03
2.162148895906652342e+03
2.167756532789429457e+03
1.585105383097387630e+03
2.163417417782979101e+03
2.406339476203765116e+03
1.557912189447993796e+03
2.162830216502728490e+03
2.356247647987923756e+03
1.455750671758079761e+03
2.166307604009574789e+03
2.253901902947472536e+03
1.324008836751153012e+03
2.219137684208233168e+03
2.987679411989245182e+03
1.745344410472792333e+03
3.227406886742862298e+03
3.768908923399189007e+03
1.881792611806934246e+03
2.968304339591058039e+01
7.387560197384432286e+02
3.658323487266115535e+03
1.772123795422960256e+03
1.811002204289230576e+03
2.944238682052966396e+03
1.747854970800126921e+03
2.250222057288929136e+03
2.291199382835477081e+03
2.010282739656373451e+03
2.063087684583855207e+03
1.693041051974563516e+03
1.618888912151533532e+03
2.111618196307572816e+03
1.807554469922491535e+03
2.106322043404750275e+03
2.253593892636736200e+03
1.715472444181366427e+03
2.234791835713237106e+03
2.299651773685112403e+03
1.716672997157645796e+03
1.849016439891235677e+03
2.081443950992323153e+03
1.640981436073820532e+03
2.390233285673236423e+03
1.691418340397363409e+03
1.977249578489281930e+03
2.279386251334321514e+03
1.530102482196909705e+03
2.518558572684429691e+03
1.732729276063015050e+03
1.667802825346688678e+03
2.875192635049138516e+03
1.254871464015792981e+03
2.440001963658661680e+03
1.810127158673626582e+03
1.599267929749142240e+03
2.671155560327512831e+03
1.484211306612740827e+03
2.362977036158613373e+03
1.921148651894893874e+03
1.794382818265062042e+03
2.594021282129619067e+03
1.592775362619084717e+03
2.123248412921542240e+03
1.983373539927307775e+03
1.705244736059103388e+03
2.623193756040027438e+03
1.546281034334034075e+03
2.100772760001124880e+03
2.121033354158706516e+03
1.601424697189289418e+03
2.524647417252082505e+03
1.716505980515453075e+03
1.775957873975325128e+03
2.290906328952985405e+03
1.881355531784351115e+03
1.707982958224349886e+03
2.215171886813353922e+03
1.729701517348268226e+03
1.892884897600084059e+03
2.443968867632109777e+03
1.971897613752834332e+03
1.804230093984609539e+03
2.403217150702620074e+03
2.516284915070777970e+03
1.379540592385807258e+03
2.013713594768832081e+03
2.630045548265714842e+03
2.405826860370789746e+03
1.225022369996803491e+03
1.875253330595223588e+03
2.438837807524020718e+03
2.384618016606058973e+03
1.381448695496510254e+03
1.782547655268891958e+03
2.433715787956567056e+03
2.417276676265263177e+03
1.435409891942217882e+03
1.712381534337861012e+03
2.211065843822986153e+03
2.459955233376708293e+03
2.493782319776886197e+03
2.116628847333160593e+03
1.508336113112366320e+03
1.581873118451126629e+03
2.158348891900789113e+03
2.400725668732450686e+03
1.483755764630324620e+03
2.254676590497431334e+03
2.523520166992583654e+03
1.371404618777452015e+03
2.248905118843061246e+03
2.488427749990161828e+03
1.525754434366914893e+03
1.914345367184044790e+03
2.774530635632800568e+03
1.754842817207850203e+03
1.486740947361446388e+03
2.537638800783109673e+03
2.164814157029711623e+03
1.341603212481180208e+03
2.210558217934846198e+03
2.654621378436521809e+03
1.277058997877541742e+03
2.355132434523047323e+03
2.335412586998167626e+03
1.550802228739557449e+03
2.118255613735901989e+03
2.091691688507356957e+03
1.619465598630025170e+03
2.149302201252286977e+03
2.143826509537009315e+03
1.731510851907103643e+03
2.211549930310422042e+03
2.240995231947410048e+03
1.554692283689085116e+03
2.382136563275123990e+03
2.204747057540219430e+03
1.496640884778540794e+03
2.556243129847289765e+03
1.156651269583350313e+03
2.577209181491991785e+03
1.425564549645311899e+03
4.248708379971779323e+03
9.834934068940762018e+02
2.229837553777921585e+03
2.933368453493710604e+03
1.026627645268723654e+03
1.422654482452746151e+03
2.329051265164655433e+03
1.507855298073677432e+03
2.398948622791491744e+03
1.963253806338209870e+03
1.406502542214940377e+03
2.298058597144815394e+03
2.375757736405852029e+03
1.432421705979431636e+03
2.324770841720778208e+03
1.731713030187553613e+03
1.821299848666976686e+03
3.168661512495557417e+03
1.391241317111708440e+03
2.011869032216573260e+03
2.772218263513123475e+03
1.451119315956410901e+03
2.049899857987073574e+03
2.263581508610155197e+03
1.702880752680291153e+03
2.094210646983947299e+03
2.134205735291521705e+03
1.633619478805424478e+03
2.372501540077247682e+03
1.953758467675892462e+03
1.626784984540024425e+03
2.624446984335025263e+03
1.569394780936830102e+03
1.842593128204568075e+03
2.899340588992829908e+03
1.220398245235210879e+03
2.209085544791945722e+03
2.375084163024315330e+03
1.331085111876366682e+03
2.684558043570108566e+03
1.704112802889461818e+03
1.756617177066346130e+03
2.718861014871727093e+03
1.632905476681109349e+03
2.049429435131958599e+03
2.219767384301448601e+03
1.706379063173051236e+03
2.174573537147085062e+03
2.090297769073259587e+03
1.486072687911487492e+03
2.320388207306064942e+03
2.501786949435935185e+03
1.527603308106664144e+03
1.731220450129001847e+03
2.364404103912944265e+03
1.567809799831757118e+03
2.039758647378414935e+03
