2.097266339407421128e+03
2.043374224744608000e+03
1.974734733971929700e+03
2.138926044137569079e+03
1.916470818102341582e+03
2.294697264129843006e+03
1.922273396728506441e+03
2.125070521289747830e+03
2.037568672741854471e+03
1.998057878358432163e+03
2.169999099958355146e+03
1.970770358775006116e+03
2.221398068417240211e+03
2.092940705317138054e+03
2.032042278219360469e+03
2.083246323117610245e+03
2.000536849278309319e+03
2.147779938026929813e+03
1.917177325748504472e+03
2.166749695705660997e+03
2.069144765232827922e+03
2.013282706261951716e+03
2.159998469137568009e+03
1.908038746079270823e+03
2.160778488340871718e+03
2.052351537530206770e+03
2.114035329833274318e+03
2.109693502817206081e+03
1.966111413106157897e+03
2.274148836858692448e+03
1.956586195946633097e+03
2.274856105428511910e+03
2.023575973667979952e+03
2.093332444490135458e+03
2.101702236223448381e+03
1.941355871649087248e+03
2.200590725134580680e+03
1.966178121598641155e+03
2.222851722601138590e+03
1.942944441595406261e+03
2.177634879430027013e+03
2.064396772325037546e+03
1.926706787541818358e+03
2.171094655753249299e+03
2.015602222053042169e+03
2.291908463626153662e+03
1.953547427810686713e+03
2.018446583683027256e+03
2.167234400181948786e+03
1.888435881240175149e+03
2.280307723228775103e+03
1.965102152158142417e+03
2.151489956627019183e+03
2.137850497127334165e+03
1.980657840974889268e+03
2.145248522634060919e+03
1.933150179768998896e+03
2.270282496373152753e+03
2.011731115602771979e+03
2.158693505494983128e+03
2.022197564589310105e+03
2.030452873485849750e+03
2.106248530308009322e+03
1.965658303403215768e+03
2.193056831016574506e+03
2.071612451820866227e+03
2.037729579782291239e+03
2.104967754067466103e+03
1.955755037566576448e+03
2.159184436246982386e+03
2.023000564754020616e+03
2.188915085565852678e+03
2.025522487930144052e+03
1.970147061161333340e+03
2.203213129680438669e+03
1.936521076498233697e+03
2.166367729950658486e+03
1.970385651378405328e+03
2.211150827058463165e+03
2.085862753009252174e+03
2.040768740665195764e+03
1.979106818423555296e+03
2.110970464489790174e+03
2.240892066621506274e+03
2.009516490033756099e+03
2.108596695564787296e+03
2.111148122604130094e+03
1.932099129267593980e+03
2.091188217963364423e+03
2.000356136491057669e+03
2.240995771405347568e+03
1.950861595424903044e+03
2.118468464842366757e+03
2.100223549434081178e+03
2.078224539968079171e+03
2.091172815821536915e+03
1.857487825820339367e+03
2.307313941413937300e+03
2.166195690886262582e+03
2.083311151719659392e+03
2.130421263090625416e+03
1.949465137534341693e+03
2.071088996688734824e+03
1.876573734529935109e+03
2.231899348486319468e+03
1.996162589390867197e+03
2.005610059611732368e+03
2.171065704301764072e+03
1.890550771509513424e+03
2.195860291786038943e+03
1.907532996173872334e+03
2.207119189574911616e+03
2.147201089689477158e+03
2.042894631353602335e+03
2.011652537988936956e+03
1.984201669131708741e+03
2.254016611736523373e+03
2.003363826290497627e+03
2.074536063192885649e+03
2.068842604028482583e+03
2.015664813159535697e+03
2.124400389893648025e+03
1.912223396797727446e+03
2.241686843627163853e+03
2.073735688419291819e+03
2.142493399719749050e+03
2.037932748829243110e+03
1.982248150928481436e+03
2.177618951445888797e+03
1.918285584566082434e+03
2.241818366465813597e+03
2.034437951138540484e+03
2.052369132481316683e+03
2.096339129176749793e+03
1.917737117572153466e+03
2.264392946411980120e+03
1.872022847673268870e+03
2.251052669756584237e+03
1.967804801305620231e+03
2.060848678386942083e+03
2.084608113834332926e+03
1.914607401287262519e+03
2.169030140606674649e+03
1.970566129262365621e+03
2.142273994241436867e+03
1.999640581157859515e+03
2.057666386230341686e+03
2.191651544615106559e+03
1.885208525646155977e+03
2.257891592669008332e+03
1.965293399046455988e+03
2.109910847568893132e+03
2.026742955130583368e+03
1.984259851984927991e+03
2.173755618376771963e+03
2.002420564113175260e+03
2.169383745749315494e+03
1.957465598930264832e+03
2.066343169107467475e+03
2.062517309706651304e+03
1.930653893240808884e+03
2.165166149012181904e+03
1.962416382618330545e+03
2.231319012195869163e+03
2.005477121252871711e+03
2.036967409829072494e+03
2.047155267994980022e+03
1.933919421805028605e+03
2.201571096821258379e+03
1.957910826709100775e+03
2.228909707001133484e+03
1.989349582750558511e+03
1.916725542592086185e+03
2.127359086993152687e+03
1.968260372161083751e+03
2.098957816388685842e+03
1.956088336814067134e+03
2.168268917828022040e+03
2.032154723888146464e+03
1.881413877036131453e+03
2.156295266053612522e+03
1.997372032580301720e+03
2.198889870998314109e+03
2.055342113671920288e+03
2.069564599817457747e+03
2.011603227154287879e+03
1.957109268429498570e+03
2.130244088212548832e+03
1.953900721396883227e+03
2.205483036793967131e+03
1.970343944343477233e+03
2.101137137319781232e+03
2.025774321365466221e+03
1.895031471218519300e+03
2.233757215979548619e+03
1.964287497246141811e+03
2.246302807268118158e+03
2.089266982345831366e+03
1.991715507054806721e+03
2.225926292293444021e+03
1.916991687318166896e+03
2.215129519030349911e+03
2.002597661824526313e+03
2.118933318622754086e+03
2.069440930045272125e+03
2.050421013900861453e+03
2.149242738540195205e+03
1.887918391873505698e+03
2.276059910633547588e+03
1.974011841540967225e+03
2.167960885101600525e+03
2.014000699812470884e+03
2.021127909905085971e+03
2.176198244543231795e+03
1.969968917880656591e+03
2.238248438605443425e+03
2.027710455651816119e+03
2.192367322710400913e+03
2.025425460037790117e+03
1.950164961033093505e+03
2.165210413750630778e+03
2.066691888053968796e+03
2.120987245108405659e+03
2.120252861912008939e+03
2.120260069972552174e+03
2.116812935417876815e+03
1.978842533707930443e+03
2.187832964587095830e+03
1.932650575757221986e+03
2.200203183751446886e+03
2.103293096708889152e+03
2.002280062656372138e+03
2.178850758855593540e+03
1.985172400721927943e+03
2.159925380760711960e+03
2.050627621908950914e+03
2.156784613677175457e+03
2.133439877711730787e+03
2.047554444578363018e+03
2.127217350144689590e+03
1.912901402696774994e+03
2.252514324576857234e+03
1.975897243042644504e+03
2.156178105901236449e+03
2.005004134451154414e+03
2.002662685119271828e+03
2.106571446346022185e+03
2.026538604242176007e+03
2.213273467949651604e+03
2.054063094810934672e+03
2.147906526832652162e+03
2.050002348293514842e+03
2.093262654150176786e+03
2.135672006796564801e+03
2.063658613858457102e+03
2.292352544816904810e+03
2.007362452102658153e+03
2.099813197548046446e+03
2.175830938151139435e+03
1.981786237336366867e+03
2.147307806006516785e+03
1.931624977636226504e+03
2.231214050706450962e+03
2.019418735986817182e+03
2.013437255770966658e+03
2.210446533016667217e+03
1.918780951826130831e+03
2.263038758752130889e+03
1.991580919059268581e+03
2.094516867588639343e+03
2.180643597352875986e+03
1.963063363684999103e+03
2.185332504143666483e+03
1.958264588086208505e+03
2.231370595918187064e+03
1.976218785019177858e+03
2.159937893849268676e+03
2.100656388056429023e+03
2.008053625120222023e+03
2.092423306805159882e+03
1.894215187279718066e+03
2.245794943421432890e+03
2.073348179130386598e+03
2.049971291273029237e+03
