2.709555433470853586e+03
2.001208026773213533e+03
2.272605080062371599e+03
1.847121454211891887e+03
3.602858074990051591e+02
2.060635451596790062e+03
3.426419997741693805e+03
2.300519179638779860e+03
2.556943420388803133e+03
1.642654922031283604e+03
7.125781282398035898e+01
2.029021978670327826e+03
3.488193411834492053e+03
2.471990574971752267e+03
2.377150906430716077e+03
4.226805395983215021e+02
2.185112419437136850e+03
3.389323808716409530e+03
2.082971417733098406e+03
2.302730416849364246e+03
1.874137371618509860e+03
8.254593019521173574e+02
1.983766374695522927e+03
2.571790612972657982e+03
2.889356091872713023e+03
1.762446713291483320e+03
1.559286003429411267e+03
1.124108209317674891e+03
3.095248236774802990e+03
2.645072651460644011e+03
1.774208570068211657e+03
2.088231355786117547e+03
7.316245379577360382e+02
2.990080036243701670e+03
2.200832618276138874e+03
1.894709981376672204e+03
2.004606329196686829e+03
1.422510087234706134e+03
1.095195911491109655e+03
3.160474770339955739e+03
2.563927801195840857e+03
1.890894614808389633e+03
2.249576560903575682e+03
6.074825717016210547e+02
2.527427023234151875e+03
2.986261928683719361e+03
1.847856749266336237e+03
2.135792266562883924e+03
1.746226616239868008e+03
9.416761786982026479e+02
2.892269702678426711e+03
2.582821270111855938e+03
2.048143898421968515e+03
2.379536987781076277e+03
3.251215276346191558e+02
2.502225588357096058e+03
2.784450898314169535e+03
1.837186583584423488e+03
2.119594500668773435e+03
2.735262458274059099e+03
1.836808557250180911e+03
1.885708597768189293e+03
2.545939600327321841e+03
4.590626130911365408e+02
1.990900094492002836e+03
3.333325446545638897e+03
2.022710071795893782e+03
2.502071341825700529e+03
1.854253690487771564e+03
1.757875965218874171e+03
1.403265081809530102e+03
1.306871445458363496e+03
2.809890268062849373e+03
3.018824218543914867e+03
1.644433631013786908e+03
2.173528446887357859e+03
2.437122422339002242e+03
5.577358140933229436e+01
2.159745599056000628e+03
3.133053549259810097e+03
3.038522801233121299e+03
1.010562620523921510e+03
2.324992491710793274e+03
1.375647888952397352e+03
1.531268518618918051e+03
2.153738646160206372e+03
1.867826042095769935e+03
2.079968667079323950e+03
2.317088714246202926e+03
2.263512187494128284e+03
1.904832257633865765e+03
1.358381561128114072e+03
2.765048401031237518e+03
2.423505855106329363e+03
2.842714306790860064e+03
2.173451973013247425e+03
1.630615717717590769e+03
1.890354156369744942e+03
2.566813004223607095e+03
1.951694040436878595e+03
2.873650862046298244e+03
2.814730568080737612e+03
3.063724244455451753e+03
2.507004366214046058e+03
2.332561959471099726e+03
2.735808238634560439e+03
1.511686375973631812e+03
2.078029865537547721e+03
2.119580079355644102e+03
1.963061851260146568e+03
1.965579333010194432e+03
2.005290989413732632e+03
1.513749213879472563e+03
1.621004175961453484e+03
2.376250298336227843e+03
2.249648845762014389e+03
1.444135159744298562e+03
2.779544591230797323e+03
2.191388837371950558e+03
1.546783552322067862e+03
4.627096365679641394e+02
2.172507994625176252e+03
1.925530924755485103e+03
2.043392474332786605e+03
1.531347434444414375e+03
2.124238301691186280e+03
2.059917597876120908e+03
5.405972887320750715e+02
2.466899903748168981e+03
3.274273356688232525e+03
1.973199842665600045e+03
2.700961339699136261e+03
1.334440130221051504e+03
5.827448122858678516e+02
2.129649225548685536e+03
2.642845685811499152e+03
2.641982980216409032e+03
2.246146216629859282e+03
1.945945515101483124e+03
1.249603770067943287e+03
1.583537574014468873e+03
1.047785455487220133e+03
3.161274671848686921e+03
2.385193956873058141e+03
2.372648318574165387e+03
3.095784464212015337e+03
1.427972227669636368e+03
1.969819249057604111e+03
2.399389411175978694e+03
5.984335197737751741e+02
2.098750983489816463e+03
3.076307127515995489e+03
1.588610632243223336e+03
1.670429925750515849e+03
1.836032958960247925e+03
8.014759760617416759e+02
2.655299894427194886e+03
3.025187560048636442e+03
1.635314712421603645e+03
2.361998605329149996e+03
2.275535292556195145e+03
1.455966140514157587e+03
2.694090510545220695e+03
1.648621844314039890e+03
8.713782507483040263e+02
3.012741245795396026e+03
3.227730248065225624e+03
1.521549223434523583e+03
6.730263502192108263e+02
1.653549096280567937e+03
2.514971535093469356e+03
2.278223275541220119e+03
2.492373025399071594e+03
1.149623958690000109e+03
1.860396308749393711e+03
2.759738871068164826e+03
2.078271628301533383e+03
2.119239204211296965e+03
1.904595476629405312e+03
1.300120993333666775e+03
2.461528428560805878e+03
2.406478010350708246e+03
1.984896513666082683e+03
2.459755564859224705e+03
1.233947879919166326e+03
1.521704948060733386e+03
2.977907757913318164e+03
2.356567093022623794e+03
2.185065314344717990e+03
2.432154119123264081e+03
1.638260279041723379e+03
1.335612433040029600e+03
1.641095107991843179e+03
2.940924165835818712e+03
3.137822440716403889e+03
1.695240777079756981e+03
2.321598292770882381e+03
8.730862257008016059e+02
7.454718384038772001e+02
3.607305561522346579e+03
2.512015524037199157e+03
2.184383393400637488e+03
2.666604268725449401e+03
-1.600813136145830811e+02
2.256852878833326486e+03
3.189253857282316858e+03
1.975572736602570330e+03
3.039987914881910001e+03
1.271922329390702998e+03
2.085960805638951570e+03
1.713256124032897105e+03
8.609559170691694590e+02
3.056921023533452626e+03
2.274484195752302639e+03
2.386158742196903404e+03
2.248411378678641995e+03
1.292559402789701153e+03
2.784566283456900237e+03
1.190525785444562416e+03
2.567033981182491061e+03
1.836873818294776356e+03
1.149748328980229189e+03
2.363921058931857715e+03
8.310779833817696272e+02
3.175209670005792304e+03
2.747058065826239726e+03
1.600100619664859778e+03
2.327050259698762602e+03
1.672370377978592614e+03
1.925932730461396432e+03
2.120608202447150688e+03
1.862197873495543945e+03
2.071365293542876316e+03
2.171668961421624317e+03
1.935403926335214237e+03
2.173555276876956214e+03
2.446132661505409487e+03
1.715967841188526336e+03
2.572907266889955281e+03
1.900417617375561804e+03
1.788075833960005411e+03
2.784271569574978912e+03
1.279377089721940138e+03
2.485665627598703850e+03
3.453027999857572922e+03
6.577563142774854441e+02
2.316517227806842129e+03
1.017285855600425748e+03
1.672807477909048657e+03
9.535311905439358497e+02
1.254956067355889900e+03
2.702628634639090706e+03
2.289681098200094311e+03
1.852475953776615597e+03
2.214484453324265360e+03
1.024727697002587774e+03
2.438029163132181111e+03
3.194066406834661848e+03
1.966797676991364369e+03
2.475614153926244853e+03
1.126756228858596842e+03
1.347174943640400670e+03
2.825327906811727644e+03
2.417812167640516236e+03
1.645828400375828551e+03
2.325039301734036144e+03
7.062533950064781720e+02
2.148266355411017230e+03
3.327830300798090775e+03
2.162918802245541428e+03
2.322721394405313276e+03
1.954425061647226130e+03
8.317705672473931600e+02
1.964052002648744519e+03
2.565078601917278775e+03
2.500097443446217312e+03
2.485462859790482980e+03
1.630593439799139333e+03
1.796547390497752758e+03
9.412806452172427498e+02
2.194520714443574434e+03
2.881309656258940322e+03
1.993610564407079664e+03
2.410005855686858013e+03
