1.713054213168415345e+03
1.599492958725413018e+03
1.875145356043542279e+03
2.678387599774338014e+03
2.254197720673868389e+03
1.662582677494310929e+03
1.610935155358802831e+03
2.105735219385504479e+03
2.814474961811753928e+03
2.112269931372587962e+03
1.565388414489734032e+03
1.447039628687936101e+03
2.432788770566686708e+03
2.726644414112757204e+03
1.665132492986060015e+03
1.407528586381124114e+03
1.943480679409698041e+03
2.559538705378839495e+03
2.356382018582230103e+03
1.917659405798438911e+03
1.485370417658161841e+03
1.887448952915214022e+03
2.478338472515554713e+03
2.180700901609400262e+03
1.788777879117766133e+03
1.550085437577902894e+03
2.214355151556399505e+03
2.473625119793612612e+03
2.183501210862643347e+03
1.584528216590643069e+03
1.877291215579451318e+03
2.267283660886658254e+03
2.500714510081661047e+03
1.995808491874916172e+03
1.631180075711766904e+03
1.707518209428283171e+03
2.414640528348419139e+03
2.434780622972973106e+03
1.937106889333185336e+03
1.641411208228851137e+03
1.695026449250992755e+03
2.185501214671463003e+03
2.284166750889606647e+03
2.493214405805789738e+03
2.131053032436492686e+03
1.671408685284447301e+03
1.561056441058850396e+03
1.882323939981614330e+03
2.414669019161800406e+03
2.311503194966443971e+03
1.885041099790775661e+03
1.541352875169676281e+03
1.953009378562259144e+03
2.277092673483152339e+03
2.597959179462078737e+03
2.311747803739212941e+03
1.848927671159414331e+03
1.446720820316345225e+03
2.003877695550701901e+03
2.438397076111010847e+03
2.459866303535013230e+03
1.745214683586591036e+03
1.558692455953526178e+03
1.963470694320811162e+03
2.327100332676717699e+03
2.587722065713459415e+03
1.885722537152947325e+03
1.559586977832582079e+03
1.647479166696263974e+03
2.412016517534297236e+03
2.456585735664760250e+03
2.239408602478895773e+03
1.583045714163816001e+03
1.666057596959205739e+03
1.931954313307449183e+03
2.367039196982014801e+03
2.608053109060866518e+03
1.746987211352869963e+03
1.689780296227328563e+03
1.632138264660502273e+03
2.006568381252454401e+03
2.612687566433579832e+03
2.289459086386219951e+03
2.028769967286214751e+03
1.598435191102932549e+03
1.725603121373880867e+03
1.792707282550501532e+03
2.110711808942477546e+03
2.488430501070764876e+03
2.268958268582195615e+03
2.058032426234071409e+03
1.612551530864696360e+03
1.816942677949910376e+03
2.009740656943766453e+03
2.362702472605311414e+03
2.461677860998409869e+03
2.267783944548204545e+03
2.119523748019923005e+03
3.055504834408098759e+03
2.236280247482377945e+03
4.207722895764938471e+02
1.704738654309983303e+03
1.812876977410757490e+03
1.959743736781149664e+03
2.220899244249646927e+03
2.287745256890530527e+03
1.849576052974053937e+03
2.034965427459055491e+03
1.790912776809538855e+03
1.945086938311386120e+03
1.990442121379024002e+03
2.111928470969364753e+03
2.498339431784406315e+03
1.974483386591313547e+03
1.774476536878654770e+03
2.306767990971910422e+03
2.428652084040812042e+03
2.409837214005448459e+03
1.969161324149059055e+03
7.286296684334247402e+02
1.382863988562372469e+03
2.535904152783067275e+03
3.120536866662409011e+03
2.855645633673425436e+03
2.253118593261540354e+03
1.401118193671798281e+03
1.613063615400029676e+03
2.014715294094731462e+03
2.298709331246616330e+03
2.494570936791918939e+03
2.251633637008557344e+03
2.059007545416799530e+03
1.830548974975695273e+03
1.485453320895807337e+03
1.773371165858511404e+03
2.150315805360615286e+03
2.470067162604203077e+03
2.392393475982260952e+03
1.945441365579677495e+03
1.602156973078413102e+03
1.633591707326733740e+03
2.151444932156481173e+03
2.559139299693113571e+03
2.153458540884719696e+03
1.686269070494164680e+03
1.663899814455350679e+03
2.328588856478369962e+03
2.521798408395973183e+03
2.369587926217451241e+03
1.677638825404751969e+03
1.446366663829574236e+03
2.294337089552982434e+03
2.680778934664974713e+03
1.889674135297339035e+03
1.382296358985785446e+03
2.091065848130234826e+03
2.615244487067137015e+03
2.442102702644228884e+03
1.747240967778939876e+03
1.545406193920208352e+03
1.567322105563941932e+03
2.306720740221319829e+03
2.392914353424463570e+03
2.410201498288152379e+03
2.204639863265586428e+03
2.237772743993661152e+03
2.209654649678673195e+03
2.190458246902400333e+03
2.295982422139190021e+03
2.470980569304342680e+03
2.167391814730458009e+03
2.210795538745504018e+03
2.054033294381436008e+03
2.171437145046004389e+03
2.015577924542774781e+03
1.734062705881671491e+03
2.049948653782335896e+03
1.925997444432141265e+03
1.858710758361255557e+03
1.696609805831885069e+03
1.783443120390004424e+03
1.944468977721688361e+03
2.447841499389046476e+03
2.530200944522322516e+03
2.636787324960097521e+03
2.394231426350516358e+03
2.126407693565154204e+03
2.021197452452064908e+03
1.764680640660229074e+03
1.833798624869470359e+03
1.396912841532768880e+03
1.882901280548259365e+03
2.486694933153555212e+03
2.475451006833826796e+03
1.910413490219366167e+03
1.498065870672021447e+03
2.028438064824288858e+03
2.297544987863049755e+03
2.735519095303863196e+03
2.051202830646791426e+03
1.637410542680487424e+03
1.426221180139721582e+03
1.784965306889503381e+03
2.578628127312232209e+03
2.502572398823898766e+03
2.209465576234239961e+03
1.384783227687075851e+03
1.364724697895758709e+03
2.152755221692275427e+03
2.483128403863898711e+03
2.641346363035358536e+03
1.562917945022708636e+03
1.626378843219437613e+03
1.957789101376768713e+03
2.289595485796292905e+03
2.499451314161345181e+03
2.119437009384671910e+03
1.927831092995290646e+03
1.653528429303085659e+03
1.664630282232300488e+03
2.103276427274074649e+03
2.394443585981502110e+03
2.361088079588994788e+03
1.740914395179601797e+03
2.204798104299387887e+03
1.609221090481158399e+03
2.235453074229317281e+03
1.991903421558149830e+03
3.257204566168258225e+03
1.507321953008794253e+03
1.375523957424018818e+03
2.116473390076325359e+03
2.245962693597876296e+03
2.296724166353199507e+03
1.844789661168079419e+03
1.705101744608255103e+03
2.166223915404012132e+03
2.226471903871332415e+03
2.301835428299331852e+03
1.652642577785855110e+03
1.731066115856684064e+03
2.152688861979368539e+03
2.316423180649736423e+03
2.539387522387515673e+03
7.631465522608564243e+02
1.762930696079184600e+03
1.992778461473419384e+03
2.026285982683404427e+03
1.890919772005206596e+03
1.890306118224307056e+03
1.902981179428771156e+03
1.986024258618903332e+03
2.181288409560362197e+03
2.196095040096045977e+03
2.210966360672249266e+03
2.212573650463355079e+03
1.778083080988904840e+03
1.836403581688540271e+03
1.853723546939861080e+03
2.431397297739330497e+03
2.430006944015187855e+03
2.048186923170457248e+03
1.760544173220907396e+03
1.452893651107862752e+03
1.863135214877884664e+03
2.291481587710269196e+03
2.639173926450975614e+03
2.323685158053620398e+03
1.666787240878527200e+03
1.400380912181590702e+03
1.383580672909094801e+03
2.414004927591505748e+03
2.830317481166186553e+03
2.344213751472359490e+03
1.432782785907251309e+03
1.343835166071594358e+03
2.475593603821103443e+03
2.430292159878379607e+03
2.355796911966224343e+03
1.572316577766059027e+03
1.698064254555883736e+03
2.264766382737998356e+03
2.411644067725615059e+03
2.149004818026010071e+03
