1.152858764391075965e+03
2.187780202864302282e+03
2.622303873245448813e+03
2.228602546559728125e+03
1.120489854296112298e+03
1.743421640663167636e+03
2.567769721476506675e+03
2.534730279456021890e+03
1.954273250810358377e+03
1.450378240476766905e+03
2.087049111059744519e+03
2.912190358543349248e+03
2.590263938498090738e+03
1.474743645167635123e+03
9.008338047749483621e+02
2.439251448457405331e+03
2.787297285041731357e+03
2.122113189372339093e+03
1.186476641917917050e+03
1.278945065807736000e+03
2.251028697933211788e+03
2.365410841199436163e+03
2.331689722084036475e+03
1.860532165574875762e+03
1.695054016800001591e+03
2.114069280627816624e+03
2.421073997726042307e+03
2.363236623491280170e+03
1.304551565179046747e+03
1.472723911119204558e+03
2.425606104376677649e+03
2.532792506383241744e+03
2.206704506264944939e+03
1.207960735490533352e+03
1.484155412878254992e+03
2.666781667242130879e+03
2.755273288178472740e+03
2.023032687636230776e+03
1.208480592781142605e+03
1.338078745576501888e+03
2.258542526663510216e+03
2.489751335281549927e+03
2.068315743217840918e+03
1.766353552429741740e+03
1.800456453414113867e+03
2.157435706757186381e+03
2.491985747790095957e+03
2.207624772444617065e+03
1.760594330471423518e+03
1.293032041022011981e+03
2.350951550220946956e+03
2.538823410298561612e+03
2.148666942715627101e+03
1.518121309326193114e+03
1.439950106616706080e+03
2.284840781989285915e+03
2.639789124792216171e+03
2.074191057819416983e+03
1.716732018886664264e+03
1.580486907675915063e+03
1.797067737404916898e+03
2.134447181952095434e+03
2.288437551908516980e+03
2.238102352685798451e+03
1.854600658563087109e+03
1.768450713081883578e+03
2.033670337001223515e+03
2.188727564859251743e+03
2.699549452847487373e+03
2.235524774192708719e+03
1.532715463458429440e+03
1.450391030648852166e+03
1.463603002376545192e+03
2.097919099408609327e+03
2.952075945555167436e+03
2.281829028548537281e+03
1.789584610847615977e+03
1.404301433376075011e+03
1.655540323910283405e+03
1.888117144555244522e+03
1.961815502423971111e+03
2.049000079410733179e+03
2.109865464035076911e+03
2.132026378606167327e+03
2.313403105664878240e+03
2.400879491756165862e+03
2.049620522923360113e+03
1.774741974464484429e+03
1.604960642931498342e+03
1.572899991366301947e+03
2.747186546196095605e+03
2.787610172437169695e+03
2.109129175342342023e+03
1.697285162778061704e+03
1.020294772802921102e+03
2.059378688121235427e+03
2.545475790445038456e+03
2.483595350231219982e+03
3.027191180114386952e+03
3.031022437972547323e+03
2.229516169468146018e+03
1.677045198185427068e+02
3.811283744779664175e+03
1.235227309215073319e+03
2.604348799454681284e+03
1.744519370569419607e+03
2.174039039646519541e+03
2.452317375654483385e+03
2.007231656979688751e+03
2.121149616377901566e+03
1.847140810590078900e+03
1.580971973254257136e+03
2.491874769766175632e+03
1.921916411423600721e+03
2.546523961270258042e+03
1.635677768468648765e+03
1.655375617670279780e+03
2.335487176526518397e+03
2.501390654755934975e+03
6.049606950738274236e+02
1.575590909638849780e+03
2.802248595876415948e+03
2.745410339735670277e+03
2.113862673168148831e+03
1.715050023342189434e+03
1.731853475699821956e+03
1.960412316494395554e+03
2.163208591655767577e+03
2.297257989597822871e+03
1.859255286225408099e+03
1.702898720241474393e+03
1.804528211480968821e+03
2.137368967414036888e+03
2.429701152054003614e+03
1.890670067655897128e+03
1.669405854341071063e+03
1.557068730053289073e+03
2.109719845579510547e+03
2.889250276164562820e+03
1.833359965284102145e+03
1.418294547914471650e+03
1.383385875549051889e+03
1.877932651810164316e+03
2.631728783456727342e+03
2.375530084880376762e+03
2.043305458349984519e+03
1.648855382634692432e+03
1.808051451285696885e+03
2.202402948723722602e+03
2.317703238723581308e+03
2.201318781712811870e+03
1.852679157679138825e+03
1.606634404959714630e+03
1.829596966031913325e+03
2.178202820794449508e+03
2.366254762719330756e+03
2.317883554091617043e+03
1.752131526440488415e+03
1.580122862661761701e+03
1.914172513979166297e+03
2.067573029056336509e+03
2.359179622417854262e+03
2.070098041096873658e+03
1.900917463890971703e+03
1.842744752692006841e+03
1.592577501600943151e+03
1.860908930344528926e+03
2.085785621499779609e+03
2.274601374427294104e+03
2.384510696815702886e+03
2.278562284291345804e+03
2.251648591675862917e+03
2.131937903563147756e+03
1.848213713922183160e+03
1.733381405324051684e+03
1.737738692684630450e+03
1.372122020773667145e+03
1.531945396429741550e+03
2.216968425913731608e+03
2.333531798476747554e+03
2.491092393221802922e+03
2.217104468205196554e+03
1.346759938293608229e+03
1.437611370679700258e+03
2.446180988926493228e+03
2.147229948110588793e+03
2.374351897440194534e+03
2.163033926257399344e+03
1.893711235154120459e+03
1.880380793452514126e+03
1.874192400485318103e+03
1.736634908706028000e+03
2.308743519101173661e+03
2.554358565584695953e+03
2.232069487755855789e+03
1.898013581234951062e+03
1.388986188989822040e+03
1.741239821618524047e+03
2.463439580014313378e+03
2.688395041145675805e+03
2.398124280507641288e+03
1.335658025477695446e+03
9.347229683661375930e+02
1.782678952086901973e+03
2.541761377931337393e+03
2.580536120103089161e+03
1.970615091339077935e+03
1.570231448242069291e+03
1.683040246089932680e+03
2.220860905747018023e+03
2.412731704448494838e+03
2.265074796541289743e+03
1.690140577848554358e+03
1.876236994718802862e+03
2.465585383626049406e+03
2.524834394650920331e+03
2.283027655142071580e+03
1.441080281644573006e+03
1.237528007478332938e+03
1.765763891363720404e+03
2.557193962033291882e+03
2.596140451324421520e+03
2.110306674012536405e+03
1.680676345157350397e+03
1.109741659047435178e+03
5.708383930779568800e+02
2.462286221813412340e+03
7.897337368693647477e+02
3.601404703501691529e+03
1.691889366202198971e+03
7.215305947731201286e+02
3.104110659492615468e+03
1.090856457648579180e+03
2.929646942641467831e+03
1.943938682667199828e+03
1.147702135544968769e+03
2.708113853522069803e+03
1.697516449735313472e+03
2.422483701970637867e+03
1.909388083069509321e+03
1.996489490932745866e+03
1.855722343326484861e+03
1.582473282150903742e+03
2.498953146197044589e+03
3.055514557301771674e+03
7.820256211087892098e+02
2.311576249808163539e+03
1.787718775343886591e+03
1.979311741206495981e+03
1.995280207896419142e+03
2.092949910827000167e+03
2.121349668530212512e+03
1.865313376457267168e+03
2.000152911580590626e+03
1.956076942313297195e+03
2.281259520429854092e+03
2.288863103353593033e+03
1.919776751012442674e+03
1.815565512785329247e+03
1.653841368505607306e+03
2.017733286110267954e+03
2.571416663558617529e+03
1.915010138622290242e+03
1.705527296497883071e+03
1.442428068624489242e+03
2.420532778341244466e+03
2.696719029830344425e+03
1.785278145089378995e+03
1.665783958358693098e+03
1.542914882026057967e+03
1.963386385865281909e+03
2.423708430874947226e+03
2.302321250723701269e+03
2.058808486549196004e+03
1.750327466328541504e+03
1.722403179733329125e+03
1.830766412779053780e+03
2.116646502347209207e+03
2.205040577849396868e+03
2.187448699300999579e+03
1.869145682347358161e+03
1.677247896174503694e+03
2.209529855947350370e+03
2.408891727491187794e+03
