2.023032442181785427e+03
2.314436669432362578e+03
2.253678063161029058e+03
2.163091416125419073e+03
1.847180350613334213e+03
1.602643122571738331e+03
1.713348961053856783e+03
2.023327645127868891e+03
2.354943666820004182e+03
2.237938675840720862e+03
1.862564481919445825e+03
1.781603778843363898e+03
2.044826894089136886e+03
1.974336605812733069e+03
2.028484060089479044e+03
2.248831173393887639e+03
2.126129763280975112e+03
2.142732201131716010e+03
2.096192648236697551e+03
1.852560819309705494e+03
1.772905673662625759e+03
1.849782894647082003e+03
2.443896538875637816e+03
2.515872507099810264e+03
2.207708317922275455e+03
1.571847446238866041e+03
1.583091324506335923e+03
1.659958138092574245e+03
1.962358386944716358e+03
2.375573807031307297e+03
2.579172730624320138e+03
2.599971933782684573e+03
2.371698634994370877e+03
2.403802414870182929e+03
2.475432578548233323e+03
1.963906722309910037e+03
1.386291733855059647e+03
1.313661224428028163e+03
1.701087403956270919e+03
2.302778770714130587e+03
2.634139627227490109e+03
2.249887878205591733e+03
2.298440600854010427e+03
1.768797871952305968e+03
1.536770538577622119e+03
1.856825750057949108e+03
1.958052766198340123e+03
1.941561448614643950e+03
1.911618140156141635e+03
1.938986621105154654e+03
2.018501700766188151e+03
2.271990430236279281e+03
2.363667596082814271e+03
2.279729295647814979e+03
2.127635490437407498e+03
1.764634127925477515e+03
1.495581441126771779e+03
1.601368454301808015e+03
1.691394788198177139e+03
1.666588981189857577e+03
2.000171355457274103e+03
2.665578787680618461e+03
2.897462917894376005e+03
1.984679456030580923e+03
1.473560227547426621e+03
1.541243926232187505e+03
2.073478106176723486e+03
1.400413814170003661e+03
2.449290382949970990e+03
2.207759057665987712e+03
2.126729089070835926e+03
2.012738794170093797e+03
1.938708901115979188e+03
2.076154661831736121e+03
2.326196905066793533e+03
1.995851209768395620e+03
1.303321160206958893e+03
1.788545139921322289e+03
2.545003570246342861e+03
2.849908596372316879e+03
1.509196061100338284e+03
1.207587329970679775e+03
1.723660758867762979e+03
2.064534525943233348e+03
2.139749448918281814e+03
2.448489131640571031e+03
2.334145073233993116e+03
2.304361220021869940e+03
2.258311540820909613e+03
2.143654723793944868e+03
1.954639313345266373e+03
2.032261155910502112e+03
2.067441109884933212e+03
2.063126984171972708e+03
2.038881923305665396e+03
1.997104575532034232e+03
1.506539779379503216e+03
1.657594977303506084e+03
1.852807998569677920e+03
2.602723208607255401e+03
2.533854071715107239e+03
2.254986422653536920e+03
1.487209544375689575e+03
1.173986449127052765e+03
1.695356471340655617e+03
2.154013529724208638e+03
2.166637498771888659e+03
2.273972400651825865e+03
2.298641471995822940e+03
2.218770570376907926e+03
2.260338310143805757e+03
2.133830480105368679e+03
2.011324985046411484e+03
1.971699957889918551e+03
1.908519772639128860e+03
1.522643544279339039e+03
1.824053714257463525e+03
2.294498552134795773e+03
2.495731118962418350e+03
2.329755761054010236e+03
2.276491846921258457e+03
2.475788292948684102e+03
2.688478907568243812e+03
2.504869664657233443e+03
2.071275443999627896e+03
1.907882206522960360e+03
1.706801505706938315e+03
1.839751523843201994e+03
1.976629066657758813e+03
2.130673146932010695e+03
2.302028090373758459e+03
2.271658315268646220e+03
2.113526792702623879e+03
1.898106891077987029e+03
1.807138814153107887e+03
1.683462175930059857e+03
1.349363123034373302e+03
1.872161021810026796e+03
2.420113859735161896e+03
2.630935226909034100e+03
2.173878970717850279e+03
1.581153686792974895e+03
1.504354190131259884e+03
1.914691413795175549e+03
1.955196869552260978e+03
1.907771970227215434e+03
2.007933350807140641e+03
2.130382542355373971e+03
2.157377964116675685e+03
2.169849971006822670e+03
2.129809618417494221e+03
2.163579321513576815e+03
2.275273529428927759e+03
1.900280899566408607e+03
1.777662182790940733e+03
1.948440595362442082e+03
1.799897275491066239e+03
1.677716158029302960e+03
1.413754253261136228e+03
1.603625798962593308e+03
1.831983294179552104e+03
1.803186459833789286e+03
1.705328889274824633e+03
1.836612751003556241e+03
1.949056482168950652e+03
2.004221008021512716e+03
1.930679084574059289e+03
1.815596858528620032e+03
1.840700236387177029e+03
2.056836135968017516e+03
1.982732246967150559e+03
1.813700905710137249e+03
1.958642964047802707e+03
1.966819074499236876e+03
1.834977938068126377e+03
1.788929472187357533e+03
1.793663517819202070e+03
1.677612367811938384e+03
1.542568995618790268e+03
1.599446655651051515e+03
1.961230163148022712e+03
1.995244579491141849e+03
2.052799981114218554e+03
2.099251052765519944e+03
2.572556054189104998e+03
2.595471988372828491e+03
2.548476032443034910e+03
2.388904202454998995e+03
2.729976843132595150e+03
2.772509422741200069e+03
2.495664282349826408e+03
2.233518213694731458e+03
2.528466550793462375e+03
2.583730034444644389e+03
2.487599008430481717e+03
2.002677051497561251e+03
2.041564205545423192e+03
2.309743749542324167e+03
2.234958822641548977e+03
2.030469883033156066e+03
2.133734387173962659e+03
2.314195887101609060e+03
2.287547828514508183e+03
2.228618168157418495e+03
2.393976594407180983e+03
2.412329834428175673e+03
2.201700962116018673e+03
2.014598386440989998e+03
2.064855363866744483e+03
2.037002060556613969e+03
1.827085898909671869e+03
1.614422182740600647e+03
1.758944573774066157e+03
1.905377926562462335e+03
2.007727913916929083e+03
2.149804009378749015e+03
2.370066910274288148e+03
2.514557014949981749e+03
2.636453130711998710e+03
1.948416524231632593e+03
1.561558954166962167e+03
1.869861733429052492e+03
1.829851629972551564e+03
1.707477123942293019e+03
1.783794002551003132e+03
2.134130312706357927e+03
2.244953816168878802e+03
2.009919473487312644e+03
2.326035850423852480e+03
2.269491732273409070e+03
2.546597577891140645e+03
2.375283028070105502e+03
2.228501578763909038e+03
2.417679397506190526e+03
2.517062039330839070e+03
2.361724677831893132e+03
2.270646807362265008e+03
2.226132576234522730e+03
2.555140937558330279e+03
2.455107368215920360e+03
2.345698547819488340e+03
2.335327846953804055e+03
2.563092011997014197e+03
2.579417065552193890e+03
2.365027601366363342e+03
2.022935649448711501e+03
1.947949945922870938e+03
1.544989492681607771e+03
1.359126068581254685e+03
1.565205135810415868e+03
1.924193364588718396e+03
1.922894544306468106e+03
1.794057013950659211e+03
1.955538416062140868e+03
2.096365610468024897e+03
2.184656618433853055e+03
2.116897640956107807e+03
2.006049187799603715e+03
2.041854905519976455e+03
2.150938287283634509e+03
2.031193342012964877e+03
1.873749000376677941e+03
1.857364982996896970e+03
1.927394583611637472e+03
1.850106633080944221e+03
2.061812457159866426e+03
2.565648576623889312e+03
2.871555198819110501e+03
2.635895638108119783e+03
2.125491423448487694e+03
2.040696465140782948e+03
1.069292859508023184e+03
2.763116111464778442e+03
2.783005566230749537e+03
2.644114533696742910e+03
2.367151808700244601e+03
2.472861984009914522e+03
2.677996862294989569e+03
2.181903544822851018e+03
1.646912954847502988e+03
1.500965668363232680e+03
1.857509511356642179e+03
2.298414598244758963e+03
2.457188753908630133e+03
1.752053994936551589e+03
