2.347914186329481254e+03
1.734034478171786304e+03
9.017678472056928740e+02
3.348956126350733939e+03
1.957553163674713460e+03
2.073308419617826985e+03
1.894488612491530830e+03
2.086261366467368589e+03
1.850417527212070809e+03
1.982382961213630551e+03
2.487356962738456787e+03
2.055198617921126242e+03
1.636528572981456136e+03
2.310229251298196232e+03
2.063302980074776769e+03
1.897547619426382653e+03
1.533530800884756900e+03
3.119301116010280111e+03
1.986605961188123047e+03
1.769232470587096259e+03
1.889795687718418321e+03
1.646220878946156972e+03
2.686640734842618258e+03
2.049234394536857508e+03
1.452051741970939020e+03
2.824980781462786581e+03
1.882715360443482723e+03
1.839118551152138480e+03
2.174462687331978032e+03
1.636855601819001095e+03
2.151789446111637062e+03
2.107213114341415348e+03
2.015681326720588686e+03
1.832640715187523256e+03
2.400196670077108593e+03
1.787104577094381966e+03
1.646148457047307375e+03
2.633693268178017206e+03
1.920076507734164352e+03
1.311144073019260532e+03
2.186505505057099072e+03
3.519333173449382230e+03
2.082939309686571050e+03
7.979749877125418607e+02
3.499020100264168832e+03
2.426317281490163168e+03
1.620899089382121019e+03
1.389225314023075498e+03
3.151378648658721886e+03
1.930557039323921344e+03
1.587286678423032072e+03
2.035309147762973453e+03
2.520559041647665708e+03
1.682429323526003145e+03
1.821634069482186760e+03
2.623940867050635461e+03
1.321848873354681928e+03
2.907512583773317147e+03
1.606690698667426204e+03
2.617668941451860064e+03
3.118876447512066989e+03
2.358127574288342203e+03
1.513765139858518296e+03
1.137242837756062499e+03
2.176809377571920322e+03
3.034561598929966294e+03
1.473450746736070869e+03
1.288994543957292763e+03
2.370730117499721928e+03
2.880406143410557434e+03
1.852479712936634996e+03
1.382858377043872451e+03
2.741617420093100918e+03
2.907919556115195974e+03
2.272556916904447917e+03
1.585240313255140563e+03
3.142964009189208355e+03
1.835264333979859430e+03
1.852382534526369909e+03
2.152104355283933273e+03
2.163279253969215461e+03
2.006493391005813464e+03
2.319356764989665407e+03
1.431726447021574813e+03
2.058461241009250898e+03
2.653084262425193174e+03
2.084641303522933867e+03
1.578867503760667887e+03
2.523034485536400098e+03
1.915694769129027236e+03
1.760420199971149259e+03
1.031588655572580137e+03
3.508506574982614893e+03
1.890822972010651938e+03
1.720568691814404019e+03
1.483979201742404712e+03
2.834663436451516645e+03
1.976234479574674879e+03
6.856571778434704356e+02
4.161134680434794973e+03
3.472107714468941140e+03
1.291123999066802241e+02
1.984849637088203451e+02
1.041374945041906130e+03
3.093221602294716831e+03
3.619046573313380122e+03
1.687319568517611970e+03
1.677390659168484035e+03
1.657865000571513292e+03
1.512448640075534286e+03
2.255134093740032768e+03
3.163218906579859777e+03
3.442185736294448361e+03
3.351413380226887853e+02
1.384504391521701109e+03
1.451085737887403639e+03
1.913461280193031598e+03
2.671156534705415197e+03
2.843041075501495925e+03
1.177730408118466585e+03
2.344140239824992022e+03
1.922181523265413261e+03
2.073479145899538707e+03
2.194349164624718014e+03
2.808603290949615712e+02
2.864738794837752266e+03
2.365263103410894018e+03
2.414828015713631885e+03
1.746303069406384793e+03
2.015541374936248531e+03
1.738086904785682464e+03
2.240723861817941270e+03
2.181469558370834875e+03
2.725615655086170591e+03
2.028664196599848083e+03
1.915257562903673488e+03
-5.781396352693383278e+01
1.768192660347935771e+03
4.011920252628663548e+03
3.029465250429019306e+03
2.435535798772307317e+03
2.606947136465918902e+03
2.200671988904397040e+03
2.038760902473035685e+03
1.977423358756570906e+03
2.333983711457730806e+03
2.173136971340989476e+03
1.620637626009112410e+03
2.054780104657117136e+03
2.416570382315507686e+03
1.972523926980659098e+03
1.882068872687589646e+03
1.839371580761626774e+03
2.844148321546292664e+03
2.216236164256616576e+03
9.928811359156845811e+02
2.151271091168774092e+03
2.809077883420701710e+03
2.023328922653419340e+03
9.354079756220593254e+02
2.385432133612352573e+03
2.179925051253892434e+03
2.620416386959286683e+03
2.140349899906819701e+03
1.782670586777194785e+03
2.297212801709159066e+03
1.599525403019095165e+03
1.358077049354327983e+03
2.542076941583778535e+03
2.906058320559040567e+03
2.116531615923182926e+03
1.463529854157992304e+03
1.854099407069854124e+03
2.060206358103742787e+03
2.454727248318150941e+03
1.584688821867227944e+03
2.167749976148706992e+03
2.608243813820480227e+03
1.418622690859187514e+03
1.214903757973134589e+03
3.041343817709561790e+03
2.576096947146244020e+03
5.958552605842745606e+02
2.141628220755442726e+03
2.912328039527054443e+03
2.123954401542514461e+03
1.942391621088131842e+03
1.048108433631232856e+03
2.461820670551507646e+03
2.362397545960080606e+03
1.750734204603953231e+03
1.733567750577960851e+03
2.718275190800140535e+03
2.287546700367486665e+03
1.219937470432609416e+03
1.697793695516139906e+03
2.688307685635506004e+03
2.188152833751163598e+03
1.658730343788275832e+03
2.681003151616480864e+03
2.839155228295285724e+03
9.974981075322615425e+02
1.729645649230121535e+03
3.157201877817887180e+03
2.132767507541198938e+03
1.718851651055784714e+03
2.071584392627837587e+03
2.671996355075134034e+03
1.765419199131521054e+03
1.818987741169467881e+03
2.016845798158956313e+03
2.288726380720589532e+03
1.836861017842867568e+03
1.548517555446894676e+03
2.317843751696891559e+03
2.023433914515999732e+03
1.640163619386608843e+03
1.830418153890946314e+03
2.437509845360353665e+03
1.846476622354526626e+03
1.467483438416372792e+03
2.331215086021154093e+03
2.618602287662793060e+03
1.255442403044130515e+03
3.053213318014527886e+03
2.513809255805246266e+03
3.316399604426390397e+03
9.849535285501001454e+02
2.017032877156736504e+03
1.065449584677344774e+03
2.246710875462409149e+03
2.345775290920407770e+03
1.716857060815727209e+03
1.812885073261259095e+03
2.071030592045465710e+03
6.889297118741359860e-01
3.954335049697020168e+03
2.039476678148551400e+03
6.720579665727276506e+02
3.477009701481787488e+03
3.068026014710045274e+03
2.799876745775414975e+02
1.955988660810854071e+03
3.096590570432024379e+03
2.556704146779090479e+03
1.797705671450233467e+03
1.616447191708116861e+03
2.215962724813811747e+03
2.191244589729530617e+03
2.112325212065707092e+03
2.161352908654192106e+03
1.965773643643757623e+03
2.028380428451598391e+03
2.018535453015934081e+03
1.965158638287201029e+03
2.162364794339326181e+03
2.108654672649874101e+03
1.967674542952592446e+03
2.164941635181293805e+03
2.032838306942746385e+03
1.923457661383471759e+03
1.976376076572677448e+03
2.390730307180724139e+03
2.070605293154134415e+03
1.747094991143083917e+03
2.001858075189428064e+03
2.324758505133373546e+03
1.800775829895883135e+03
2.298755998599175655e+03
2.194388773360980849e+03
1.721731832776651800e+03
2.003332901986457045e+03
2.262652926102621223e+03
1.538519618618856157e+03
2.166397182646509918e+03
2.104873619712509935e+03
1.830641685039735648e+03
2.634539753775419740e+03
1.951424011923603075e+03
1.198096494747356701e+03
2.665521153994775887e+03
2.818721490679006820e+03
2.072685456399159648e+03
1.803735128528017867e+03
