1.436339726335912701e+03
1.573679069992254426e+03
2.212734045758311368e+03
2.459465920402221855e+03
2.293583030618622615e+03
2.145316111791839830e+03
1.683184183402124518e+03
1.668168479832830144e+03
2.081379360730172266e+03
2.301303469946190944e+03
2.306778950549287856e+03
1.838506467439825201e+03
1.440523340302988800e+03
1.971107359510149081e+03
2.602310477080377041e+03
1.876965160933917787e+03
1.728424494098091827e+03
1.709056513138496484e+03
2.410981741320455967e+03
2.867473883603153354e+03
2.093222368381617798e+03
1.395643820905197344e+03
1.551264507796322050e+03
1.913120660734841749e+03
2.471129751884151574e+03
2.410528890231910736e+03
1.633153096757450157e+03
1.690670360967297711e+03
1.792597940286052335e+03
2.298648655866697936e+03
2.569515881426150827e+03
2.129569906985862872e+03
1.739740431054412966e+03
1.590926789414121231e+03
1.718224848098723896e+03
2.308653274997654080e+03
2.604950793765979597e+03
1.843899548769882585e+03
1.830854581485351218e+03
1.644480637582351619e+03
1.745407914182273316e+03
1.868209995374617165e+03
2.003148195278515914e+03
2.162937141757688551e+03
2.300776077908667503e+03
1.889222590709954602e+03
1.750263273008564283e+03
1.964953401321507727e+03
2.510137473536054586e+03
2.800026752500129533e+03
2.118241481993471098e+03
1.230025527840402447e+03
1.615524003595083968e+03
1.912275128851815225e+03
2.579183131566107022e+03
2.826203056358603590e+03
2.325039854402999026e+03
1.843152827506649146e+03
1.560733010069620150e+03
1.490248363861994449e+03
1.893395843932273010e+03
2.074057374865954898e+03
2.280984308423122911e+03
2.350771129816600023e+03
2.265875119721528790e+03
1.806608034407883906e+03
1.572036165164012573e+03
2.105833220134584280e+03
2.411053031007511890e+03
2.174338272501472602e+03
1.991421200553290873e+03
1.541009917839956870e+03
1.760709597230058307e+03
2.317125364463841834e+03
2.512188954068323255e+03
1.997818897454643320e+03
1.647150212423260200e+03
1.480453735676594306e+03
2.222798950956755561e+03
2.457325334160155762e+03
2.094639734065992798e+03
1.768472723106529656e+03
1.556609214719965394e+03
2.178732784632311905e+03
2.557289567703217926e+03
2.236008686227816270e+03
1.974143874220425005e+03
1.477659802759502554e+03
1.815654552614110798e+03
2.335594933434282211e+03
2.406579432912717493e+03
2.381897282301916221e+03
1.782880400631614975e+03
1.461097193687127174e+03
1.740219955627337185e+03
2.317329963888241309e+03
2.575413857028532220e+03
2.572798270963369760e+03
2.279991616646505463e+03
3.544765265294728579e+03
4.080845968655056595e+02
1.505430348931036406e+03
1.566686581388444893e+03
1.906121288147115365e+03
1.882334467067202468e+03
2.027635022309933902e+03
1.850880791079195660e+03
1.919434432119490793e+03
2.237428410348026773e+03
2.122154106554746704e+03
2.250841037461604174e+03
1.815561097701990775e+03
1.525346088402427540e+03
2.150530538772336513e+03
2.342832588942378607e+03
2.651770169706864181e+03
2.362976132471685105e+03
1.622593373829143729e+03
1.313441388919900874e+03
-4.985679063242400844e+01
2.813425142705474173e+03
3.530169227737577785e+03
2.015272806422823805e+03
1.743713249262932322e+03
2.474744330802445802e+03
2.836062944483785941e+03
2.444118117812299715e+03
1.663645225936602401e+03
1.319725067519680351e+03
1.926953774682216590e+03
2.117299298275708225e+03
2.297713680371136434e+03
2.201088694352420134e+03
1.886226111480431655e+03
1.822912284097008296e+03
2.123704842981917864e+03
2.354160230869871612e+03
2.071576988531795450e+03
1.541664033922768340e+03
1.923314043734177403e+03
2.687370546758869295e+03
2.320119191305844197e+03
2.055955320582898366e+03
1.446123757939837787e+03
1.847029931598688336e+03
2.384368322664279276e+03
2.511168416851407528e+03
1.801282213530216495e+03
1.738453224667518271e+03
1.650584888577019001e+03
2.261921403840309722e+03
2.584733938711450264e+03
1.813476667547770148e+03
1.679922005157304739e+03
1.670859883106472353e+03
2.265393064842894091e+03
2.576339448314527999e+03
2.138617696850900757e+03
1.983354729714136965e+03
1.473954773953813174e+03
1.728780021877098079e+03
2.317397668963393244e+03
2.286656300908662161e+03
1.989802140554376592e+03
1.588062614196152026e+03
1.786803289986775553e+03
2.385321053449920328e+03
2.365575198122836355e+03
2.189301781083927835e+03
1.838291848086812024e+03
1.604079639460831913e+03
1.792889678090922416e+03
2.081337304167320326e+03
2.410785020669593905e+03
2.469316465936682107e+03
1.896326044425357168e+03
1.705351361953623609e+03
1.624610792066433760e+03
1.912953513419458432e+03
2.439508781535527305e+03
2.420440631538480829e+03
2.324300658180409300e+03
1.777094292706899523e+03
1.668566737215461671e+03
1.797517619126201225e+03
1.759997031679668225e+03
1.777085708438705524e+03
1.777259547325454150e+03
1.709342998772980764e+03
1.216806962434924799e+03
1.685421305642759989e+03
2.059021261228675485e+03
2.362058387588023379e+03
2.362072598502015808e+03
1.550828898372568574e+03
2.060304036115187500e+03
2.565694535252404421e+03
2.932016367935945254e+03
2.546753930584437512e+03
2.005720908425422749e+03
2.160604753053260538e+03
1.705748156905097403e+03
9.849456665524927530e+02
2.094404256376557441e+03
2.541528145011478955e+03
1.689597909118582493e+03
1.414393700099803482e+03
2.257837947881484070e+03
2.622124619241618348e+03
1.336342597166259566e+03
1.898218015558792331e+03
2.279949629106044085e+03
2.504977415344948895e+03
1.809216067189706109e+03
1.538749533234711180e+03
2.017093315450274758e+03
2.227861082004622858e+03
2.164963892500546081e+03
1.537631334941426076e+03
2.377057070477583238e+03
2.223749703666873756e+03
1.609472796032360293e+03
2.308375875958564848e+03
3.177468419876585358e+03
3.541444093599342068e+03
6.892029146261736514e+02
1.424400702085720468e+03
2.076349772665782439e+03
1.503056986979646354e+03
1.984929488135336669e+03
1.308081734869999991e+03
1.742347427692864812e+03
2.683828761982386823e+03
2.031862584283454453e+03
1.713511185589108891e+03
2.371526583410131934e+03
2.292229716087787438e+03
1.833142925070993215e+03
1.586674123057415272e+03
1.815737214594424131e+03
2.352636981026396370e+03
2.571655785168616148e+03
2.339864938917819472e+03
1.551820684512407752e+03
5.250626628563724125e+02
1.813853521458664545e+03
3.042854436878398246e+03
2.529007033188560399e+03
1.898789724208964344e+03
1.666091853548160998e+03
1.965534941733179039e+03
2.259398417399399023e+03
2.339510681287724310e+03
2.122500867472096161e+03
1.961446336840284630e+03
1.865299664697305843e+03
1.683530331455185660e+03
2.109454641244387403e+03
2.446127647816299486e+03
2.272556446651461556e+03
1.821149234265958057e+03
1.379433993868225116e+03
1.724944870004915856e+03
2.471951855345526383e+03
2.537146066928985420e+03
2.351270240908722371e+03
1.707537104558694637e+03
1.537793924252375746e+03
1.980370975963114688e+03
2.281104565942828685e+03
2.375299941062535709e+03
2.114268550728508671e+03
1.715560200420789670e+03
1.687168496750389295e+03
1.965363591296861159e+03
2.328923741211443485e+03
2.475607801563492558e+03
2.196134081199701996e+03
1.375218701348303966e+03
1.497279192383851750e+03
2.135560718857364009e+03
2.547700896860916600e+03
2.718825798371787187e+03
1.877633926236821708e+03
