1.793887290846886799e+03
2.003896354746067800e+03
1.877259751846240988e+03
1.659349327545613960e+03
1.821406106915551391e+03
1.871541178970771625e+03
1.828735413720681436e+03
1.896953941048318256e+03
2.119652550783965580e+03
1.893160076109254305e+03
1.776285415803744172e+03
2.036404134950102844e+03
2.034021044004334271e+03
2.052763733263279391e+03
2.219233665772159839e+03
2.057178749800681089e+03
1.978692550847405073e+03
2.214737593952581392e+03
2.047401394050669978e+03
2.007780414720774161e+03
2.405542125561054036e+03
2.275228459594248761e+03
2.213190528559436643e+03
2.407953652861689534e+03
2.450236600267794074e+03
2.166267319115579085e+03
2.496967419307979071e+03
2.384991207444547399e+03
2.243377973700343318e+03
2.357811171135825589e+03
2.393204835094053124e+03
2.234071477136833437e+03
2.432517193151196807e+03
2.484506327830507871e+03
2.319726354903729771e+03
2.440001419878313754e+03
2.234165689348742944e+03
2.135856086511205376e+03
2.409672598524545265e+03
2.213695412881700577e+03
2.118949463146172548e+03
2.164165592579513032e+03
1.988155737314599719e+03
1.869611291282191587e+03
1.977564017646004004e+03
1.924230201211030817e+03
1.979274673488108419e+03
2.028974520803181576e+03
1.941934017554003503e+03
2.228597943352401217e+03
2.263864175747387435e+03
2.212533886654077833e+03
2.590336261939718952e+03
2.368737762618838133e+03
2.127772510025212341e+03
2.393563595663635624e+03
2.460687711406004837e+03
2.395635387593416453e+03
2.481595417874175837e+03
2.401028911726726619e+03
2.189486005359320643e+03
1.891441920976899610e+03
1.854775555899106394e+03
1.757935885816458040e+03
1.827232544033779504e+03
1.869213103024496149e+03
1.951577289821850400e+03
1.931363740007816659e+03
2.136429793801563847e+03
2.134102668310446006e+03
2.030051115832020969e+03
2.537724616420894108e+03
2.290849311998405938e+03
2.088187577407341905e+03
2.371821367727790857e+03
2.446827074870983779e+03
2.156441741815984642e+03
2.219667092255214357e+03
2.280006485993873412e+03
2.094554598989740498e+03
1.900825562702287925e+03
1.882649695561462977e+03
1.834025232478470116e+03
1.846185788259228502e+03
1.946666072744745406e+03
2.060375362141147889e+03
1.976932616718244617e+03
2.120589147050773136e+03
2.330669615247936690e+03
2.263755775536402780e+03
2.202098863671903928e+03
2.229378233467545215e+03
2.336048023055880549e+03
2.131490631576865326e+03
2.252556494862139061e+03
2.055166335109824558e+03
1.856770754438771746e+03
1.669934974940689472e+03
1.497492318294496727e+03
2.241441290523931457e+03
2.439582712664599057e+03
1.982495172427034731e+03
2.045009990648368330e+03
2.196998604873452678e+03
1.830636213932704095e+03
2.039119667093612406e+03
1.778782578190002596e+03
2.240150802996270613e+03
1.900907766989899983e+03
1.881402459713204053e+03
1.742817349914879969e+03
1.873374204111685231e+03
2.247058220529579103e+03
1.996071582817926128e+03
2.303327463732391607e+03
2.076715130335434424e+03
1.941826599291378670e+03
2.139124663231461909e+03
2.192731013720594092e+03
2.022277054406000389e+03
2.015695323968716821e+03
2.252608076906783026e+03
2.131288488768264870e+03
1.957168888562345728e+03
2.073938875127341362e+03
2.158047000851587200e+03
1.932692436400360293e+03
1.823937096918371253e+03
1.956680113169275955e+03
1.988292050649989505e+03
1.903712694660616535e+03
1.998094524312431531e+03
2.267560620253624620e+03
2.233733660671870894e+03
2.147908694694803216e+03
2.138017981983496156e+03
2.224061020497562822e+03
2.229780914911823402e+03
2.052535750904882661e+03
2.253641909795157517e+03
2.411808569515807449e+03
2.180836165985728712e+03
2.271690622742393316e+03
2.278522531717438596e+03
1.972493145454101750e+03
2.006886750252736192e+03
2.168436849979247654e+03
1.948919757245600749e+03
1.963439499655811915e+03
2.037806793436033331e+03
1.894194034235043546e+03
1.879585554871657678e+03
1.908682148881622652e+03
1.898828654988669996e+03
1.716168738990525299e+03
1.769275683428796128e+03
1.877726692272313130e+03
1.669714492547614327e+03
1.756717866093204066e+03
1.819834231280181029e+03
1.563692782561232207e+03
1.531168288838201988e+03
1.522846290548990055e+03
9.554260957841200934e+02
1.753795132816660271e+03
1.632903770887035989e+03
1.942825203683692735e+03
2.268921901414363219e+03
2.237974691172182702e+03
2.563553231974689879e+03
2.494329991425621301e+03
2.217019106100046429e+03
2.508809031887438778e+03
2.353514733584495389e+03
2.055803883178143224e+03
2.250246569436626942e+03
2.094930000951115744e+03
1.817054760155960139e+03
2.005992465529501715e+03
1.784122250583471441e+03
1.644102953206350094e+03
1.662541953735034895e+03
1.428634717479186520e+03
1.828500438042019596e+03
2.133990092195291254e+03
1.790345396276028396e+03
1.850740763110393345e+03
1.993320178982622110e+03
1.783653973116684710e+03
1.988694860979147052e+03
2.023103101765448628e+03
1.887076389593849171e+03
2.219227160764486143e+03
2.239971798505272091e+03
1.894743099473695793e+03
2.195691720620406613e+03
2.197687459020897677e+03
2.020080425642607679e+03
2.503338664133782913e+03
2.205753399197471026e+03
2.287624377462933808e+03
2.666043583189130004e+03
2.332420685298002809e+03
2.234968773014725230e+03
2.410355989650674019e+03
2.065030850081033805e+03
2.124821761051555768e+03
2.091904780496865897e+03
2.023810866942772918e+03
1.949667048519621176e+03
2.449198597787018571e+03
2.495892802397147079e+03
2.039669761834057908e+03
2.619081588606638434e+03
2.413773205385544316e+03
2.048091743941460663e+03
2.303293672038521890e+03
2.496689453832994332e+03
2.307253532824467129e+03
2.105608447812082886e+03
2.433188138395290480e+03
2.374805854598883798e+03
2.181114649793423723e+03
2.416616333385123653e+03
2.202251343187555449e+03
2.034309092321648222e+03
2.084034579669862978e+03
1.216704233106201855e+03
3.207575790128560129e+03
2.167362981185121953e+03
2.047460353116298165e+03
2.512149111889775213e+03
1.830162332923189524e+03
2.578522921938212676e+03
2.071347539964366661e+03
1.861227435973222327e+03
2.267864135663600337e+03
1.878011268161049429e+03
2.399234933860129331e+03
1.984421825277373728e+03
2.245180621079874072e+03
2.429821794960610987e+03
1.709572378508778229e+03
2.289655680185158417e+03
2.370504086848755378e+03
1.772629491034777402e+03
1.794889465009482365e+03
1.709395671745079881e+03
1.730562249043045540e+03
1.667701573059995098e+03
1.900093004914142739e+03
2.036859365056185197e+03
1.897900992029213512e+03
2.165906774986310666e+03
1.992833239329881962e+03
1.783763029805985070e+03
1.969725536772021087e+03
1.902627246648104801e+03
1.897140182203115728e+03
2.087033713077702487e+03
2.053321726701796706e+03
2.086855788250179103e+03
2.339641456557678339e+03
2.433132051819552089e+03
1.974927738747271178e+03
2.187945255216478927e+03
1.987005651799121324e+03
1.642200743378438119e+03
1.997839191250381418e+03
2.123971407631589500e+03
2.433966833564456010e+03
4.956293165784824168e+02
1.907425067663908067e+03
2.012650571487219850e+03
2.375271173498069857e+03
2.252782549156732330e+03
2.046123917986300967e+03
2.293628068248524869e+03
2.180583501258025990e+03
1.960093295585800206e+03
1.887474494842256490e+03
2.065423409648651614e+03
1.908243193783816650e+03
1.716688871081744310e+03
