2.174298359469928073e+03
1.923952395275900244e+03
1.880202764074869265e+03
2.288926529335595205e+03
1.425371221319975120e+03
2.125434397233057098e+03
2.449919943188245270e+03
1.501101192034922633e+03
2.332963904640985675e+03
2.745047163206553250e+03
1.223362014517156467e+03
2.967878237076431105e+03
1.916299047336651256e+03
1.012851131279599258e+03
2.310804139486652730e+03
1.614669678931440103e+03
2.658070937528840659e+03
2.536821511783786718e+03
1.388210794981113622e+03
2.145025449960046899e+03
1.934575044238524470e+03
1.619777049525505618e+03
2.512974380575501073e+03
1.706468009839871911e+03
2.126045919189054985e+03
2.544706245207098164e+03
1.606019570181616245e+03
2.666368393080332226e+03
1.543577512413770137e+03
2.257073302830076500e+03
2.213206882459810913e+03
1.378100168439817480e+03
2.720099960079428001e+03
1.486571764718012219e+03
1.945252252667769653e+03
2.661429630774689031e+03
1.260362958760639458e+03
1.829157620598106405e+03
2.162885067873699882e+03
1.655389839985960862e+03
2.449341909446172394e+03
2.203342642551255722e+03
1.795212425765615308e+03
2.614046940172395352e+03
1.887562747550022095e+03
2.032943701952227457e+03
2.518015634902723832e+03
1.742106245226733790e+03
2.548548020717109466e+03
1.982757068336376733e+03
1.886741806813729909e+03
2.705156997624398628e+03
1.499811512455135698e+03
2.261952738237484027e+03
2.303452339596416095e+03
1.438977812712772220e+03
2.661009955372302556e+03
1.576033955674912249e+03
1.844645915847656624e+03
2.667351527343410453e+03
1.584372025381014282e+03
1.768518832172623434e+03
2.332511746817833682e+03
2.130578014204532337e+03
1.452093490148494766e+03
2.153016729987285089e+03
2.247868340912290478e+03
1.690063872095844317e+03
1.670997256010818319e+03
2.396116534478133417e+03
2.121469466942854069e+03
1.642234897920989397e+03
1.940296688747406733e+03
2.517804364759293094e+03
1.940994375008805946e+03
2.241285622100205273e+03
2.509461340847675274e+03
1.580233366607506696e+03
2.510669485001333669e+03
2.676809027367171893e+03
1.805821089948946792e+03
1.946634860409343446e+03
2.708368437593527233e+03
2.233614694335554304e+03
1.556976833024973757e+03
1.982639587637994737e+03
2.352362662873506906e+03
1.852865249562612007e+03
1.602908198537237013e+03
2.107894437249131443e+03
2.222198928686293129e+03
1.827461616520822872e+03
1.894767945228868484e+03
2.389764895836847700e+03
2.225326312563492593e+03
1.947169873445277972e+03
1.905405979216050582e+03
1.870023278911141233e+03
3.005746843749618165e+03
1.793859473128891523e+03
2.386583101086205716e+03
2.500939197781643088e+03
1.151714375114212544e+03
1.565753287775404942e+03
1.997539680969747906e+03
1.622840334242692506e+03
1.694618924183263971e+03
2.885066158609714876e+03
1.972731103956326024e+03
1.978650117210192093e+03
2.584965705205489030e+03
1.938933189805011352e+03
2.033564068747054080e+03
2.407051834854910339e+03
1.823082266049539612e+03
1.946121430064237074e+03
2.517048569272020359e+03
1.539628786008668840e+03
2.104915617617886710e+03
2.073810517452775912e+03
1.319809987399223473e+03
2.327087562504372727e+03
3.003790729288973125e+03
1.895886544959619414e+03
1.410825657409883888e+03
2.486693629677577519e+03
1.562612723571003016e+03
1.778742173516227012e+03
3.070044749810957001e+03
1.304142304382105067e+03
2.794136610506661327e+03
1.981798580763404971e+03
1.842146902547863874e+03
3.074597778075870337e+03
1.624025881444930064e+03
2.116263663956347045e+03
2.545305632093446548e+03
1.473568153042825543e+03
2.196654105493094448e+03
2.104774672521866705e+03
1.545510083300631322e+03
2.495876011704495795e+03
1.652550222252701587e+03
1.893183956279611721e+03
2.442047297969360443e+03
1.739443271572432650e+03
1.800232011832743638e+03
2.313588655462423048e+03
2.099571571231367216e+03
1.719852175249237916e+03
2.326485029239996948e+03
2.479944648817459438e+03
1.757701608231351202e+03
2.023766415261334487e+03
2.508484974760659952e+03
1.739150096372517737e+03
2.466369932265024090e+03
2.355500776476965711e+03
1.523045460713889497e+03
2.597040751109042048e+03
2.263914365558098780e+03
1.636102678585753438e+03
2.181848037640584607e+03
2.239979202586116571e+03
2.149034543478852356e+03
1.728948255105631915e+03
1.585551689770266648e+03
1.726304227826802617e+03
2.268716720071902728e+03
2.128841471722209917e+03
1.609429829501058521e+03
2.000914001789533131e+03
2.156371884555242559e+03
1.918197210614202731e+03
2.281487682846051939e+03
2.145158681959360365e+03
1.960098655052755248e+03
2.521797032812800808e+03
2.288164685905444458e+03
1.714606626067015213e+03
2.951659410344329899e+03
1.943460858980298553e+03
1.288493165157841986e+03
3.187603882849993624e+03
1.727747342888770390e+03
1.816065334969319338e+03
2.601841157725592893e+03
1.377354498557653642e+03
1.402554171318641011e+03
2.037506049011868527e+03
1.610757321812712917e+03
2.106955681099437697e+03
2.248573990995904751e+03
1.606303464211080382e+03
2.285039279744986743e+03
1.867633028003052686e+03
2.108499667876669719e+03
2.630985462192719297e+03
1.919687412950270982e+03
2.822550638320498820e+03
1.970777632827966272e+03
2.060835485020355918e+03
2.955113105058642304e+03
9.632564590984055712e+02
2.391679343124313164e+03
2.588381824704561495e+03
1.411917806259230019e+03
1.438270043636455057e+03
2.413090743189175100e+03
1.706281559817867446e+03
1.827450456627584572e+03
2.324058663078593327e+03
1.823444882441901427e+03
2.203834181682979761e+03
2.036804677322848647e+03
1.776169277818087949e+03
2.324853158499617166e+03
2.062214961328343634e+03
1.861610751951619022e+03
2.598215360025482369e+03
2.078418373269625590e+03
1.851233713032172091e+03
2.934031715049133254e+03
1.595164560894249462e+03
1.756678474696491548e+03
2.587802828577109722e+03
1.419322566578866372e+03
2.375901574238043395e+03
1.760041491860575434e+03
1.886999202598326065e+03
2.284040245942507227e+03
1.927163365876463786e+03
1.834207360360918301e+03
2.387863563891012745e+03
1.576688890735005543e+03
1.688422333695763200e+03
2.691485967845864252e+03
1.522524863084808658e+03
2.395585000609442886e+03
2.227823085009823899e+03
1.724620819098608763e+03
2.791097460231995683e+03
1.831727650554915499e+03
1.668320804492901971e+03
2.926047885557291920e+03
1.135261608403051468e+03
1.850087595894351580e+03
2.938400491368451185e+03
1.803995181091097265e+03
1.310044276891335358e+03
1.928161231602005500e+03
2.393101126554291568e+03
1.822486336173638165e+03
2.048501535304619210e+03
2.541306730253299065e+03
1.651657180650163809e+03
2.469171272305829461e+03
2.232539092970707316e+03
1.444831156596956134e+03
2.638919439799074553e+03
2.064968373911457093e+03
1.596599359884368596e+03
2.410992826378064819e+03
2.157408578710834263e+03
1.638592355919059173e+03
2.277299802914708380e+03
2.406595389725051973e+03
1.731092882875733267e+03
1.864801096201801329e+03
2.239601835524069429e+03
2.376353297389213367e+03
1.421568270446028464e+03
1.577575425974564268e+03
2.764333013905200460e+03
1.725645429650764072e+03
1.677742958254581026e+03
2.832747337024381522e+03
1.822592427038427331e+03
1.886679486557990685e+03
2.605686626244110812e+03
1.733954719969157168e+03
2.291884573749945957e+03
2.334756404307423963e+03
1.584046225928652120e+03
