2.192237628244043663e+03
2.081698742084461173e+03
2.015328203211080336e+03
2.165418061447372565e+03
1.939828919542591620e+03
1.809078342241419477e+03
1.436674431385436264e+03
2.022001844783673960e+03
2.493549235427733493e+03
2.552146648822481438e+03
1.918942605697088993e+03
1.462512488110982986e+03
1.965917615223132998e+03
1.763111288704738627e+03
1.966431208055844081e+03
2.101600779642992165e+03
2.026857324769124261e+03
2.270218451313873629e+03
1.355557514485771890e+03
1.834229769358452359e+03
2.050133899650930744e+03
2.278537579698144327e+03
2.290465591001385292e+03
1.926099989763892609e+03
1.898672906048399454e+03
1.754077184162567391e+03
2.300905533027607362e+03
2.561291272970175669e+03
2.202728814084964597e+03
1.701498291077305566e+03
1.733325270519998639e+03
1.845749487189795673e+03
1.898282324048121382e+03
2.632208273697766344e+03
2.235791459939509423e+03
2.214207927445556834e+03
1.817912802231873457e+03
1.359882303367821351e+03
2.092874886182164119e+03
1.416377968179376012e+03
2.493437237753410500e+03
1.497597608837359985e+03
1.732123534886941343e+03
2.372328569342062565e+03
2.567503449752229699e+03
2.392239842741506436e+03
1.793775476105226062e+03
2.143916129076726975e+03
1.988886521467999955e+03
1.781500658031110333e+03
2.052762148790832271e+03
1.623375319305178664e+03
2.334154818721003267e+03
2.226281220914439473e+03
2.415104350039027850e+03
2.094172039888758263e+03
1.621598009104026005e+03
2.531081505716625088e+03
2.184118626366317130e+03
1.719456441026467928e+03
1.416536471815868026e+03
1.632103092113988623e+03
1.790828236360565370e+03
1.974417824382548133e+03
2.670772785866096456e+03
2.375740006941397496e+03
2.066701954523795393e+03
2.551073489483198955e+03
2.492804328461087607e+03
2.615715445494270625e+03
1.955837350530063986e+03
2.072774282422953547e+03
2.199298005927286340e+03
2.050205153493159287e+03
1.509885659650705065e+03
1.586531776913171143e+03
1.755338959681970437e+03
2.261953415785061225e+03
2.780365590401290774e+03
2.551938220637781342e+03
2.213777443918044810e+03
1.548244292172168116e+03
2.025523932331590458e+03
1.709505308399222713e+03
1.413299373587396531e+03
2.195201866404784141e+03
2.066933527220498490e+03
2.343370826679300990e+03
2.484874960900564474e+03
1.861155731638026282e+03
2.534612879610144773e+03
2.128612493757747416e+03
1.915231680739402009e+03
1.429373329840625729e+03
2.115669479697623046e+03
1.878736326110776872e+03
1.491304206526833696e+03
1.941979666784954816e+03
1.923627322888761910e+03
1.882306679458431972e+03
1.855252388514924405e+03
2.472659207466611861e+03
1.064432175645688631e+03
9.160188151815094670e+02
1.479893753769963041e+03
2.458961931197982267e+03
3.790631006581039856e+03
1.312848527429875503e+03
2.724535323548473116e+03
3.073646932695759006e+03
1.246277897824416186e+03
2.356947835140563257e+03
1.724578565255826788e+03
2.245265333181916958e+03
2.166583413479455430e+03
2.045681085324899414e+03
1.555757557932545069e+03
1.936069139917116900e+03
2.717299788734054005e+02
2.945628491265662433e+03
2.503303527395028141e+03
2.272419130694902833e+03
1.962159480899477558e+03
2.030375680686840269e+03
1.909678481758129692e+03
2.005870725991016570e+03
1.928976354598649323e+03
2.041043695367810415e+03
2.019186979863450688e+03
1.612638579830948856e+03
1.750907450218498752e+03
1.528933922927753201e+03
2.013559467899251104e+03
1.768300504479542951e+03
1.622775556013574942e+03
1.802797819548128928e+03
1.712444586582790635e+03
1.961469717203897972e+03
1.769863009106791878e+03
2.078819190259371226e+03
2.032160710056113203e+03
2.228585665150723798e+03
2.267996316184565785e+03
1.963752120168455576e+03
1.954291082489315158e+03
1.598407206100604299e+03
1.902237671918390788e+03
2.114397364699284026e+03
2.394197261881198301e+03
2.581450127862094178e+03
1.730716901932842347e+03
2.038724555468830658e+03
1.722130936996641822e+03
1.778530808963153049e+03
1.658211123592782769e+03
1.873354568754306229e+03
2.146803415757550283e+03
2.249571378658597951e+03
2.492602082469345078e+03
2.529319836927727010e+03
1.630742274952534444e+03
1.667365858031331527e+03
1.645896002774776207e+03
2.065298074917642225e+03
1.846862188737110273e+03
1.800789426761154573e+03
1.489545062256986967e+03
1.742125060785022470e+03
1.635528707795272567e+03
2.430844280515452283e+03
2.243005478939508066e+03
1.645549989348783129e+03
1.892970569551056769e+03
1.912881540995493424e+03
1.946096881126797143e+03
2.099761721495793608e+03
2.138772666605728318e+03
2.093030496854515150e+03
1.851612340620947407e+03
2.377978039460198488e+03
2.197796027180531837e+03
2.264496880422535469e+03
2.240418092513555621e+03
1.702517513836045509e+03
2.004987832649042730e+03
1.778690767292560167e+03
1.636000411170012285e+03
1.429222352738977861e+03
1.939790985842724012e+03
2.249729711969340315e+03
2.329397712673790920e+03
2.508054125024569657e+03
2.057118338159485575e+03
1.919223363419464022e+03
1.804421310052607623e+03
1.750734922360154997e+03
1.923702750176480549e+03
1.795489750742088290e+03
2.215715920328879747e+03
2.288111343595106973e+03
2.199755068956983450e+03
2.470381834461889412e+03
2.156516815121066429e+03
2.366653683662500498e+03
2.006660810159623679e+03
2.276028280493799230e+03
2.402019269553937193e+03
2.311895314931281973e+03
2.112016283584353005e+03
2.183118407478933477e+03
1.561592622046851375e+03
1.458585245369469703e+03
1.565011415013826308e+03
1.624505878178978264e+03
1.677220827269387428e+03
2.273468509384903427e+03
2.060697019357843146e+03
2.282573451858921544e+03
2.151759233883431534e+03
2.200499923000407307e+03
2.211820282053062328e+03
1.333563120227069930e+03
2.098694131501089487e+03
1.705612422339904469e+03
3.034768889974542617e+03
3.825190607166483915e+03
1.712295376688504803e+03
3.982509788022817247e+03
1.500355069239554950e+03
7.282776367477541726e+02
6.878160854605668817e+01
8.588625171729963768e+02
3.759328550137752700e+03
2.140621555825254745e+03
3.167039333457274097e+03
9.896870909435955355e+02
2.813069839755166413e+03
2.140343034261226876e+03
3.166908621021326780e+03
1.299394045547708856e+03
1.969532933078990936e+03
2.079151891218532455e+03
1.112853552700687487e+03
2.396067900467794061e+03
8.490201854709994223e+02
2.176507084274712270e+03
2.024462715018920107e+03
2.066360530209619355e+03
2.082810608589937146e+03
2.011609355854624937e+03
2.039355706704190879e+03
1.948796733802074641e+03
2.063352311197839299e+03
1.946828860934897421e+03
1.955457756760698430e+03
2.151544381986216194e+03
1.954953094041150734e+03
1.667923650216968326e+03
2.136949347132188450e+03
2.045024189313364104e+03
1.941808966087916360e+03
1.903860721570487385e+03
1.854839575011680154e+03
2.005986109079523430e+03
1.915316022888696125e+03
1.795976372010311024e+03
1.897476332739722920e+03
1.693722962248946487e+03
1.729436536006478718e+03
1.875291519621400539e+03
1.681749508428316176e+03
2.534396036869600266e+03
2.648177605248981308e+03
2.407090775475375722e+03
2.258037020658008259e+03
1.687998901357010027e+03
1.794604342920769795e+03
1.596642368356956013e+03
2.060321260872497078e+03
2.340585410538568340e+03
2.083390528827070739e+03
2.526016049618542638e+03
2.037297085814631828e+03
1.795440554471294035e+03
