2.969269053409296703e+03
1.482940098263643904e+03
1.635202534909739370e+03
2.716367473857218101e+03
2.173132889694623827e+03
1.367394403374510830e+03
2.455490475847956532e+03
2.455572229075024097e+03
1.463843500144442260e+03
1.845677908608264488e+03
2.897222766480982500e+03
2.311341870534373811e+03
1.217873688207853775e+03
1.780426342523896892e+03
2.726317012892603998e+03
2.045492153038283277e+03
1.286033187998959647e+03
2.300505849338385815e+03
2.255776913633566437e+03
1.643039081520230638e+03
1.836107891891122108e+03
2.544888385816761001e+03
1.979490693086307147e+03
1.403535407852933304e+03
2.228935130456722618e+03
2.512405449103485353e+03
1.793347051815813074e+03
1.787277473394549361e+03
2.256320039196078142e+03
2.698839539620156302e+03
1.848589238095239125e+03
1.553444504446327755e+03
2.219151721791655746e+03
2.624414778420509265e+03
1.675029543748386459e+03
1.555799378074918422e+03
1.290558007483974279e+03
1.841780089395180084e+03
2.155173489299175799e+03
1.945148935891985047e+03
2.561832628251806909e+03
2.571506891882268064e+03
1.855282598926018636e+03
1.667486989082423406e+03
2.332037499574645608e+03
2.487328207231461874e+03
1.987857153335525027e+03
1.786587759835537327e+03
1.877573843084450118e+03
2.246810292361063148e+03
2.301144516081903930e+03
1.657002638497282760e+03
1.634309758665193613e+03
2.264994387563375312e+03
2.290525178917630456e+03
1.656647582621392985e+03
1.776614561794793872e+03
2.620566138512901944e+03
2.659956839419038715e+03
1.802305082819774725e+03
1.740195611801340419e+03
2.548003769979469780e+03
2.897875430470189713e+03
2.229138035826279975e+03
1.610430849650789241e+03
1.313408898565951631e+03
1.902922181234649315e+03
2.723013504511568954e+03
2.452172132035706454e+03
1.310110269930953791e+03
1.442188964606741365e+03
2.241825935707976896e+03
2.653666681023666570e+03
2.534229945258890439e+03
1.836187828824215330e+03
1.436512889503910174e+03
1.763836031584114835e+03
2.152720187325328425e+03
2.751479792868409731e+03
2.715328697650837512e+03
1.707815094261300601e+03
1.665190620336394431e+03
1.801241799808012047e+03
1.964955680532962560e+03
2.194495758149358608e+03
2.270491358867684539e+03
2.222427336641021611e+03
1.762140553488102114e+03
1.737753590344601207e+03
2.144834794744460396e+03
2.405275112000857462e+03
1.798718655236616087e+03
1.818677890373545551e+03
2.410896877743879941e+03
2.310598118869695554e+03
2.032821817617979605e+03
1.712807062711401159e+03
2.079851742342468242e+03
2.442493164736883955e+03
2.369358898664333992e+03
1.565931876508033383e+03
2.099250219772475248e+03
2.474215084136000314e+03
1.385379434996455984e+03
2.005510943837287869e+03
1.799711750653138552e+03
8.379183434743870293e+02
3.442718427983180845e+03
2.011261836032748761e+03
1.630759780138267843e+03
2.064389427787608383e+03
1.773441459419668263e+03
2.332583398257070257e+03
2.431233993415709392e+03
1.670560979505060914e+03
1.763555530817154931e+03
2.046116214067238388e+03
2.136948892399125725e+03
1.810797595253646250e+03
1.947079286070260196e+03
2.193304043805681886e+03
2.415562517359146568e+03
1.809303620251473376e+03
1.880467610939819224e+03
2.036521945537059764e+03
2.217742162447656483e+03
2.051027153389737578e+03
1.746915513196572419e+03
2.054537260278304984e+03
2.313797128994546711e+03
2.009862615033246357e+03
1.724746170985305071e+03
2.052793083695311452e+03
2.508332621331001974e+03
1.751976050734435148e+03
1.713189262289044791e+03
2.267620057221175102e+03
2.588504534346277069e+03
1.870213507759886170e+03
1.560276603912167275e+03
2.091999130550599148e+03
2.386566359280304368e+03
2.570962838957821077e+03
1.913011280373990076e+03
1.586663864162625487e+03
1.720911761571038596e+03
1.824092910388833843e+03
1.954392029838734288e+03
1.955288370033236561e+03
2.088514953539526687e+03
2.046234526146087092e+03
2.482411524248560454e+03
2.456957306810754744e+03
1.787636066094403532e+03
1.672471117871346451e+03
1.701479445700325641e+03
1.917331160954615370e+03
2.000706000546225368e+03
1.975372370372030446e+03
2.064845313546327816e+03
2.239234920271755527e+03
2.417683867382532299e+03
2.417164404183707575e+03
2.484886018244772458e+03
2.299516517700811619e+03
2.166954310284851999e+03
2.199936063502601428e+03
1.984138333353186226e+03
1.502068577924741476e+03
1.903269025610010203e+03
2.187530696155459282e+03
2.606502310420130925e+03
2.172471586029042555e+03
1.712206452709682708e+03
1.813721905633552524e+03
2.245490573331957876e+03
2.579992780302499341e+03
2.635692669537015263e+03
1.809716807871133369e+03
1.636966599218574629e+03
1.980312145556220003e+03
2.360199387111915712e+03
2.295951589624821281e+03
1.556814345249613098e+03
1.744952511011875458e+03
2.548423197820841324e+03
2.499818308197280658e+03
1.694349700844180234e+03
1.709347237810184879e+03
2.397979496625815500e+03
2.504320305971346443e+03
1.679829237050668098e+03
1.809272664012340329e+03
2.437767720764000387e+03
2.269208838917071262e+03
1.514406187428173553e+03
2.087475312030370333e+03
2.556333899246348210e+03
2.248286631615145780e+03
1.711433304433358899e+03
1.653240135901259919e+03
2.290940449025148155e+03
2.434024663987843724e+03
1.701278917829751435e+03
1.445833255031442604e+03
1.891808035405793362e+03
3.114188407598236154e+03
2.709016495790663726e+02
2.268931974167432600e+03
2.657235404606903103e+03
2.822350875691060082e+03
1.818896872929027040e+03
1.979682980694059324e+03
2.760915532038917718e+03
1.868903334475945712e+03
1.578794268495937331e+03
2.235862249437525861e+03
2.794284092467045866e+03
1.642782563167861554e+03
1.561248391649016867e+03
2.430826735386094697e+03
2.393048288063451309e+03
1.477594328477588761e+03
1.617556133399843020e+03
2.471293579004822277e+03
1.838698983025718462e+03
3.342072701669608250e+03
1.229535604851517292e+03
2.500350239318075637e+03
1.383658181826559030e+03
1.164505220889773454e+03
2.238668838624075306e+03
2.056378803735190104e+03
2.756961130196199520e+03
1.239132060379796485e+03
1.641531031900184871e+03
2.780236576694473570e+03
1.886515399193789790e+03
1.961030093085128556e+03
1.371202292969325981e+03
2.177380004848890621e+03
2.323567282109670941e+03
2.047987779336019230e+03
2.221622286513029849e+03
1.680717101217685922e+03
2.272375743388067349e+03
2.363116591850791792e+03
1.879755343748938685e+03
1.839386809082152695e+03
2.110140056674494645e+03
2.305733918061599525e+03
2.281202340375042695e+03
1.963800454068594263e+03
1.648598277560711495e+03
1.697460674928277513e+03
2.186762425996748789e+03
2.615639096130504640e+03
2.037076031560627825e+03
1.499257267465353834e+03
1.690745476057273891e+03
2.629670835589828130e+03
2.561402055523550644e+03
1.903721974976344200e+03
1.450987900078046323e+03
1.981774374226117061e+03
2.456366367189101766e+03
2.535933485897029186e+03
1.596381938000175069e+03
1.407009406035141183e+03
2.458445820218921199e+03
1.766498914094487645e+03
1.719354267625446482e+03
2.588938151909695534e+03
2.214565314373492583e+03
1.608929064533422206e+03
2.214681112134160230e+03
2.819746696608284310e+03
1.910705402473992990e+03
1.876338232459429946e+03
2.719610139405642258e+03
2.041902755679712754e+03
1.489004341899771816e+03
2.317752525831606818e+03
2.825004502665767177e+03
