3.240941732192576183e+03
1.939463286984034767e+03
1.601331613934291454e+03
1.644225672172438180e+03
2.346461850400728508e+03
2.090861016892923999e+03
2.085458229815924824e+03
1.843055587548328731e+03
1.503812476017064682e+03
2.678858339780508231e+03
1.989433256856682419e+03
1.576399991296705139e+03
1.510096657500972469e+03
2.779624817082438312e+03
1.999799661517841514e+03
2.238150943114115762e+03
1.066944079869396319e+03
2.706430342801075767e+03
2.553935097315203620e+03
1.826620278060295277e+03
1.352495793919833659e+03
2.582129227235819144e+03
2.431843584401061435e+03
1.670297330749981711e+03
1.531810148107038458e+03
2.743831586293830242e+03
1.945993526755673429e+03
1.713207537924303097e+03
1.361202086503829150e+03
2.604821557344026132e+03
2.104387496062945502e+03
1.984848533234809338e+03
9.571598706171663480e+02
2.752779245912692659e+03
2.415179629537483379e+03
1.658831448653863163e+03
1.277711976319618316e+03
3.252340764428334296e+03
2.321357749925524331e+03
1.587520778108838158e+03
9.001330787840830681e+02
3.608147848475400679e+03
1.997484668456124155e+03
1.500827743691253772e+03
1.802663593158234107e+03
2.723369549555106914e+03
2.034281974709179394e+03
1.426741320164962872e+03
2.425264060375139252e+03
2.205611776762546015e+03
1.764765915759831842e+03
1.678052745140661045e+03
2.456512653523518111e+03
2.319480529454393036e+03
1.391002442854088031e+03
2.000874490022513783e+03
2.701454450419652403e+03
1.699331932333593613e+03
1.318876513522599907e+03
2.815665278612320890e+03
2.142522919290903701e+03
1.801593962346375065e+03
1.719233285323882228e+03
2.214784968160614881e+03
2.153723832051334739e+03
2.129640518926488312e+03
1.470977147877586503e+03
2.301260780099039494e+03
2.260974689095477515e+03
2.254502064872874598e+03
9.129383731678940421e+02
2.308908772511461393e+03
2.788088892525021038e+03
1.931355654176006283e+03
9.725355524246861023e+02
2.502822152100896801e+03
2.974706774882093669e+03
1.635624581976314175e+03
1.291231439922833033e+03
2.337233202956133482e+03
2.458609067778076678e+03
1.747140481231541798e+03
1.299547765736798056e+03
2.684500635544980469e+03
2.325916140280188301e+03
1.753971402185467241e+03
1.382084549452903275e+03
3.099692978568740273e+03
2.019380961038790701e+03
1.598113023932424767e+03
1.946059217615574653e+03
2.482654853664307666e+03
2.028376813164971281e+03
1.847086513369926479e+03
1.933873311494539166e+03
2.217697714701617315e+03
2.231170150947572438e+03
1.296625193270851241e+03
2.119937928013056535e+03
9.821516079995573136e+02
4.090103400958694237e+03
1.307764258601979463e+03
3.320378109166909326e+03
1.626364633372173785e+03
2.088114629823053747e+03
2.176661983027107453e+03
1.316771383842853083e+03
2.396083604078225562e+03
1.569087800170126911e+03
2.153842323774899342e+03
1.947252838499093059e+03
1.973649365414187969e+03
2.121975821825158164e+03
1.726136316849809873e+03
2.193061547139163849e+03
1.950698382656615877e+03
2.016603518053323569e+03
2.153763205244017627e+03
2.517077048695291978e+03
1.463696365515775824e+03
1.230472680277169957e+03
1.611379451235751276e+03
1.097363352020257253e+03
9.411280387999023560e+02
3.300934175566803333e+03
2.004004093150372910e+03
1.321249168974550230e+03
1.743315143461434900e+03
2.902768941239778087e+03
1.871555127049201928e+03
2.020487411875815951e+03
1.470004803043375432e+03
2.546900100176257638e+03
2.165742751486688121e+03
1.947754539220668221e+03
1.342708733140271534e+03
2.653549215478640690e+03
2.342923450525880071e+03
1.815830488609270560e+03
1.258229740510875672e+03
2.599161207480350640e+03
2.357587094988376521e+03
1.692543820393063470e+03
1.812532515130857973e+03
1.489646371141389636e+03
2.740600088325677461e+03
2.493920244924638155e+03
1.042840808636282873e+03
1.270483318401190445e+03
3.203909599805941525e+03
1.805085966302065572e+03
1.517842065063830205e+03
1.873597378832715776e+03
2.807834560295818392e+03
1.890757158890238770e+03
1.814485442743631893e+03
1.665197225122152076e+03
2.426334987523403925e+03
2.307141355149039555e+03
1.406725921823470799e+03
1.728162094909706184e+03
2.739862632925206071e+03
1.932663898049636146e+03
1.402340077281268350e+03
1.921495185080134661e+03
2.697471321802928287e+03
1.853103450760228725e+03
1.707580020335511563e+03
2.111543145242758783e+03
2.306347405334591258e+03
2.002777284365166224e+03
1.479561812537546075e+03
2.498981657748650832e+03
2.134139178731546508e+03
1.917889541064415425e+03
1.517773686419806154e+03
2.488964506543811240e+03
2.291452688021066024e+03
1.234697957263943636e+03
2.255640655064964903e+03
2.623241838779421869e+03
1.800169147149660375e+03
1.421634069401368606e+03
2.115669630317059273e+03
2.657738846021954032e+03
1.770443036815344840e+03
2.035590737186276783e+03
1.310814986677693923e+03
2.557422663569534507e+03
2.465667830851520193e+03
1.748188626598547671e+03
1.515307982943996649e+03
2.127201375482338790e+03
2.435731824184996640e+03
1.934259307008492897e+03
1.931087561069957928e+03
1.646739743646391844e+03
2.363647325459545755e+03
2.377559552414890732e+03
1.231742139223423010e+03
1.815815708784518620e+03
2.897654613717206303e+03
1.558923281447486943e+03
1.572022542076867694e+03
1.651252645834816121e+03
3.384996951080674989e+03
1.991736645116039199e+03
2.110000780219513672e+03
7.208913382480272958e+02
2.705525429883276047e+03
2.890335038207791968e+03
1.563366287526096130e+03
9.300757732148217656e+02
2.842091692603596130e+03
2.304606858513683619e+03
1.793986062513135948e+03
1.628836954723537019e+03
2.106091818909996618e+03
2.429221646700989822e+03
2.151421814893988540e+03
1.324814872797114049e+03
2.001154861170515460e+03
2.800164296994833876e+03
1.879543915155898048e+03
7.631240624212707644e+02
1.882728086063145611e+03
2.589009600227230749e+03
2.440374288782957137e+03
6.502993870596177430e+02
3.993306430343310694e+03
1.575590076304741160e+03
2.484903748424192145e+03
1.874441707643666859e+03
2.031990130498817962e+03
2.348794306252118076e+03
1.793610454827055491e+03
2.146756955023013234e+03
1.758971618840437259e+03
2.147805869986175367e+03
2.189419914713288563e+03
1.626348471788441429e+03
2.244103973787197447e+03
1.419147054968791053e+03
2.094295655004421405e+03
4.017034215941470393e+03
4.713743732150200003e+02
5.735085831362652016e+02
2.877381387747770532e+03
1.291960553517171093e+03
1.406447883363547362e+03
1.410591356024951892e+03
2.680914248984188816e+03
1.928849614478056992e+03
1.802539021127339538e+03
1.266849713775734926e+03
2.643506329141707283e+03
2.188965424097777486e+03
1.606638795629598235e+03
1.152395017568186177e+03
3.063519236412361806e+03
2.069189228930975332e+03
1.454055224521737500e+03
1.700958853446009016e+03
2.875816134390252955e+03
1.896620243793609234e+03
2.058463729595617224e+03
1.097797695068955818e+03
2.876591046738247314e+03
2.352718812574426011e+03
1.811353846558946998e+03
1.299282064637362055e+03
2.807928160197846410e+03
2.255286794963610646e+03
1.525956723713498604e+03
1.743348214414843142e+03
2.877199565820939824e+03
1.800871233053079777e+03
2.040820507457940948e+03
1.247938094069380440e+03
2.513640943756658544e+03
2.370833953000479596e+03
1.900746281304064723e+03
1.441674785756867777e+03
2.340170310195420370e+03
