1.735355233242496297e+03
2.280383041369620514e+03
1.958835684973621028e+03
2.205125194586698854e+03
2.109501432940094674e+03
1.963044187391487412e+03
2.193964255550370581e+03
1.924160188234409588e+03
2.375931720178711657e+03
2.025350792986269880e+03
2.141558259615846509e+03
2.075997360237436624e+03
1.900688271221144532e+03
2.234471812655305257e+03
1.959861071956950127e+03
2.340871121411370950e+03
1.930604165230967965e+03
2.144166571555711926e+03
2.125296514853817825e+03
1.878542767893246491e+03
2.295337765993593166e+03
1.906286947055893052e+03
2.312575667587133012e+03
2.039957201592848833e+03
2.012573790239537175e+03
2.195365349120780138e+03
1.873290215315743808e+03
2.284355988449195593e+03
1.953875413049520603e+03
2.333428803619105565e+03
2.083650060563992156e+03
1.999544113635999111e+03
2.196621956642910391e+03
1.935819619852894220e+03
2.296457060234520668e+03
1.966120960920103926e+03
2.256342929878896484e+03
2.083300333549751940e+03
1.988190272070723495e+03
2.240710369368216107e+03
1.801126845059105790e+03
2.313197526323623151e+03
1.994471477622197881e+03
2.235770331450773483e+03
2.042884942869075530e+03
1.926155622669913555e+03
2.156660240104960394e+03
1.980099042284055031e+03
2.277886454625020178e+03
1.932331666016984855e+03
2.090604140325871867e+03
2.180198210278546867e+03
1.871902497550742737e+03
2.153909478736794426e+03
1.923502576663797072e+03
2.366271314171034646e+03
2.007047672978235369e+03
1.952225208264032972e+03
2.016548878207934195e+03
1.879334627438758162e+03
2.313038350234475729e+03
1.876487531276785603e+03
2.229595731062762752e+03
1.984666496430610323e+03
2.025314068882252741e+03
2.069644430102760452e+03
1.934784357131040906e+03
2.205130021498552196e+03
2.002200079125389493e+03
2.234184126535708401e+03
2.067071217660196908e+03
1.955636544502079005e+03
2.188101791698163652e+03
2.030976666825931034e+03
2.184741112678265381e+03
1.990729293668205855e+03
2.109518310387481961e+03
2.044616975986369653e+03
1.906697230406029121e+03
2.235223717673472493e+03
1.842648539515394532e+03
2.308350676623925665e+03
1.927167291378043728e+03
2.011396269358651125e+03
2.083816971177744563e+03
1.898192453377695301e+03
2.296173832765369752e+03
1.987615942651784508e+03
2.263488983590904354e+03
2.019626178424976843e+03
2.011763013205883453e+03
2.087095480290113301e+03
1.907863983901075244e+03
2.166724782718646111e+03
1.908777440643857062e+03
2.240663670667912811e+03
2.035661151848133159e+03
1.940292864789823398e+03
2.224419255647185309e+03
1.895700726587908321e+03
2.281437104914979955e+03
2.008506815861843734e+03
2.201200380168302217e+03
1.996210311997997451e+03
1.912862094839611473e+03
2.211953409296534574e+03
1.863082002632480453e+03
2.280077702062548724e+03
2.019702807189866917e+03
2.083766901411050185e+03
2.114771088846008752e+03
1.828822687239523930e+03
2.287775489674580513e+03
2.012463163484617326e+03
2.260217494389442891e+03
2.050837564490505883e+03
2.002495053896084528e+03
2.178142479328285845e+03
1.898073676315206058e+03
2.184483176965987241e+03
1.980188676027002202e+03
2.325447486894601752e+03
1.960155637808793699e+03
1.911492109262404028e+03
2.103516257558964298e+03
1.960655651912178882e+03
2.318609779674563470e+03
1.921391515791768370e+03
2.207544124551717232e+03
2.064909144716155879e+03
2.029591097478810070e+03
2.156065935695994995e+03
1.918187235748358262e+03
2.325246072105451731e+03
2.108299272212840606e+03
2.156019104111153410e+03
2.076194998080380628e+03
2.027425908455947365e+03
2.244252285155822392e+03
1.982261366484394102e+03
2.248114373132189939e+03
2.043245286131262901e+03
2.143134240540790870e+03
2.136135206758573077e+03
1.895552355453862901e+03
2.287188100620700880e+03
2.044075730689924285e+03
2.280305218769948624e+03
2.021932875588199295e+03
2.034448896895702092e+03
2.191116097267037276e+03
1.969443699661818073e+03
2.267411940860552477e+03
2.044001260980208599e+03
2.255249083391858676e+03
2.141072495843527577e+03
1.978515442713934135e+03
2.183418543868378947e+03
1.895177552934574578e+03
2.330202058750764991e+03
1.996409526252005890e+03
2.189821465342977717e+03
2.006987158190880564e+03
1.956239493651857856e+03
2.300778031595595166e+03
1.978384145078222446e+03
2.279142742701898442e+03
1.943595097379427216e+03
2.166044698155697461e+03
2.116630230236411535e+03
1.913669839780178336e+03
2.283643455824120792e+03
1.877300525336142755e+03
2.268739078510344825e+03
2.142495735157386207e+03
1.995765608217030604e+03
2.081417173979882591e+03
1.957648868528662888e+03
2.285136588745328027e+03
1.942789461658973778e+03
2.305204910411911442e+03
1.965111966968397383e+03
2.039326853156464040e+03
2.147189570637996439e+03
1.945457524580118616e+03
2.258116042689573078e+03
2.077263511417560949e+03
2.184421948248143963e+03
2.074816689571774077e+03
1.995290210427584498e+03
2.211013238485878901e+03
1.856231170720671798e+03
2.429305390179434198e+03
1.953220096452601638e+03
2.215702559025714891e+03
2.093102617754492712e+03
1.931704613085689289e+03
2.249745490467206764e+03
1.963569367376603623e+03
2.359183829405802044e+03
2.025073327542529341e+03
2.108202033492822011e+03
2.074900256412890030e+03
1.921974274112683588e+03
2.290259841428280197e+03
1.924090624680050269e+03
2.282102711936013293e+03
1.968288043677299356e+03
2.109312906123367156e+03
2.154738655631534584e+03
1.840643471693462061e+03
2.360360309620838052e+03
1.947716039788501803e+03
2.259614466908554732e+03
2.031203637314931029e+03
2.019001206795294138e+03
2.152441676989473308e+03
1.943249244230172053e+03
2.272317929739554984e+03
2.047175052677800977e+03
2.254030174653400536e+03
2.004378297534486364e+03
2.016730747847757357e+03
2.158072528109285486e+03
1.866964815100218857e+03
2.355529408002651053e+03
2.073940322552019097e+03
2.189775445596615100e+03
2.091608323545776329e+03
1.989977766947915370e+03
2.260017625254924951e+03
1.839635953940149193e+03
2.319842312990610026e+03
2.040297879816567274e+03
2.124163749956561333e+03
2.127739842176660204e+03
1.890667555454371268e+03
2.246668466992759022e+03
2.044721657088658276e+03
2.336651553994174719e+03
1.953629314563547950e+03
2.136306988304365404e+03
2.119544696847951400e+03
1.955508873330100187e+03
2.210523170669879619e+03
2.021402975596168289e+03
2.290681066709575134e+03
1.940684073527532973e+03
2.031543529879342941e+03
2.167529105235250427e+03
1.856547377919163182e+03
2.280395110282689529e+03
1.956753750170964167e+03
2.228096177347252251e+03
2.020595925226814643e+03
1.968214696548218171e+03
2.174637089232086964e+03
1.901716048035353651e+03
2.241330309632282024e+03
2.047061513631319485e+03
2.141386620021633462e+03
2.105330032009369006e+03
1.897600891114587512e+03
2.233234867476678573e+03
1.902377389471112792e+03
2.317215002761226060e+03
2.055016508782581695e+03
2.033606812586433080e+03
2.121626506822548436e+03
1.934524021952831390e+03
2.245130354494684980e+03
1.993144549272891254e+03
2.258748003032288125e+03
2.010860477425940871e+03
2.061506722771254317e+03
2.101006090489242524e+03
1.893765493031037749e+03
2.299964725922811340e+03
1.924394757720150665e+03
2.373017404021743914e+03
1.904997325439688893e+03
1.955891096452450483e+03
2.207993478691031214e+03
1.878550059940132314e+03
2.071517468127432949e+03
