1.879585217068644624e+03
2.538534538825384061e+03
1.735329474231589757e+03
2.608361197056723540e+03
1.344068293648118242e+03
2.967967598149107744e+03
1.755869598918663087e+03
2.499735391267710838e+03
2.072744046811474163e+03
1.617011523737664220e+03
2.147962802532992555e+03
1.939390433576965506e+03
2.806486498754553850e+03
1.462232958031012004e+03
2.935847814535146881e+03
1.440687696272992071e+03
2.933166165489438299e+03
1.652354967718530361e+03
2.601218937230902611e+03
1.305125988246371435e+03
2.506519221385248329e+03
1.450361189358254023e+03
2.620916474559571725e+03
1.803462223528676986e+03
1.797689360224792836e+03
2.435978681265198702e+03
1.526335042329682210e+03
2.802984155178981837e+03
1.379593134660652368e+03
2.773135946185590456e+03
1.341638796388944229e+03
2.582615280874179462e+03
1.592354898357231605e+03
1.940788790398863739e+03
1.614662423026390343e+03
2.358741248046554574e+03
2.520854420887166270e+03
1.256322666110620730e+03
2.894077901826380185e+03
1.296982430179468111e+03
2.364075368652303496e+03
1.573583039886334063e+03
2.108820097932912631e+03
1.438580833485855010e+03
2.333996024127564851e+03
2.638525098427839566e+03
1.265642528693657823e+03
2.988596809201759697e+03
1.342650277848239284e+03
2.885123981228490265e+03
1.460015961053013143e+03
2.532368673639994086e+03
1.417668522148713237e+03
2.463239759669115756e+03
1.645447783260660344e+03
2.243051909788553985e+03
1.765475395644097944e+03
2.040467834841464764e+03
2.355684392528579338e+03
1.619777365714611506e+03
2.672137439456711036e+03
1.485612242005940288e+03
2.750826056061520376e+03
1.655617339718044605e+03
2.163562764699889158e+03
1.576004514066287356e+03
2.156786830581687354e+03
1.656689223047721043e+03
2.283908717674718901e+03
2.298071434458863678e+03
1.499702660638665066e+03
2.795005344481348402e+03
1.394645463184885102e+03
2.829454407214790990e+03
1.341282343953920645e+03
2.672805948781993266e+03
1.754885060150029403e+03
1.999731271836486485e+03
2.573572800293724413e+03
1.275073341299848153e+03
2.901519832309339108e+03
1.423660387791054063e+03
2.187685124976886073e+03
2.220666723409232418e+03
1.625354531763008026e+03
2.767721266844430829e+03
1.292085844336681021e+03
2.535484426757232541e+03
1.751641167153971537e+03
1.934384997135330195e+03
2.380005506960978892e+03
1.518546223352052039e+03
2.682466261619081251e+03
1.543183798814528018e+03
2.652206793313716389e+03
1.392224258372132681e+03
2.417131541779628606e+03
1.846254938772822698e+03
1.926913219517677362e+03
4.770585129410993375e+01
3.973648181658231806e+03
3.628016106688968648e+03
1.198043181007984231e+03
1.957441074605183076e+03
1.478575250965500118e+03
2.172103746438734561e+03
2.132906650998214445e+03
1.859013778881107100e+03
2.274531529456151929e+03
1.919815804686863203e+03
1.987370305848417956e+03
1.969112086490216370e+03
2.455577578100283972e+03
1.292575271120176694e+03
2.573453692794042126e+03
2.038598349538607636e+03
1.597371688221590830e+03
2.267232068175451786e+03
1.469705845943149598e+03
3.330801133395510078e+03
2.216294470685943452e+03
2.335422326971754956e+03
1.567185928347938443e+03
2.212363508301363709e+03
2.415677874464484375e+03
1.453476816563999591e+03
2.829716374889293547e+03
1.476932382733521536e+03
2.560896446867066516e+03
1.195066713164520934e+03
2.739240410990657892e+03
1.259724776444087183e+03
2.703616877332543481e+03
1.881548211245448783e+03
1.728523804030136262e+03
2.109744952456036572e+03
1.768521485099285428e+03
2.276646039497761649e+03
1.528751774195375447e+03
3.080845403728677411e+03
1.232929688139728796e+03
2.849579143253990424e+03
1.417625828740175166e+03
2.512344731571526154e+03
1.736547492490594550e+03
1.891093800168033340e+03
2.460331008361531531e+03
1.573729219120362359e+03
2.797675802765896606e+03
1.280408288135744215e+03
2.628322668849855290e+03
1.644265349040253341e+03
1.943762237938467024e+03
2.046248235285459941e+03
1.792206112758732615e+03
2.429069772282330177e+03
1.676882466441173847e+03
2.216663826728590266e+03
2.224854738193029789e+03
1.654449760589154948e+03
2.632447570266601815e+03
1.633925828564010999e+03
2.449570280876701872e+03
1.798763536884827772e+03
1.874621682799170912e+03
1.813658572879749045e+03
2.049129749621052724e+03
2.531452716401695398e+03
1.522985665529361313e+03
2.318840964496996548e+03
1.735389694183517122e+03
2.197196069925062147e+03
2.153871195948727745e+03
1.645305182981083135e+03
2.546636692320676048e+03
1.654642739939359444e+03
2.199674406740547965e+03
1.645287741246076848e+03
2.044980104971166838e+03
1.907386524175213935e+03
2.089503439103733854e+03
2.224327336780849691e+03
1.660579176951734780e+03
2.576318569108571864e+03
1.758512245623746139e+03
1.967986898373112581e+03
2.566926310322255176e+03
1.401614638523624535e+03
2.692749376460233179e+03
1.862642929872850800e+03
1.571574262373090733e+03
2.777977955302989812e+03
1.301856517606191801e+03
2.628575491570164104e+03
1.218759109888807643e+03
2.887944311637295868e+03
1.285647516151138007e+03
2.800168932320149906e+03
1.943573650345888382e+03
1.659383976276236126e+03
2.815718127788280071e+03
1.356027054950484853e+03
2.384977547283620424e+03
2.044416968722162892e+03
1.516012045872277213e+03
2.783991794910203225e+03
1.487132462972397661e+03
2.229575488643739391e+03
2.377945813419329170e+03
1.330492152578311334e+03
2.836698810470162243e+03
1.521731965269562806e+03
2.062370692926350330e+03
2.581603503654103406e+03
1.354197221003041022e+03
2.649060021535234227e+03
1.871637017250926874e+03
1.657948425518748763e+03
2.722991796608834647e+03
1.444887315344987655e+03
2.422333608518190431e+03
2.175686717047515231e+03
1.468007435286758209e+03
2.754322883859741523e+03
1.471962399122664465e+03
2.292797609341132556e+03
2.428690147979382800e+03
1.418297623638191681e+03
2.469876718595111470e+03
1.392645908808697641e+03
2.224508192079847504e+03
1.757449452454475249e+03
1.960279435015802619e+03
2.189258604946803644e+03
1.711554633195319866e+03
2.734215105743260665e+03
1.436042854888330794e+03
2.651834937673085278e+03
1.572656848600972353e+03
2.530410920962043747e+03
1.927534464830007437e+03
2.036442764545645332e+03
2.173076975029996902e+03
1.813462962058391213e+03
2.188950695756759615e+03
1.626814852878512283e+03
2.078001727246583414e+03
1.513910459113866409e+03
2.549339839598068465e+03
1.976900068479422089e+03
1.619435189954230282e+03
2.435284489855056108e+03
1.679525930953464467e+03
2.639629846886259656e+03
1.400378387464141269e+03
3.013691243364668935e+03
1.184614997696943192e+03
2.972186771153512382e+03
1.172607423139439106e+03
2.845155584595226173e+03
1.335198329846823526e+03
2.343519826665776691e+03
2.292806026482131983e+03
1.429494752877440305e+03
2.476583677626413191e+03
1.532355402619909682e+03
2.815641938157073582e+03
1.395280964640191542e+03
2.464030345675450008e+03
1.394050403054504386e+03
2.406653718920717893e+03
1.868829928395361321e+03
1.900155148082239066e+03
2.260132656763534669e+03
1.698410576583156171e+03
2.529139777223284000e+03
1.574506315918885093e+03
2.314691455019219120e+03
1.616173567965478696e+03
2.518996817888975784e+03
1.962706003809428921e+03
1.732002802085529765e+03
2.298283533198629357e+03
1.702833828162835289e+03
