2.054866770788619760e+03
2.770469119460618913e+03
2.102132078962074957e+03
1.446603697668761697e+03
2.017183391165087642e+03
2.486832042774882211e+03
2.338357011304265598e+03
1.607280817967409803e+03
1.827659698225020520e+03
2.300561651096272726e+03
2.308808084691499062e+03
2.066790673384655747e+03
1.470595546345171215e+03
1.674125024730805762e+03
2.272805768420432742e+03
2.525863993383536126e+03
2.081112575672480943e+03
1.295892248773352321e+03
1.950153205674467017e+03
2.359818298085261631e+03
2.543464450599432439e+03
1.850890169783250940e+03
2.025937837506460937e+03
1.653760256206562190e+03
2.053593044703979558e+03
2.460775900895787800e+03
2.396105031223780770e+03
1.712228148411712937e+03
1.647822878743481169e+03
2.127722166982462568e+03
2.415365438910749162e+03
2.226149242496734132e+03
1.688084224888489871e+03
1.644473805597315959e+03
1.860216541209946854e+03
2.602292387816336486e+03
2.037792625923804962e+03
1.382413998599776960e+03
2.139980233928146845e+03
2.936699750883408342e+03
1.978029646695910742e+03
1.555348073635547280e+03
2.061900380207353464e+03
2.969262416250234310e+03
2.634769243730305334e+03
1.287932474849278378e+03
1.521252981665211564e+03
2.228889661820515357e+03
2.481615777901585261e+03
1.998196479351089465e+03
1.215125028471706855e+03
2.132028157801418274e+03
2.609222320481668248e+03
2.379336236419720990e+03
1.468342486907691409e+03
1.853639501172939617e+03
2.508001512868308509e+03
2.668942238219565297e+03
1.488838407272718996e+03
1.672492001082436900e+03
2.341859708279445840e+03
2.700552544038669112e+03
1.897233692150113029e+03
2.094777526416001365e+03
1.734661240791173213e+03
1.623363455527339056e+03
1.979479741302434832e+03
2.253356821173988010e+03
2.517093482076548298e+03
1.770980419180944409e+03
1.260962301545283026e+03
1.969523603381749354e+03
2.295456930304725574e+03
2.278587754561827751e+03
1.700991983413994603e+03
1.874859274653307466e+03
1.740047436261850862e+03
2.099397612941287207e+03
2.242616710170892929e+03
2.302853193986511542e+03
2.402099337297042439e+03
1.742646416965215167e+03
1.756774571912489819e+03
2.167758094295202682e+03
2.282417954784462381e+03
2.075314200346262623e+03
2.247324943377230738e+03
2.637874496718589398e+03
1.681765887413531800e+03
1.733632906801579111e+03
1.855890869277831598e+03
2.181671430458238774e+03
2.631774354967974432e+03
1.421744995782690012e+03
1.952196783481075727e+03
1.731132528060872346e+03
2.509373933880044660e+03
2.599276487756879305e+03
1.371528169228321303e+03
1.713096643099726634e+03
1.456389858596809972e+03
3.059085471902268182e+03
1.937808012864765715e+03
4.702001234932506577e+02
3.374911502023463981e+03
1.880709980596792093e+03
2.771747990956614558e+03
1.809541766684483491e+03
4.521580657640050731e+02
1.525642296061384059e+03
3.650736378396703003e+03
2.615145530688606414e+03
2.550821630434493727e+03
1.367380356520262012e+03
3.042613961946792188e+03
1.279470862202165563e+03
2.532948268299847314e+03
1.919333124107275808e+03
2.849867980727921804e+03
1.503665782866502695e+03
1.500578070393318285e+03
1.996205084258522675e+03
2.204597264187557812e+03
2.117550753401213115e+03
1.794014425275500116e+03
1.899784751408604507e+03
2.204702018934362968e+03
2.252312077203192530e+03
1.816879487161404541e+03
1.669005371928250725e+03
2.019419751175216561e+03
2.434509645467385326e+03
2.190011100813223493e+03
1.787369117621024543e+03
1.635696167445846186e+03
2.256923410120295102e+03
2.523914913195459121e+03
1.845796752273267202e+03
1.623722951246861612e+03
2.011517789756589082e+03
2.856498536399449677e+03
2.113511154588164572e+03
1.628099279121712243e+03
1.924534479628524650e+03
2.816778133160043581e+03
2.554304467296207804e+03
1.255062617059678360e+03
1.412204853671505361e+03
2.318344551722421329e+03
2.448022225342019283e+03
2.130880513962120858e+03
9.074983563302707807e+02
1.772373161928547688e+03
2.471788062972464559e+03
2.550805295477037362e+03
1.384776722398447419e+03
1.458176977714038003e+03
2.494224937190748733e+03
2.894441432713374979e+03
2.223505785900524188e+03
1.162735985829897118e+03
2.024397823175509075e+03
2.915423511819380565e+03
2.582042069538717897e+03
1.167634339145644844e+03
1.705036171771089130e+03
2.600536994243651407e+03
2.480268916898021871e+03
1.038669948322063647e+03
2.029152691091137740e+03
2.201731484336633002e+03
2.188777218460630593e+03
2.163016075158519016e+03
1.753111662955427846e+03
2.033382330576682307e+03
1.751171221951521147e+03
1.974327379983505580e+03
2.416009035703792051e+03
2.273512470415565076e+03
1.442858915483333476e+03
1.787420490742050106e+03
2.536330054240853769e+03
2.325383302535845814e+03
1.129955258324175020e+03
1.894044659364090876e+03
2.405280371442388514e+03
2.290258596729220244e+03
1.617844590211250534e+03
2.529306911480458439e+03
2.161693023321068267e+03
1.877605317773379738e+03
1.517586228946702931e+03
1.833155227773458364e+03
2.761565362193300189e+03
2.632628138579860206e+03
1.839537735765474054e+03
1.204496639984690546e+03
2.110864734155178212e+03
2.629546698497035777e+03
2.010042619943494856e+03
1.449314505316538998e+03
2.155484502057994177e+03
1.818361827858375818e+03
1.740974924284924782e+03
2.075689093051232248e+03
3.132610483737943923e+03
1.834088734141524355e+03
1.579549964880133302e+03
2.057004975095702775e+03
2.042650010506196168e+03
2.584452429994926661e+03
1.882902911046464624e+03
1.745181754378186497e+03
1.928904690633770542e+03
2.476876252332888726e+03
2.221074225304113043e+03
1.643290231111157482e+03
1.547061219410845524e+03
2.147770958968439118e+03
2.451075000845596605e+03
2.426746752742261833e+03
1.465047668359804447e+03
1.456186097748894554e+03
1.610964527856451696e+03
2.884879863502219905e+03
3.150424375605878140e+03
1.328391110776797404e+03
-1.520402847139762628e+02
3.701033769558674521e+03
4.011802168404392887e+03
3.828707716538611550e+01
2.535920314385979509e+03
1.914203453782714405e+03
2.656186059445817591e+03
1.654650564778349690e+03
1.508281037251425005e+03
2.785091927908231355e+03
7.447828597232492029e+02
3.232146504708995508e+03
3.226654673079271163e+01
1.937707504131364885e+03
2.514434015261729201e+03
7.702743843938156942e+02
2.071264767346966892e+03
2.737400753054329925e+03
1.488883044165853789e+03
1.784460928352460542e+03
1.979291243941528364e+03
2.056577218887165600e+03
1.898422928323460837e+03
1.984354652314969599e+03
2.037221047858138945e+03
2.230862370070653924e+03
2.091585971130498365e+03
1.869437255984834110e+03
1.951347014208215114e+03
2.223026235959248879e+03
2.346040376017309427e+03
1.870383574706516811e+03
1.804820844042726094e+03
2.013132547624817789e+03
2.715207789988220156e+03
2.137035289275504965e+03
1.667288105902288407e+03
1.537098040635527695e+03
2.298154636287423727e+03
2.386303642813286388e+03
1.636208147132176464e+03
1.648022215270045081e+03
2.250622886650271084e+03
2.223496689318129484e+03
2.490884288148678934e+03
1.883071698831149888e+03
1.819380480591597234e+03
1.829744083014026728e+03
2.276056485849489491e+03
2.004853429802139999e+03
1.974156833056692903e+03
2.800611677432743818e+03
1.463491540956136078e+03
1.409889456603498957e+03
1.648053258425390140e+03
2.783568835595579458e+03
1.774000266193103926e+03
