1.823049023083593511e+03
1.548361926330418328e+03
1.593068695756194984e+03
1.855804808881421422e+03
1.973695142135855122e+03
1.918089853899814671e+03
2.168821090405984705e+03
1.918868105646042068e+03
1.563097008950627242e+03
1.885195249717982506e+03
1.845141675476148293e+03
9.507691677340802698e+02
1.503332177387732372e+03
1.604913260007330791e+03
1.778701880679479018e+03
2.027234282859848008e+03
2.190410339827452390e+03
2.189110250039896528e+03
1.853591507754949134e+03
2.125281727812247937e+03
2.001769596898117697e+03
1.675318712469589400e+03
1.849500009382401231e+03
1.659001456897796743e+03
1.800073015990249360e+03
1.924771855662566395e+03
1.841555626142812798e+03
1.966231258186584228e+03
2.333770515465058452e+03
1.596835626356811645e+03
1.856127723784408317e+03
1.855356258523200495e+03
1.359089995184362806e+03
1.801055285716574645e+03
2.181535474401540796e+03
2.090164388521843193e+03
1.886278924332010547e+03
2.036480637146351455e+03
1.612369930693329025e+03
1.353168681954511385e+03
1.842593919055940432e+03
1.875611034936723172e+03
1.894323112828894864e+03
2.000672948373369991e+03
1.673654072840192612e+03
1.836328830456921196e+03
2.028744675993717465e+03
1.889479290591907102e+03
2.386663659276861836e+03
2.285038857099631514e+03
1.852684730801809792e+03
1.953365977603823694e+03
1.608482217270608544e+03
1.524816811968585171e+03
1.967215091175820817e+03
2.045046609868448741e+03
1.915407654707493975e+03
2.034199719953113345e+03
1.869509080041560310e+03
1.561901435872246338e+03
1.793804494761704518e+03
2.145922418657390608e+03
1.899152717061807834e+03
2.091828323297908355e+03
1.984516462492287474e+03
1.654183583466164237e+03
1.627018794491178141e+03
1.954560742501961158e+03
1.970896942297685655e+03
1.848335722084329291e+03
2.255123428844841783e+03
2.072668876416899366e+03
1.514898942931771899e+03
1.747418560746241155e+03
1.738970484028750207e+03
1.384821059713984823e+03
2.006220954826956358e+03
2.354139474956897175e+03
2.000888637971414482e+03
1.713549757131633214e+03
1.841981093081577228e+03
1.586022992040865574e+03
1.482990504508710956e+03
2.107117616486479164e+03
2.223975136833204942e+03
1.992236712294653671e+03
1.614789002781087447e+03
1.621280204991674054e+03
1.998299792436291000e+03
1.945519137888493560e+03
2.118147451227156580e+03
1.894441634840378583e+03
1.761130474320654912e+03
1.998384868128739527e+03
1.937747172125499901e+03
1.776487266154856343e+03
2.003716916291591588e+03
1.869338329898273741e+03
2.051442923508325748e+03
1.656464448979664212e+03
2.063771405285631317e+03
3.172975248485254269e+03
7.975154039453864243e+02
9.463337207945896807e+02
1.280975121096673547e+03
1.182411634263885162e+03
1.285537758661256703e+03
1.925919274859143343e+03
1.907363920766614456e+03
2.500718866977382731e+03
1.635685022002967344e+03
1.791127955577904913e+03
1.640386392787857631e+03
1.902997855053440389e+03
2.230055213581741555e+03
1.492760301873008984e+03
2.283056380644031378e+03
1.794928023429730274e+03
1.955241606436895381e+03
1.848651444727330727e+03
1.942878978076058502e+03
1.764915339066078786e+03
1.909736244999464816e+03
1.877131652296282027e+03
1.928693146536492350e+03
2.185357025098564009e+03
1.942536719636469570e+03
1.773745667089923018e+03
1.745670396229297012e+03
1.730447041173690877e+03
1.721124734357332500e+03
1.572134815978986808e+03
1.911213529652225589e+03
2.048140815037986158e+03
2.006079232055099055e+03
2.016067939741167720e+03
2.179893523921214637e+03
1.920141628368719239e+03
1.569114325594573074e+03
1.806406870135907411e+03
1.627836681502078818e+03
1.436094770369840489e+03
1.851661281472162727e+03
1.940848710149813087e+03
2.016964916933348150e+03
1.984831607886242637e+03
1.929235251069334026e+03
1.768111364544223306e+03
1.785854808058570597e+03
2.128471638115919632e+03
2.095823615751230591e+03
2.060766784331174676e+03
2.084504997909968552e+03
1.944772835552964352e+03
1.802815010100568088e+03
1.602441741238187205e+03
1.852211813357823985e+03
1.880112077545680904e+03
1.751545141861042111e+03
2.015776244344575161e+03
1.916780314195137407e+03
1.792061537756779899e+03
1.547556886727668143e+03
1.790454233926816187e+03
1.667282160488140107e+03
1.555369430589945978e+03
1.895938186190930992e+03
2.054358771857314878e+03
2.006860223733156090e+03
2.082248839902717918e+03
1.750003236669283524e+03
1.645034825683278314e+03
1.840488620908816301e+03
1.946672456442902558e+03
1.930463778695479732e+03
2.045070413059040447e+03
2.157784002238149242e+03
2.134735571686478124e+03
1.930801825594563525e+03
1.656205521024719246e+03
1.649150139538157646e+03
1.699438555838133652e+03
1.951347658465283075e+03
1.965421079853577339e+03
2.146042365047295789e+03
2.085190748629392147e+03
2.042770379489252264e+03
1.911526483420202339e+03
1.807847573170650321e+03
1.645014998124867134e+03
1.743462681076114450e+03
1.891684531459556410e+03
1.768747044622133899e+03
1.660131921319253024e+03
1.668651447013593497e+03
1.938671839622921425e+03
1.919095076627591880e+03
1.855379018317364398e+03
1.877062304776354495e+03
1.932560900352009639e+03
1.833901835734001679e+03
1.964205081304876330e+03
1.942283784121064855e+03
1.915871156461835199e+03
1.858242153297256209e+03
2.126197416634786350e+03
2.056253877448140429e+03
1.819975557327367369e+03
1.718802353165812065e+03
1.778514831895783345e+03
1.735877315634517345e+03
1.745814188083576482e+03
1.903677921995137694e+03
1.908960066120654346e+03
1.710704747558687131e+03
1.882410947811530377e+03
1.802574206965090298e+03
1.778734401905214554e+03
1.990510355875879895e+03
2.103356897627881608e+03
2.133409019295275357e+03
1.916009947417293233e+03
2.112698207972785895e+03
1.826220564289073536e+03
1.492205463743579230e+03
1.687433283982320290e+03
1.603125566399324271e+03
3.134932684529288508e+03
1.415050947641832863e+03
1.936930188749250419e+03
2.181578121583584107e+03
1.839471212940574105e+03
1.647862998510472607e+03
1.194778376139253169e+03
1.901653282309781389e+03
2.740911382278518886e+03
1.717038118873560052e+03
2.140476361955635184e+03
1.935844976709233151e+03
1.951814878756907092e+03
2.181172146963598607e+03
1.654518882581556682e+03
1.886203528674449899e+03
1.857491415974373240e+03
2.173145465323621011e+03
2.054833084254781625e+03
1.817601942254435926e+03
1.884325383524527297e+03
1.758255368321830701e+03
1.775334429038853841e+03
1.993020732199492613e+03
1.878283120827348739e+03
1.872815529542343029e+03
1.800537518459725788e+03
1.736733842313007472e+03
1.803081023075624671e+03
2.017058063729233027e+03
2.168945629875756822e+03
2.112289788593724552e+03
2.129917676155624576e+03
1.831679207738645573e+03
1.598851032545376938e+03
1.821634708328051374e+03
1.841223401842474459e+03
1.906570216843310618e+03
2.190226758432968381e+03
2.120485972916645551e+03
1.687431869330838708e+03
1.768953820432932844e+03
1.770360406457841236e+03
1.600374764165050010e+03
1.596316442371143467e+03
1.955572172791174353e+03
1.929181471972371355e+03
1.890425207697319593e+03
1.963189301737569622e+03
1.865354862783852923e+03
1.819067145671875323e+03
1.921761918885417799e+03
1.956088292820704055e+03
1.907428263873383912e+03
2.002386521281761134e+03
2.101453894534251504e+03
2.067589313427710749e+03
