2.169661018809104462e+03
1.450487370648622573e+03
2.266117964023284912e+03
1.490808140114385878e+03
1.845809225733949916e+03
1.986867572498549862e+03
1.531625108318951334e+03
2.286003161518338402e+03
1.178022073630495925e+03
2.039001959048307981e+03
1.556212616038915257e+03
1.953805178554167469e+03
2.254500791411551290e+03
1.599906395184760640e+03
2.483188894454933234e+03
1.434458489640766857e+03
2.264319513856595222e+03
1.910779939878840651e+03
2.040698069143700650e+03
2.574707873102408030e+03
1.673720940921001102e+03
2.445500013949809727e+03
1.565235532156629688e+03
2.367725736839871843e+03
2.178230578657947717e+03
2.114768097374895660e+03
2.690924315840949021e+03
1.675477542865784017e+03
2.457187358946698168e+03
1.623971486999801982e+03
2.112660187373423469e+03
2.140499484280816887e+03
1.914957369932573329e+03
2.520052592516297409e+03
1.323184298964263235e+03
2.305777877291746336e+03
1.666258508955776961e+03
2.040685059726344889e+03
2.222039020420242650e+03
1.942269049629854862e+03
2.533472418325508443e+03
1.724987670817240996e+03
2.429630913385276926e+03
1.628381823474028351e+03
1.677121479175369359e+03
2.296834167724418421e+03
1.939983930029103249e+03
2.780298005221373842e+03
1.268147308065927973e+03
2.311526407606776957e+03
2.021271353470868235e+03
2.131615684876473097e+03
2.549676460976264025e+03
1.068976262660099110e+03
2.927824779070238492e+03
1.458267072383946697e+03
2.688495258247111906e+03
2.188007247317051679e+03
2.067015434949578321e+03
2.457651821614969776e+03
1.596033620473278688e+03
2.254966591849927681e+03
1.395631869010287119e+03
2.171867374076614851e+03
2.305630408507614447e+03
1.906235971335588147e+03
2.536774698786040517e+03
1.734411674807799500e+03
2.498218825534992902e+03
1.700286247361312007e+03
2.397898620915272204e+03
2.451168979752141240e+03
1.747492144517463203e+03
2.686683877764864974e+03
1.457097017822103453e+03
2.143690805823389383e+03
1.563221060827737347e+03
2.006206121453288915e+03
2.612795331352916946e+03
1.510217231159754419e+03
2.680501488506158239e+03
1.575496565897076380e+03
2.245119666243806023e+03
2.172589313833446795e+03
2.041950747944568775e+03
2.407307550431880827e+03
1.689940382603083208e+03
2.403986974806527542e+03
1.332406404211706558e+03
2.145956357738829865e+03
2.130577497043863332e+03
1.818409553827753371e+03
2.382407862254515294e+03
1.639137933645005432e+03
2.357467683668699920e+03
1.538311857810362426e+03
2.227035921652352499e+03
2.438474588199068421e+03
2.053897856074981974e+03
3.739453549727716108e+03
7.937102166155679015e+02
3.122519876646582361e+03
1.745340217437472120e+03
1.371416509988402822e+03
2.655679710025898657e+03
1.814162488245394343e+03
1.788695275481531098e+03
2.227483682629859231e+03
1.551488214778432393e+03
2.170292167365070327e+03
1.853495932969488877e+03
1.856237281333277224e+03
2.110462652423412237e+03
1.964509907082291420e+03
2.312106088549865490e+03
2.027675283814259728e+03
1.608622093939734896e+03
2.229765921278923997e+03
2.455691701663097774e+03
1.933850877352357884e+03
2.308984646884793165e+03
1.523103485972417957e+03
2.072646468441751495e+03
2.101120548493805472e+03
2.014404176866079752e+03
2.427636028953562800e+03
1.749429959118382385e+03
2.396871090868424744e+03
1.674228947777048234e+03
2.032633085864826398e+03
2.134863881166935698e+03
1.863161473041441013e+03
2.458070341391160127e+03
1.526919588186452074e+03
2.146334349570674476e+03
1.711376010874945678e+03
2.218489601551224496e+03
2.706185320402688831e+03
1.860998900684955743e+03
2.568821490978239581e+03
1.614255007079402503e+03
2.470841276469971490e+03
2.185232363631264434e+03
2.160355338388983910e+03
2.630561338627930581e+03
1.723171502296365588e+03
2.655060023293513950e+03
1.629569926984692074e+03
2.175198880428171378e+03
2.063749381233099484e+03
2.077696317166188692e+03
2.405347195526984251e+03
1.471752052609248494e+03
2.113507271278108874e+03
1.414348181944305907e+03
2.069572298102782952e+03
2.091991608446285682e+03
1.689606058277456896e+03
2.671999850932542358e+03
1.705329117907014506e+03
2.441853232213191404e+03
1.879013665778306176e+03
2.156069290526639179e+03
2.351132133995745335e+03
1.640591051115708296e+03
2.427494234894616056e+03
1.392707452746280296e+03
2.190037401373531338e+03
1.635521043050418712e+03
1.898010102855396781e+03
2.594150471242985986e+03
1.603841239352837420e+03
2.274512264878938822e+03
1.850431587178009977e+03
2.100951817677353120e+03
2.279086014726397934e+03
2.262769213754312204e+03
2.541926568154681718e+03
1.757305004966105116e+03
2.478189322010443902e+03
1.628623141017486887e+03
2.013090345984469195e+03
2.007685105365459322e+03
1.932189418306250445e+03
2.367918259892088827e+03
1.689042652816648797e+03
2.495135933665273114e+03
1.723520054825440639e+03
2.170536643667515364e+03
2.340541011151834937e+03
1.841409687209916683e+03
2.393626509510992946e+03
1.427618288701870370e+03
2.228379295726849705e+03
1.444637364229955438e+03
2.059354822430120748e+03
2.395035596927392362e+03
1.759109528752112737e+03
2.699168164491053176e+03
1.686886113579673065e+03
2.365852872894293341e+03
1.833868999840894958e+03
2.052241596650215797e+03
2.532694121136349622e+03
1.533114199325164464e+03
2.468995548303715168e+03
1.304485631634618358e+03
2.532292127355915454e+03
2.087653828147859713e+03
1.880473429424292135e+03
2.492013228916945081e+03
1.376132613584021101e+03
2.485040397325537924e+03
1.487261084095618799e+03
2.276951084711954536e+03
2.223161066474022391e+03
2.013206834537102395e+03
2.810191730762823681e+03
1.537682892134092981e+03
2.316884036121597546e+03
1.365031510248764789e+03
2.267288382244123568e+03
2.201044113553360603e+03
1.856850038030418546e+03
2.400942567387628969e+03
1.459420525833370220e+03
2.522429303355671891e+03
-2.035188507065304364e+01
4.224348668983017888e+03
3.787734238724372062e+03
2.520995190915190506e+03
3.343359982016798767e+03
1.654357832097575965e+03
2.844575700243642586e+03
1.990916319417193336e+03
1.986386518667648033e+03
2.575657643850286149e+03
1.589345222337170526e+03
2.503542403276562709e+03
1.669983119944621194e+03
1.787837819116860373e+03
2.386738483589784209e+03
1.651440774344181136e+03
2.408714848529209121e+03
1.768457009692348947e+03
2.311939224251078031e+03
1.673946683954147375e+03
2.092338596155020241e+03
2.292736975026308301e+03
2.052884663903921592e+03
2.412747054211933573e+03
1.725612964850404296e+03
2.447217550319905513e+03
1.546712153188262391e+03
1.985447987756190059e+03
2.224803280798899323e+03
1.661155358288383923e+03
2.178736303251657318e+03
1.529951258952326270e+03
2.269882578898764677e+03
1.645469605797949725e+03
2.142533787110222875e+03
2.636366542010358899e+03
1.900037082951146203e+03
2.649946892923573159e+03
1.559953980222979908e+03
2.547015583734281790e+03
1.967279526599988685e+03
1.949946976220134275e+03
2.468378623025749221e+03
1.303173887246029153e+03
2.384364513717812315e+03
1.729055307281368869e+03
2.515944520631525393e+03
2.180681847912778267e+03
1.823652927229910802e+03
2.406719036789220809e+03
1.395382038499667487e+03
2.674615525527951831e+03
1.568671527666380371e+03
2.144921816730853607e+03
2.219720484806930017e+03
1.985214150084649418e+03
3.259603361203235181e+03
