2.140452923018956426e+03
1.835931384570288401e+03
2.269013209435654971e+03
2.002471142175428895e+03
1.954345137434801472e+03
2.131225565002140684e+03
1.795066695546594701e+03
2.354236773566727152e+03
1.931611004911326518e+03
2.256276793233928402e+03
2.040386823243177560e+03
1.921253906104379666e+03
2.273951431521391441e+03
1.936172304193898299e+03
2.404066880965763630e+03
1.933448820500821967e+03
2.177551953686387151e+03
2.152958205784579604e+03
1.874556881500609279e+03
2.159838760386510330e+03
1.754986851093218775e+03
2.398845682587606916e+03
1.949903129379496477e+03
2.099855351160974351e+03
2.024171996316924606e+03
1.857238937437022969e+03
2.248821144477265079e+03
1.846612065744711572e+03
2.228046632853925530e+03
1.949774817315681730e+03
2.023421949198733955e+03
2.063104686051092813e+03
1.740494054110771231e+03
2.242350615489400298e+03
1.892388441431407045e+03
2.348456991718830068e+03
1.985326457802450932e+03
1.921566455460111911e+03
2.084098395728233299e+03
1.979537232371955952e+03
2.092915378749956290e+03
1.918324989688471760e+03
2.204485622735464403e+03
1.999207023149819406e+03
1.908113214422902274e+03
2.144452706388444767e+03
1.865557753783819180e+03
2.334802165739595239e+03
1.918646769279732780e+03
2.107425800412291665e+03
2.094042487088372582e+03
1.808194516535329967e+03
2.158270817387793159e+03
1.749256383052442743e+03
2.265005502062111646e+03
1.949750470257569532e+03
2.036006838134622285e+03
1.974617830513418539e+03
1.727011684184877595e+03
2.274036667787783244e+03
1.777088963137590099e+03
2.265131854078364540e+03
1.854730959961964572e+03
1.993539928324156563e+03
2.095469293089337498e+03
1.730599778012686784e+03
2.251046846876458403e+03
1.863408505369560771e+03
2.418799349339798482e+03
2.038579351600582868e+03
1.933590602137613587e+03
2.133705595971131515e+03
1.874720645918648643e+03
2.441667539551864593e+03
1.870393236288927710e+03
2.180557996188640118e+03
2.035335688891541395e+03
1.938093435579826973e+03
2.242031745988052990e+03
1.807467484006325321e+03
2.405442112106597961e+03
1.864484496852898928e+03
2.168877419702344014e+03
2.010897464976023912e+03
1.768513443765852571e+03
2.168890069617646986e+03
1.751991108283105405e+03
2.417863852028370729e+03
1.955165052660788888e+03
2.081351436273274885e+03
2.062923752058045466e+03
1.872354391379557228e+03
2.387262895793136067e+03
1.871536332084256401e+03
2.351184191127229496e+03
1.932853245029335540e+03
2.055966666738065669e+03
2.155788471840365673e+03
1.755999960964229331e+03
1.913933100298406998e+03
2.598979025794792051e+03
1.538322902064134951e+03
2.055474023411974031e+03
1.484652572032534863e+03
2.539809863430575660e+03
2.229572214137441279e+03
1.761118829663407951e+03
2.317492111138018572e+03
2.016660736737012712e+03
2.225515944037039844e+03
1.832457344762607363e+03
2.365976681486620237e+03
2.258037995852697804e+03
2.069366196063961979e+03
2.284204500800947244e+03
2.070121305008824038e+03
1.990937663310280868e+03
2.233888303889483723e+03
1.915450458057631067e+03
2.132914189235135382e+03
2.302470810010559489e+03
1.971922961269991220e+03
2.049704118440670754e+03
2.000558925612303256e+03
1.619960887683940200e+03
2.214857042513708620e+03
1.745360093086655297e+03
2.389047146974548468e+03
2.035368311558028381e+03
2.013907422550197225e+03
2.269861713412573863e+03
1.890334811639454529e+03
2.481709938751256686e+03
1.943424096898728067e+03
2.281579218886206036e+03
1.895646519517449406e+03
1.698510564020820993e+03
2.067044435543093186e+03
1.671269730425541866e+03
2.235520271939577924e+03
1.754830239971384572e+03
2.148458466115485407e+03
1.983981510897389171e+03
1.737929759601714068e+03
2.203595798318074230e+03
1.734081730338539273e+03
2.382064395115133721e+03
1.857744077250235250e+03
2.081851098285847911e+03
2.064122398808574872e+03
1.825686333925172221e+03
2.275210899887726100e+03
1.937509007245080966e+03
2.417059324596450097e+03
2.036708203958145077e+03
2.085964211670868281e+03
2.179302415916168684e+03
1.836209919078319444e+03
2.307423687947753024e+03
1.913974566869096634e+03
2.291691894595335270e+03
2.032448365354965517e+03
1.974755953653182587e+03
2.131715786143391597e+03
1.825459109155402530e+03
2.270185824454865724e+03
1.858171158996710801e+03
2.141280475989181014e+03
1.930817466479064706e+03
1.854737104971487042e+03
2.133528241279512713e+03
1.810047705058120073e+03
2.318063794196640174e+03
1.925787177385282575e+03
2.176714576925583970e+03
2.074151174984558565e+03
1.873008411850167931e+03
2.148921729541944387e+03
1.848621558693947463e+03
2.296088682839229023e+03
1.918226868272215825e+03
2.032026347773373573e+03
2.041238091037064805e+03
1.797804784348433259e+03
2.238311861798549671e+03
1.831332731911494648e+03
2.307344908534810656e+03
1.995680890494881169e+03
2.024837400403874426e+03
2.138447117377184441e+03
1.839205330533701726e+03
2.296535472188207677e+03
1.966260431750370117e+03
2.336605231511824513e+03
2.020534275051493523e+03
1.993504623350397424e+03
2.176635599534817175e+03
1.825798800902477979e+03
2.286338480943804825e+03
1.898113287265530971e+03
2.189171588615486144e+03
1.946892351232716237e+03
1.826471118993075606e+03
2.091977524327978244e+03
1.751184407317265595e+03
2.240304789574638562e+03
1.887218977428535027e+03
2.107411014027407873e+03
2.047451761200896726e+03
1.893516831207745099e+03
2.272916689397603477e+03
1.930242967963759838e+03
2.411475945029961167e+03
1.959511995189642903e+03
2.076091637167471617e+03
2.111940884308547993e+03
1.759580392834684744e+03
2.232247261711268038e+03
1.766068003755397740e+03
2.188132779832931192e+03
1.932568542845199772e+03
1.920990985425716190e+03
2.058988930366353998e+03
1.701615290395700413e+03
2.827157948322365428e+03
2.036944649678802534e+03
1.289541920356718492e+03
1.918782376310375867e+03
1.444222487105048458e+03
2.141059392114936600e+03
1.475282381576336093e+03
2.398403853560980679e+03
1.728196964862253253e+03
2.343781359153012090e+03
2.064619994316802149e+03
1.764703857696219302e+03
2.202697763728434438e+03
1.783425211692038602e+03
2.343769388881004943e+03
1.944365868177739685e+03
2.023585870197963459e+03
2.146632360967396835e+03
1.834312137934598013e+03
2.275820392866776729e+03
1.458324499408315432e+03
2.222596808103889089e+03
2.211881208383692410e+03
2.207382739110038528e+03
2.194728579014148636e+03
1.804887780182645429e+03
2.312433218709047651e+03
1.792189582874566895e+03
2.339334025082916924e+03
1.946379180694220395e+03
1.926911451404037052e+03
2.114628639917680630e+03
1.839173464960481169e+03
2.390886603730260504e+03
1.835524033371505084e+03
2.250297657439525665e+03
2.002537719558824847e+03
1.799969284669818308e+03
2.147880961898905753e+03
1.720886138067052798e+03
2.364184443719628234e+03
1.817086677885741437e+03
2.186012592503498581e+03
1.999699095735269793e+03
1.786232656087011947e+03
2.258103950242382780e+03
1.781830356224294064e+03
2.384765658546690702e+03
1.925240906398396646e+03
2.142327346359651983e+03
2.148796099011797196e+03
1.903626402787209145e+03
2.343471836850949330e+03
1.886424129747778352e+03
2.437567650632842287e+03
2.006895255005809531e+03
2.044346199419915592e+03
2.151051807683038987e+03
1.833012368080491115e+03
2.348964553962807258e+03
