2.008745546921670893e+03
2.196357796085950667e+03
2.044765769945576267e+03
2.109116732964867879e+03
2.023168901647969506e+03
1.965197671367066960e+03
2.064618822721972720e+03
1.943647332789184247e+03
2.246213056266196418e+03
2.048737543313503920e+03
2.068586334510777306e+03
2.037832162887055347e+03
1.934311738654042983e+03
2.235788207699380109e+03
1.910039801694846119e+03
2.217140417970589624e+03
2.054076209137431306e+03
2.070862985114689764e+03
2.048391354614594093e+03
1.949145500242771959e+03
2.226971147610207026e+03
1.879839065619162966e+03
2.268511067778393681e+03
1.958393208436267059e+03
1.992679547226897057e+03
2.153736522867451185e+03
1.909054485401255988e+03
2.210576188399515559e+03
1.850326657392019342e+03
2.180940311238183313e+03
2.081151188710840870e+03
1.956282858667917708e+03
2.088588773250076883e+03
1.958151031465716642e+03
2.210590784516420172e+03
1.950591546576954443e+03
2.149302043330541892e+03
2.081810348094544224e+03
2.006663528904820623e+03
2.144519312831259867e+03
1.931831692694900312e+03
2.231683774049915883e+03
1.917853635189453598e+03
2.152545727178651759e+03
2.111204478937177100e+03
1.929211899928625598e+03
2.157493164649874871e+03
1.950200571231629056e+03
2.231368671104112764e+03
2.028507641427572707e+03
1.969608680205353494e+03
2.073966426982026405e+03
2.038420716683045612e+03
2.136500019834237264e+03
1.948878769612540282e+03
2.247257958986270296e+03
1.960984079887689632e+03
2.016224153866414554e+03
2.092623917047033956e+03
2.014019297295723163e+03
2.240265776108886257e+03
1.939518010293139923e+03
2.164135792009548823e+03
2.059897989391145984e+03
1.953488918858348825e+03
2.092913325587679537e+03
1.982615262787810479e+03
2.197013077591315778e+03
1.961509199071659395e+03
2.124187139162030689e+03
2.072593872264055335e+03
1.967358645752991833e+03
2.132862465334298577e+03
1.976041577982522995e+03
2.208086580965604298e+03
1.957911077241767998e+03
2.052678598040079578e+03
2.047189294723666535e+03
1.902715511587013225e+03
2.153701493478902648e+03
1.969163109291666615e+03
2.187587316198536428e+03
1.967989460446296789e+03
2.002339691523043257e+03
2.186998645535177729e+03
1.967786312705713954e+03
2.176844896759079802e+03
1.951546265684237369e+03
2.187605314762740818e+03
2.078638213155082667e+03
2.036802411792106795e+03
2.051701821959200515e+03
2.017499989988669540e+03
2.267238605882460433e+03
1.919448080094431134e+03
2.066529965454604280e+03
2.071798449598014486e+03
2.118684401118166079e+03
2.067611062232434961e+03
1.891431302267898673e+03
2.247726759473400762e+03
2.094204037311164484e+03
2.003517837327728785e+03
2.135878172378541876e+03
1.949037120463438214e+03
2.172147345954221237e+03
1.907998403299402980e+03
2.238784669403368298e+03
2.011912315079077416e+03
2.227643427148522733e+03
1.982437583613365177e+03
1.969109946652786448e+03
2.158932901641327589e+03
1.993774993220456281e+03
2.218156823124989842e+03
2.043727192681932593e+03
2.025700245108426998e+03
2.089845374321174404e+03
1.931801273574081506e+03
2.267919832367530034e+03
1.985805410424900401e+03
2.178971514130505511e+03
2.056885273504044562e+03
1.968125199425175651e+03
2.173809667892944617e+03
1.996865766794121100e+03
2.189223588669417950e+03
2.091893324570404729e+03
2.171150797363385209e+03
2.069410816857197005e+03
1.965435546645999693e+03
2.124213411151181845e+03
1.974788881097927288e+03
2.225672588685085884e+03
2.018614714113814671e+03
2.163054144252238075e+03
2.126310910011791748e+03
1.910627337381233019e+03
2.346830303737068334e+03
2.024488425473666894e+03
2.201655018947602912e+03
2.005059713330605746e+03
2.079891749523220824e+03
2.091615224880221831e+03
2.013897521258063989e+03
2.255723108714160389e+03
2.005008019191415542e+03
2.223277834508334763e+03
2.059359998311299478e+03
2.107512851424333803e+03
2.132562844945312008e+03
2.005592022096214123e+03
2.144038824937008940e+03
2.002925267749094246e+03
2.207102170282738825e+03
2.149453514987460949e+03
2.092657693142411972e+03
2.027856620559915655e+03
2.095403800334761854e+03
2.271834945289351708e+03
2.036984383613875025e+03
2.195926404926044142e+03
2.104998839614895587e+03
1.988967685196050752e+03
2.166276425296969137e+03
2.024217843390886401e+03
2.224024887730246519e+03
2.082082774217115912e+03
2.072614763717472215e+03
2.186950440421460371e+03
1.930109829322712130e+03
2.042547906059718571e+03
1.998173810170758543e+03
2.341096215089669840e+03
1.895273813600599169e+03
2.053497595805235051e+03
2.053979405541841970e+03
2.051897746726043351e+03
2.168179674143580542e+03
2.025115239070063353e+03
2.203008389694119160e+03
2.152449384085947713e+03
2.005287166423054032e+03
2.044291350396316375e+03
1.922510123426221298e+03
2.231459670808933879e+03
1.946816528227200934e+03
2.149062178610734918e+03
2.136531986018911994e+03
2.000967404116415310e+03
2.141358225823221346e+03
1.880413634634183609e+03
2.319639161595526730e+03
1.958004203244018981e+03
2.220151318623663883e+03
2.126141176926245407e+03
2.003467397765803071e+03
2.165682491000526170e+03
1.872591791318177684e+03
2.230456367147218316e+03
2.028259555158821968e+03
2.066856624424583970e+03
2.060761866948803345e+03
2.037290693620778711e+03
2.169119896622659780e+03
1.955723886892940754e+03
2.171370878932046253e+03
2.062538910076299544e+03
2.136958794275876699e+03
2.144201960030889495e+03
1.952547924869224744e+03
2.231067697235112519e+03
2.009650138770019566e+03
2.366236795351094770e+03
2.040571944468885931e+03
1.954795675019744294e+03
2.109867398038646570e+03
1.924748240216687918e+03
2.209288006766357285e+03
2.065964073419472243e+03
2.189807127573456455e+03
2.039169651203359535e+03
2.050587020621811007e+03
2.141742895778904767e+03
1.963750706169813384e+03
2.149021640744091201e+03
1.975294409877595399e+03
2.218448513638909844e+03
2.066761781063487433e+03
1.853089204998729429e+03
2.167546142177741331e+03
2.062010596606608033e+03
2.205865069200277958e+03
2.005398763447952888e+03
1.987496509640865042e+03
2.203717375299559535e+03
1.874133727302373018e+03
2.210255353256340641e+03
1.935719915741858586e+03
2.287184841462296845e+03
2.091973822870058484e+03
1.969076885163415454e+03
2.155561139321499468e+03
1.933527089851298115e+03
2.201372929533989009e+03
2.023014508588505578e+03
2.222091624763987966e+03
1.968359344000833062e+03
2.043838125756187310e+03
2.155804086379129330e+03
1.873737421352300771e+03
2.088061183137960143e+03
2.042677554592806473e+03
2.127998015909040532e+03
2.014366511400882473e+03
2.012329628148518850e+03
2.135277015814303013e+03
2.007649606464743556e+03
2.140617607590069383e+03
2.061661611687384266e+03
2.123627830253438333e+03
2.041827374156566748e+03
1.885798834000706165e+03
2.266114706706102425e+03
1.953694710360117824e+03
2.204902337133592027e+03
1.982823943402610666e+03
2.154371352237646533e+03
2.072415699345372104e+03
1.899006258641411478e+03
2.138115593443351372e+03
2.005041146462927600e+03
2.221408185938967563e+03
2.016552682784329136e+03
2.040848224259819517e+03
2.098330254055599198e+03
1.953713135873333613e+03
2.314098825341432530e+03
1.925133729531013614e+03
2.219552431245891512e+03
2.203473357642179053e+03
1.923470211013591324e+03
2.138694496536522820e+03
1.940247719148348096e+03
