1.922287685848443061e+03
3.041028089125337829e+03
2.133872309784389472e+03
3.009506808105517393e+03
2.128274832005518874e+03
2.243297167515454021e+03
2.645591646422772101e+03
1.655889051085898473e+03
1.928095954055210996e+03
1.459083234043369885e+03
1.905550473451733751e+03
1.360244068761132894e+03
1.525939930579452948e+03
1.866603022266367134e+03
1.478656757978838414e+03
1.956211357845412749e+03
1.726467935825457289e+03
2.166178451440295703e+03
1.988899263139102459e+03
1.863668284696944966e+03
2.300007189029279743e+03
1.986187021013618050e+03
2.329778323817541150e+03
1.986910753300017632e+03
2.331574023434314768e+03
2.362381665174059890e+03
2.232491316492076749e+03
2.734996255260537509e+03
2.012838546686663221e+03
2.304963115286481752e+03
1.878732389315807268e+03
2.199629923520153170e+03
1.932176169045566439e+03
1.450851320605604997e+03
1.828087319807137419e+03
1.095080727027656394e+03
2.037246883817040271e+03
1.798082086955694649e+03
1.914220432775328618e+03
2.033219466499532473e+03
1.585982453060198395e+03
2.012685726348880053e+03
1.398611662218386982e+03
2.007858355305314490e+03
1.974968827516204101e+03
1.931033866178637027e+03
2.272228186834159715e+03
1.847127946807694798e+03
2.211644983162632343e+03
1.632042773463306048e+03
2.035112891664531617e+03
1.838484954923639407e+03
1.748920918330149107e+03
2.142102054588509873e+03
1.486085493732651685e+03
1.804039149247618980e+03
1.308457668467004396e+03
1.662872786039247785e+03
1.757000095855201153e+03
1.845413949478625909e+03
2.357713320459525676e+03
1.592660777768258185e+03
2.107882346805049565e+03
1.466979443558866024e+03
1.985656768953786923e+03
2.186804592781347310e+03
1.758927273972791227e+03
2.433760101477259468e+03
1.749892011307299526e+03
2.076953004430344663e+03
1.805279046567957266e+03
2.020197563524559882e+03
1.915984598506773636e+03
1.416658015057837474e+03
2.242104643626617417e+03
1.477954192590646699e+03
1.954416536937885439e+03
2.139919461478211360e+03
2.272734728225369054e+03
2.337531171562208783e+03
2.015583321473922979e+03
2.541449895387834658e+03
1.420044604971963736e+03
2.116640108938309368e+03
2.267518926731824649e+03
2.003288955853728794e+03
2.564292369453894025e+03
1.823927954343939973e+03
2.193366519686976517e+03
1.734180946059373809e+03
1.982984015170176917e+03
1.781548778376494056e+03
1.704225801502600916e+03
2.246495852558260594e+03
1.420932738020094575e+03
2.152490071140017790e+03
1.821128495945212308e+03
1.862502948690962967e+03
2.109192872609352435e+03
9.396712648810913606e+02
4.005804391816946463e+03
2.658092671640788922e+03
2.630947675883438933e+03
2.223978343827726803e+03
1.815521933684926353e+03
2.318381863243429962e+03
2.124234042724795472e+03
2.232380089635901186e+03
2.183659631178249128e+03
2.694794726175085543e+03
2.119863692117968640e+03
2.378341471352039207e+03
2.735588143203537584e+03
1.682668385400097350e+03
2.324988779327215525e+03
1.686040094408995401e+03
2.436102258514042660e+03
2.007543645558065691e+03
2.793038716573992588e+03
3.753327792258039153e+03
1.410456398314908483e+03
2.245659204856995984e+03
1.635861227033798514e+03
1.967364006687423171e+03
2.171573224372410550e+03
2.133690597215705111e+03
2.312476550340480571e+03
1.742077356433789873e+03
2.608300161919993570e+03
2.280402155212276284e+03
2.214815343483603101e+03
2.505567898086337209e+03
2.100318354174474280e+03
2.258026941320070364e+03
1.615669757549356973e+03
2.341025630906024162e+03
1.760207669210717995e+03
1.697091721143146970e+03
2.424042364763576188e+03
1.683490400028186741e+03
1.989209703089307141e+03
1.422174560224200150e+03
2.112097931435976989e+03
1.819641336045599928e+03
1.602941004279379058e+03
2.040381801821769159e+03
1.481147339651660104e+03
1.766171884938842595e+03
1.734715707123768652e+03
2.014681272465814800e+03
1.910033766392665257e+03
1.938540064612281185e+03
2.176537084549630436e+03
1.638548264370804418e+03
1.880458085744558502e+03
1.685491562931074441e+03
1.793739413618973231e+03
1.872193871992103823e+03
1.700850140225157929e+03
2.020844256119936745e+03
1.509171923988174285e+03
1.964002242591574941e+03
1.959285643339116177e+03
1.876232164409300594e+03
2.020040824327415066e+03
1.634307574420819947e+03
1.636876200033932491e+03
1.251886392131878893e+03
2.067025515413450194e+03
1.878482976466740865e+03
1.995694526767722209e+03
2.409922253236002234e+03
1.900527409571507860e+03
2.348987804250344197e+03
1.605871265152831938e+03
2.000052898320645454e+03
2.141779798655943978e+03
1.993934312812312555e+03
2.294484396517333607e+03
1.802627511575269409e+03
2.553465176330957092e+03
1.707225580782784618e+03
2.283792811303396775e+03
2.634549502705990108e+03
2.260358958605658245e+03
2.576966023670249797e+03
1.914934162692039536e+03
2.674964412402644029e+03
1.780413570659959305e+03
2.108360029119104638e+03
2.224646792819126858e+03
1.521624525875573909e+03
2.038678842701382337e+03
1.456535242935995939e+03
2.117238256840886152e+03
1.851846574073358170e+03
1.877970372132917191e+03
2.248729625781048526e+03
1.715941109742384924e+03
1.974830283408654850e+03
1.306932274425741070e+03
1.978443750791387174e+03
1.740607552725221012e+03
1.465446133660301030e+03
2.122985994500742891e+03
1.354308110632860462e+03
1.875562819860499076e+03
1.406726462661908272e+03
2.019220577187065828e+03
2.077452588552287580e+03
2.067114491946569160e+03
2.689313609766745685e+03
1.982612083293951628e+03
2.453870000281374359e+03
1.769887107767760426e+03
2.178848470407177956e+03
2.097928950195650486e+03
1.540871222535105289e+03
1.966142719888999864e+03
1.283732742587442317e+03
1.751516606000343927e+03
1.376344315483505625e+03
1.935599697536952362e+03
4.826437290016747852e+02
2.012090752743895791e+03
3.706112951751910259e+03
1.614870660978694332e+03
2.954453454638552103e+03
1.825633546446409582e+03
1.411512145769950166e+03
1.929561285352723644e+03
1.462058905455142849e+03
2.196963977124399207e+03
1.931407765606755220e+03
2.287604898465349379e+03
2.321764434547702876e+03
1.530291976621426102e+03
2.128556359685233474e+03
1.694446258768332882e+03
1.534820058374633390e+03
1.933923234746377602e+03
1.823668230992992221e+03
2.118611054755938767e+03
2.073005245911651400e+03
3.219609892524203588e+03
2.520879116482760310e+03
1.961012194655698977e+03
1.608196107240268248e+03
2.190867848889846755e+03
2.959478394262098846e+03
1.375324181845621524e+03
1.523736502145216718e+03
1.529567738722826334e+03
2.488353927161165302e+03
1.990270805145634313e+03
2.173617115745706542e+03
2.432121278030501344e+03
2.205361727134864850e+03
2.342107653311979902e+03
1.784730770421711441e+03
2.139907726381074554e+03
1.875892478318231497e+03
1.675720554453092063e+03
2.033213013794889321e+03
1.653168464987461448e+03
2.266845605982127381e+03
1.625500283569651401e+03
2.706294450908408635e+03
2.618732034332671446e+03
2.325680049713979770e+03
2.638650414085356715e+03
1.644970306334577117e+03
2.251973492278885715e+03
1.400373354002474571e+03
2.268540341211638861e+03
2.174567292562679086e+03
2.154335950703834897e+03
2.671543453705364300e+03
2.053583477540168587e+03
2.616726997407160525e+03
2.356978380348669816e+03
2.285655837942615562e+03
2.414146575456444225e+03
2.130314435162862992e+03
