4.043242612609351454e+03
-3.694665354151097745e+02
4.159720906098748856e+03
4.032881839344437594e+03
3.864918503928062364e+03
1.958127243851194180e+03
2.025644308148910568e+03
2.024567599849547832e+03
2.024555616134265620e+03
2.024556767159468109e+03
2.024556737680647757e+03
2.024556737842465964e+03
2.024556737858277756e+03
2.024556737857980124e+03
2.024556737857980806e+03
2.024556737857980806e+03
2.024556737857980806e+03
2.024556737857980806e+03
2.024556737857980806e+03
2.024556737857980806e+03
2.024556737857980806e+03
2.024556737857980806e+03
2.024556737857980806e+03
2.024556737857980806e+03
2.024556737857980806e+03
2.024556737857980806e+03
2.024556737857980806e+03
2.024556737857980806e+03
2.024556737857980806e+03
2.024556737857980806e+03
2.024556737857980806e+03
2.024556737857980806e+03
2.024556737857980806e+03
2.024556737857980806e+03
2.024556737857980806e+03
2.024556737857980806e+03
2.024556737857980806e+03
2.024556737857980806e+03
2.024556737857980806e+03
2.024556737857980806e+03
2.024556737857980806e+03
2.024556737857980806e+03
2.024556737857980806e+03
2.024556737857980806e+03
2.024556737857980806e+03
2.024556737857980806e+03
2.024556737857980806e+03
2.024556737857980806e+03
2.024556737857980806e+03
2.024556737857980806e+03
2.024556737857980806e+03
2.024556737857980806e+03
2.024556737857980806e+03
2.024556737857980806e+03
2.024556737857980806e+03
2.024556737857980806e+03
2.024556737857980806e+03
2.024556737857980806e+03
2.024556737857980806e+03
2.024556737857980806e+03
2.024556737857980806e+03
2.024556737857980806e+03
2.024556737857980806e+03
2.024556737857980806e+03
2.024556737857980806e+03
2.024556737857980806e+03
2.024556737857980806e+03
2.024556737857980806e+03
2.024556737857980806e+03
2.024556737857980806e+03
2.024556737857980806e+03
2.024556737857980806e+03
2.024556737857980806e+03
2.024556737857980806e+03
2.024556737857980806e+03
2.024556737857980806e+03
2.024556737857980806e+03
2.024556737857980806e+03
2.024556737857980806e+03
2.024556737857980806e+03
2.024556737857980806e+03
2.024556737857980806e+03
2.024556737857980806e+03
2.024556737857980806e+03
2.024556737857980806e+03
2.024556737857980806e+03
2.024556737857980806e+03
2.024556737857980806e+03
2.024556737857980806e+03
2.024556737857980806e+03
2.024556737857980806e+03
2.024556737857980806e+03
2.024556737857980806e+03
2.024556737857980806e+03
2.024556737857980806e+03
2.024556737857980806e+03
2.024556737857980806e+03
2.024556737857980806e+03
2.024556737857980806e+03
2.024556737857980806e+03
2.024556737857980806e+03
2.024556737857980806e+03
2.024556737857980806e+03
2.024556737857980806e+03
2.024556737857980806e+03
2.024556737857980806e+03
2.024556737857980806e+03
2.024556737857980806e+03
2.024556737857980806e+03
2.024556737857980806e+03
2.024556737857980806e+03
2.024556737857980806e+03
2.024556737857980806e+03
2.024556737857980806e+03
2.024556737857980806e+03
2.024556737857980806e+03
2.024556737857980806e+03
2.024556737857980806e+03
2.024556737857980806e+03
2.024556737857980806e+03
2.024556737857980806e+03
2.024556737857980806e+03
2.024556737857980806e+03
2.024556737857980806e+03
2.024556737857980806e+03
2.024556737857980806e+03
2.024556737857980806e+03
2.024556737857980806e+03
2.024556737857980806e+03
2.024556737857980806e+03
2.024556737857980806e+03
2.024556737857980806e+03
2.024556737857980806e+03
2.024556737857980806e+03
2.024556737857980806e+03
2.024556737857980806e+03
2.024556737857980806e+03
2.024556737857980806e+03
2.024556737857980806e+03
2.024556737857980806e+03
2.024556737857980806e+03
2.024556737857980806e+03
2.024556737857980806e+03
2.024556737857980806e+03
2.024556737857980806e+03
2.024556737857980806e+03
2.024556737857980806e+03
2.024556737857980806e+03
2.024556737857980806e+03
2.024556737857980806e+03
2.024556737857980806e+03
2.024556737857980806e+03
2.024556737857980806e+03
2.024556737857980806e+03
2.024556737857980806e+03
2.024556737857980806e+03
2.024556737857980806e+03
2.024556737857980806e+03
2.024556737857980806e+03
2.024556737857980806e+03
2.024556737857980806e+03
2.024556737857980806e+03
2.024556737857980806e+03
2.024556737857980806e+03
2.024556737857980806e+03
2.024556737857980806e+03
2.024556737857980806e+03
2.024556737857980806e+03
2.024556737857980806e+03
2.024556737857980806e+03
2.024556737857980806e+03
2.024556737857980806e+03
2.024556737857980806e+03
2.024556737857980806e+03
2.024556737857980806e+03
2.024556737857980806e+03
2.024556737857980806e+03
2.024556737857980806e+03
2.024556737857980806e+03
2.024556737857980806e+03
2.024556737857980806e+03
2.024556737857980806e+03
2.024556737857980806e+03
2.024556737857980806e+03
2.024556737857980806e+03
2.024556737857980806e+03
2.024556737857980806e+03
2.024556737857980806e+03
2.024556737857980806e+03
2.024556737857980806e+03
2.024556737857980806e+03
2.024556737857980806e+03
2.024556737857980806e+03
2.024556737857980806e+03
2.024556737857980806e+03
2.024556737857980806e+03
2.024556737857980806e+03
2.024556737857980806e+03
2.024556737857980806e+03
2.024556737857980806e+03
2.024556737857980806e+03
2.024556737857980806e+03
2.024556737857980806e+03
2.024556737857980806e+03
2.024556737857980806e+03
2.024556737857980806e+03
2.024556737857980806e+03
2.024556737857980806e+03
2.024556737857980806e+03
2.024556737857980806e+03
2.024556737857980806e+03
2.024556737857980806e+03
2.024556737857980806e+03
2.024556737857980806e+03
2.024556737857980806e+03
2.024556737857980806e+03
2.024556737857980806e+03
2.024556737857980806e+03
2.024556737857980806e+03
2.024556737857980806e+03
2.024556737857980806e+03
2.024556737857980806e+03
2.024556737857980806e+03
2.024556737857980806e+03
2.024556737857980806e+03
2.024556737857980806e+03
2.024556737857980806e+03
2.024556737857980806e+03
2.024556737857980806e+03
2.024556737857980806e+03
2.024556737857980806e+03
2.024556737857980806e+03
2.024556737857980806e+03
2.024556737857980806e+03
2.024556737857980806e+03
2.024556737857980806e+03
2.024556737857980806e+03
2.024556737857980806e+03
2.024556737857980806e+03
2.024556737857980806e+03
2.024556737857980806e+03
2.024556737857980806e+03
2.024556737857980806e+03
2.024556737857980806e+03
2.024556737857980806e+03
2.024556737857980806e+03
2.024556737857980806e+03
2.024556737857980806e+03
2.024556737857980806e+03
2.024556737857980806e+03
2.024556737857980806e+03
2.024556737857980806e+03
2.024556737857980806e+03
2.024556737857980806e+03
2.024556737857980806e+03
2.024556737857980806e+03
2.024556737857980806e+03
2.024556737857980806e+03
2.024556737857980806e+03
2.024556737857980806e+03
2.024556737857980806e+03
2.024556737857980806e+03
2.024556737857980806e+03
2.024556737857980806e+03
2.024556737857980806e+03
2.024556737857980806e+03
2.024556737857980806e+03
2.024556737857980806e+03
2.024556737857980806e+03
2.024556737857980806e+03
2.024556737857980806e+03
2.024556737857980806e+03
2.024556737857980806e+03
2.024556737857980806e+03
2.024556737857980806e+03
2.024556737857980806e+03
2.024556737857980806e+03
2.024556737857980806e+03
2.024556737857980806e+03
2.024556737857980806e+03
2.024556737857980806e+03
2.024556737857980806e+03
2.024556737857980806e+03
2.024556737857980124e+03
