2.583832747789323093e+03
2.351781869673761321e+03
2.201136512152213072e+03
2.160046169510552772e+03
2.187919859776546218e+03
2.203753182957057106e+03
2.147626190154237975e+03
2.164738196096422143e+03
2.196640863501035255e+03
2.197469924531580091e+03
2.218672341805582164e+03
2.217131045880286365e+03
2.181948219047803377e+03
2.221776998719951735e+03
2.309317683627975384e+03
2.340511301730755804e+03
2.244034567123445413e+03
2.372632032974472168e+03
2.360897385690914234e+03
2.531965173685458012e+03
2.534121614890075307e+03
2.259590604470926337e+03
2.145281190390404390e+03
2.061052790454101341e+03
2.165415104001725922e+03
2.066752511948506708e+03
1.928472510370959753e+03
1.877656290194342546e+03
1.968576827235144947e+03
1.914638434113433050e+03
1.745232278240816186e+03
1.568860144584624095e+03
1.542758320407662495e+03
1.671560612476078177e+03
1.830798451618304398e+03
1.795170698336585929e+03
1.713794158511826708e+03
1.629393731799103307e+03
1.656887246415953769e+03
1.741595327722537832e+03
1.757981309287883505e+03
1.810430930348176616e+03
1.899743487404874486e+03
2.017430224985954737e+03
2.235658103941384070e+03
2.280819707626965737e+03
2.322882808725044470e+03
2.297453269242258557e+03
2.431177660365835891e+03
2.480009712777691220e+03
2.387418660457930855e+03
2.288475599853499716e+03
2.212709315644706749e+03
2.142988395113402930e+03
1.956307650209704661e+03
1.740841238514651423e+03
1.616989741397561829e+03
1.652047304787049143e+03
1.574670290658143358e+03
1.436324999118275855e+03
1.528432352479416522e+03
1.678605486431104737e+03
1.883242804253119857e+03
2.136737453770333559e+03
2.298355400675553028e+03
2.378588238333703430e+03
2.305367685284820254e+03
2.267708209740268558e+03
2.387382964282143803e+03
2.342559154960054911e+03
2.084516795241345335e+03
1.869845216913302465e+03
1.832621720412512786e+03
1.902154093171030127e+03
1.858379700784878878e+03
1.760401695417985366e+03
1.546473818658584150e+03
1.744590693410143103e+03
1.954220778939466754e+03
1.954165786920246774e+03
1.989380972118354975e+03
1.937482386278786862e+03
1.862203625582194718e+03
1.970778898103741540e+03
2.094992871756924615e+03
2.171163097374159406e+03
2.003676618884237769e+03
1.903057049189971394e+03
2.065030741023072551e+03
2.047862966703317170e+03
1.984552292218109869e+03
2.049069150559637364e+03
2.032500458481145870e+03
2.328970223682756114e+03
2.592724042238975926e+03
2.402994573359171682e+03
2.364922363080112063e+03
2.301045400676885038e+03
2.446056524932750563e+03
2.270411861514112388e+03
2.373787650109860351e+03
1.800566948638299891e+03
2.182470922103182602e+03
2.139592198280341108e+03
1.860749741230313475e+03
1.821655262866932389e+03
1.833591335012663649e+03
1.647166356326704999e+03
1.959053336577812388e+03
1.690842854292610582e+03
1.732727704976174891e+03
1.821998621333603751e+03
1.555912745929645098e+03
1.999473325507216032e+03
1.446220699946756895e+03
1.584244495466306944e+03
2.128091804100160971e+03
1.794263111210283341e+03
1.800756580803724319e+03
1.839192994978050365e+03
1.986704769886072881e+03
2.018626821655064759e+03
2.085491759696054487e+03
2.013054001055818389e+03
1.950578078169783112e+03
1.889675574622366867e+03
1.899909249469715860e+03
1.930984167191222923e+03
2.092682196823117010e+03
2.129626047504049438e+03
2.185791899050879238e+03
2.032206395132829584e+03
1.811009778953834029e+03
1.729843542412424767e+03
1.635710732903057078e+03
1.715864529843675655e+03
1.904386288706823279e+03
1.881300858319006466e+03
1.729287491853960773e+03
1.300556751864648504e+03
1.484959186305801040e+03
1.571968917622568597e+03
1.707589031654817290e+03
1.833350546781442290e+03
1.979830127503622634e+03
2.066534170350316344e+03
2.229065368626363579e+03
2.242656122319566748e+03
2.211906673572872478e+03
2.309116601300635011e+03
2.429407402886980890e+03
2.407931659601478259e+03
2.354910975635173600e+03
2.225763017123414556e+03
2.404335813462484566e+03
2.508384543605688123e+03
2.423866510821669181e+03
2.348078450890689055e+03
2.359242929661685139e+03
2.363053739603210488e+03
2.407530676345580105e+03
2.273774077390542061e+03
1.956034101771053429e+03
1.714384263845870009e+03
1.692403757810003754e+03
1.624101072006724053e+03
1.801998903028971881e+03
1.778822126066628698e+03
1.880923433571104169e+03
1.968222944937687998e+03
1.998706294308996348e+03
2.098739543671383217e+03
2.114803417415792865e+03
2.228563468791391642e+03
2.105687122467295922e+03
1.989507611699912331e+03
1.858903259088334153e+03
1.811229728385116232e+03
1.865933644710411954e+03
1.758023170932475068e+03
1.592184637172762677e+03
1.715238256982871235e+03
1.782313964660547526e+03
1.728416400681616096e+03
1.641417826199407045e+03
1.614068468426163008e+03
1.673013467953990585e+03
1.779251251884192015e+03
1.715356991032588667e+03
1.599678039611030044e+03
1.582774324440808414e+03
1.630457506450915844e+03
1.708903832045765512e+03
1.625718518458991412e+03
1.583141384963533937e+03
1.623198721432057027e+03
1.776921967793085287e+03
1.830704873951794070e+03
1.809161078012886264e+03
1.679820472967285468e+03
1.737381225932185089e+03
2.058787726826397829e+03
2.251824991306373704e+03
2.070748441958196963e+03
1.964326092426164905e+03
2.101813026786387582e+03
2.307336610069005019e+03
2.316172428213504190e+03
2.180798928625478766e+03
1.983416819782568609e+03
1.769450354883170348e+03
1.892458089258376958e+03
2.186710985695302952e+03
2.385876400231467869e+03
2.321305785854044643e+03
2.203109975451667196e+03
2.133295255635188369e+03
2.098803260402060459e+03
2.158790108778424383e+03
1.996254583298243006e+03
1.909311472679221197e+03
1.878988965806678607e+03
1.984160524085652469e+03
1.858391321104946883e+03
1.762664768221119175e+03
1.679135063145702134e+03
1.713757958613380197e+03
1.799470326425756866e+03
1.386155083597635667e+03
1.841143805947354849e+03
9.671042233927514644e+02
1.574917948969237614e+03
1.751534408237183925e+03
1.467594836390798037e+03
1.707458783412350840e+03
1.612364352372074791e+03
1.809146000477451253e+03
1.851347692799616425e+03
1.627897239606210405e+03
1.634444966572652675e+03
1.506559105440779376e+03
1.900699073284871702e+03
1.781101307853903336e+03
1.970652369708697961e+03
1.715407275651062264e+03
1.950228157489122395e+03
2.049250917478322208e+03
2.043586030740256774e+03
1.947513017459114735e+03
1.891195069281281349e+03
1.987896508407027795e+03
2.076002892869386415e+03
1.993032489389653620e+03
1.985400534285887261e+03
2.106698045088336585e+03
2.150864320878893977e+03
2.111128856191035084e+03
2.105499722817875863e+03
2.215196099569750459e+03
2.289889923506859759e+03
2.269731265917137989e+03
2.227625574593088459e+03
2.240752696760916024e+03
2.369005644643447340e+03
2.369963967420029348e+03
2.363994423699094114e+03
2.274496441496182342e+03
2.315613685476750561e+03
2.347487989021836711e+03
2.170459314054216975e+03
2.025679941601033306e+03
1.931636516799029323e+03
1.997051193137128394e+03
2.055542138895604694e+03
2.147444901696372199e+03
2.161777769413800797e+03
2.109975267407926367e+03
2.014732669787817258e+03
1.845850868930088154e+03
1.782739996683604431e+03
1.830728518787356052e+03
1.761544450399478137e+03
1.723711014492279674e+03
1.681904740536250529e+03
