1.765526850613374108e+03
1.636185074477195940e+03
1.990919791842167569e+03
2.488415781674064419e+03
2.277548309185623566e+03
1.976336014454798033e+03
1.593018070067516646e+03
1.698863093144729874e+03
2.111752269100797093e+03
2.407883261978967312e+03
2.475951276810844774e+03
1.995934414760768050e+03
1.911452429179526007e+03
1.704424744835960610e+03
1.650959244175035792e+03
1.895299252628318300e+03
2.167166633788590843e+03
2.493688889118688166e+03
2.539618556346192236e+03
1.961719207673965684e+03
1.519338323433378719e+03
1.404086565330731673e+03
1.810311345035575187e+03
2.275467560837394558e+03
2.662999427628933972e+03
2.127031876443485544e+03
1.577255960115464859e+03
1.366779984458546096e+03
1.715352311241979578e+03
2.358404149710835554e+03
2.644151850904409912e+03
2.297954225046571992e+03
1.515266553773226633e+03
1.482324093345846450e+03
1.862589833389886508e+03
2.425606375304889298e+03
2.720499158610296490e+03
2.315370373647890574e+03
1.715568823205014723e+03
1.594843615624130507e+03
1.577021085034669795e+03
1.709747730814298393e+03
1.706215243014782573e+03
1.705421403050059325e+03
1.912884891783267449e+03
2.053325933388852263e+03
2.243995756821047507e+03
2.448849961045633336e+03
1.859743002572100295e+03
1.606293702119621003e+03
1.593820472483774665e+03
1.727311588070320113e+03
1.954151674201831156e+03
2.067863340233816871e+03
2.350161839090737431e+03
2.399379355425879112e+03
2.355846688474835901e+03
1.979139947714270875e+03
1.682115731358551329e+03
1.700746325090022310e+03
1.476928384033214570e+03
1.727841991930532686e+03
2.370397717022094184e+03
2.503791516763998061e+03
2.479070812025334362e+03
2.017478144488072530e+03
1.828594255741301140e+03
1.535935863495064496e+03
1.466219035828911046e+03
2.078160432345218851e+03
2.282052012990911408e+03
2.505520219687810368e+03
2.390019031797863590e+03
2.145851994982329416e+03
1.780605164613776878e+03
1.467916084510625524e+03
1.602016684482108076e+03
1.647639266433447347e+03
1.748116735799556409e+03
2.034554080107818663e+03
2.072134723316074542e+03
1.848091134387422244e+03
1.988617837062139643e+03
2.388966478530698623e+03
2.441140717864306680e+03
2.450400360785333760e+03
2.331966009885295989e+03
1.778614722894533088e+03
1.543544546193394353e+03
1.513456909025091136e+03
2.308235069255307735e+03
2.689963330820915417e+03
2.089823013885091768e+03
1.444701484756628815e+03
1.434322031376383848e+03
1.893427631388841746e+03
2.188312567252297413e+03
2.524927922455788575e+03
1.717262748231073374e+03
1.402492876057572403e+03
1.188156238654321669e+03
2.299088315621147103e+03
1.837665493765638985e+03
1.758580343656287369e+03
2.102140017235160030e+03
1.313334936219636802e+03
1.368352339759509960e+03
2.529294757616456536e+03
2.203150146697662422e+03
2.880045094563955900e+03
1.444517216969687070e+03
2.296873680319542927e+03
1.305788899477853192e+03
1.931313103176430559e+03
2.095329017992251011e+03
1.702098540940369730e+03
2.739077125044553668e+03
1.924633786211199094e+03
2.344832099427840603e+03
2.492302320203060390e+03
2.131257416751941946e+03
1.811681552817979536e+03
1.838689985179527412e+03
1.845606937676830057e+03
1.784498693907805091e+03
2.188680967213394524e+03
2.298917829081363834e+03
2.044584624368765617e+03
1.780283502529700399e+03
1.773335689175536345e+03
1.706357295798846735e+03
1.869549803829522034e+03
2.167434867036859941e+03
2.271875883531849922e+03
2.451643376831882051e+03
1.909470698922725887e+03
1.617212608247315075e+03
1.417857926700146891e+03
2.504468983631159062e+03
2.719863982845010469e+03
2.072596973342247111e+03
1.404957201972724761e+03
1.418698708270193947e+03
2.028361729801036290e+03
2.204594984558085798e+03
2.284548256119097005e+03
2.348083975009685673e+03
2.224106643198018901e+03
2.236430818473032105e+03
2.025826276185901179e+03
1.757271496028646652e+03
1.749845271162010704e+03
1.756424112777787514e+03
2.138402177539721379e+03
2.433875045009781388e+03
2.365030057985618896e+03
2.289676109341724896e+03
2.153767921141973602e+03
1.950808808196395375e+03
1.723660450784518616e+03
1.524699269454522664e+03
1.660558490974206052e+03
1.606663697339997270e+03
1.789182842038567969e+03
2.129417779369355685e+03
2.161204319809843128e+03
2.342626007791068332e+03
2.532858472666609941e+03
2.331245330675019886e+03
2.258390355500867827e+03
2.161613945841118493e+03
2.059795819686754385e+03
1.924619804352312258e+03
1.838356783866524211e+03
1.843923668237123366e+03
1.655777724660340482e+03
1.654263777849081862e+03
2.107235783293782788e+03
2.335628687340984470e+03
2.541772069925018513e+03
2.371860581314701903e+03
2.042815822878046902e+03
1.572222589922705993e+03
1.427140186736566875e+03
1.693124735674987960e+03
1.597365043275939570e+03
1.872972527905742027e+03
2.399003084888714966e+03
2.560162800225640240e+03
2.608947976933444806e+03
1.903451691635676752e+03
1.688581920204057496e+03
1.354337137925290108e+03
1.369819216339601326e+03
1.915504889598610589e+03
2.019576160280526210e+03
2.330371715554529601e+03
2.339433291199750329e+03
2.303159387598512694e+03
2.155333881786298662e+03
1.763796160126142695e+03
1.775625414170541262e+03
1.715899835463404088e+03
1.661262051560059263e+03
1.887026385373750600e+03
1.924561976373076050e+03
1.829284815013026900e+03
1.734305104949163706e+03
1.550171625984309685e+03
1.648024290821583463e+03
2.297928777772783633e+03
2.475783472979930139e+03
2.291085403707846581e+03
1.708750670731891205e+03
1.484843783945647147e+03
1.825922785649471280e+03
2.106661022701778165e+03
2.623208418730198900e+03
2.544125811062696357e+03
2.148355435119118738e+03
1.817351425034001977e+03
1.448469323810209744e+03
1.629721906931680905e+03
2.475970759612838719e+03
2.380446658778120309e+03
2.060498159871957796e+03
1.624868743680651050e+03
1.555336675153471560e+03
1.965025520618680730e+03
2.314133096900367946e+03
2.076984496796578696e+03
2.594000677894845012e+03
2.046077416691139888e+03
1.906041411664868519e+03
1.782384761089600261e+03
1.491937689066755638e+03
2.006581388916931928e+03
2.030407465406982283e+03
2.574855441682723722e+03
2.152807319092852140e+03
1.369960508310175555e+03
1.819724947214623626e+03
1.835751565101236110e+03
1.963082646913497001e+03
2.245454551335729775e+03
2.477285871575704732e+03
2.330165930440656211e+03
2.251505764018298578e+03
2.096370962646650696e+03
1.791574528750644276e+03
1.797093318992327340e+03
1.717845644283002230e+03
1.769358983388146271e+03
1.957239648435661366e+03
2.068241821340050592e+03
2.302852869807160459e+03
2.575604313155211457e+03
2.144462329895244693e+03
1.570040974614131528e+03
1.441997582099953433e+03
1.820792244452426530e+03
2.114720038753733661e+03
2.479684899764416059e+03
2.708359038761786451e+03
2.493582612057130973e+03
2.111881725788874064e+03
1.426317829311107971e+03
1.486490500346803628e+03
1.574273693179204429e+03
1.448461551207485400e+03
1.951229521273010505e+03
2.182502033228817254e+03
2.382111195402163503e+03
2.267452397434007253e+03
1.571990747410970243e+03
1.591821867221529374e+03
1.932973726928629958e+03
2.483860555209713311e+03
2.512083913731238681e+03
2.318708870427798502e+03
1.792811286742015454e+03
1.416848170319541396e+03
1.772716178544148761e+03
2.237105786109281325e+03
