1.523842089882196888e+03
1.605705587366493774e+03
1.332984421286798579e+03
1.379150486295625797e+03
1.702531644487081849e+03
1.727366485506596973e+03
1.864688837848020967e+03
2.026502047191571819e+03
1.807610077067908833e+03
1.951299035163700864e+03
2.296854262520031170e+03
2.062048000741579472e+03
1.994978606315897423e+03
1.895016133036596557e+03
1.892835794654846040e+03
2.312886574471096083e+03
8.868210968328628496e+02
2.478522561541075447e+03
2.503808303444140620e+03
2.207833773340262724e+03
1.838731741327792633e+03
2.273932810655944650e+03
1.774279683028139971e+03
1.887845885170853535e+03
2.077395287015538997e+03
2.020358687926609036e+03
1.777315560373656126e+03
1.462583495235686087e+03
2.451754323949052832e+03
2.286775357818502471e+03
2.178831646172855471e+03
2.241933471234273384e+03
1.833505278090486627e+03
2.215106835642529404e+03
1.355599271111482722e+03
3.533525385727773937e+03
3.805472808945291490e+03
2.374530913069102553e+03
1.296028181058461996e+03
1.287420327546461522e+03
8.686490412808467454e+02
7.738159539957308652e+02
1.201946732087680630e+03
1.581794023049502130e+03
1.690811401479167216e+03
2.031853826725651970e+03
1.951059833087878360e+03
2.127165440458864850e+03
1.993840849175173616e+03
2.332159322423861795e+03
2.717206917671294832e+03
2.535656207448707391e+03
2.715039355332495688e+03
2.568452628360555991e+03
2.428857856338471265e+03
2.576063736301152403e+03
2.214500247845576268e+03
1.704418302958712047e+03
1.074431683867515403e+03
1.204631323742173663e+03
1.647150680190478170e+03
1.871748546364234471e+03
1.995265688933925958e+03
1.962411870140185556e+03
1.699070872488350233e+03
1.696578401956090602e+03
1.888153986974362624e+03
2.033316391273621775e+03
1.981713159244975714e+03
1.832662392064153210e+03
1.790396755528978474e+03
1.963729730727058950e+03
1.845094512505691227e+03
2.578715022122175924e+03
2.082926945565915958e+03
1.940748176065760390e+03
2.528653399003888808e+03
2.911823323604820416e+03
3.320640590062081628e+03
2.053361597549353519e+03
1.801777784014246208e+03
2.264039969375823603e+03
2.232469967471575728e+03
2.192495198626311321e+03
1.690015763513158618e+03
2.000911024398714062e+03
2.111533076999385230e+03
1.712264493281791601e+03
1.729794308953741847e+03
1.717228841004601918e+03
1.826144335634667868e+03
2.195330354971908037e+03
2.226115218239821843e+03
2.289609654169830264e+03
2.042505763469673866e+03
1.844056967416813904e+03
1.973120916820158527e+03
2.065288649461213481e+03
2.522623127507006302e+03
2.090067529388560615e+03
-1.608509421630366276e+01
1.584232912619239187e+03
1.712676777662339646e+03
4.363684352559491344e+03
1.513522021957658808e+03
3.681868159192905296e+03
2.809406089091646209e+03
1.674156407113495334e+03
3.767860298243218040e+03
1.889576915645150848e+03
9.702572439817456598e+02
3.397505401768391494e+03
9.099960605377735874e+02
3.618360740338775486e+03
5.826487132136519449e+02
2.485683758471721831e+03
1.725653729782001847e+03
1.109470788487864183e+03
3.129538139408319239e+03
3.011525501002871806e+03
2.212330486306097555e+03
2.041849712734035393e+03
2.108009157775708900e+03
1.990441065253929082e+03
1.938794041899658396e+03
1.908594720054851678e+03
1.964628317230140965e+03
2.257038361208654806e+03
2.238114766643684561e+03
2.154508412950577167e+03
2.050998944259187283e+03
2.206546861775031175e+03
2.248523019255505915e+03
2.054788983504573935e+03
1.871550088546653569e+03
1.842481593566810034e+03
2.062447775872791226e+03
2.343379218697727083e+03
2.308891322824210874e+03
2.340730056613354918e+03
2.352670129394790820e+03
2.455046743529334890e+03
2.932237883869028337e+03
3.032372668144378167e+03
2.645354562896485731e+03
1.933615453905513277e+03
1.495004445242290103e+03
2.446126186644199606e+03
2.722707798083437865e+03
2.361584483310826272e+03
1.964483322273423937e+03
1.686676841427387899e+03
9.198969704686780915e+02
8.543260005676065703e+02
1.973285325701157035e+03
2.446700159408545005e+03
2.287426268803861149e+03
2.171285584208708315e+03
1.710757533210007523e+03
1.964080669604635887e+03
2.624438827952360498e+03
2.383354533056240598e+03
1.963310900581719807e+03
1.053106373831436485e+03
1.782245171701813888e+03
2.717182320788983361e+03
2.254358146428305645e+03
1.643124105232203874e+03
1.363794263616829767e+03
1.523559233319649820e+03
2.039814754547687016e+03
2.068539962566953363e+03
1.980918892245577354e+03
1.932508973297097782e+03
1.983551237175600363e+03
1.816476995987919508e+03
2.268364919668299081e+03
2.811065781278463874e+03
2.737296883119277936e+03
2.550116993368391377e+03
1.657256256550656872e+03
1.977167096623594034e+03
2.431739929071281040e+03
1.426474053015743948e+03
-1.920622035285204632e+01
3.010349676234729941e+03
2.731401921124416276e+03
2.410894654085403999e+03
1.893983121280092064e+03
1.757618325027552373e+03
1.673875656013020716e+03
2.059614199125066989e+03
2.336942168768687679e+03
2.197123984558677876e+03
2.053324018291205903e+03
1.813087447333315140e+03
1.821314797976321643e+03
2.207175124232843245e+03
1.989433368787397285e+03
1.893626215535624851e+03
1.767888390250286193e+03
2.266995902310290603e+03
2.659455878951695468e+03
2.649667473646544295e+03
3.671452862111584636e+03
1.391299259470454899e+03
1.568226645037259004e+03
1.468119750243501812e+03
1.215890487817621306e+03
1.514203453422243456e+03
1.633878095691027056e+03
1.737972215569011496e+03
2.297773480496009142e+03
1.876072124865644128e+03
1.876071318613611538e+03
2.325877850050897450e+03
2.190037928504246793e+03
2.745714531346942749e+03
2.588180209729499438e+03
1.992114623609166301e+03
2.328142015508708482e+03
2.335683430921531908e+03
2.486085833122067470e+03
2.210789866216776318e+03
8.722688906131500062e+02
2.009967352951475505e+03
2.233512240266073604e+03
-1.359397758425195946e+02
3.662896250550083550e+03
3.677184241979351100e+03
3.295726692431403990e+03
1.402457030544341251e+03
3.565049930913684420e+03
1.989774130332267760e+03
1.751488792310704412e+03
3.617619821952723669e+03
1.417274642208435125e+03
2.660442514099944219e+03
5.363810682542055019e+02
2.454062777435095995e+03
1.908724980887417360e+03
2.262443840263448237e+03
2.508234964014762227e+03
1.839518161794908792e+03
1.139821787305628050e+03
2.272704472458784949e+03
1.974023247757990703e+03
1.807929628194861607e+03
1.834034977604769892e+03
2.149494337699341941e+03
2.147641590224299307e+03
1.941335188867148418e+03
1.899573110909405386e+03
1.756808490208230523e+03
2.114835203618278683e+03
2.122604451661525673e+03
1.921652717294655076e+03
1.901656675324370781e+03
1.640338259941736396e+03
1.959575725811077291e+03
2.517588302580415530e+03
1.980479822845524950e+03
1.778397012046605141e+03
1.411081998596283711e+03
1.412397952470184009e+03
2.479699510818498766e+03
2.172952675134887158e+03
1.632824297326414580e+03
1.524334917242091706e+03
1.546162375949565785e+03
2.888274460940363952e+03
2.356470523499376213e+03
2.060342922867851030e+03
1.681735067051353781e+03
1.602831848365046653e+03
2.957493607344122665e+03
2.527543822977918353e+03
2.202979749760937921e+03
1.858715920336834870e+03
1.993017593853953713e+03
3.047738189907887318e+03
2.347775291570410445e+03
2.049144594843343384e+03
1.733817246524006350e+03
