2.131297566611525781e+03
2.404959015750982871e+03
2.353056124242234091e+03
1.679508071587636778e+03
1.637868956485761146e+03
2.415858729892845986e+03
1.923215590585233258e+03
1.594048606684870720e+03
2.263726617033820730e+03
2.283290967272394937e+03
1.437326452812947764e+03
2.259215812311235823e+03
2.615231475323558243e+03
1.553179459417681301e+03
1.675567372116741581e+03
2.511344849524615256e+03
2.188780824428922642e+03
1.716754142957478052e+03
2.469185379068113434e+03
1.982580743983151933e+03
1.547775170796054454e+03
1.868392832877745150e+03
2.483555805103462717e+03
1.807381298660213361e+03
1.661176436464225617e+03
2.225405763101330194e+03
2.259375911073360385e+03
1.783717850726435245e+03
1.966355562595781976e+03
2.268292482906708756e+03
1.846711407858266512e+03
1.951217710728881229e+03
1.989327887734282285e+03
1.943575723091278178e+03
1.923809130666649935e+03
2.628056847218724215e+03
2.054167075135542746e+03
1.531183935650566355e+03
2.284979260394369703e+03
2.164004058428755343e+03
1.789574134827031912e+03
1.725240222765493172e+03
2.398150248971325709e+03
1.985832497617039962e+03
1.741984536252324006e+03
2.311249823648010988e+03
1.897744630074396355e+03
2.019403951021732382e+03
2.122793855297821665e+03
1.985259747221568432e+03
1.559460724821588883e+03
2.930029665658355043e+03
2.029417162638475247e+03
2.101417733669787140e+03
2.187702875149963347e+03
2.055292806134447346e+03
1.612136999258016886e+03
1.693647488063997343e+03
2.014170183283883716e+03
1.931588742370186992e+03
1.729083887177331235e+03
2.577641660901253999e+03
2.124321045242320906e+03
1.789253052591287314e+03
2.110779244157135054e+03
2.862066861386736491e+03
1.802637278481425028e+03
1.751299195533429838e+03
3.056060510951633660e+03
2.498519918264422813e+03
1.723185263351380854e+03
1.652909044232573024e+03
2.693314570249496228e+03
2.272018714897212703e+03
1.340665903765459461e+03
1.742325570545812980e+03
2.368742047501682009e+03
2.197417115121138522e+03
1.649881614192826191e+03
1.769050322534186307e+03
2.135647837892297048e+03
2.176229461688869833e+03
2.563594127662935989e+03
1.962323754537778768e+03
1.688722610800449957e+03
1.859137654555700692e+03
2.370778955490394765e+03
2.682034874054269949e+03
1.458092331263267397e+03
1.261488083429460858e+03
2.674298873144062327e+03
2.142286157564140922e+03
2.325777154123446053e+03
1.755179607531770444e+03
2.542741070422497160e+03
1.938937339740626385e+03
1.611418668372696629e+03
1.958532250467909762e+03
1.368294439668110272e+03
-3.297206161599843455e+01
2.689765992124782770e+03
2.488938393916943824e+03
3.472140976687674993e+03
2.714729724491478009e+03
2.425738115622362784e+03
2.377897878111010868e+03
2.513621390158528811e+03
2.280541738411515325e+03
2.075631124069149791e+03
1.917439379696339756e+03
2.443441418056801012e+03
1.893630305301496719e+03
1.855787295205743931e+03
2.113496296753218303e+03
2.172222537106634718e+03
2.529014445263189828e+03
1.701320065336917423e+03
1.830998686471091105e+03
1.907006035497669700e+03
3.237778457510577937e+03
1.893882578424963867e+03
2.589073281390811871e+02
1.639675914914686473e+03
2.481471967607494662e+03
1.465808202586992820e+03
1.588596176035586041e+03
2.063262444989802134e+03
2.011835400484868615e+03
1.815403515467415673e+03
2.111403707362474506e+03
2.253264896693223363e+03
1.912028430522209419e+03
1.793169929158700597e+03
2.085139200635930592e+03
2.213627786773824027e+03
1.796946040096255274e+03
1.924548935926709191e+03
2.226412975051907779e+03
1.949114024525040122e+03
1.780462385835385930e+03
2.219965589628250655e+03
2.241376164646602774e+03
1.810084460117353046e+03
1.924718577673598929e+03
2.263764138674615424e+03
2.200990106890072184e+03
2.118206200384471231e+03
1.743630820083237722e+03
2.303855346213807024e+03
2.100833533362818798e+03
2.171901607353208419e+03
1.809825224425789656e+03
2.402599601215998064e+03
2.882218597922973004e+03
1.351680451929315041e+03
1.533055096040470517e+03
1.911430711968683909e+03
3.239893437930963046e+03
1.443448972403070229e+03
1.492078340572147454e+03
2.324437735359480484e+03
2.680232039733905822e+03
2.210410191658490476e+03
1.452682131330820084e+03
1.913538870616899203e+03
2.758902209000751100e+03
1.844980856534853956e+03
1.772032532746876541e+03
2.447077193299365717e+03
2.567534401849779897e+03
2.062119963307088256e+03
2.004198362182267147e+03
1.803576105837428486e+03
1.762669699654145461e+03
2.348530504612101595e+03
2.451737750871767275e+03
2.682978670018598677e+03
1.800287889919164400e+03
1.542376956135330374e+03
1.601206823657444147e+03
2.038076246617909419e+03
2.445294260821057378e+03
1.740454098129352133e+03
1.790665090140192888e+03
2.379713495738946676e+03
2.455252295170184880e+03
2.233232380183081659e+03
1.992701562403070056e+03
2.006270719925661524e+03
1.723592617434575232e+03
2.024884322626636958e+03
2.479493048008968344e+03
2.001513317084476967e+03
1.526554197003807758e+03
1.904578259263035534e+03
2.347873519821544960e+03
2.277103110329178435e+03
1.800439702991173817e+03
1.939647342997907117e+03
1.821823609373038153e+03
2.470320090286653794e+03
1.971417892221311604e+03
1.892767033663906204e+03
1.892041836536217716e+03
2.279823827769286709e+03
2.116762166833204446e+03
2.263095546814965473e+03
2.730657942552180884e+03
2.815530326372537729e+03
3.591594759776060073e+03
1.866210985978943427e+03
1.944563326236880357e+03
6.224996883616601053e+02
2.282601066913392060e+03
1.599993938183514274e+03
-5.742053361727366934e+01
3.077818408359574732e+03
2.651276315137479287e+03
2.002532086484817455e+03
2.358863982399747783e+03
2.232349023275041873e+03
1.985121784301741172e+03
2.263831999584590449e+03
1.634977825085265295e+03
3.097689007148651399e+02
3.003969349064707785e+03
2.722058549465769374e+03
2.427404865139477806e+03
2.560529247479466449e+03
2.279203996735424880e+03
1.857938498498827130e+03
1.964323409804186667e+03
2.230549812544571523e+03
2.361530567504666578e+03
1.826672738883316697e+03
1.857688267529479162e+03
2.892648365321435904e+03
1.785505901666799900e+03
1.730557344774078956e+03
2.169893868524998652e+03
2.235810401833075503e+03
2.137961776886425014e+03
1.583768061947836486e+03
2.144137608034209279e+03
3.056235839310805659e+03
1.342600316606969045e+03
1.678138647089819187e+03
1.923597099340070372e+03
2.161993195134614325e+03
1.299520702151491378e+03
1.638118212836830480e+03
2.190128464094623268e+03
2.321815637443098240e+03
1.555582094286753090e+03
1.973432319010280708e+03
2.416371224151189381e+03
2.147476816700027484e+03
1.612944260271860230e+03
2.042348670657586808e+03
2.032108340116307545e+03
1.949834480130936072e+03
2.021875515206321097e+03
1.912348965690752948e+03
2.307473241597486322e+03
2.631498132644990164e+03
2.381724871764566615e+03
1.682366090420786577e+03
2.453697151758598011e+03
1.611981101651513654e+03
2.212830499565856826e+03
1.584922407370349902e+03
1.871730298024029253e+03
1.865714064729173060e+03
2.527553087901231720e+03
2.091948388783838709e+03
1.623424693257509489e+03
2.026830894609359348e+03
2.618328220859375506e+03
2.195444543269265978e+03
1.562799859542058130e+03
2.329111348580559479e+03
2.668800345838511930e+03
1.462772422336566706e+03
2.076713990260297578e+03
