2.369009430220936792e+03
2.083816976250137031e+03
2.051251537639360322e+03
2.074907299956577390e+03
2.127408458618486293e+03
2.072548214710527645e+03
2.067403871674689071e+03
2.116262739229878662e+03
2.132828356120839089e+03
2.233455984973998511e+03
2.017249745379099068e+03
2.153946618759549438e+03
2.002245671383652279e+03
2.050269823911357435e+03
2.031543227830099795e+03
2.141757220355895697e+03
2.190928118881564387e+03
2.161917520643570242e+03
2.247899097017455915e+03
2.118734960157857586e+03
2.172358891450283409e+03
2.156306422751338232e+03
2.217832687616369640e+03
2.174273874439895735e+03
2.079032032967919804e+03
2.131594177246129675e+03
2.347189277966456757e+03
2.176440629031965273e+03
2.117847110803164014e+03
2.117561906867004836e+03
2.047565467277754578e+03
2.116016745673835430e+03
2.101822148001151163e+03
2.159957345024880397e+03
2.162892319834970294e+03
2.167594630837206751e+03
2.128296922504124268e+03
2.167153160938565634e+03
2.141097165400276936e+03
2.217539640115058319e+03
2.216802844225963327e+03
2.207916081535969624e+03
2.197229682147745280e+03
2.129023786377343185e+03
2.239985534412590368e+03
2.204892740503110872e+03
2.278382078244813329e+03
2.128168977135615933e+03
2.195603426344025138e+03
2.132265196708505755e+03
2.175700200898829735e+03
2.161676317332533017e+03
2.225866550605018801e+03
2.153165790016204028e+03
2.192078265144210491e+03
2.160964708804072416e+03
2.010927044450749690e+03
2.139979183744095280e+03
2.120598626475470155e+03
2.261048395529900517e+03
2.065313926476694633e+03
2.090800422559220806e+03
2.151520050773347975e+03
2.163233527265235352e+03
2.173543450376478631e+03
2.108315782717985257e+03
2.094765679271275985e+03
2.058406213475472669e+03
2.112374357419962053e+03
2.009117081895049978e+03
2.093636813841465028e+03
2.036489635714139240e+03
2.106012112083014017e+03
2.032388041582073583e+03
1.999907568944035347e+03
2.125532012706679325e+03
2.046842266054576612e+03
2.095117419186387906e+03
1.981043691807763935e+03
2.061355892551834586e+03
2.084065675804047714e+03
2.109573874993309346e+03
1.998906109569612909e+03
2.076237672879002275e+03
2.039744250836728725e+03
2.023657615741919926e+03
2.046945043830543227e+03
2.028610997539048412e+03
2.023777768281823683e+03
2.021926336561663447e+03
2.093083211938613658e+03
1.970849308849860336e+03
1.990513146944391565e+03
1.994960350388630786e+03
2.073896298411678345e+03
1.999415357337215482e+03
2.078222466005232036e+03
2.066620425655181862e+03
2.088293327910226708e+03
2.042178332987159138e+03
2.127376751175088884e+03
2.140322001301701221e+03
2.065554790751068140e+03
2.201867876913461259e+03
1.973285176310483621e+03
2.158324865193730147e+03
2.074265824717057967e+03
2.160329729557210612e+03
2.051242959975309532e+03
2.089386977715821104e+03
2.036171204145684442e+03
2.258087173258142684e+03
2.056166097249154518e+03
2.200708838998816645e+03
2.130653425357646483e+03
2.062599908679671444e+03
2.365337336627548666e+03
2.093906893239275632e+03
2.265747110319217427e+03
2.259185671158653804e+03
2.131701608591499735e+03
2.197905772224881275e+03
2.169796338177163307e+03
2.165064183639244220e+03
2.213006551508626217e+03
2.282530512744493080e+03
2.282873074580437333e+03
2.221034425154609380e+03
2.162306366982964846e+03
2.331476285503777945e+03
2.175428023760100587e+03
2.256116386482993676e+03
2.162814591483509957e+03
2.230476218512190371e+03
2.270508023954319015e+03
2.212219467163160061e+03
2.347977148718144690e+03
2.199884774273825315e+03
2.228418728537066727e+03
2.133375171120680079e+03
2.115686186663574517e+03
2.151566947059299309e+03
2.228223472937472252e+03
2.202788067189044796e+03
2.228313221119422451e+03
2.166519396880896693e+03
2.118631233080218863e+03
2.145126712608773687e+03
2.093754651832160107e+03
2.189481448103155799e+03
2.064533140207774068e+03
2.177281195989859043e+03
2.081772587989818931e+03
2.162176033155531059e+03
2.102618959257335973e+03
2.134719941001078041e+03
2.039201864659888770e+03
2.140262014661669127e+03
1.968777275443243298e+03
2.054520290811830819e+03
2.207871791290762303e+03
2.157823013831236494e+03
2.248578390305985522e+03
2.012038491908680726e+03
2.072378672994975659e+03
2.006916392224356287e+03
2.051846600060844139e+03
2.023371992103757066e+03
2.109409881398837570e+03
2.010701512507019743e+03
2.003406492343878426e+03
2.003575740776199382e+03
2.113316295090881795e+03
2.118480408592293315e+03
1.976825613162963919e+03
2.038546975933847307e+03
1.959944984692741627e+03
2.048408101312849794e+03
1.994848259116366307e+03
2.071096667979780250e+03
2.057815277506060738e+03
1.987063804725405134e+03
2.053976472457672116e+03
2.098544855158977043e+03
2.002382677426202235e+03
2.092122807907937386e+03
2.107332458152937306e+03
2.094412576891213575e+03
2.181031610772849490e+03
1.993906784044148026e+03
2.256021333005026008e+03
2.059335667283634848e+03
2.118025587911267849e+03
2.087906757796037709e+03
2.004155115916780005e+03
2.119373291690013957e+03
2.088415008128218687e+03
2.174323929787638917e+03
2.258160498833259680e+03
2.149883915987433738e+03
2.187471319886883975e+03
2.239859589405727547e+03
2.108620465468648490e+03
2.351779686950786072e+03
2.224713790055055142e+03
2.258804385558941249e+03
2.108397842367344310e+03
2.178441143928155270e+03
2.146937759733688381e+03
2.151049815862517335e+03
2.182252624216523600e+03
2.100837916712333481e+03
2.115100279351284371e+03
2.100000566167066154e+03
2.176436513194361851e+03
2.183935496787597003e+03
2.167857985862483019e+03
2.113643672606669043e+03
2.225019080266164565e+03
2.174931391494390937e+03
2.182713095189462820e+03
2.376661717327511269e+03
2.302941357843306832e+03
2.246234914013870821e+03
2.111498857397081792e+03
2.159248327151338344e+03
2.188168654774278366e+03
2.219457130535630313e+03
2.270152956784334947e+03
2.236253426706612572e+03
2.109806133794908874e+03
2.139585300408635248e+03
2.204443949990517922e+03
2.129154519979849283e+03
2.213168907249320910e+03
2.114067350093331243e+03
2.206183694061343431e+03
2.109398688932102232e+03
2.178636961791812155e+03
2.096043193899998187e+03
2.189205436554064818e+03
2.085021930881646767e+03
2.127376503676019638e+03
2.084954649471547782e+03
2.178064607398891440e+03
2.187879683392041898e+03
2.208990739974867211e+03
2.192867922280373477e+03
2.040094535905923522e+03
2.084302854760010632e+03
2.065904678977725780e+03
2.083067999856299139e+03
2.119589605927809316e+03
2.106234242774035465e+03
2.071646727924001425e+03
2.025752155322248655e+03
2.015524187322379248e+03
2.024351566410065288e+03
2.100529812202674748e+03
1.953085929427172914e+03
2.106986955086565104e+03
1.980038219839663952e+03
2.266164670581009887e+03
2.051915622725041885e+03
2.112459203756948682e+03
2.085862888903300245e+03
1.983165079059709797e+03
2.039271189618521703e+03
1.985884479015368697e+03
2.049979794688444599e+03
2.040948442898170242e+03
2.080949939941616776e+03
2.063847116747693235e+03
2.125775571372611921e+03
1.892890383576425393e+03
2.067102967694769632e+03
2.005189126866322340e+03
2.015698797912615191e+03
2.069062419202380624e+03
2.090990703586532163e+03
2.095457786015420879e+03
2.082435266360844707e+03
2.176029667567283013e+03
2.099556708189697929e+03
