2.142100006700967242e+03
1.628296369205280143e+03
2.177824202847930792e+03
2.482244777999781945e+03
2.156764025531192601e+03
1.622868073787393314e+03
2.458529101450784310e+03
2.123290813107676058e+03
1.787102688675886839e+03
1.999287730160273441e+03
2.466179951158637778e+03
1.836325286943639185e+03
1.786325222655048719e+03
2.398724333375217157e+03
1.969545771204762104e+03
1.696370817434319179e+03
2.408819742985866014e+03
2.047002172771259666e+03
1.616772002786869052e+03
2.253670879390759183e+03
2.298852454952209428e+03
1.579860170163232624e+03
2.153938950108793961e+03
2.402245199032161509e+03
1.653775268286676919e+03
2.019345664030711760e+03
2.386426104699388361e+03
1.781027258480987030e+03
1.833278216119867466e+03
2.346900543443945026e+03
2.100799067438649672e+03
1.682304772710224597e+03
2.129907888597765577e+03
2.394052771870093693e+03
1.787928452559802281e+03
1.917535250667156333e+03
2.385408282009390859e+03
2.129616920339411536e+03
1.871928292178427910e+03
1.805747778214760501e+03
2.344308198068620641e+03
2.261142725806744238e+03
1.700863563965111325e+03
2.046399960893557818e+03
2.391545781126804741e+03
1.936218421139545626e+03
1.763347486917943570e+03
2.085356619228981799e+03
2.562177316294388675e+03
1.986487605135335798e+03
1.622991210865286121e+03
2.113554342461774013e+03
2.407635272440029894e+03
2.065875744878820569e+03
1.632900785579951389e+03
2.152392451788655308e+03
2.252530198771024970e+03
1.734113512189036783e+03
2.049338131504285684e+03
2.342143436493181071e+03
1.807119254238137273e+03
1.807615328354505664e+03
1.887019390541404164e+03
1.903259086200364663e+03
2.105014795178993154e+03
2.325871724127593097e+03
1.810384950775200650e+03
1.758244131340070226e+03
2.324191933827233242e+03
2.339443802773534117e+03
1.710108011718739135e+03
1.923236183908137491e+03
2.439970734604989048e+03
2.232385353699275583e+03
1.708375697734421692e+03
1.952609547396325297e+03
2.534769493197612064e+03
1.780423064149823404e+03
1.868435167376362187e+03
2.445425266962439764e+03
1.924374863812471403e+03
1.755363561760188531e+03
1.867928906309658032e+03
2.333649758423829098e+03
2.430093453153835526e+03
1.606075942604337115e+03
1.812346621606521921e+03
2.572102269197856458e+03
1.777731707258384176e+03
1.686957656751612831e+03
2.549906898032364097e+03
2.020484911290299806e+03
1.716005838638292516e+03
2.261727049959460146e+03
2.275022087054390340e+03
1.645154608960065843e+03
1.813858493013814041e+03
2.192140943841496210e+03
2.553420907145396086e+03
1.914847641889014994e+03
1.547137071215773858e+03
2.017458964459904564e+03
3.242582721233687607e+03
2.811178336951496021e+03
1.046001341441308909e+02
2.881278380563378505e+03
9.340090287375672915e+02
9.267871685235842278e+02
3.234558926815695486e+03
4.074612056266178115e+02
3.283145369500345168e+03
1.595592283300409918e+03
7.356077566317316041e+02
2.482968325593751160e+03
1.518311507358558401e+03
2.714111838901445935e+03
1.890438188617951027e+03
1.297096748740403427e+03
1.989876098866502616e+03
2.280355726168897945e+03
1.966800392537577636e+03
2.090423360275764480e+03
2.145940047622003021e+03
1.992605559639701141e+03
1.975934882177149120e+03
2.014020857947799186e+03
2.167723114331405213e+03
2.130079462419529591e+03
2.036605433381741022e+03
1.898975479966451076e+03
2.080058753168205840e+03
2.312842467835534080e+03
1.675752907456141656e+03
1.960498201000695417e+03
2.331608742442494531e+03
2.228151265113770933e+03
1.639218819453831657e+03
1.792764480225129319e+03
2.319049886700117895e+03
2.082907843703942035e+03
1.722557952238806365e+03
2.166594096462831203e+03
2.440415216213969416e+03
2.022507285333909522e+03
1.922740227517417679e+03
1.927915268232025255e+03
1.789967145755697629e+03
2.089883396351540341e+03
2.472505156067969892e+03
1.815939288080336610e+03
1.657862145674583644e+03
2.542637731517602788e+03
2.194776896593821675e+03
1.637707908574385101e+03
2.032795107877776672e+03
2.490732347798114915e+03
2.234159951761051616e+03
1.577620379744881120e+03
2.318776214899614843e+03
2.634605581758227800e+03
1.429614674551384496e+03
1.834707861611719636e+03
2.414506622397113460e+03
2.541138230635416221e+03
2.262168916004410676e+03
1.700089349380288240e+03
1.563527212010504400e+03
2.284461670103193683e+03
2.365254033279793475e+03
1.542108247393884994e+03
1.700452677861662778e+03
2.446968765884615095e+03
1.674976806754454401e+03
1.442487805398401861e+03
2.629793457486063744e+03
1.782071321820503726e+03
1.709853839424137504e+03
2.553762349489872577e+03
2.177991408354213945e+03
1.727919188291495857e+03
2.000820781653472295e+03
2.515102883016169926e+03
1.816602046807296574e+03
1.999415050801403595e+03
2.199062900787720992e+03
2.454261590675294883e+03
2.068143117148476449e+03
2.092824326895861304e+03
1.943923212683517932e+03
1.643584109878241406e+03
2.093038843361530780e+03
2.289154805440267864e+03
1.582509991881212500e+03
2.149932512707377100e+03
2.230980485059511921e+03
1.657295079707713967e+03
2.041874672281611538e+03
2.645749320481256746e+03
1.720930815278765067e+03
1.747041921829639477e+03
2.403070714755809149e+03
2.479231896143855465e+03
1.644521747416429889e+03
1.866629189396489210e+03
2.641868196170913961e+03
1.750634805939022272e+03
1.831177004570047757e+03
2.480143428962257076e+03
1.466784866695267283e+03
1.770421519748912488e+03
2.407992520537106429e+03
2.508521221282842816e+03
1.827379431464177287e+03
1.676302988374620782e+03
2.424324168187807118e+03
1.885638904307179928e+03
1.680480108075544422e+03
2.004396235304033553e+03
2.512604938221384600e+03
2.355967519586758499e+03
1.520947779828198918e+03
1.913792134621103742e+03
2.607699942957117855e+03
1.719965652861427770e+03
1.830220909992469160e+03
2.662232658180401813e+03
1.714936350156142225e+03
2.448530769809208778e+03
1.018313465492928231e+03
2.874083552981595858e+03
8.561749857346903809e+02
1.103677233843864087e+03
3.434913155454971729e+03
1.889081203865464204e+03
1.843450951021897936e+03
1.416678282060639731e+03
1.022092048615484032e+03
3.507238633271046638e+03
6.028773266216612683e+02
1.824933963128690039e+03
2.164144361496889360e+03
1.756744665927806636e+03
1.860236545622068888e+03
2.072766361416284326e+03
2.622948569481367940e+03
1.942394695159236335e+03
2.055010734530248556e+03
2.177772471707763998e+03
2.181226995320790138e+03
1.960042701023975042e+03
2.054596258141822545e+03
2.245996199945898752e+03
1.859711958202711457e+03
2.039274523300611008e+03
2.158664557034816880e+03
1.656082415306404528e+03
2.259148210693818783e+03
2.016495940357227937e+03
1.701519943926239876e+03
2.371812549347163895e+03
2.103070926593770309e+03
1.691495742055348956e+03
2.246399026332905578e+03
2.386543752806349403e+03
1.557154277793791152e+03
2.087298912429887878e+03
2.317709752893430505e+03
1.945684315616565073e+03
1.692427222721468979e+03
2.167689125609534585e+03
2.360288743965810681e+03
1.862388772375537201e+03
1.993844094597389358e+03
1.878680743063772525e+03
1.738776095850133515e+03
2.464828671893233604e+03
1.657365154720442206e+03
1.783192711159405235e+03
2.242279238248597721e+03
2.432933382502008953e+03
1.739616396502071439e+03
1.850414461982003559e+03
2.457656282741984342e+03
1.897329463594963727e+03
