1.446480397250641317e+03
1.650156100704837854e+03
1.846557524957626811e+03
1.965368874948594566e+03
2.296986265762055154e+03
2.022942202719509851e+03
2.209316913959224166e+03
2.512458813318862212e+03
3.026689690423835600e+03
6.798399682509648301e+02
1.533326168421974216e+03
3.054429303161239659e+03
1.676013530289420942e+03
1.031277558737272102e+03
1.905936838767194786e+03
1.378640867438585246e+03
2.359430964900046547e+03
2.096009900349235522e+03
1.885119862124176507e+03
1.777515616264113760e+03
2.018758698725355544e+03
2.025639002399910623e+03
1.894702968503558168e+03
1.762996464840074623e+03
1.923029526390037972e+03
2.042599459258711249e+03
2.001794570702840701e+03
2.174778649926749040e+03
2.428450777212744470e+03
2.270532799184730720e+03
2.449802226995330784e+03
2.810844337240959248e+03
2.625540276071176322e+03
2.015857775069960553e+03
1.042532990271332437e+03
1.035225008266860868e+03
2.461439279358678505e+03
2.702641481687833675e+03
2.914335285378922890e+03
1.972014643588307081e+03
1.663294085496211892e+03
1.723496542155022553e+03
1.804264419328021631e+03
2.041093590556009985e+03
2.332104483466299371e+03
2.312604477103887803e+03
2.265955545808068109e+03
2.232924044983340991e+03
2.129062190966266371e+03
1.748853853932652783e+03
1.827441241751794905e+03
1.693118979335038830e+03
1.749375379488923045e+03
2.109063349531402309e+03
2.690169941566923626e+03
2.527864357996716990e+03
2.573485238170167577e+03
2.977980678804716263e+03
1.436902766439863171e+03
1.310438939498370246e+03
1.567972353818776583e+03
1.300447750730280404e+03
1.509767758209770818e+03
1.592137696800638423e+03
1.739113453220200881e+03
1.816307438643811793e+03
2.176124865161387334e+03
2.283673562889980531e+03
2.154341320718405314e+03
2.208236905337081225e+03
2.220476142654435080e+03
2.074006197898435857e+03
1.991172728900515040e+03
1.971337298117562113e+03
1.714413040907997583e+03
1.678330814826939104e+03
1.740169238096651043e+03
1.855278813212071100e+03
1.563643962133662853e+03
1.767258315562997268e+03
1.749797069389334865e+03
1.724587741285077755e+03
1.688737957633014503e+03
1.563479135673821247e+03
1.784709962729491963e+03
1.635038931596069460e+03
1.678839160084244440e+03
1.551795992830854175e+03
1.813801010405502666e+03
1.667244754470542148e+03
1.661205598977971931e+03
1.658621088574667965e+03
1.820650911216774375e+03
2.056291691486571835e+03
1.803415732312262207e+03
1.963267584923245522e+03
2.234777295636358303e+03
2.497990473473315888e+03
1.873978666957217001e+03
2.657948082624872313e+03
3.276620188763577517e+03
2.180070253660535400e+03
2.418872528026165128e+03
2.486478198768690618e+03
2.224783248323012685e+03
1.850794072231494056e+03
1.834576219800871741e+03
2.084031076564075647e+03
1.935088812283126799e+03
1.773155304798920724e+03
1.857434408812069250e+03
1.852979034708098652e+03
1.993745106778703757e+03
1.922226207369880967e+03
2.444835678456874120e+03
2.212934082280461098e+03
2.408641111602420096e+03
1.011947928680902464e+03
2.296096532995829421e+03
2.574691788875939437e+03
2.802522962631271184e+03
1.925234304400604969e+03
1.094658200765378751e+03
1.672353835207250540e+03
2.083457813086106398e+03
1.986296566777930366e+03
2.072158545289897120e+03
1.820177119313890671e+03
1.997866048016408286e+03
2.206995218502194348e+03
2.257973867738050558e+03
2.268002491832973647e+03
2.139866348888099310e+03
2.358525950869497592e+03
2.268914215092737777e+03
2.027301673250731255e+03
1.755445776133234176e+03
1.815442504763553188e+03
2.254809906138224051e+03
2.973687896558530156e+03
2.964615028112282744e+03
2.395276741608574412e+03
1.957331519302005063e+03
2.309087086022711901e+03
2.606952836180847044e+03
2.460107336603025033e+03
2.520164478202381360e+03
1.821729472617113743e+03
2.175272133855491575e+03
2.545500157712658620e+03
2.597697569780870708e+03
1.975640925308729038e+03
1.597117837959229291e+03
1.819771439657082510e+03
1.897631892036027693e+03
2.081657745870784765e+03
2.031125197016924858e+03
2.280631311402820756e+03
2.514470902838013899e+03
2.621183138183850133e+03
2.250275100949986609e+03
1.747950958897786450e+03
1.835343530906862043e+03
2.226522434499077463e+03
2.276460409401422567e+03
1.656154328555966231e+03
1.456228677465280725e+03
1.306959818909884916e+03
1.901496849719897000e+03
1.944676840403336655e+03
2.086315822571612898e+03
2.044192754317943809e+03
2.112083124606938327e+03
2.392740554109661844e+03
2.608928421034815983e+03
2.066008293941645661e+03
1.568611045969503493e+03
1.754503374064299578e+03
1.868031136115862409e+03
1.756672335309570144e+03
1.297059733036993293e+03
1.488726552268308751e+03
1.340817511741675389e+03
1.869739547335186444e+03
1.580998622299445742e+03
1.968886611165744625e+03
1.753351294307297849e+03
1.832152565997200099e+03
2.004632654914642444e+03
1.935208234904082929e+03
2.003968930451050483e+03
1.927326967764556230e+03
1.973500444166870011e+03
2.190980825304432528e+03
2.044469515615388445e+03
2.398999528007602748e+03
2.152188077226435325e+03
2.667433765611599028e+03
2.675093836541770543e+03
2.686368342327444225e+03
2.582837519652660376e+03
2.173662307296086055e+03
2.298281957060460627e+03
1.743416963344439864e+03
1.436345658339029569e+03
9.853834000196351326e+02
1.206343328283801156e+03
1.535069261600899381e+03
2.000046798072276943e+03
2.110993069226629814e+03
1.781081012435976618e+03
2.144618654836230689e+03
1.908061571423957730e+03
2.027735119798365531e+03
1.950497227536665605e+03
2.124504197131013825e+03
2.298792005636528302e+03
2.243451968864992523e+03
2.467087985962750281e+03
2.203133049031505834e+03
1.583539589230067804e+03
1.159260365946432103e+03
1.276292862631073376e+03
2.081890930670037051e+03
1.342279361620855525e+03
3.217542469732854443e+03
1.675757804150758375e+03
1.285556563453063291e+03
2.323014021220891209e+03
2.618307361067980310e+03
2.831324504931448701e+03
2.470204707633793987e+03
2.043853084846869933e+03
2.195359427963722737e+03
1.498907999910547233e+03
1.579629674644875422e+03
1.529563959864791741e+03
2.381687603586253772e+03
2.219294845506969068e+03
2.441137688843168689e+03
2.568364226934797443e+03
2.327310663749850391e+03
2.439061969903400495e+03
2.182008957530335636e+02
1.694696324540723708e+03
2.062552184593686434e+03
1.981600996670390714e+03
2.313517187919645494e+03
2.251850849869806098e+03
2.092266334082552476e+03
2.513923890305179157e+03
2.448817343746719416e+03
2.310392140619113434e+03
1.877781802403064148e+03
2.152385076800322167e+03
2.077996435990789905e+03
1.978235373089568839e+03
1.634755906431838412e+03
1.881863115212050388e+03
2.025858038108992332e+03
2.112548728657175616e+03
1.989772782092834177e+03
1.917094070665255003e+03
2.223944550789390632e+03
2.846784052910260925e+03
2.585135982500825321e+03
2.079994331513566067e+03
1.982326392610719495e+03
2.737675700563847840e+03
2.171241481370467682e+03
1.384197548819424810e+03
1.236537601526985100e+03
1.833060426858924529e+03
1.939635912404347664e+03
1.921649503372118033e+03
1.965043120757287852e+03
2.095522417904787744e+03
2.392047909649611938e+03
2.288698476580701026e+03
1.858272718477441231e+03
1.648251171628511884e+03
1.840920620788213682e+03
2.021371297088623805e+03
2.145774258675782221e+03
