1.637742083421644338e+03
1.875697883000013690e+03
2.240475365362068260e+03
2.334510857870043765e+03
2.126629187953903966e+03
1.870043084328063060e+03
1.651122385891932709e+03
1.708653566392582661e+03
1.942012955669667463e+03
2.214797583224825303e+03
2.295911335971049994e+03
2.223658841153834601e+03
1.998960505478718460e+03
1.772038168535795876e+03
1.782806439355249040e+03
2.013141755513519456e+03
2.178424395548525354e+03
2.353349315293568907e+03
2.216903778404468994e+03
1.999354705179699749e+03
1.832871174720560020e+03
1.824412906554063738e+03
1.993165352609469210e+03
2.267365103773270221e+03
2.370383868447844179e+03
2.168200821670113783e+03
1.834768861149168060e+03
1.782825868753230679e+03
1.840164346663817241e+03
2.022332840875664942e+03
2.245236617554230634e+03
2.350790465866625709e+03
2.341550812841746847e+03
2.273111711880863368e+03
2.006429911733691597e+03
1.655115028947230485e+03
1.822583883180698876e+03
1.887912265343384206e+03
2.247746340443021836e+03
1.847250091028507995e+03
2.106102057112132115e+03
2.201656834747394441e+03
2.050116060586021376e+03
2.114852552093646864e+03
2.067565324928799328e+03
2.201764874785733355e+03
2.223498019167213442e+03
2.237438808157962740e+03
2.301036337527244086e+03
2.144158278662585417e+03
1.841950009295449036e+03
1.783179052183235626e+03
1.798872032206585118e+03
2.036075240994899787e+03
2.053954862642763146e+03
2.017089090869203346e+03
2.408269945986536641e+03
2.355536334879995593e+03
1.935246005081888597e+03
1.803973772624407502e+03
1.947279140805982934e+03
2.079897740575251191e+03
2.049805700987009459e+03
2.171504910604410270e+03
2.297975365560979753e+03
2.193020318324797245e+03
2.140925840913205320e+03
1.882087980104589860e+03
1.757568050381632929e+03
1.903508697602655047e+03
2.082086966511080846e+03
2.325602325218497754e+03
2.212760206787556854e+03
2.082014185969844220e+03
2.108577804349033613e+03
1.858100490126090335e+03
1.220071520855761719e+03
1.815760775098574413e+03
2.278864550082675578e+03
2.216454011505381459e+03
2.713156830150740461e+03
1.559257943066273810e+03
1.747774455133278479e+03
1.799541175952430876e+03
2.123361635829910028e+03
2.330652477078533593e+03
2.340109726802497789e+03
2.228963768668015746e+03
2.158151684930849569e+03
2.073532794977133108e+03
2.061039178335546694e+03
1.878923809237412343e+03
2.015985861190697278e+03
1.911880853639935822e+03
1.820498373786292632e+03
1.828108032272453556e+03
1.709964365621650586e+03
1.665045748424189242e+03
2.236269071118835654e+03
2.297138675438821792e+03
2.310772901332241418e+03
2.517463331021067461e+03
3.018183858142751887e+03
2.122169113750488577e+03
1.674545018918613323e+03
2.178864719964195956e+03
1.560332383111506715e+03
1.654572077071635931e+03
2.215963087148240902e+03
1.617948586146093021e+03
2.080237758923013189e+03
1.621230762163577765e+03
1.718606227755874443e+03
2.068996858679136494e+03
1.709498391313824641e+03
2.162940714684989871e+03
2.268118461645395200e+03
1.970100779008420432e+03
2.285211064187068587e+03
2.063339383516960424e+03
1.541414806809949823e+03
1.841576172293508080e+03
1.957029806714520873e+03
2.168940810087267892e+03
2.191341024188486699e+03
2.324007446091175098e+03
2.276004073146077189e+03
2.119189266950226283e+03
1.877443927495437265e+03
1.714329918817755924e+03
1.727902824039229699e+03
1.827021394779791990e+03
2.215978106541909710e+03
2.467868409948702265e+03
2.375021804756670463e+03
1.910908638555926927e+03
1.656947057709073306e+03
1.678174919072119565e+03
2.014290400903452337e+03
2.542626965998879314e+03
2.452956934429447756e+03
1.934147560035419019e+03
1.681061270982445421e+03
1.755749830192534318e+03
1.979846967263403258e+03
1.913816783007707727e+03
2.068652478811032779e+03
2.091758405782127284e+03
2.201833164858936470e+03
2.332610289798236408e+03
1.843134548186962320e+03
1.868563778683151895e+03
1.794581352051083741e+03
1.828960477225831937e+03
1.782290644858738005e+03
2.060316635058103657e+03
2.265718068975671031e+03
2.314552197161677213e+03
2.285599162416047420e+03
2.065112578218530416e+03
1.708444223296486825e+03
1.964393391374416979e+03
2.231611945118251697e+03
1.727356685060443624e+03
2.010172976500787627e+03
1.970256668598037777e+03
2.256104581021824742e+03
2.359160394541960159e+03
2.183691531203577142e+03
2.457210115138441779e+03
2.108734002144685292e+03
2.312802052132036806e+03
2.233273399241283187e+03
1.982649046150819004e+03
1.968549059483219025e+03
1.640212888595213371e+03
1.712963572141281929e+03
1.874022818828737854e+03
2.070345808241444956e+03
2.089190832780472192e+03
2.084339285185374138e+03
1.870862813992587007e+03
2.262517619773216666e+03
2.044233305918089854e+03
1.816299379387865656e+03
2.063164298796578350e+03
1.997003890805130141e+03
1.897111157335305506e+03
1.914382604538918713e+03
1.829096833984422119e+03
2.024538600093398372e+03
2.153736950353747034e+03
2.180350577704583429e+03
2.338782572048947259e+03
2.184230135496636194e+03
2.068789801941256428e+03
1.811801719592951031e+03
1.763293607540448875e+03
1.908649127333980914e+03
2.039421835850132538e+03
2.114779818147908827e+03
2.257025176366822052e+03
2.319146274831800383e+03
2.216505853527523868e+03
1.811325044640034548e+03
1.799613363300321453e+03
1.912339603189639774e+03
2.428015239310241213e+03
1.835843210823235268e+03
2.539948183587043331e+03
2.272472383948971128e+03
2.335045002664162439e+03
2.075428907537669147e+03
1.846327743707430272e+03
1.500888513638258246e+03
2.104539634261514493e+03
1.712715002476474638e+03
1.868510577706402273e+03
2.099333450124204774e+03
2.208579139647543798e+03
2.263685263360346653e+03
2.201274921911513502e+03
2.063101988648421866e+03
2.389900443933333463e+03
1.904887766250929872e+03
1.659106585227168125e+03
1.499540277392503413e+03
2.472660642403517613e+03
2.349020936078013165e+03
1.890832134626365587e+03
2.345631119177513483e+03
1.503469233651685045e+03
2.047903199645547829e+03
1.617390465416760435e+03
1.955741238386537816e+03
2.440401681324159654e+03
2.001708365815774414e+03
2.010912236927105596e+03
1.625567110074752236e+03
2.044171847575329139e+03
2.572065301020759762e+03
2.070186185059164018e+03
2.143555492842271633e+03
1.601598739340927978e+03
1.263288897678791955e+03
2.042505754373990385e+03
2.590660195375442072e+03
2.452507304392255264e+03
2.517601875849971748e+03
2.008686382581704720e+03
1.721981224080050879e+03
1.858798429326084261e+03
1.668994102493498303e+03
1.789800761372518991e+03
2.171172328311874935e+03
2.201033299493916729e+03
2.333222580657928120e+03
1.788001491157532428e+03
1.865922951663549838e+03
1.834239822248471910e+03
1.951153999006793356e+03
1.971462624526567652e+03
2.367400969964944579e+03
2.466432929699567921e+03
1.999620952792864273e+03
1.306387560448211616e+03
1.746756914387447523e+03
2.643848443781419519e+03
2.528245178373241743e+03
2.235711093698120749e+03
2.345152066607065080e+03
1.795236093042096854e+03
1.799846885601766417e+03
1.799724883055460623e+03
1.957733779466497708e+03
2.332050395866882809e+03
2.260571116693243312e+03
2.512572465917635327e+03
2.630983460287770868e+03
1.973729461394022792e+03
1.624381259661249715e+03
1.715836839557592839e+03
2.386931702027329720e+03
2.525644788774090102e+03
