2.527231451788673894e+03
2.356041923512519588e+03
2.364232821318746119e+03
2.298578405741491679e+03
2.069952850499538727e+03
1.923730082366700344e+03
1.889430914810546255e+03
1.862587485988608023e+03
1.645633188992123223e+03
1.542356182993423545e+03
1.777127225702839269e+03
2.209900341852604924e+03
2.608623291354710091e+03
2.066750289523778065e+03
1.818015382660081059e+03
1.886998372448989130e+03
1.837360959571338526e+03
1.828747530637552472e+03
2.299125796065332906e+03
2.242338735649705995e+03
2.507638460282768392e+03
2.471006221840617854e+03
1.929032318368373353e+03
1.658129099653073808e+03
1.330813803589442841e+03
1.372619681498332739e+03
1.920941822242142962e+03
2.079451025066478451e+03
2.737890725551075320e+03
2.968147973786217790e+03
2.471838724783130601e+03
2.325233233546272459e+03
2.165985721011124497e+03
1.785580829874545088e+03
1.695222104262373023e+03
1.543646243015750315e+03
1.899980982049106615e+03
1.940635477119445113e+03
2.046292240710095939e+03
2.265180531821026307e+03
2.253565261642834230e+03
2.122985771317285071e+03
2.197568961125562055e+03
2.147329534937993230e+03
1.905436791778112365e+03
1.923140875883898843e+03
1.627015620080591361e+03
1.513341485004400056e+03
1.608228418356591192e+03
1.507161278362589883e+03
1.910418438571415891e+03
2.388418411141230081e+03
2.404524581844389559e+03
2.519199845769191143e+03
2.452827455086001009e+03
2.122117863930392559e+03
2.001343249245732522e+03
2.001663047474196674e+03
1.908192193984587902e+03
1.878725639121812947e+03
1.857762976845592675e+03
1.893372199369852524e+03
1.833215272032046869e+03
1.786781258123505722e+03
1.933617385977236836e+03
2.091349471050552893e+03
2.012708732989840428e+03
2.063466862564676831e+03
2.315180284506939643e+03
2.430121741662142995e+03
2.325892155380530312e+03
2.484195828588834502e+03
2.510041723524615918e+03
2.448396100445218963e+03
2.243103422386315742e+03
2.190130805606902868e+03
2.077839736963972882e+03
1.906128027029044688e+03
1.909850447147350678e+03
1.924423285085735415e+03
1.888239884238344757e+03
1.669994688192325384e+03
1.730890732370389969e+03
1.730221555114487046e+03
1.314999913464183692e+03
1.309367724405626177e+03
1.681524236535577529e+03
1.722597291862486372e+03
1.789962159881408297e+03
1.998496165914063340e+03
1.509056132876045240e+03
1.759899397485547752e+03
2.098705898241084014e+03
2.395621641241568341e+03
2.457368522200318694e+03
2.742022788761516040e+03
2.616921373140577543e+03
2.323681686002321385e+03
2.537185554640770079e+03
2.282966047763686674e+03
1.907344355655005302e+03
1.640743782977697037e+03
1.912947978107431027e+03
1.747185500193892494e+03
1.956638750031055679e+03
2.011290795518536470e+03
1.911755363072389855e+03
2.013478323707377513e+03
1.962900727253795822e+03
2.021935757648080425e+03
1.894142304880606389e+03
1.622500469634486763e+03
1.544964584114734635e+03
1.647720141921382719e+03
1.575299128336215063e+03
1.430333995553141449e+03
1.505195025312467578e+03
1.520874989499460298e+03
1.577550531934319451e+03
1.902275551377327020e+03
2.245503980743200827e+03
2.180781003566577510e+03
2.094521087197749239e+03
2.123924382361622975e+03
2.048421983794706193e+03
2.022394732043798285e+03
2.114318856682938076e+03
2.215742794598463206e+03
2.395622890956511583e+03
2.069774293237477650e+03
1.960465698381007314e+03
1.798387988323985155e+03
1.627492571456720952e+03
1.464475406580634171e+03
1.605214376796908255e+03
1.660853117683271648e+03
1.521360846455937008e+03
1.770507415605516599e+03
2.015629122807417389e+03
2.010873286646744873e+03
2.189250891856836006e+03
2.401137053745931553e+03
2.342058952268223493e+03
2.375379401953539855e+03
2.521144891379863111e+03
1.762847999620986002e+03
1.856454563091108184e+03
2.181309998461891610e+03
2.320145968120044927e+03
2.047812997858389963e+03
2.069920173342262387e+03
2.157057050826795148e+03
2.158833386135117507e+03
2.246012989043469133e+03
2.295259607535678697e+03
2.024651980608772419e+03
1.927882869329773939e+03
2.190818078980140854e+03
2.631407253933769880e+03
2.573433830771271005e+03
2.156148433268598183e+03
1.605570062523443539e+03
1.585057798755945669e+03
1.636200923384072439e+03
1.541994125451935815e+03
1.994949220757977628e+03
1.829030467181245513e+03
1.637776861280328831e+03
1.476444776706900257e+03
1.500942264242512692e+03
1.755515619638514409e+03
1.930757279034264457e+03
1.974586418679346025e+03
2.001065726907687804e+03
1.897970977705022506e+03
2.001563348218811370e+03
1.920265538154159003e+03
2.244814524821026225e+03
2.472760142932600502e+03
2.744741195471410720e+03
2.434973685879107961e+03
2.326067900530701536e+03
1.949499105701114331e+03
1.672440041844245343e+03
1.709477260359238699e+03
1.700214975502873813e+03
1.763721155223470532e+03
1.708490154941663377e+03
1.768023381444673987e+03
1.838170942674886646e+03
1.804156760668254265e+03
1.840084833038499482e+03
1.871430813653774294e+03
1.991769641440570240e+03
2.104690544033344395e+03
2.014770995766900796e+03
2.277114259072455752e+03
2.369704113521182535e+03
2.094417555092853490e+03
2.063701587884518176e+03
2.294780223219788695e+03
1.982060500978238451e+03
1.776328781953675161e+03
1.643825994886297167e+03
1.997466681477158090e+03
1.929163347742993437e+03
1.871992292069489849e+03
2.151274264981654596e+03
2.226904147790823117e+03
2.098014034134738722e+03
2.332433351698686238e+03
2.219872732048983380e+03
2.196512022241167870e+03
1.983513492530991698e+03
2.036750599576317427e+03
2.078756588206934794e+03
2.030782015020133940e+03
1.923469303956648218e+03
2.081588646395771320e+03
2.178317410630018458e+03
2.205709501307146184e+03
2.034210994829160654e+03
2.046336735867364496e+03
2.107893046441757178e+03
2.335141057020541666e+03
2.223647796523322086e+03
2.044650262645244311e+03
1.937734434647215039e+03
1.357710742567728857e+03
2.390179266724779609e+03
1.632620734853329168e+03
2.482583102408693776e+03
2.143399680041495685e+03
2.479635372957885920e+03
2.677897649110313523e+03
2.516023430317447946e+03
2.186078464048543538e+03
1.649052401544669010e+03
1.848307567812978732e+03
1.649138501659894473e+03
1.621360607188809809e+03
1.669241885578243682e+03
1.534072722586263126e+03
1.952382946555527951e+03
1.491513968150453820e+03
2.429802032389871783e+03
2.623079453012452177e+03
2.609693804364979314e+03
2.659269725560117422e+03
2.277670044951095861e+03
2.420845422248651175e+03
1.984199569881857542e+03
1.516935059639033170e+03
1.441455126697307605e+03
1.286340336909215694e+03
1.645271268822599041e+03
2.313069086047420569e+03
2.964826731050992748e+03
2.601750015194192201e+03
2.900629043914521390e+03
2.047722652581903503e+03
1.348148628010729226e+03
1.511656919119415306e+03
1.603913860395979100e+03
1.742357701465979062e+03
1.841949754280234856e+03
2.261288630775157344e+03
2.013508970902614465e+03
1.935143924597822661e+03
1.873167818480351116e+03
1.972007383856662045e+03
2.093502665121092377e+03
2.087926730106075865e+03
2.235022001524725965e+03
2.258255884477020118e+03
2.068662658941922018e+03
1.992745327613555219e+03
1.521920131521900885e+03
1.516509236382416475e+03
1.755205418446822023e+03
2.079851298709839739e+03
2.669520025209244523e+03
2.423818406058412165e+03
2.345669540575423980e+03
