2.078769195952431346e+03
1.447441231428340870e+03
2.099566443149364659e+03
2.289980929240217847e+03
1.997433597730507017e+03
1.708856288883921025e+03
2.168336007491293003e+03
2.409978886624093775e+03
2.096467681306785380e+03
1.680020312241970259e+03
1.968540805057480611e+03
2.237473644069125839e+03
1.770094770568215608e+03
1.483906295457809392e+03
1.226010865968576553e+02
3.183810124947922304e+03
2.139200848135594242e+03
1.760315150595110708e+03
1.838195030337864409e+03
1.872800715350969085e+03
1.955524291385586821e+03
1.797221728293954129e+03
2.158922008851646297e+03
1.768338069482706715e+03
2.086790331969114050e+03
2.086929421026614818e+03
2.050613021268981811e+03
1.771594631270581203e+03
1.714031254483192242e+03
2.156697614549613263e+03
2.055634539013788071e+03
1.639819434070174793e+03
1.950660317855495578e+03
2.113836726694482422e+03
1.085872541431902391e+03
2.812006470838213772e+03
1.265333367702204669e+03
1.689307376124988195e+03
1.656146274634647170e+03
1.389247914605442020e+03
1.989018921094854477e+03
2.324765844549509893e+03
1.967525498536820123e+03
1.724624268641907975e+03
2.099938487946937585e+03
2.157042138203118611e+03
1.898089009664191508e+03
1.452246962790424277e+03
1.898737303892342652e+03
2.180853277326722491e+03
1.647045270371999322e+03
1.416075311399926477e+03
1.934707476391709179e+03
2.120835413352438536e+03
1.701031567073280939e+03
1.434974703610706911e+03
1.867918094873246218e+03
2.002632810942717697e+03
1.828312612166366762e+03
1.680065853918408493e+03
2.229224639891983315e+03
1.859348180422024370e+03
2.105722799128378938e+03
1.912202548029388709e+03
2.018657450082005653e+03
1.904575416810575007e+03
1.709762435806566373e+03
1.770316924092462841e+03
1.845301681241674487e+03
1.765155332850718196e+03
1.872398924449386186e+03
1.836974379190439777e+03
1.674560575150539762e+03
1.842510733237216755e+03
2.240586618553769313e+03
1.903891348162423583e+03
1.724993467506279785e+03
2.237127936469913493e+03
1.643915876539159626e+03
1.762972417770272841e+03
1.929066053926164386e+03
1.795612561374723100e+03
2.239889213144041605e+03
1.829659683892908561e+03
1.578117137347260723e+03
1.718801501934366343e+03
2.313096611355761979e+03
1.528288254351246451e+03
1.380915167519971646e+03
1.854109504395221848e+03
2.307068877420702847e+03
1.824277240941216633e+03
1.409961231145770626e+03
2.298669990234443958e+03
2.248758949181703883e+03
1.855119786359668751e+03
1.521463056627465221e+03
1.421468254375456127e+03
2.123536330295588414e+03
2.300556243544869176e+03
1.634342874293963860e+03
1.648191403453518888e+03
2.728736906555361657e+03
2.349858125829908658e+03
3.329076370814786969e+03
-7.929422445374576967e+01
1.472005376196881571e+03
1.090907750242697375e+03
1.640180375001171342e+03
2.521993422200114310e+03
1.523471575376532201e+03
1.993707063490626751e+03
1.909939510627390973e+03
2.069747124835148043e+03
1.430209097374300427e+03
1.724280101890388778e+03
2.565654985531293278e+03
1.600552965042423693e+03
1.851460638397462844e+03
1.657069301785320476e+03
3.536611610754353478e+03
1.392518443400181241e+03
1.498458394258454064e+03
1.610930768960610976e+03
1.838850021442869775e+03
2.008104442853873707e+03
1.907092403293694815e+03
1.792516517556020517e+03
1.760882843353932458e+03
2.106983489874861789e+03
2.054149678380622845e+03
2.021891855249670016e+03
2.158441570303778008e+03
2.028061200869654840e+03
2.044027449696788381e+03
2.041044956804641743e+03
2.121039756762510024e+03
1.789886749039168762e+03
1.986047180806529695e+03
1.988092277671711827e+03
2.157904912101301306e+03
1.553926046209709966e+03
1.826464306997878111e+03
2.034183251196043784e+03
1.914425411088170449e+03
1.634157087951193944e+03
1.968569599676275402e+03
2.128562059237248832e+03
1.813957187068775511e+03
1.715953033043693495e+03
2.084051512482859835e+03
2.240715045188141630e+03
1.814498972139063653e+03
1.663867801418380623e+03
1.999185624899063896e+03
2.051448038974046085e+03
1.600996094324028945e+03
2.005147010864238382e+03
1.996988013639238261e+03
1.789618797536858665e+03
1.462495666525775505e+03
2.401419737538497884e+03
2.244026766507809953e+03
1.719684089780686008e+03
1.761975196039797993e+03
1.886274534953083275e+03
1.971457955424014244e+03
2.092282070171438136e+03
1.829179794947306846e+03
1.889480123743383729e+03
1.987276493587138248e+03
2.003539909578880952e+03
1.657947940623897694e+03
1.913210949473030951e+03
1.946141784421769898e+03
2.065698030159846439e+03
1.677424054052140036e+03
1.657349268647215240e+03
1.943922161985095045e+03
1.971174639730393437e+03
1.829590256395828874e+03
1.074195800679087597e+03
2.257198383099896091e+03
2.400622709223149741e+03
1.656731514446058100e+03
1.133893397411033447e+03
1.736427605539564411e+03
2.555037523323804180e+03
1.948257444129119676e+03
1.647203114269154639e+03
2.162962428390296736e+03
2.194076337612790667e+03
2.028761378408927840e+03
1.367920505776373147e+03
2.223233561315466886e+03
2.211108322324030269e+03
2.248056642552453468e+03
1.682436831175274392e+03
1.931942302821274097e+03
2.053288506466064064e+03
1.914844359370436678e+03
1.529039739857283848e+03
1.478324704650188096e+03
3.661916339408152908e+03
1.155811903175133239e+03
1.343698108444905529e+03
1.767433848681703466e+03
1.610139671182427492e+03
1.405223179592196402e+03
2.046718656731962028e+03
2.191335508933200344e+03
2.134517295249008384e+03
1.494656218391966831e+03
1.922717115437868188e+03
2.302653192142873650e+03
1.947464925344954963e+03
1.544596999085234756e+03
1.877120287320422449e+03
2.210613808526868070e+03
1.920169227801467741e+03
1.575397033586859834e+03
1.408396954589390361e+03
2.356173070635857130e+03
2.053861117849285620e+03
-1.813166221846108783e+02
2.912424586915192776e+03
2.450881073854851820e+03
2.833260280583013355e+03
3.774251913824042504e+02
8.524846426576133354e+02
3.258139371232603480e+03
-2.316924083979133115e+02
1.900131598795227319e+03
1.977159221491123162e+03
1.251704012474607907e+03
2.877148502375194312e+03
1.368129971278672883e+03
2.059306680050206978e+03
1.842524304127942742e+03
1.439395747079124249e+03
2.492878866566039051e+03
1.239224518078088295e+03
3.022370174673505517e+03
1.042184478676162598e+03
1.705611495760153730e+03
2.659313144799669317e+03
2.477818950396074797e+03
1.966353723575576396e+03
1.832252212372275835e+03
1.915724279837870654e+03
1.933964852101464203e+03
1.997661902843604821e+03
1.916618663682383158e+03
1.761883378305265069e+03
1.945964780407868375e+03
2.002813113908845935e+03
1.981515494836891776e+03
1.823577342893863033e+03
2.088067694825915169e+03
2.240667006790939922e+03
1.951006204164945075e+03
1.880720214091063553e+03
2.031188870035999571e+03
2.173557839412346766e+03
1.955980266909888542e+03
1.693594268320020092e+03
2.834581841729887401e+03
1.845646701377479530e+03
1.862124268679408715e+03
1.286280313436101778e+03
1.721199277398709228e+03
2.037836945942621469e+03
2.145487574920081443e+03
1.487606391913555854e+03
1.840187771777839316e+03
2.046161073137124504e+03
2.128722849126871097e+03
1.784420929587494584e+03
1.870081514988988147e+03
2.159700377243643288e+03
2.097073202912331453e+03
1.585194105359713149e+03
1.684025895214743969e+03
1.952322489519669716e+03
