1.666847501729175974e+03
2.262179772793820575e+03
1.759990711265115806e+03
2.409198884446474949e+03
1.911479148255460586e+03
2.020853556437754150e+03
2.082911674047749784e+03
1.729500711436183792e+03
2.302833171648267580e+03
1.799703187566015458e+03
2.350754141650488236e+03
1.950077112647087915e+03
1.932668494390630258e+03
2.121166258135897806e+03
1.725360730481176915e+03
2.347244124115943578e+03
1.830061621788878483e+03
2.295364877295950009e+03
1.979744658673646427e+03
1.851447687831858048e+03
2.172383582954295434e+03
1.721814844040184198e+03
2.395246512754346895e+03
1.856458422163304022e+03
2.199363127393584364e+03
2.017597250483768448e+03
1.797750259123426076e+03
2.219651442646871601e+03
1.747333968229723268e+03
2.408031536516238248e+03
1.885959372653895343e+03
2.102673304414156519e+03
2.049899734093682582e+03
1.754244433065684461e+03
2.274817294571018465e+03
1.770850276404295528e+03
2.391161048362857855e+03
1.926383777735315107e+03
1.999393964383963066e+03
2.089315805095537598e+03
1.739035859576911662e+03
2.319774635063857659e+03
1.800559762137527741e+03
2.339209267906252535e+03
1.959820716127498144e+03
1.907259485153424976e+03
2.131645199608265102e+03
1.728384621641900594e+03
2.365029593332620607e+03
1.830612839713926633e+03
2.269687319169755938e+03
1.989776940610736574e+03
1.839556958296429912e+03
2.181829929500113849e+03
1.736494439688024158e+03
2.389355556424775386e+03
1.867804903585894408e+03
2.175137044455089381e+03
2.019947865207512450e+03
1.784896847897420457e+03
2.230165659539517492e+03
1.750260039613420986e+03
2.401765693682903930e+03
1.899652346278360483e+03
2.068734203587859156e+03
2.058577649484625908e+03
1.751387103224058137e+03
2.283257898677927642e+03
1.781359226892009701e+03
2.370921228548255385e+03
1.934947971185546749e+03
1.971000080090092752e+03
2.098847742699033006e+03
1.738535871726994856e+03
2.331266147118200934e+03
1.804939012904728997e+03
2.318800691807548446e+03
1.966993288965111788e+03
1.883594902057417357e+03
2.146019706525204128e+03
1.733633385241174210e+03
2.377858115565303251e+03
1.840849010434008505e+03
2.243695224394701654e+03
1.999561793591372862e+03
1.818679845850951551e+03
2.193292070573255842e+03
1.744163788896375536e+03
2.397773218153831294e+03
1.874131896630402025e+03
2.147476839208287856e+03
2.034860093614428251e+03
1.767663541682828736e+03
2.243649165258678295e+03
1.762174220780440237e+03
2.401087463870857391e+03
1.911903125703809792e+03
2.044751451006210800e+03
2.067885705823755416e+03
1.746953599598811707e+03
2.296772674689356336e+03
1.785693762918306220e+03
2.364417875788260062e+03
1.942886918857433102e+03
1.943157286616520878e+03
2.112591433898969626e+03
1.726478933846045493e+03
2.346186741429665744e+03
1.818093022388997724e+03
2.305177398408885438e+03
1.973215002569641683e+03
1.864681138492764603e+03
2.153141658681873650e+03
1.740423341224996420e+03
2.386631755673712632e+03
1.847269161289941621e+03
2.222029153809695799e+03
2.006616836087645197e+03
1.798108442829744263e+03
2.203230801253527716e+03
1.749757290626785789e+03
2.400991130431203601e+03
1.880619283355326843e+03
2.124830976558443581e+03
2.038008107110723813e+03
1.760891508939834239e+03
2.254665335353022783e+03
1.772464439235203145e+03
2.403720714529536963e+03
1.913373443831878831e+03
2.020376080363012534e+03
2.085437598617272215e+03
1.727105671460059284e+03
2.303093986909363593e+03
1.803357248727528940e+03
2.352057339745894296e+03
1.951929683651731921e+03
1.924837540409730536e+03
2.123163111907664188e+03
1.727256452888067770e+03
2.347882488923822166e+03
1.834610666538905662e+03
2.289366555398608853e+03
1.978586860839282281e+03
1.853796240658452234e+03
2.164892239171513665e+03
1.734704153907452337e+03
2.388867480970535780e+03
1.859611732956354444e+03
2.198678783392856985e+03
2.015554669706100640e+03
1.788466501608509361e+03
2.219248187464354487e+03
1.750373477551104543e+03
2.402315911584968489e+03
1.889627955317406986e+03
2.099715274410521033e+03
2.052889826115774667e+03
1.752406562814030394e+03
2.268181143028903534e+03
1.778971890397017660e+03
2.393533894195359608e+03
1.922922572303586776e+03
1.997877668911542742e+03
2.094610725047495180e+03
1.721491149034447744e+03
2.316941870030083464e+03
1.806505910274876669e+03
2.338612205634271959e+03
1.959891678117060792e+03
1.903828172925281024e+03
2.132434395452797617e+03
1.731518177517636786e+03
2.353004398889350796e+03
1.840786707553968427e+03
2.263549055127828524e+03
1.989434871385833731e+03
1.838217861284319270e+03
2.182019226264078043e+03
1.727934011849993340e+03
2.392129928495563490e+03
1.865058441537219323e+03
2.174150947937163892e+03
2.023308784456419517e+03
1.783465919136142475e+03
2.226576920598328797e+03
1.756862886369883427e+03
2.396461132288728550e+03
1.903753240650554062e+03
2.071839861577891497e+03
2.058741807425923525e+03
1.746711898249502156e+03
2.288033777634792841e+03
1.777463462317250560e+03
2.379037258369608480e+03
1.932922386567158583e+03
1.972709892483701424e+03
2.102665294605254985e+03
1.722899925397165816e+03
2.326520883313904505e+03
1.812119529205706840e+03
2.331239606128615833e+03
1.963904603624182300e+03
1.887016984483073657e+03
2.144105243055787469e+03
1.725281780767506234e+03
2.374914349579312784e+03
1.843547695706547756e+03
2.241928998558862077e+03
2.000500333371931902e+03
1.822052938535414114e+03
2.194390366565053682e+03
1.732105350716465182e+03
2.394468169275996388e+03
1.873682900659632878e+03
2.151728741163035920e+03
2.030215192964022208e+03
1.773293855064290938e+03
2.243853175934749288e+03
1.762494997507187463e+03
2.406588378950148126e+03
1.902844044271702387e+03
2.045042068132518580e+03
2.070946793711351802e+03
1.742455898655665806e+03
2.300029827434578237e+03
1.783881379597618206e+03
2.363077996891619023e+03
1.937933854709707248e+03
1.949045869646784013e+03
2.114523881389027792e+03
1.730616703897753041e+03
2.346400534637255532e+03
1.815775517168655369e+03
2.312459486105023188e+03
1.970984799030058639e+03
1.867916981952612332e+03
2.152763026635293500e+03
1.734778197733126262e+03
2.383787921979213024e+03
1.849943142380388281e+03
2.221108075647459827e+03
2.007400947146200224e+03
1.797581709770180623e+03
2.206445983304483434e+03
1.747399049651127143e+03
2.402582538042938268e+03
1.890256858198553118e+03
2.119813089137530369e+03
2.042309698182048805e+03
1.763996882720280837e+03
2.259621613483547208e+03
1.767923360901786964e+03
2.392549119687568236e+03
1.919711231713994039e+03
2.021441311996585227e+03
2.080638869038627490e+03
1.733469562440548998e+03
2.309369656881729497e+03
1.794900326904476970e+03
2.350540792009188863e+03
1.948604182630777586e+03
1.922710428331679623e+03
2.123178910691648980e+03
1.732167536386681604e+03
2.357651395889737614e+03
1.826422799573639395e+03
2.281856091460979769e+03
1.984156037761953485e+03
1.854261512746214976e+03
2.168369745387166404e+03
1.733008691500857594e+03
2.392424070431685777e+03
1.855990009855702510e+03
2.197973881631994573e+03
2.015397628622946968e+03
1.783669870939451584e+03
2.214003142204482629e+03
1.757645669694755725e+03
2.400835756251826751e+03
1.893297368245564485e+03
2.094059335121645290e+03
2.053172666401098013e+03
1.757149818550275768e+03
