2.811042284469273909e+03
2.206255232099139903e+03
2.174680285677201482e+03
2.923182999059401027e+03
2.413273275133603420e+03
2.110596156042287930e+03
1.979521690320211064e+03
1.822032510058234038e+03
1.745635799571517509e+03
2.514500491210431846e+03
1.964730267154089233e+03
1.884224357323640788e+03
1.820787289002815669e+03
1.554040172089474481e+03
2.427729128307056271e+03
2.111746369186622360e+03
2.005536533710255981e+03
1.550715712969206152e+03
2.193456925616475473e+03
2.265591250498434874e+03
2.086757970690637649e+03
2.005051928721098875e+03
1.912332580701851384e+03
2.558107826715112424e+03
2.165935385875441170e+03
2.099713536808306344e+03
1.806332095529926391e+03
2.615014318175557946e+03
2.295958688631252244e+03
2.082869449073870328e+03
1.842791861627107892e+03
2.280270885614243070e+03
2.550488965697491039e+03
2.257148853458626945e+03
2.218700753557266580e+03
1.756486461973389169e+03
2.650393310745584586e+03
2.542688608545362968e+03
2.132627190362074998e+03
2.038316288109352627e+03
1.917556236397129396e+03
2.469352364436915195e+03
2.154233675718434370e+03
1.573700091119225362e+03
2.228055274558747442e+03
2.148690675062721311e+03
1.855189482902896316e+03
1.522822956554076200e+03
2.139004139694374771e+03
2.147683751748137638e+03
1.891524031840109501e+03
1.579263356273342652e+03
2.026116994260592719e+03
2.182269161644012911e+03
1.887963124167219121e+03
1.671586368530371601e+03
1.766369910476771565e+03
2.401312796367121337e+03
2.130634488618322393e+03
2.140320802450536121e+03
2.144324612905906179e+03
2.154568180230482540e+03
1.879176737544904199e+03
2.606362240225193091e+03
2.171690076388752459e+03
2.062651770832409511e+03
1.738792090339633205e+03
2.481630708093525300e+03
2.074439171504940987e+03
1.979320185923883855e+03
1.935996217590634387e+03
2.068737616831424020e+03
2.459393328118402678e+03
2.182113956256117035e+03
2.097766432016308045e+03
2.177946133587665827e+03
1.789974435695470675e+03
2.109808824457482388e+03
2.120976109413650192e+03
1.876538281821873397e+03
1.723970124031741534e+03
1.865550409246262234e+03
2.117239941264884692e+03
1.825015216772777421e+03
1.482659089679246790e+03
1.939987119316276903e+03
2.117638676732208751e+03
1.972524616507771043e+03
1.678600406041394990e+03
2.700016652372583394e+03
2.232434805668007357e+03
2.152157156497847154e+03
1.917869040501053405e+03
2.645809393771004579e+03
2.214886387019257654e+03
2.118282314406747446e+03
1.797527361771808955e+03
1.777493753097110130e+03
3.586061104734752007e+03
3.323792034932377646e+03
1.890295306168013667e+03
4.318895735954088195e+03
-4.537436357929793473e+01
4.389487518474618810e+03
1.266085837216643540e+03
8.064467290119621623e+01
4.187976488131281258e+03
9.398884974271709325e+02
3.399357496545735103e+03
1.654644365950821111e+03
7.204456457805448508e+02
4.186912992507815943e+03
2.052495797585321725e+03
9.972960202909971485e+02
2.932415661216255558e+03
1.400490767804301186e+03
2.650813638907123277e+03
1.733711016586734104e+03
2.015819176463594431e+03
2.164034609318368439e+03
2.078998045606746018e+03
2.078977966701107562e+03
2.031567602437138248e+03
1.899268526287912437e+03
1.939831932088750818e+03
2.094453182803140862e+03
1.953916982980056673e+03
1.941188029163896999e+03
1.935911713461763611e+03
1.841627588502116396e+03
1.960640787971619147e+03
2.249236037887289967e+03
1.947352071951048856e+03
1.908115483918755444e+03
1.892623777087513417e+03
1.583246997458112673e+03
2.162120498125709673e+03
2.096313577040797554e+03
1.922627280420489114e+03
1.882434969426305543e+03
1.555302242246682226e+03
2.421472901340661792e+03
2.088075883717071974e+03
1.803259945707915449e+03
1.727155542962347909e+03
1.334334429199192300e+03
2.216963839749325871e+03
1.930450182250810030e+03
1.829247221502123693e+03
1.783726476476351081e+03
1.738367315628248889e+03
1.361630651160073739e+03
2.539781656734556691e+03
1.964231077202097595e+03
1.665662253985996813e+03
1.469040461342654226e+03
2.735243187784426027e+03
2.104118384594904910e+03
1.734142831950794289e+03
1.464933126235652935e+03
2.404091434279494024e+03
2.053776869017013269e+03
1.927539957693012411e+03
1.572610388928748762e+03
2.420033334850077608e+03
1.902042519017082896e+03
1.219673810690775099e+03
2.344125202124850603e+03
1.975362083766596697e+03
1.419159611273780001e+03
2.350122670016932716e+03
2.299563903376188591e+03
2.001869239502596201e+03
1.762837528321151467e+03
2.396924512747923018e+03
2.365192434357255024e+03
2.102338345618176390e+03
1.953980860199933204e+03
2.425787827047587598e+03
2.081200003764329267e+03
1.989739054704083856e+03
1.783663453781611224e+03
1.844390397390824091e+03
2.275736114501178690e+03
2.097399613668640995e+03
2.196866550542418281e+03
1.960372658084378827e+03
1.955067721606563282e+03
1.736658151547080934e+03
2.753913841139307806e+03
2.269251534971410820e+03
2.162499887852076426e+03
1.562833447452762130e+03
3.033913008908268694e+03
2.266156958823614332e+03
1.908390326401695575e+03
1.838113740283102061e+03
1.397121627580160975e+03
2.692966743775763462e+03
2.013332250771265535e+03
1.772761955583157714e+03
1.768660571883937564e+03
1.434171939566954052e+03
2.567020716262591577e+03
2.242613720066427504e+03
1.593430064888708785e+03
1.628630950354862080e+03
1.666781282045368698e+03
1.594738193685107944e+03
2.317899179666548207e+03
2.102416181745995800e+03
2.008381101931400735e+03
1.937942250715911996e+03
1.507979690428047206e+03
2.187325763128880681e+03
2.751378553037903657e+03
2.127738256544056640e+03
2.086745940153609808e+03
2.043436228124052604e+03
1.905720932290633982e+03
3.006515831067325507e+03
2.305937001873059671e+03
2.068058555336259360e+03
2.133285598388633389e+03
1.742907737207795435e+03
3.123585753409588960e+03
2.832602403973868604e+03
2.742781122996638715e+03
6.736087845776971790e+02
4.501041848940117234e+02
4.043763711850516302e+03
1.238701571931858609e+02
2.284928743682440199e+03
3.279769929928511374e+03
2.125412158189987508e+02
4.083803981826692052e+03
2.241255089504605166e+03
1.579554245521310349e+02
3.779919072587687879e+03
1.084949063479541110e+03
1.906998445273559810e+03
2.665351568557069186e+03
1.259267379134818611e+03
2.876978311497398863e+03
1.548708799653090637e+03
2.119708020042897715e+03
1.925719299665318658e+03
2.034090175950156436e+03
1.962078956999283719e+03
2.115582554630987033e+03
2.060383346911109584e+03
2.031287900412905401e+03
1.997055621300297616e+03
2.188638574162560417e+03
2.177873115378205512e+03
2.053148301900317620e+03
1.925365977058067983e+03
2.260150354116140534e+03
2.103545864347981933e+03
1.918383018622437021e+03
1.754077891860477393e+03
1.993003612415366888e+03
2.188113371367817308e+03
1.774718349623694166e+03
1.746990379253791616e+03
2.034593740183285490e+03
2.255483854220874036e+03
1.747971254397690473e+03
1.878872605364831770e+03
1.706741514594424871e+03
2.555967486618532803e+03
2.268392927146254351e+03
1.965129204390759242e+03
1.372023319717605773e+03
2.526936632023106995e+03
2.646648067425949193e+03
2.541029244233488498e+03
2.062200643748301900e+03
1.931175451876272291e+03
2.016178628499369779e+03
3.308782675470002687e+03
6.360201734917991416e+02
2.093220524529813247e+03
2.143343211330497979e+03
