1.401341139956577081e+03
1.751660727190557054e+03
2.648629573029875701e+03
1.902430575221367917e+03
1.911183719244545728e+03
1.497605247099541430e+03
2.033819906529973196e+03
2.788308279184547700e+03
1.206414076360988247e+03
1.845420535032205407e+03
2.000955431668214487e+03
2.394404493433055450e+03
2.760048297147576250e+03
1.320792695329092112e+03
1.586222363750458271e+03
2.123745919187308573e+03
2.591809416666103971e+03
2.062778383677675720e+03
1.404735015025055645e+03
1.970975077360834575e+03
2.329150063637474886e+03
2.440471707024688840e+03
2.324960312215832801e+03
1.660318195973221691e+03
1.711776694314085489e+03
2.026298395532639688e+03
2.397706673793152277e+03
1.958635425436769083e+03
1.514122578200505586e+03
1.945779543830911734e+03
2.233666685861929182e+03
2.311672243028391676e+03
1.995098815148799304e+03
1.744850608234180072e+03
2.025170612489564974e+03
2.361464102289659422e+03
2.458097307796428595e+03
2.280126901303024624e+03
2.200806506862362767e+03
1.853836149265569929e+03
1.584288783035140568e+03
1.941595184805137706e+03
2.193250371612983145e+03
2.523896634178163367e+03
1.896952288836653906e+03
1.589113387165682525e+03
2.060700283641536316e+03
2.379635965940471579e+03
2.574113512467873079e+03
2.062980426101596095e+03
1.580434813383549454e+03
1.918173494031629616e+03
2.206173635233233199e+03
2.520891456610112073e+03
2.123064816337388947e+03
1.308706891985042375e+03
1.786012455546523825e+03
2.329664937985879988e+03
2.609218780925406918e+03
1.896284706549262864e+03
1.340531545424724072e+03
2.098075391809620669e+03
2.549888898356763093e+03
2.601341379820242310e+03
1.871954326969220347e+03
1.335348802909311416e+03
1.846106190147115285e+03
2.428597419163424092e+03
2.540941592222440704e+03
1.649448029033100511e+03
1.618324491827103429e+03
2.352301841039767623e+03
2.711668083785685667e+03
2.206310033853392270e+03
1.479404550232109386e+03
1.914390924864736007e+03
2.578227536016936938e+03
2.506482116454623338e+03
2.323548194888870967e+03
2.147004072759360952e+03
1.829958212042005243e+03
1.245872875667843346e+03
1.434520515677066669e+03
1.892427817532304744e+03
1.936050547952527268e+03
2.224189337636704749e+03
2.279048999795601503e+03
1.882179372141101112e+03
1.785377392100356701e+03
1.792745701409844060e+03
2.375944370366883049e+03
2.380231443470424438e+03
1.995081083910479947e+03
1.834223012774325980e+03
1.808226129114451851e+03
1.996756565321186599e+03
2.227918068913979823e+03
2.360764233403315757e+03
2.052633920111422867e+03
1.509673293201058868e+03
1.585047606800005269e+03
3.694229862093321117e+03
4.697204233225454004e+02
1.839419700417834974e+03
2.152018446142641551e+03
1.403341571114808403e+03
2.618565306046589285e+03
2.668708570003246678e+03
2.105479430904093078e+03
2.395348402820048250e+03
1.523080546257724109e+03
2.171398789850964931e+03
2.042411005898612530e+03
2.304810570127695428e+03
2.075973996421081665e+03
1.491735600558097076e+03
2.027332977480386717e+03
2.158522945775247990e+03
2.353952561831278672e+03
1.925122683535099213e+03
1.990928102138998156e+03
1.958926017127781279e+03
2.047686722259808903e+03
2.344107642158629005e+03
2.281013832060260484e+03
1.194125051844980817e+03
1.688701554424915457e+03
2.302939917684785996e+03
2.681905360524755451e+03
1.812114340600621517e+03
1.472419875822802169e+03
1.980267673359579703e+03
2.363412540631086813e+03
2.648355943272142213e+03
1.984607540792449072e+03
1.334968147239432028e+03
1.965535885732650286e+03
2.527584691778773504e+03
2.393222597854145988e+03
1.424712780304816079e+03
1.800832637975402577e+03
2.582705803143518096e+03
2.325723122457474346e+03
1.509247924706089862e+03
1.848382544583985464e+03
2.464761519638037953e+03
2.421501530857328362e+03
1.694069709814983071e+03
1.652578789109009676e+03
2.099086649525408575e+03
2.292325446854420534e+03
1.823401439164414114e+03
1.789060074413172060e+03
2.003878767595293084e+03
2.224256704878798246e+03
2.184609159291055676e+03
1.825459807810464326e+03
1.861716635981018726e+03
2.255325435872080106e+03
2.482172595980461665e+03
2.228585288664365180e+03
1.849993308381042425e+03
1.884108172276553887e+03
1.784525460243634143e+03
1.759500786000842709e+03
2.041921336490078374e+03
2.285050045548300659e+03
2.374961030054761977e+03
1.690408747489629832e+03
1.708734023462698588e+03
2.140582735899201452e+03
2.391393579622776542e+03
2.501908252048985560e+03
1.890307162343514847e+03
1.657731266761860070e+03
1.924695441771710421e+03
2.059320438732911498e+03
2.409341321561342284e+03
2.212772142973120481e+03
1.933473423123465636e+03
1.680353522709475101e+03
1.931332269272434587e+03
2.576362113235117249e+03
2.093943810071924872e+03
2.032811521802012294e+03
1.678334779300566197e+03
1.615355325541497905e+03
2.185106369551903299e+03
2.452385347552859457e+03
2.246642583061925052e+03
1.691927697952010476e+03
1.481580551091324423e+03
2.340538823022376619e+03
2.427006352143699132e+03
1.800845627244737216e+03
1.591885920942235543e+03
1.967163759195948842e+03
2.621813036370257123e+03
2.147690587949420660e+03
1.620836285612289203e+03
1.654728322985290561e+03
2.240086065505139686e+03
2.654433600511371878e+03
1.478984302811566977e+03
1.458682496198260651e+03
1.951936826804152588e+03
2.395852364493911864e+03
2.565341621769782250e+03
1.520771589047993302e+03
1.472209711357309516e+03
2.102790010752784838e+03
2.589834951233762240e+03
2.263744026589319674e+03
1.502040631704663838e+03
2.110043371374675189e+03
2.637337652181050998e+03
2.557818654545011668e+03
2.401835356554821374e+03
2.054767239579752186e+03
1.318026006394549086e+03
1.797585624653114792e+03
2.361908138497859454e+03
2.458748856817696833e+03
1.428339782835030064e+03
3.776261554092798178e+03
1.548883635426953560e+03
2.705842268808907647e+03
1.085567274615933457e+03
1.958100473395440758e+03
9.986751790666589841e+02
2.166056554523585874e+03
2.029145606434585261e+03
2.009735225805781738e+03
2.484525939010156435e+03
1.620729257337771287e+03
2.052778948562271125e+03
2.416013431672256047e+03
1.898844955881379747e+03
1.975089116836273206e+03
1.702830845716308659e+03
2.023611787223989722e+03
2.100339523935794205e+03
2.285208219105151784e+03
2.290273523967248366e+03
1.137417061217713126e+03
2.454045152193532886e+03
2.515517782234286642e+03
2.440890691649954988e+03
2.448438443332652241e+03
1.393444407322734833e+03
1.548996449950326678e+03
2.052289109212722906e+03
2.560665459961805482e+03
2.368615329831144663e+03
1.655252808028783647e+03
1.731371075930349434e+03
1.794443545708216561e+03
2.181775320457836642e+03
2.512763401329835233e+03
1.818692461692935240e+03
1.805107530978233399e+03
1.858203650231193933e+03
2.198542370166100682e+03
2.505581326441394140e+03
2.203296155046008153e+03
2.036419304750030278e+03
1.662955409709388050e+03
1.634562813992235078e+03
2.024493579451176629e+03
2.419897029004844626e+03
2.539987052933237464e+03
2.280057701975781583e+03
1.643766158470814162e+03
1.419062958877328356e+03
1.805460822512094637e+03
2.079296038275226238e+03
2.532875279821458662e+03
2.296775872003978293e+03
1.475904260837932952e+03
1.802965550962821908e+03
2.032800466493321437e+03
2.394164053568864801e+03
2.464893612608694184e+03
2.285195889180998620e+03
