2.256590328568935547e+03
2.115163580185415412e+03
2.218897313105961530e+03
2.219369623248693188e+03
2.196726527605314459e+03
2.206593069839389500e+03
2.163998207756951615e+03
2.201775467945191849e+03
2.182156719578835236e+03
2.206143673662214951e+03
2.184557985623969216e+03
2.181611160477796147e+03
2.156669954585135201e+03
2.238709932847080836e+03
2.189612719390795519e+03
2.148610296633239159e+03
2.175717783516568943e+03
2.200057877748474766e+03
2.200762448295059130e+03
2.178687741915614424e+03
2.162264070134862777e+03
2.190928976320224592e+03
2.161895291268177971e+03
2.192607527291300357e+03
2.167835082651694847e+03
2.211790303975207735e+03
2.168173177649318859e+03
2.172571412641864299e+03
2.225968922159001067e+03
2.145888311940755102e+03
2.195625559643580800e+03
2.164275698578473566e+03
2.143898983496452274e+03
2.159878871514458751e+03
2.219018692240615565e+03
2.198011796880941347e+03
2.195510482227233751e+03
2.151297474142652845e+03
2.230446862527665417e+03
2.175377511425908324e+03
2.224843061996497454e+03
2.185170989143711722e+03
2.180856141585741625e+03
2.201772232307905142e+03
2.182152164655788965e+03
2.195966360896361039e+03
2.178074405595485132e+03
2.192553069334443535e+03
2.215041727447994163e+03
2.157256593058868930e+03
2.210281316950154633e+03
2.139827950168967618e+03
2.189431253972780269e+03
2.163593896872389905e+03
2.229447296564797398e+03
2.189550734755905069e+03
2.198860602441814081e+03
2.136301964007656807e+03
2.189206043752539699e+03
2.206950850253223962e+03
2.184259722075993977e+03
2.218962184538343536e+03
2.148849434156635198e+03
2.140990128630729487e+03
2.187373565813304140e+03
2.171288060204416979e+03
2.167884336034105672e+03
2.187985982989152944e+03
2.158318728919431578e+03
2.256973391767674002e+03
2.168765969508563103e+03
2.195686370594115033e+03
2.203566943804653420e+03
2.186670881405891123e+03
2.181775904709434599e+03
2.193725023450390381e+03
2.146450931342827516e+03
2.220969228573240798e+03
2.100554045497022798e+03
2.160819004221519208e+03
2.204727781252174282e+03
2.156755568301479798e+03
2.156514207267322945e+03
2.193039195224938794e+03
2.196924167215201578e+03
2.195489250249009729e+03
2.158609095554949818e+03
2.172061420728908161e+03
2.159752178385529078e+03
2.188385295966888862e+03
2.146715807868189131e+03
2.199061604993225501e+03
2.191824752009019448e+03
2.153250797430662260e+03
2.176708617865866472e+03
2.184845381851147977e+03
2.212005736355639328e+03
2.171422867115334157e+03
2.140247033795171774e+03
2.184910477622673170e+03
2.205789136987591064e+03
2.170093307908841780e+03
2.194837617056789441e+03
2.159041170949567913e+03
2.173240739040093558e+03
2.200855737065880021e+03
2.212025673766455839e+03
2.169844885790836997e+03
2.168845198016134418e+03
2.136234164264300944e+03
2.261495312315432784e+03
2.142175762656002462e+03
2.175805865480212105e+03
2.187436152345262144e+03
2.174794613458906042e+03
2.221913541244119187e+03
2.133465397225963443e+03
2.210272601102168665e+03
2.188098107845175491e+03
2.181456408106835624e+03
2.206955175317760222e+03
2.169378387578446109e+03
2.161987965083293602e+03
2.220572573170633859e+03
2.188165259583337502e+03
2.181071323350339298e+03
2.196125686890475663e+03
2.175182982285240996e+03
2.215421247462969859e+03
2.132146625244028201e+03
2.189866749310733212e+03
2.207790890187501645e+03
2.209168518948934889e+03
2.130523478877787056e+03
2.220489650341846755e+03
2.133358533563949550e+03
2.161058444953951948e+03
2.171361743805126480e+03
2.223550524271351151e+03
2.180166638297296231e+03
2.195629501702018388e+03
2.144936106464901968e+03
2.209142314508010713e+03
2.136217675177308138e+03
2.201070632658382237e+03
2.193073350130272502e+03
2.213210450883136218e+03
2.170890031614999771e+03
2.181035180312446755e+03
2.210627126524130290e+03
2.190084120355601044e+03
2.165510278700073286e+03
2.196479718093564315e+03
2.199755945300083113e+03
2.189025044133911706e+03
2.121000515659379289e+03
2.174618742700200983e+03
2.207829615149770234e+03
2.167606691180444614e+03
2.138410117398086186e+03
2.188324052625401691e+03
2.175286247433165045e+03
2.182185816173980129e+03
2.188301165852739814e+03
2.183829112826961136e+03
2.176283868791888381e+03
2.186320873360854876e+03
2.154362382992061157e+03
2.202670495145525820e+03
2.182800438975981706e+03
2.185528776071472294e+03
2.178257556527275938e+03
2.163104642286418311e+03
2.188078073348082398e+03
2.169655446120051238e+03
2.168938568608941296e+03
2.203422788195212888e+03
2.203449791651623400e+03
2.149099817907590477e+03
2.192312017547000778e+03
2.158116599363761907e+03
2.205159561107589525e+03
2.181236765545886101e+03
2.168378562194813640e+03
2.205200833446132037e+03
2.172066424346056465e+03
2.211690659434746976e+03
2.180767400500478288e+03
2.214259202185407048e+03
2.156455262469021818e+03
2.197914513943240308e+03
2.207474921994157285e+03
2.188928794573354480e+03
2.148052675546898627e+03
2.160005344908017378e+03
2.153575161933706568e+03
2.214388892622451294e+03
2.175050873762744686e+03
2.168386937720353217e+03
2.175485224128399295e+03
2.186506606603499677e+03
2.169252913135472227e+03
2.236977611639816132e+03
2.195850493789116172e+03
2.196002018862651312e+03
2.205862713625203924e+03
2.180921387215473715e+03
2.210227165420073561e+03
2.187035940918153756e+03
2.201836234042890283e+03
2.215545219073632779e+03
2.168268914776740530e+03
2.188229551409951455e+03
2.158244916822717641e+03
2.231252327702292405e+03
2.149823890133682653e+03
2.186105273537998528e+03
2.192818622646004314e+03
2.173187104870789881e+03
2.174833488787799524e+03
2.170362862535709610e+03
2.255843013580200477e+03
2.171317253830403388e+03
2.208739279624764094e+03
2.133565620575024241e+03
2.211302542301854828e+03
2.186641485676074808e+03
2.160067079890868627e+03
2.203001322570553384e+03
2.158848816764056664e+03
2.238544407983302335e+03
2.145944375561151901e+03
2.167972428153851979e+03
2.202054940685442034e+03
2.197940458591252082e+03
2.159162194531591467e+03
2.151935236371003612e+03
2.197128806396369328e+03
2.168284008002881365e+03
2.166116641896669989e+03
2.196277906035072192e+03
2.191418079668766495e+03
2.231920540163088845e+03
2.178670625930619735e+03
2.190243722112648356e+03
2.124522114549409253e+03
2.211216448757222679e+03
2.159541286842628324e+03
2.148995893076845732e+03
2.169446255783003835e+03
2.215586139134008135e+03
2.206652977793414721e+03
2.210746253325236012e+03
2.165058915972284467e+03
2.187154077685898756e+03
2.152013917834347467e+03
2.182006496499343484e+03
2.194313362800955929e+03
2.186838453304076211e+03
2.169829220381554933e+03
2.177099118927476866e+03
2.195307598314876486e+03
2.211275557257974469e+03
2.166111103714947149e+03
2.159577855778718003e+03
2.175539175633748528e+03
2.166561049062308030e+03
2.200764740172154688e+03
2.171133443569409792e+03
2.135879100309718979e+03
2.195091974411924639e+03
2.175909124215269912e+03
2.129290724881119786e+03
2.218780412372829687e+03
2.199458291045218175e+03
2.165280794128785146e+03
2.168371441606564076e+03
2.149112114983152878e+03
2.200898959737710356e+03
2.173923507732735743e+03
2.175863380369707556e+03
2.165185955788501360e+03
2.197282694249320230e+03
2.149167949071442763e+03
