1.336102784107476282e+03
2.173903007924834583e+03
2.361138920643953952e+03
2.010048497879594379e+03
1.735426145306998478e+03
1.547547245302966530e+03
2.894115214013217155e+03
1.990697932544245305e+03
1.714991303936656550e+03
1.417656767914435932e+03
1.676245264123127299e+03
2.934227179215874457e+03
2.313712157214508352e+03
2.380023152030977599e+03
2.361239448194832676e+03
1.573668933941042042e+03
2.276585952771717075e+03
2.866972068464263884e+03
1.363301563827233167e+03
2.313306031234365491e+03
1.909002886089095682e+03
1.744634342067969101e+03
2.259141972005370917e+03
1.222829437106418254e+03
2.504858599982908345e+03
1.703465713643213121e+03
2.247256958703170312e+03
1.792303007951197515e+03
1.896634846592685108e+03
1.676826345739105136e+03
2.680889385843920081e+03
1.963029774505768955e+03
1.411826476066917621e+03
1.553984626490856499e+03
1.394118460742995921e+03
2.043319264314044631e+03
1.993706966918489798e+03
1.703780487141277717e+03
2.049834663506133893e+03
2.138435164723094204e+03
1.945382329167646503e+03
1.915200986477060496e+03
1.852991939549930976e+03
2.373036199021116772e+03
2.092460762883853477e+03
2.013413413313359342e+03
1.710751564368441677e+03
1.906859315504694223e+03
2.491807450607144347e+03
2.055119897716159812e+03
1.733462165402879691e+03
1.667229922459742284e+03
2.330785296607230066e+03
1.794357461751794290e+03
1.327894183352582104e+03
1.185321906484178044e+03
2.152354918989918588e+03
2.261503831790550521e+03
2.034621381453937147e+03
1.838000690368342248e+03
2.253016326594088696e+03
2.277153662635524142e+03
2.069207032779360816e+03
1.895505920809718418e+03
2.558625102773384697e+03
2.319232569280486132e+03
2.053484547508604464e+03
1.706454098988449687e+03
2.106869043536411937e+03
2.407217699594144506e+03
2.072430943093700080e+03
1.614049097746945108e+03
1.848350563403891101e+03
2.626267521429093904e+03
2.300854962045810225e+03
1.852193675182896641e+03
1.380713581842362146e+03
1.712037722869339859e+03
1.977168600070852108e+03
1.607101434132368922e+03
1.394984243428264108e+03
1.616161382346278515e+03
2.449450267177842761e+03
2.123440579624875681e+03
1.638191434207303018e+03
1.905178881119740481e+03
2.855684063529693958e+03
2.114449676924018604e+03
1.541332236685299222e+03
1.516537684013684157e+03
2.623475291971670686e+03
2.148563552470342984e+03
1.622904076903787427e+03
1.777207178993046000e+03
2.729620651593097136e+03
2.266047940112265223e+03
2.123588957558039056e+03
1.799058139830322261e+03
2.659034902296933524e+03
2.206802275962131262e+03
1.528343808798279269e+03
7.812386607418089852e+02
3.407361212539283770e+03
1.517643341527045777e+03
2.432611784029573755e+03
2.097368324562098223e+03
4.180909096728685199e+02
1.766656788217204166e+03
5.024408285754410031e+02
3.136894294836680729e+03
1.430310423051372027e+03
1.205905160537147822e+03
2.976278118529474341e+03
6.504446089944379992e+02
2.490057781741214058e+03
1.233170178857156316e+03
1.892495951248196207e+03
2.134708233066236517e+03
5.274780452502724302e+02
1.946162558055843419e+03
2.018501878584713950e+03
2.276989610027439994e+03
1.971283267825441953e+03
1.971820531989159690e+03
1.630701656066405803e+03
2.089788108898272640e+03
2.201198712453318421e+03
2.059183974824522011e+03
2.093695241281521703e+03
1.857679114843890602e+03
2.197544615360405260e+03
2.271952747190927766e+03
2.043920268336624758e+03
1.647265818872533600e+03
1.904945860720228666e+03
2.611415717277785461e+03
2.177850699512975098e+03
2.203486304725874106e+03
1.519132789036503027e+03
2.146105393127330899e+03
2.231464325952759282e+03
1.923381679093245566e+03
1.573011348984417964e+03
1.898371207258112918e+03
2.591866326683801162e+03
2.233829323107985601e+03
1.736942776502385868e+03
1.608008614186076784e+03
2.713952464092704304e+03
2.167223699440598011e+03
1.570901506424307627e+03
1.081169791230279770e+03
2.241101260907914821e+03
2.081401052788082779e+03
1.819743741977008995e+03
1.219022300561007796e+03
1.854929246663753020e+03
2.961009526664287023e+03
2.382902146390768394e+03
2.242221783695139493e+03
1.333799720869844350e+03
2.027493917722025571e+03
3.068887377021490920e+03
2.072092074118763776e+03
1.636150763234838905e+03
1.392816582860293011e+03
2.092704246596842040e+03
2.265735670605644827e+03
1.814865324214727707e+03
1.372506348591600272e+03
2.112079912324083580e+03
2.431225736711791342e+03
2.110786250692502108e+03
1.649930244832384460e+03
1.618582943642509235e+03
2.464350195032407100e+03
1.963327374955280447e+03
1.756778307908940633e+03
1.172360119321876482e+03
2.517165361906834733e+03
2.322952485060991876e+03
2.058477678835086408e+03
1.564048191405172929e+03
2.903481644227870675e+03
2.295149133860586517e+03
2.504743191885095257e+03
3.656296648082354295e+03
7.226736376282638048e+02
7.618189610491526764e+02
1.912145380517723424e+03
1.338111301560858237e+03
1.343314889665370174e+03
2.036685481603160270e+03
1.810521002132619969e+03
2.646256655853901520e+03
2.007860512138719741e+03
2.419188138856668047e+03
1.936083741741415452e+03
1.748905065523659914e+03
2.095291005920939824e+03
1.590937501415464794e+03
2.276684093128430050e+03
1.768372748863653214e+03
1.750533471391976946e+03
1.930000892766315019e+03
2.113644580744431551e+03
2.429369587829472039e+03
2.102929296371581586e+03
2.020168422719677437e+03
1.769889360693555318e+03
1.702625392504757428e+03
1.783507832308018124e+03
1.657556611323402876e+03
1.764972887454501461e+03
1.591822202889163009e+03
1.868054038211182615e+03
2.270910593468964635e+03
1.931713074140555364e+03
1.890732073841258398e+03
1.706948372586505457e+03
1.677637909799949284e+03
2.044768946462530948e+03
1.903570288019223653e+03
1.849730211078084494e+03
1.754600409694027121e+03
2.444512499329587172e+03
2.450742687922514961e+03
2.538096129767231105e+03
1.179392669282147381e+03
2.064273731472591862e+03
3.060955528117111157e+02
1.411019484953051688e+03
2.930879331908193308e+03
1.246741074457952209e+03
3.880835655982476965e+03
1.715253438856477715e+03
2.172975660116293056e+03
1.412337855773005913e+03
1.371641830024186220e+03
2.672440969133898761e+03
2.318779832498382802e+03
2.778570725121076975e+03
1.812213997314468770e+03
2.141496458709013041e+03
2.103318352961895016e+03
2.068393162587356073e+03
1.913403955484057178e+03
1.650595804510371408e+03
1.558368058037335913e+03
1.855849928607472066e+03
2.172521744032700099e+03
2.013320087958272779e+03
1.893582493015554292e+03
1.832396300864490286e+03
2.262415043596827672e+03
2.066384432739447675e+03
1.703733334911498559e+03
2.014120280068288366e+03
2.332649469287827287e+03
2.144728739731410315e+03
1.818365191588310836e+03
1.962959039265782167e+03
2.457553595044828398e+03
2.032559260284548145e+03
1.750886054882399549e+03
1.843222719497784738e+03
2.120790671950772321e+03
1.538760197910623901e+03
1.521517723482830434e+03
2.001912964213634041e+03
1.926735882659107347e+03
1.580626406614512689e+03
1.642388735264429897e+03
1.783212541844663292e+03
1.915927000997992991e+03
2.322053473945441510e+03
2.120020113072867389e+03
1.982103486324643654e+03
2.325281053817982865e+03
2.417920926445834084e+03
2.147310188132766598e+03
1.827973685630890259e+03
2.258125580680885832e+03
2.194880657603660893e+03
