1.850211847480415372e+03
2.188089274737125379e+03
2.567545094781542048e+03
1.808695184700966138e+03
1.699235257876403693e+03
1.693859280392406845e+03
2.016357677018882669e+03
2.597741726147077770e+03
2.209785012348528653e+03
1.598173236931452038e+03
1.458978740640513479e+03
2.634234764009270748e+03
2.393372491065566010e+03
1.324154013900932569e+03
2.068432250685298641e+03
2.306518176716851940e+03
2.794386343744748956e+03
1.696669730260527558e+03
1.649191907596090687e+03
2.042116526364033462e+03
2.300551316859757662e+03
2.555096684640301191e+03
1.326290913332126593e+03
1.912459202461720224e+03
2.295692627205446115e+03
2.317225839416871167e+03
1.631291687889493687e+03
1.773612689399235251e+03
2.519817483558602817e+03
2.291615622155132314e+03
1.822687131632041428e+03
1.602645279090835402e+03
2.036900590793293759e+03
2.710982965298417639e+03
1.917703448264714552e+03
1.984854049924779702e+03
1.443751142924285659e+03
2.166739326156534844e+03
2.423525717702510065e+03
2.065364324452954406e+03
1.772757675373708935e+03
1.589223406592288256e+03
2.300644285110373403e+03
2.199425064381521679e+03
2.340079106107155440e+03
1.640726514395731328e+03
1.732409391151467844e+03
2.052883958078784417e+03
2.073604003182979795e+03
2.496366683476763683e+03
2.215356499680809520e+03
2.259483575428507720e+03
1.894163358882658940e+03
1.775164619568710805e+03
1.869917274462676005e+03
1.591817167229934512e+03
2.190652568417055136e+03
2.203441565708901635e+03
2.441018946014921767e+03
2.328117223314739476e+03
1.862314628244022742e+03
1.979678808161493407e+03
1.499093197541840027e+03
1.808603090560176952e+03
1.815984517244579138e+03
1.987715979661336860e+03
2.184909376385880933e+03
2.108984226472835417e+03
2.450771516582804452e+03
2.144337638691286429e+03
2.341262576834659285e+03
2.212498855605393146e+03
2.142264358895755777e+03
2.162106269227556368e+03
1.859825065451698492e+03
2.177904332781442463e+03
1.715175729566885138e+03
1.693893181712983278e+03
1.838273620292527312e+03
1.890089486933083890e+03
2.204040420284144602e+03
1.865188522468587280e+03
2.306584416753508322e+03
2.012071523042914805e+03
2.178587548987207356e+03
2.332728034794834002e+03
2.249899850279697603e+03
2.362873117226104569e+03
2.081492935192619370e+03
2.461209275723392693e+03
2.074178579646173603e+03
2.251640454989159480e+03
2.453774256587143100e+03
2.216838371890029066e+03
2.280060739601859495e+03
2.038416229526726056e+03
2.364198403784083439e+03
2.201084760188811288e+03
2.011940805037598693e+03
2.199768402283180876e+03
1.663724427084612671e+03
3.897776503968557336e+03
7.644814799054719288e+02
1.074894157630442578e+03
1.963371887002432914e+03
1.539184220574948540e+03
2.288944923897485751e+03
1.574705545438689796e+03
1.900078104633141720e+03
2.093259019187394188e+03
2.325662276867206401e+03
2.570276237949910865e+03
2.194739783759832790e+03
2.311012145534001775e+03
1.998932763525569271e+03
1.886326819937518394e+03
1.817747804079995149e+03
1.751972705960302619e+03
1.842541363738089331e+03
8.463352350757381828e+02
2.946380805896512356e+03
2.385366023465599028e+03
2.400708080906337273e+03
1.750563413957189823e+03
1.677574029767472666e+03
1.999270403340259008e+03
1.813834506553254641e+03
2.591311505073006629e+03
2.129940348973714663e+03
1.743525986710908001e+03
1.759726328708175743e+03
1.987367754469494685e+03
2.333512209399219955e+03
2.174774900439954308e+03
2.480337068044535499e+03
1.746573927911273358e+03
1.601316827897519715e+03
2.132920868788857206e+03
2.439719068023646287e+03
2.181145437184964521e+03
1.536435492363027834e+03
1.966557787035141473e+03
1.865030822523939833e+03
2.303759131440772762e+03
2.359982325584947830e+03
2.076932759646343129e+03
1.817297490280734564e+03
1.585552532075017325e+03
2.091526099837843503e+03
2.140897616128797381e+03
2.311733921477307831e+03
2.279057288090327347e+03
2.090644431388187513e+03
2.160091777108907991e+03
1.622436333264387031e+03
1.893656908309526671e+03
1.659660953804859219e+03
1.882885861418805234e+03
2.168397619321939601e+03
2.090273457057447104e+03
2.550206380475387505e+03
2.322924684754674672e+03
2.539395339146988590e+03
2.058159847136978442e+03
1.962482360676252256e+03
2.027543196856866643e+03
1.795756461130470370e+03
2.118634207665921622e+03
1.599425335469911261e+03
2.050967733215512453e+03
1.958610926264018417e+03
1.747296112877705127e+03
2.080208739374380457e+03
1.599755918120825527e+03
1.790542052649165043e+03
1.667843679228263682e+03
2.100934367423166805e+03
2.214942452040125318e+03
2.143400705914455557e+03
2.577152178730885680e+03
2.267359635024373347e+03
2.414851035083765510e+03
1.408157274693611498e+03
1.802207331320322055e+03
1.968535922348618897e+03
1.753608431654796959e+03
2.001128228537782661e+03
1.893099394556955076e+03
2.459894611325782535e+03
2.325524072263274320e+03
1.669369710671121993e+03
1.829256266325068964e+03
1.597043213285774300e+03
2.193058564237003793e+03
2.121483905257603965e+03
2.521278083169800084e+03
2.329108610561595924e+03
1.819985694627629300e+03
1.822176204789274152e+03
1.482935835990849910e+03
2.379554795325187570e+03
2.194378811244296230e+03
1.623803895506657454e+03
1.659911329463261382e+03
2.235029603500614030e+03
2.454951563519556203e+03
2.095522879841957547e+03
2.596839674090580502e+03
2.230698572006220729e+03
1.372171796748670431e+03
2.061111714471181131e+03
2.517729438481488614e+03
2.223351701358250011e+03
1.341819803433708103e+03
1.981152952635123938e+03
2.297567742453769824e+03
2.484858487279631845e+03
2.092861905041996579e+03
1.438422097319687509e+03
2.274665341339863062e+03
2.325251722959166273e+03
2.230929752546842337e+03
1.469148461521846002e+03
1.829017979443552122e+03
2.418414825532771374e+03
2.462638953956322894e+03
2.148014945411959616e+03
1.990204937539206867e+03
1.716139602364390839e+03
1.690896672612156863e+03
2.672546021423406273e+03
2.273529345503068726e+03
1.741235477228568470e+03
1.882460630942455055e+03
1.343967654112051832e+03
2.728433420838216080e+03
1.760344563925336615e+03
1.843671999832426309e+03
2.611587643325455247e+03
1.786873493894242984e+03
2.425920932189093946e+03
1.436730530473844055e+03
2.040465854613768897e+03
1.738382797200072901e+03
1.979738031725108158e+03
2.532077891103006550e+03
1.603864297662658828e+03
1.948482413917725125e+03
2.096592651983755331e+03
1.861005022628198276e+03
2.092614663958772780e+03
1.709555897240228433e+03
2.432152765139222083e+03
1.926378087192875910e+03
2.855788558987920624e+03
1.755888333399646626e+03
1.697511238939586065e+03
1.886602786722665996e+03
1.592748820850073344e+03
2.146202945478775746e+03
1.797952739847074326e+03
2.092170730986496437e+03
2.232879421815448040e+03
2.163816217585450431e+03
2.384305590350003513e+03
2.063683255264905256e+03
2.282869505662577467e+03
1.965329981534838680e+03
2.040319668711959594e+03
2.152897227831098007e+03
2.206647578572190923e+03
1.822111264431029213e+03
1.322089816116805878e+03
2.712334006294363917e+03
2.330251623104084047e+03
1.802395572036798967e+03
1.970376471256968216e+03
1.668631647922221418e+03
2.023378199838449291e+03
1.693351668300390429e+03
1.991226812791677958e+03
1.885055206068080224e+03
2.035090186018074291e+03
2.462122787624240573e+03
1.427320472309337902e+03
