3.189725181340998006e+03
2.829037723800374806e+03
2.225884542287582462e+03
1.846862238300230501e+03
2.089834507180576111e+03
1.917680441981318154e+03
1.936300532447680325e+03
1.751922667258919319e+03
1.639212427385362616e+03
1.537540296037443113e+03
1.578226133786578885e+03
1.426458880198521229e+03
1.525926227067116088e+03
2.893589475978756127e+03
2.481793551663385642e+03
2.070461141566584956e+03
1.576391664007444433e+03
1.766656199285970615e+03
1.690430778040144105e+03
1.855533626417358164e+03
2.314425522984171039e+03
1.889619808160443199e+03
2.140780614837197845e+03
2.048187798772523820e+03
2.023336478689291425e+03
1.827012337607454810e+03
1.796335158166699784e+03
1.808341655188866525e+03
2.118492258317401593e+03
2.360130838985715855e+03
2.571791335582996908e+03
2.881413510746766406e+03
2.512912081670837779e+03
1.845699496104157788e+03
1.544760239408994266e+03
1.562158227047153105e+03
1.597888970912851846e+03
1.338981150857523744e+03
2.368677698655636050e+03
2.842322607602754488e+03
2.202237041259378657e+03
2.456350544843453918e+03
2.402179650427363413e+03
1.819670748098264085e+03
1.698655272011751777e+03
1.709269767312772728e+03
1.965857950234927330e+03
1.825711348329268731e+03
1.758540014968067680e+03
1.476558048672978884e+03
1.546467084184896294e+03
1.862334577384859131e+03
1.934670504031181963e+03
1.979893159764428674e+03
1.694494912817915065e+03
1.594400373643190051e+03
1.430436057027167863e+03
1.807532205667746211e+03
1.632884865014196521e+03
1.542382231617028992e+03
1.584675834502894986e+03
2.075085912589599502e+03
2.262035470993591389e+03
2.311751077844846805e+03
2.467963703895394247e+03
2.388741883785375649e+03
2.360108305534999090e+03
2.448207707909285091e+03
2.586730173034290601e+03
2.367896712644834224e+03
2.383801991780210756e+03
2.321890464312974018e+03
2.397147044833744530e+03
2.238380584283284406e+03
2.400685757444869978e+03
2.342915705201832679e+03
1.698323356275550168e+03
1.883321083982456230e+03
2.270827119915829826e+03
2.059223558055763078e+03
2.370533249831504691e+03
1.806069384838737278e+03
1.644111320597062559e+03
1.693931609740516251e+03
1.782627159426906474e+03
2.040701106651748887e+03
2.400227077248960541e+03
2.058768219641256110e+03
2.097639139750554023e+03
2.365482680493006683e+03
2.268911230198564681e+03
2.268444448941913834e+03
2.209633545660664367e+03
2.088735908646309326e+03
1.830470583268925566e+03
1.919308149094875716e+03
1.909359839549345452e+03
1.543216678403032574e+03
2.143493873013786470e+03
2.676948352953545054e+03
1.489501859025611338e+03
1.533192060948123299e+03
1.652127019462927365e+03
1.673339507262883217e+03
1.874793921871071916e+03
1.483810730946670901e+03
2.512205961137306531e+03
1.928194710481626089e+03
1.521072943866739024e+03
2.552211968256000091e+03
1.402438418108413771e+03
2.814335949720290955e+03
1.952593560694702546e+03
2.210064033726468097e+03
2.622737435572148570e+03
1.762666316526604987e+03
1.966230140177942076e+03
2.008457248773567017e+03
1.785023419130071943e+03
1.789408467789637143e+03
2.341719678504484364e+03
2.473998289793013100e+03
1.618559068572888236e+03
3.237115488195407124e+03
1.909270935998642017e+03
1.913168362857011061e+03
1.855948657855167994e+03
1.736797420736286313e+03
1.938696800918739427e+03
1.895010081980938594e+03
1.772294922898148116e+03
1.455669963288499730e+03
2.142797891483995500e+03
2.228362129858287062e+03
2.060801453733204653e+03
2.118445780122109682e+03
7.859852022616308886e+02
2.845890830406421173e+03
1.900535847055406066e+03
1.678909520650032619e+03
1.611654837139435358e+03
1.731522810404245774e+03
1.778553893527212722e+03
1.714673160062572606e+03
1.740229202961143983e+03
1.650885315055686533e+03
1.783532598437792103e+03
1.744227016010189800e+03
1.603745410103493668e+03
1.763712743492231994e+03
1.941883047756323094e+03
1.790009333140176295e+03
1.797162215719850792e+03
1.787907485221765683e+03
1.801863520211121340e+03
1.976503682731717390e+03
2.277755441419491490e+03
2.624847656889102836e+03
2.382159280489523098e+03
2.718929131505045461e+03
2.768148360949227026e+03
2.429169293868924342e+03
2.178622630806127290e+03
2.368440597940429598e+03
1.465012942833798434e+03
1.255619943865588766e+03
1.662763295306423288e+03
2.147834499475356552e+03
2.425164322155450009e+03
1.957910468099267291e+03
2.001129669010445923e+03
2.001198500601618889e+03
1.686602811085544772e+03
1.597331458169039934e+03
1.813745618193426481e+03
2.001320719261146905e+03
1.795017711190335831e+03
1.821968445999726327e+03
1.923691108455348740e+03
1.950308008994230704e+03
1.949856003445583610e+03
1.940675136649356546e+03
2.091183396858983087e+03
2.131997543191231216e+03
2.204000005291854904e+03
2.184777389269772812e+03
2.095835034048197485e+03
1.800930724164963067e+03
1.641682235094432599e+03
1.706832184805301949e+03
1.942823300882524336e+03
2.025131007496771872e+03
2.242136991428281817e+03
2.411364110283287118e+03
2.588710445564934616e+03
2.060723408652725539e+03
2.069582350311058690e+03
1.753317501839640272e+03
1.886740770332745342e+03
1.762037966419269424e+03
1.832518700581194480e+03
1.934258407273671082e+03
1.784645344469507336e+03
1.692219112222560852e+03
1.766941241207811572e+03
1.810494337166109062e+03
2.163698639578402890e+03
2.285314967417061325e+03
1.780982859047305055e+03
2.537976653518552212e+03
1.463185483424013455e+03
6.973194394288277635e+02
1.956435083766364414e+03
2.935640274852981292e+03
2.137909048120300213e+03
1.763148031045415109e+03
1.734075386481774331e+03
1.935437050602616864e+03
1.756964176640435198e+03
1.920143798913348746e+03
2.225285584573128290e+03
2.567958119535528567e+03
2.341413123727245420e+03
3.087946929795120468e+03
2.201640481801980513e+03
1.447900816462689818e+03
1.818572677709486243e+03
2.923116644570274730e+03
1.188443777463109654e+03
1.607444321335564382e+03
2.258040150020906822e+03
1.674834360590260076e+03
1.255298736247352281e+03
1.981701926880971996e+03
1.212816569052213481e+03
2.157798721550132086e+03
2.012204304479305620e+03
1.656807549331673727e+03
2.329040085232677939e+03
2.197962583766856369e+03
2.597313208827972176e+03
1.898509144061522193e+03
2.204955972132303486e+03
2.061646712895386372e+03
1.160413724629991975e+03
1.668729878809980391e+03
2.262882189812568413e+03
1.868989291145518564e+03
2.032718831252479958e+03
1.689810418341342483e+03
1.656543361392386259e+03
1.580205533254703596e+03
1.675784512157320933e+03
1.870809863603114763e+03
1.967586373449842995e+03
1.852387815144218166e+03
1.964663611846410731e+03
2.008118082933196320e+03
2.072328684811855510e+03
1.972412759372200981e+03
1.977922598448398048e+03
1.911846653149995063e+03
1.809646083725017434e+03
1.794958274232343001e+03
1.856142691162981919e+03
1.592875519500575137e+03
1.895234617627396801e+03
2.229428148801425777e+03
2.524310385564288481e+03
2.035128803010606134e+03
1.723585730280204189e+03
2.125790471601746049e+03
1.375370038457308056e+03
2.643505658346123255e+03
2.782560838205246000e+03
2.395867424913987179e+03
1.849514051064548994e+03
1.665990856116809255e+03
1.898058078627579334e+03
2.175538981499459169e+03
2.020794917555954044e+03
1.910242668048681708e+03
2.003618838708620160e+03
1.985997202138205921e+03
2.161044354960791679e+03
