2.095333422873547988e+03
2.169319070163113338e+03
2.109660377584305024e+03
2.020149844704585576e+03
2.171845059073409629e+03
1.990197730588135300e+03
2.179655706202082911e+03
2.072211615780041029e+03
2.169611084038738682e+03
2.047899551786174698e+03
2.006436222157931070e+03
2.126654831259412731e+03
1.898749665716302388e+03
2.292672988604022066e+03
1.966593313592438562e+03
2.074644739285459764e+03
2.159044802049775171e+03
1.929082266905526922e+03
2.153526391848003186e+03
1.944834707766962993e+03
2.245093324781687897e+03
1.999402503153187354e+03
2.129436205945035908e+03
2.111472377778250120e+03
1.892666558168059964e+03
2.190759076812717012e+03
2.064261108904567664e+03
2.112722523186104354e+03
2.042570650196847055e+03
2.052929050360862675e+03
2.113102524639462445e+03
1.960498588934178315e+03
2.237381000230402151e+03
2.026074746892798430e+03
2.234280968746597864e+03
2.033751208964636135e+03
1.922145190615885213e+03
2.157895547003874526e+03
1.917715236527245679e+03
2.302626619423545890e+03
1.993782615117459045e+03
2.187988827453235444e+03
1.955340375024756668e+03
2.018474660785050219e+03
2.110984210745532891e+03
2.060035294908246215e+03
2.281231230018881433e+03
1.879140864927155690e+03
2.113289332630706667e+03
2.099784695196460234e+03
1.937223816547507568e+03
2.184876053011685599e+03
2.059890482132273064e+03
2.251130353716000627e+03
2.060262131205086007e+03
1.939729131385937308e+03
2.166497594990175003e+03
1.946185020421669833e+03
2.112911092194697176e+03
1.963661891498079513e+03
2.203552944218150060e+03
2.059285732085815653e+03
2.008498144248190783e+03
2.111393165513734857e+03
1.996833217810104543e+03
2.180547267329181523e+03
2.101122874187255093e+03
2.062006784875666199e+03
2.075718882828588903e+03
2.025148038059624241e+03
2.105616958875686123e+03
1.939898036323231054e+03
2.294580446151998331e+03
1.911536306935308403e+03
2.094471466339393828e+03
2.028898187879769466e+03
1.979114550125712412e+03
2.090900001319640978e+03
1.936088607807257858e+03
2.229747833891589380e+03
1.987393867510711061e+03
2.153479450097022436e+03
2.078072936781043154e+03
1.922240907375796269e+03
2.212505215287189003e+03
2.047202563385400708e+03
2.151960862393952993e+03
2.027898149911065957e+03
2.058554047061100391e+03
2.094880103019619128e+03
1.991998996854080360e+03
2.200650059722857804e+03
2.034419517274520103e+03
2.222485963450691088e+03
2.013508872881327989e+03
2.018016553414132431e+03
2.125512091203630916e+03
1.978713377949978394e+03
2.214457113129974459e+03
1.960402664297652109e+03
2.189225890532390622e+03
2.022530571821492231e+03
1.813696372835585635e+03
2.267315261515403108e+03
1.945965612790393607e+03
2.157606097371711712e+03
2.064029748215538348e+03
2.082979682309071450e+03
2.165930974828332182e+03
1.880049052084086270e+03
2.142297288826127442e+03
2.042143804688485488e+03
2.152722734220397797e+03
2.057187894831224185e+03
2.113562720972168790e+03
2.075170424160610310e+03
1.914682824525706110e+03
2.185448793007181393e+03
1.988458198806047903e+03
2.116684224198520951e+03
2.113699493903510302e+03
2.051953437869187383e+03
2.099490068751907984e+03
1.934824415379312768e+03
2.199313793285410156e+03
2.007926038217764471e+03
2.181533086664978782e+03
2.132921940939228534e+03
1.971079249682591353e+03
2.208593936136527191e+03
1.875098808811610297e+03
2.329580794061033430e+03
1.983204597091899132e+03
2.128173815010091403e+03
2.119791695337990859e+03
1.942803157334028811e+03
2.218047338383079932e+03
1.940713165781507769e+03
2.239715708127884682e+03
1.936847544779910322e+03
2.129990507616263585e+03
2.004583156119605064e+03
2.061848572459098250e+03
2.200841521568353983e+03
1.870170264155168070e+03
2.220232620810213575e+03
2.100114752390389185e+03
2.004225141213814368e+03
2.095558154434579592e+03
2.022119288197251763e+03
2.210994836998188930e+03
1.984176850374907190e+03
2.180374867723226089e+03
2.041782970555707379e+03
2.076231347355721937e+03
2.061783693174850214e+03
2.076850487626251834e+03
2.136832404647179374e+03
2.008372396063714632e+03
2.215839961082098398e+03
2.100903097640183660e+03
1.988425942563257649e+03
2.157341906747044050e+03
1.972320397810932718e+03
2.164089989560898175e+03
1.958509041006599546e+03
2.140668237677502475e+03
2.105194024737549626e+03
1.991835858911095102e+03
2.094033151561496197e+03
2.047001279524979282e+03
2.138874414965103369e+03
2.060577661930766681e+03
2.212506390429807198e+03
2.021002959480920936e+03
1.917954171662492399e+03
2.137692837995075934e+03
1.879622879994356026e+03
2.212040518998476728e+03
1.983859443144498755e+03
1.974751451719496117e+03
2.121823167412491330e+03
1.958223331906837984e+03
2.106042018749878935e+03
2.032790980111813951e+03
2.078996371482922768e+03
2.082863405049049106e+03
2.021391932807290004e+03
2.061791079265045937e+03
1.933872586390684319e+03
2.181363063052875532e+03
2.006605112593921831e+03
2.031859478808963559e+03
2.088964489957564638e+03
1.948562998876779375e+03
2.191679678155782312e+03
1.925670123536050824e+03
2.265728384248401653e+03
1.967854898909954045e+03
2.187163003265364296e+03
2.037035445156025844e+03
1.904253959453892776e+03
2.216210572545549894e+03
1.916878467797667781e+03
2.241830559804012410e+03
1.964627444199711135e+03
2.098446576299108074e+03
2.058339677778870737e+03
1.972885157807802216e+03
2.187987556172531185e+03
1.946919763557710894e+03
2.228302669377391339e+03
2.010765939686131787e+03
2.015421712492480992e+03
2.088585462806264786e+03
1.961089406467118124e+03
2.097829854198875182e+03
2.128388511690883206e+03
2.127177441394710058e+03
2.049960937376182756e+03
2.052286290382794959e+03
2.128716631420151771e+03
1.892708358880759079e+03
2.210741715350337472e+03
1.992651140260648162e+03
2.043385108707556583e+03
2.144235149979267590e+03
1.955525370328475447e+03
2.159064048441628984e+03
1.890343881472862904e+03
2.308841208954098420e+03
1.898930433751637111e+03
2.242304608120263310e+03
2.014383725197536023e+03
1.919707027129766857e+03
2.167683662549796736e+03
1.960034241079979438e+03
2.150216531209677214e+03
2.070044037758878858e+03
1.996082982510916509e+03
2.242163012958341369e+03
1.916462893974158078e+03
2.124078087595549277e+03
2.033472642704806049e+03
2.267134217658172020e+03
1.975628351099633619e+03
1.976731375919879838e+03
2.172493432511470928e+03
1.976714609919516761e+03
2.141814418883031522e+03
1.944024677530866029e+03
2.159985678869332332e+03
2.024702754917251013e+03
1.934242560979504105e+03
2.208821674567793252e+03
1.873263685838696574e+03
2.255684846056827155e+03
2.003320427299616767e+03
2.099906530864955130e+03
2.083607647265636388e+03
1.890604484264868461e+03
2.118745963376825785e+03
1.923218539710253026e+03
2.194672960152455289e+03
2.066225818300260926e+03
2.016778295195658757e+03
2.113854156611121198e+03
1.935655609911244483e+03
2.222013083544096389e+03
1.939521147300626126e+03
2.054385348762428293e+03
2.043265975410141209e+03
2.043166469726854984e+03
2.013868198225661445e+03
1.911197664240798304e+03
2.213332858723507798e+03
2.046058017048062766e+03
2.190822942114333273e+03
1.971568181981852604e+03
1.955958727559135696e+03
2.178915436548780690e+03
1.884331296571613620e+03
2.179234804222825915e+03
1.980695392948806557e+03
