1.635605546591228403e+03
2.497924905781962480e+03
2.461507867248670664e+03
9.620034676896585779e+02
2.974845330339851898e+03
1.113495495024372985e+03
2.626077600448277281e+03
2.266234502426567360e+03
1.174261272676382532e+03
3.250785435541598872e+03
8.884659145576806623e+02
2.791364217958455811e+03
2.070783776362741264e+03
1.236667658468046056e+03
2.896840470149772500e+03
1.286298545637352618e+03
2.504755693414236703e+03
2.064095192232085083e+03
2.110523070972217738e+03
1.722047579747916643e+03
2.412762299735403303e+03
1.885195257880394820e+03
1.826703709797878446e+03
2.760616215999561973e+03
1.134530231109611123e+03
2.792507911172809600e+03
2.318797536678520828e+03
1.181663332276351639e+03
2.516064026577624190e+03
1.839964280324632909e+03
1.811761581130011791e+03
2.109744707889800338e+03
2.364055495261693977e+03
1.315870538604053763e+03
2.564405108943925370e+03
1.917111453042003177e+03
1.906794638550450600e+03
2.363475151398673006e+03
2.486603158392623300e+03
1.213670536370992977e+03
2.646922468469453179e+03
2.183725557363767166e+03
1.935957507810389870e+03
1.424297882517068956e+03
2.801828150975449262e+03
1.052903424237113995e+03
2.742534945529675952e+03
2.460036279076328810e+03
1.237258149303665732e+03
2.275533613295634950e+03
2.510020587418362084e+03
1.763811648876445588e+03
1.487104955839439754e+03
2.867773031783151055e+03
1.342508308063194590e+03
2.317558347818966467e+03
2.508957548997469075e+03
9.115878734954839047e+02
2.724282617410773582e+03
1.667490666050503023e+03
1.865944117655047648e+03
2.828163996619266527e+03
2.254757141461145238e+03
1.235920406425635520e+03
2.427884156151242223e+03
1.854351607182167072e+03
1.623822814630218090e+03
2.193247731087592456e+03
1.834709213138601172e+03
1.823042902240400508e+03
2.431220016928494715e+03
1.542763569731051575e+03
2.196115134202841546e+03
2.262952528814741981e+03
1.805466440336664391e+03
2.841494956999961687e+03
2.122551932846142790e+03
1.512190182460490405e+03
2.454305982023515753e+03
2.617446288734900008e+03
2.243523536181417512e+03
2.139108809567017033e+03
1.142904107220497281e+03
2.232144383061546250e+03
1.937309059674950504e+03
1.612673927788336414e+03
2.131827615476267056e+03
2.678175855692237292e+03
1.760253974690148198e+03
1.823614774473345051e+03
1.821651101183002993e+03
2.707116657644062798e+03
1.538200488552792194e+03
2.323708489639543586e+03
2.801452311675029705e+03
1.277758326826774692e+03
2.100454612455916504e+03
2.520315490218383275e+03
1.652214734339925371e+03
2.567980744675458027e+03
2.605721188087491669e+02
2.614467078659874005e+03
1.172060775720267884e+03
1.470017614946760204e+03
2.687849347324216069e+03
1.118804217017532665e+03
3.390662982959044257e+03
2.756591583161396557e+03
1.735664818572634204e+03
2.162282376680984726e+03
2.147320969107665405e+03
1.747054479259405298e+03
1.997206135054579818e+03
2.884356081145700500e+03
1.993944436303100701e+03
1.670870869406121074e+03
2.373248992707181969e+03
8.730046200220937180e+02
1.867212868604205596e+03
2.996599249012842847e+03
2.244729302927121353e+03
1.580943679220283229e+03
2.285815884450134490e+03
1.676650767012851702e+03
1.612210780307441610e+03
2.496773459500521312e+03
1.440122458948292433e+03
2.200801540043752084e+03
2.328620070912220399e+03
1.804533013102465475e+03
1.764251038998709646e+03
3.087396007589395595e+03
8.229481772271631144e+02
2.456694021535064167e+03
2.574859637682132870e+03
1.893667804119705579e+03
1.596426234171712395e+03
2.225241995175252214e+03
1.656418004148495356e+03
2.133365334310471553e+03
2.373837717414616691e+03
1.664864094420027186e+03
2.380215844318091968e+03
1.827569948465350308e+03
1.880937232504621761e+03
2.773047282442445066e+03
1.552748583122240916e+03
2.624384698204129563e+03
2.286399350920495181e+03
1.252510173005225170e+03
2.275330306386566008e+03
2.560950206688656181e+03
1.374409746824672538e+03
1.918018824365263981e+03
2.422742902423947726e+03
1.387681280464734073e+03
2.415987867317825476e+03
1.752552252175107697e+03
1.839450069242772997e+03
2.814331849566560777e+03
1.669647056799417669e+03
2.597056290051710221e+03
2.395810592001041641e+03
1.867013543797721468e+03
1.626532040494511648e+03
2.719266857030310348e+03
1.788146193358650862e+03
2.099223672514878672e+03
1.718453557977872379e+03
1.620670852265696567e+03
2.053352904261236745e+03
1.826551935534740551e+03
2.041587545722089772e+03
2.257622183275296720e+03
1.707864956850891531e+03
2.190332211260194981e+03
2.313524030310473790e+03
1.744015197842922134e+03
1.857068960407008717e+03
2.750965030591801224e+03
1.801298054836795473e+03
1.885146684211197908e+03
1.517815408233992457e+03
2.796617938069479351e+03
1.305840869126612688e+03
2.077512195047002024e+03
2.504720039599593747e+03
1.710632929336672532e+03
1.685216555559147764e+03
2.603319795340289147e+03
2.267404095868860168e+03
1.599093759921030141e+03
1.945885948811344861e+03
2.732222680967628548e+03
1.267501284639580717e+03
2.215360812486533632e+03
2.730666239670423693e+03
1.684588574656313995e+03
1.688470771380320457e+03
2.091246870324703195e+03
2.177292705530292551e+03
1.188194620860827399e+03
2.693346707892002541e+03
1.538336957793981810e+03
2.105288184625072063e+03
2.602747307180451116e+03
2.454255590987913820e+03
1.556147591455220663e+03
2.484488506237873025e+03
2.382748222294303105e+03
2.013095476176821194e+03
2.637510081438229008e+03
1.278186232622382931e+03
2.396657220780193256e+03
2.216141355681857931e+03
1.436703314360449212e+03
1.548701987754931679e+03
2.304971181003275433e+03
1.883708617611595628e+03
2.130377508526996735e+03
2.305594504167375362e+03
1.822063462372142794e+03
2.531617475174561150e+03
1.539122207421074791e+03
2.780161681204680008e+03
3.153849723335562885e+03
1.547974010922481284e+03
2.119551542247291309e+03
1.570769116067954201e+03
1.495829320675324198e+03
1.764386916622615217e+03
2.468947646865237857e+03
2.141813478385594863e+03
1.537524775466653637e+03
2.539677863994074414e+03
1.497533570020246088e+03
1.776868392693424312e+03
1.645787203573280976e+03
2.055149337751544863e+03
2.090070256504112422e+03
2.260952493139044236e+03
1.837773152194641852e+03
1.911845247657363643e+03
2.551700875929542235e+03
1.498849551126060078e+03
2.616722504639212275e+03
2.069484000274352638e+03
1.946176606936681083e+03
1.648462023605334025e+03
2.394678202921607863e+03
1.654931819645337555e+03
2.390959765406242241e+03
2.347836363420964972e+03
1.609568126167718447e+03
1.738781897513016702e+03
2.498247343750924756e+03
1.632621743171683420e+03
1.873790828890320427e+03
2.333628992814045432e+03
2.365604668307444626e+03
1.265854132304170662e+03
2.621520815444813707e+03
2.052435167896717303e+03
2.346236720733312268e+03
1.708985768374274585e+03
1.839530637197845863e+03
2.562007080662482622e+03
1.383885164816477754e+03
1.377449824932039746e+03
2.242689968080198469e+03
1.677372303990103546e+03
2.377558473493512338e+03
2.134816505627211427e+03
2.173367146948105074e+03
1.678915910713772519e+03
3.243916769409735934e+03
1.676666777469212320e+03
1.651435896853286749e+03
3.471053390129389300e+03
8.221348899409199475e+02
2.570877285114747338e+03
1.958339653226269547e+03
1.325036524139416088e+03
1.996506171328767095e+03
