1.775157247190121552e+03
2.119712737257857952e+03
1.878825964074025478e+03
2.282404351777913234e+03
1.965179455373063774e+03
2.219739673489182223e+03
2.017511798668096390e+03
1.971243381999678149e+03
2.128237731583014465e+03
1.862620052492164177e+03
2.296786047217892701e+03
1.882401545131191824e+03
2.171589300553085195e+03
2.082972836815853043e+03
1.883642819732754560e+03
2.270537551092898866e+03
1.844833042418039440e+03
2.308628236012054003e+03
1.927233611485512256e+03
2.121207517322553031e+03
2.125363530694711699e+03
1.842101451828607878e+03
2.259978734366914068e+03
1.923327040141088219e+03
2.362662910959744295e+03
1.982007524326143084e+03
2.007120712108436237e+03
2.152361862060820386e+03
1.883959930194656408e+03
2.317374597051778892e+03
1.980867269254696112e+03
2.169658072313235607e+03
1.993197725283853515e+03
1.971002580162360800e+03
2.163958619936748164e+03
1.854523933772042255e+03
2.234707647744135556e+03
1.907588547924802924e+03
2.227034206041980269e+03
2.037200462202830977e+03
1.904730268304678475e+03
2.292532912076814682e+03
1.710500246996676196e+03
2.284504893583309240e+03
2.001615705246191965e+03
2.167582953113614167e+03
2.044059473557191723e+03
1.894339155919523591e+03
2.228051688006413769e+03
1.866544692834983380e+03
2.337554723715249111e+03
2.016220669553993503e+03
2.140139929128262793e+03
2.044404794263557960e+03
1.918297883250552786e+03
2.304702787915215140e+03
1.875161222057017767e+03
2.354578957511572753e+03
1.949039961799298453e+03
2.081638529881789964e+03
2.156278641067385252e+03
1.882774260215883032e+03
2.316861035176451878e+03
1.899888895541319471e+03
2.316251936610130088e+03
2.067922040478138570e+03
1.972908332101253791e+03
2.118476113166028426e+03
1.965489124287374125e+03
2.280990198090263675e+03
1.962283320823357599e+03
2.184575513184220654e+03
2.120949794918616590e+03
1.946549524856156040e+03
2.178158278990571944e+03
1.941882588609887307e+03
2.262708353358004842e+03
2.004498861101325701e+03
2.179766746410320593e+03
2.075325071688936987e+03
1.958349044175906101e+03
2.232232369585174638e+03
1.928191921644697231e+03
2.259367296796139271e+03
1.936954026124860320e+03
2.174953618607193675e+03
2.043894213014202705e+03
1.972955024426872114e+03
2.277224958209149463e+03
1.909469645724679594e+03
2.319139175627373788e+03
2.013038441231284651e+03
2.000238800423673410e+03
2.192969381210735719e+03
1.862665062426649229e+03
2.313984507015227337e+03
2.030660704090866375e+03
2.241691000685739255e+03
2.082165173227448122e+03
2.049709109387328681e+03
2.156771361081072428e+03
1.987224340574759253e+03
2.310345590093251758e+03
1.976981929596487589e+03
2.207137090164329948e+03
2.106340989360222466e+03
1.921591036582986817e+03
2.178461911207299636e+03
1.903759836060139605e+03
2.384432118218816868e+03
1.955981716238880153e+03
2.151029851991415399e+03
2.160550866952569777e+03
1.919177997807930296e+03
2.321029488520652649e+03
1.944947073035733411e+03
2.335131930458242550e+03
2.046420808482720986e+03
2.174016494613688792e+03
2.121632710077284628e+03
1.975848210060302563e+03
2.346015972864654941e+03
2.002044593322899573e+03
2.279877761592615116e+03
2.041684844171652230e+03
2.105148006923425328e+03
2.110308763805845047e+03
1.915535974692661739e+03
2.397631364924632635e+03
1.959145291042427971e+03
2.282954212650173304e+03
2.117882632705864125e+03
2.091311447544934254e+03
2.241070012028601923e+03
1.957133448405611944e+03
2.406584641644536987e+03
1.991294048171227814e+03
2.177274413798524620e+03
2.090192801119693740e+03
2.004367756952229911e+03
2.240029628265512201e+03
1.959346656619975192e+03
2.391290660311550255e+03
2.107143191259035120e+03
2.207472307027399893e+03
2.223916213389069981e+03
1.979905624908599066e+03
2.242759944831768735e+03
2.055738647484949524e+03
2.289721270321139400e+03
2.153631955186207961e+03
2.036567927592375554e+03
2.080326953030300047e+03
1.989660015832943145e+03
2.269417190538902105e+03
2.015911180880584880e+03
2.293611607926450688e+03
2.037611064184611450e+03
2.022420056681598908e+03
2.141936067597260262e+03
1.946600669810942009e+03
2.331329992199738172e+03
2.021576181242616485e+03
2.315408597040063341e+03
2.072258329808483722e+03
1.993319103601324514e+03
2.214209795651183867e+03
1.802479281685611340e+03
2.384519693309101967e+03
2.149892025079093401e+03
2.106637019846445128e+03
2.181640611620283380e+03
1.941735986635736481e+03
2.207949119619422163e+03
2.009115492261705185e+03
2.296460590222727660e+03
2.015093592872594627e+03
2.134136883675751960e+03
2.175518331873408897e+03
1.922184995802033882e+03
2.233707565747637545e+03
1.856159459719631514e+03
2.382476751701527974e+03
1.975030737140442398e+03
2.077589703330091652e+03
2.123422488482617155e+03
1.859029596971858609e+03
2.283128272630203355e+03
1.984686075142922846e+03
2.334737420833019769e+03
1.988567443236934423e+03
2.034917953754022165e+03
2.101410184851711620e+03
1.882411551242885480e+03
2.360393482041480638e+03
2.034302436746131434e+03
2.241463107694045902e+03
2.063562956423273135e+03
1.972546587703249315e+03
2.248208679554031733e+03
1.854816877892397770e+03
2.305358018033801272e+03
1.983296354654968354e+03
2.193423317508029868e+03
2.152168165785686597e+03
1.907287273095821092e+03
2.225618532329349819e+03
1.923589140837990271e+03
2.380710243989738956e+03
1.967115081417477086e+03
2.097441218589165146e+03
2.084249907742573669e+03
1.884367242962710407e+03
2.332672125777895872e+03
1.936664424192568276e+03
2.414781311737959641e+03
1.990697685081591089e+03
2.016606919037687476e+03
2.221254593371298597e+03
1.788454443640330965e+03
2.291505529630286219e+03
1.897819288686969458e+03
2.230535877960433936e+03
2.039889825074595592e+03
1.883435453059522160e+03
2.126771868941781577e+03
1.968549454955067858e+03
2.292814430825222644e+03
1.884225195902667110e+03
2.180661709667593186e+03
2.033035473587927981e+03
1.880124476570329307e+03
2.248959709686817860e+03
1.911479497897519650e+03
2.236224173278947546e+03
2.018886239493593621e+03
2.108261576785598209e+03
2.143559029594305684e+03
1.754432088368552286e+03
2.330891371549189444e+03
1.886940824798003405e+03
2.206292922347397052e+03
2.028694287476247155e+03
2.031083551425009091e+03
2.124569667292434588e+03
1.859881246166429037e+03
2.298378116180193501e+03
1.931237534043868891e+03
2.312435559665007077e+03
2.098077101874598611e+03
1.972421967472802180e+03
2.145444392244412484e+03
1.885203514442741607e+03
2.305038158018767717e+03
1.909642132607015810e+03
2.225314835131594464e+03
2.070627521872197576e+03
1.868285136587844818e+03
2.167620429589589548e+03
1.956727006832238203e+03
2.348334319764440806e+03
1.937685028128057866e+03
2.198464540202533954e+03
2.035199968065253870e+03
1.796017512537663833e+03
2.212554934853939812e+03
1.900652126667896482e+03
2.289715336452363317e+03
1.946727971259971582e+03
2.173790911231530572e+03
2.057768850590594866e+03
1.880361477637872440e+03
2.225638372770872138e+03
1.871048858438826528e+03
2.298835949433431779e+03
1.998744267825305542e+03
2.084329335191268456e+03
2.031716877223699157e+03
1.886814691479490875e+03
2.210390294434284897e+03
1.857694560415874776e+03
2.270528466013950492e+03
2.015392467913594601e+03
1.932306235385975924e+03
