2.823377185097504025e+03
1.846910286589626367e+03
1.522704762734773340e+03
2.068378052470592138e+03
2.540343197029768817e+03
2.158918583250797383e+03
1.550018092543038165e+03
1.821788059748541400e+03
2.465671117259889797e+03
2.367982640381110286e+03
1.915366472925973994e+03
1.559730924676386849e+03
2.043087597796186856e+03
2.531709636925055747e+03
2.059223492614585666e+03
1.474344108110856951e+03
1.680368476834196827e+03
2.290507724990634870e+03
2.356667651263451262e+03
1.856535878193808912e+03
1.370575553996369081e+03
1.574012686682511003e+03
2.298985391219192479e+03
2.690831882283689538e+03
1.959881697195166680e+03
1.488037458646066398e+03
1.884019595854309273e+03
2.501970666892657846e+03
2.558004002077756923e+03
1.949679046343689151e+03
1.646279840821364132e+03
1.601003983811871876e+03
2.232153847028707332e+03
2.409705060083689659e+03
1.987128253135240584e+03
1.538968269105066838e+03
1.814214643515553462e+03
2.284137541491309094e+03
2.403393350581465711e+03
1.810764353820185534e+03
1.276422857376251386e+03
1.809954927577485478e+03
2.038185535511686794e+03
2.517125209671364246e+03
2.222787635347429386e+03
2.089975217343816894e+03
1.660946954558178049e+03
1.656043440756493055e+03
2.075215769785075736e+03
2.380692496524295620e+03
2.479308877634629425e+03
2.125840011822382166e+03
1.884874913465488135e+03
1.626028375134769703e+03
1.569751912574390872e+03
1.872366579610757753e+03
2.462340761918268981e+03
2.640529665494229448e+03
2.076480059081385207e+03
1.590600599270954035e+03
1.682650711165510984e+03
1.872176926769046077e+03
2.136298262512070323e+03
2.388421362133897674e+03
2.472534916630057523e+03
2.000590998673241529e+03
1.590141302225460095e+03
1.494494768108404969e+03
1.875138549718555396e+03
2.295649549773409490e+03
2.468299400975817207e+03
1.926215258011559854e+03
1.646127305149175072e+03
1.623031593109087680e+03
1.924072128589977183e+03
2.285846822234874708e+03
2.251437615253360036e+03
2.573916522806472130e+03
2.054037603751979532e+03
1.742449330542435746e+03
1.430644950030051177e+03
1.856327806344201463e+03
1.994076230249318996e+03
2.266610163126782481e+03
1.961873954702493165e+03
1.832567914265539912e+03
1.751661274952004533e+03
1.960868642453944631e+03
2.219750066091444296e+03
2.560758552562914701e+03
2.178691815626926200e+03
1.761442826307066980e+03
1.576435683375687177e+03
1.928668139035232343e+03
2.185502574630883373e+03
2.437884522102171104e+03
2.093291262502621976e+03
1.570708037534810501e+03
1.647798969987774854e+03
3.823861990864657400e+03
1.804999934617665531e+03
2.715070991796969338e+03
2.880853244996043259e+02
2.849259137308876689e+03
1.623945319836587032e+03
2.341558847332026744e+03
1.775152092547643861e+03
2.699323893592649256e+03
1.934536770743972284e+03
1.676765421604453195e+03
1.880289866019282044e+03
1.986359320932853734e+03
2.014712620710191004e+03
2.607299226198669658e+03
1.803411698020960102e+03
2.426523246123902027e+03
1.605509697374610823e+03
1.474350763013982487e+03
1.552406369654190712e+03
2.071740607384640498e+03
2.205568891540285222e+03
2.310670155873864132e+03
2.017335789748418392e+03
1.824307847801460412e+03
1.975818633382015605e+03
2.320030946685940762e+03
2.442989341859602064e+03
2.012232988956566260e+03
1.539753731106252417e+03
1.920663939082048955e+03
2.420750377697263957e+03
2.619357115518798309e+03
2.145717060683332420e+03
1.834676092804732662e+03
1.632566804515282229e+03
1.707173037424161976e+03
1.996398957021354136e+03
2.218584767145949172e+03
2.308917524458619482e+03
1.827166484251175916e+03
1.571200728604552751e+03
1.616813715253906821e+03
2.292163717689631994e+03
2.372641906218897930e+03
1.837979645481871330e+03
1.524280525671864098e+03
1.841054323163840309e+03
2.373639808939469276e+03
2.514174677489121223e+03
1.966188656004385621e+03
1.650663099784947235e+03
1.611171300008157687e+03
2.064317569323493899e+03
2.444765070136477334e+03
2.466173973686835325e+03
1.644554427905992497e+03
1.519188046320650074e+03
1.851501181192961440e+03
2.396266979047878067e+03
2.233063589465870336e+03
1.725720283106070838e+03
1.636363209898393279e+03
1.951577049620394064e+03
2.439988398790817882e+03
2.265115069970966033e+03
1.869477455921291948e+03
1.509510140843968884e+03
1.841313649381788764e+03
2.095747334275006779e+03
2.591316569870144122e+03
2.219259342807638404e+03
1.953692497224015142e+03
1.524688255401374136e+03
1.822268555917828508e+03
2.151118917424595566e+03
2.407875096791988653e+03
2.039106088495030008e+03
1.634840841863334845e+03
1.757297618390836533e+03
2.044388959913973395e+03
2.513488349409747116e+03
1.208330933690186157e+03
2.287795291698391793e+03
1.976425741466790896e+03
1.973428717250915952e+03
2.113047076530848244e+03
2.267478682854961335e+03
2.186579400759595501e+03
1.682061457745279313e+03
1.677623209661389183e+03
1.860479541886183370e+03
2.247458658653051316e+03
2.324557775002835115e+03
2.231398839712460813e+03
1.642536813838091803e+03
1.736306126221383238e+03
2.296726947830839435e+03
2.680783795710223785e+03
2.160287744741958704e+03
1.423099426985540049e+03
1.806888383263564265e+03
2.380720708461495178e+03
2.614147119727530480e+03
2.342356504167945332e+03
1.951877550883802542e+03
1.643114697750563664e+03
1.524663706147489393e+03
1.564443125185226563e+03
1.920577477769805455e+03
2.266435525170481469e+03
2.274794487256438515e+03
1.862990198322535662e+03
1.610760260208864111e+03
1.947502552300193429e+03
2.443549865632948695e+03
2.197052916088641268e+03
1.690720084365489129e+03
1.949587024204245836e+03
2.469923301331870789e+03
2.422441448216896333e+03
1.867638280438213997e+03
1.769364219616523314e+03
2.096094965356974626e+03
2.331625795207162355e+03
1.966127901273565612e+03
1.527125701699303136e+03
1.805536224963481118e+03
3.200502596263031592e+03
1.807966668566709359e+03
1.933206069362339804e+03
1.548116439713388445e+03
2.466625896816249679e+03
1.897708278943868208e+03
1.776106004612619245e+03
2.110807312278138852e+03
1.807007044419611702e+03
2.138209309883270180e+03
2.273624014288654962e+03
1.623838404922297059e+03
2.443121404602513849e+03
1.364490346832605610e+03
2.395967592316172613e+03
2.332589236859579614e+03
2.007080389427242835e+03
2.301628685724936076e+02
1.946278292003915112e+03
2.446375336239032094e+03
2.589166776796471822e+03
2.582310777162178510e+03
2.060932797982972716e+03
1.635785910079302994e+03
1.703849583190035901e+03
2.152948975388227609e+03
2.442504494847929436e+03
2.161681695384484556e+03
1.792939655695006877e+03
1.739891076947010333e+03
1.763743186313814704e+03
1.887329549923697869e+03
2.151975089174879031e+03
2.425529603214133658e+03
2.197639356044696797e+03
1.684872811488074376e+03
1.502691984819476147e+03
2.048441709410178646e+03
2.130558387626878812e+03
2.437237366613236190e+03
1.869247827554421747e+03
1.853473697485625507e+03
1.981253495399050280e+03
2.235954141049163354e+03
2.195330615934357411e+03
1.789186367259646659e+03
1.693980085156573750e+03
1.795120752699432842e+03
2.204723022503717402e+03
2.292087727493208149e+03
1.742284709120890284e+03
1.798179141004039820e+03
2.151489911973184462e+03
2.448480974820520260e+03
1.782587616392784867e+03
1.766492714919591663e+03
2.145753240539180752e+03
