1.641213901115661884e+03
1.335837613804834291e+03
1.945528802257034158e+03
2.860603541806056910e+03
2.098171410547922278e+03
1.541327454672417616e+03
1.705608900176690895e+03
2.396825335526611070e+03
2.258023738808390135e+03
1.936956779000552842e+03
1.740100653129509737e+03
2.124472944200572783e+03
2.363243132764046095e+03
1.851625663257026190e+03
1.619967668838415648e+03
1.938578406803519783e+03
2.264675011223755973e+03
2.330498412655158972e+03
2.108772815535548943e+03
1.679745541261281005e+03
1.481632832507706780e+03
2.003840370214452378e+03
2.401644081609199930e+03
2.155425235092736784e+03
1.858527305736332664e+03
2.129309087537076721e+03
2.479288785567030118e+03
2.444057219457848078e+03
1.738115480334554604e+03
2.109380158665011095e+03
2.723124446193298809e+03
2.048141721812606193e+03
1.335739953884473607e+03
2.050494459082636240e+03
2.478479247986006612e+03
1.859502712283176379e+03
1.531518335515630952e+03
2.171863828770045984e+03
2.223592149994985448e+03
1.768886737713843331e+03
1.929128498007034295e+03
2.209045149250584927e+03
2.258237280465894855e+03
1.957248364620014854e+03
1.465710540752577799e+03
2.359637671428969043e+03
2.508023984072899111e+03
1.564231731789965579e+03
1.418012938714182837e+03
2.401551854754665783e+03
2.881570424716248453e+03
1.519310310091764222e+03
1.377222753080888879e+03
2.328999094822279858e+03
2.603818601552364726e+03
1.717288450058796343e+03
1.524575057123936404e+03
2.184264926043994365e+03
2.309617768819615776e+03
1.909357835407254925e+03
1.736296848989805767e+03
2.137879858308059283e+03
2.337710853917430541e+03
2.042059656611959781e+03
1.483947554358452408e+03
2.266452112320615925e+03
2.511284850949340125e+03
1.488564195576386965e+03
1.412065173972466482e+03
2.901256698309796320e+03
1.927167960997270711e+03
1.203940863488624700e+03
2.715523614336296305e+03
2.247732746178527577e+03
1.412417708364915825e+03
2.130115748550872922e+03
2.336690754739468048e+03
1.898613303169960318e+03
1.842977811420655598e+03
1.976322066057573238e+03
2.398411205062761837e+03
1.870935459132653932e+03
1.753992754652939084e+03
2.410697216240063426e+03
2.527396233107383523e+03
1.602449732606355383e+03
1.209063022314124737e+03
2.749970172508519681e+03
2.703192651629571174e+03
1.378573966311592130e+03
1.506759052148671572e+03
2.231892135201785550e+03
2.655943363736794709e+03
1.855712088943997742e+03
1.798264393978719681e+03
1.973421957858048245e+03
2.294389427067565975e+03
2.202300658926988035e+03
1.861476614634511407e+03
1.713500721049242884e+03
2.006600319170651574e+03
2.701817752005489183e+03
1.845020506828553152e+03
1.187088553473427282e+03
1.911736595984671112e+03
2.821142928758592916e+03
2.329229026175288709e+03
1.494849254233875854e+03
1.615746296172792427e+03
2.604768599240163439e+03
2.232735715143144262e+03
1.677187261602864282e+03
1.902640705685400462e+03
2.351876591537183685e+03
2.189340131115910481e+03
1.748445293476601591e+03
1.815275409308503413e+03
2.273582885640779295e+03
2.286174016970189314e+03
1.883750670467597274e+03
1.724950596401167104e+03
2.146640029060657525e+03
2.350273151982592026e+03
1.761061183326920855e+03
1.499263545002591854e+03
1.896246756171655534e+03
2.420733119251353855e+03
2.462719414751925342e+03
2.296485525495470483e+03
2.067887413779420513e+03
2.112309800681156503e+03
2.201786092756576636e+03
1.857580021319625530e+03
1.912014732111605781e+03
1.951985031560574953e+03
1.990494022053129811e+03
2.035882030953264348e+03
2.155774640780265145e+03
2.234583555135982351e+03
2.533719050327623791e+03
2.256642823643892370e+03
1.842505919128215055e+03
1.461243525312965176e+03
1.602597916042918541e+03
2.911864555132635360e+03
2.119241059528144433e+03
1.259343305903677219e+03
1.476141918661327963e+03
2.226350066660052107e+03
2.448891909017407670e+03
2.232742953907926221e+03
1.711346975888528959e+03
1.557935925814844950e+03
2.015337285600481209e+03
2.168482215924041611e+03
1.893833022227307538e+03
1.859671899683010452e+03
2.009709776035041386e+03
2.162184648711881437e+03
2.187470869439710441e+03
1.895602260360077935e+03
1.933419671945713617e+03
2.213088862363224962e+03
2.470021121349186160e+03
2.000944515801597163e+03
1.805138139005323865e+03
1.985294666845705933e+03
2.197455330668825354e+03
1.979723556693641967e+03
2.224856231061019571e+03
2.176979628048460654e+03
1.973130668961490073e+03
1.750129274816590168e+03
1.816429948174952415e+03
2.067647585800379602e+03
2.406564158022703396e+03
2.386997216961119193e+03
1.942109170618582766e+03
1.779362502391088583e+03
1.923893741701412637e+03
2.411005825090435337e+03
2.743162733496293185e+03
2.658173803666185449e+03
1.920209189768196893e+03
1.625473801329444314e+03
1.373043619014995102e+03
1.614868693553325556e+03
2.278637116442878323e+03
2.348167664768346185e+03
2.189093564015504398e+03
1.736266872724144150e+03
1.558402271943174128e+03
2.266580949260995567e+03
2.778935649364446817e+03
2.171566178792290430e+03
1.555001168729246956e+03
1.357458419941437114e+03
2.169156663657955050e+03
2.466933128549570483e+03
2.277606843206554004e+03
1.656420598254152992e+03
1.713134133671381733e+03
2.218296322334025263e+03
2.393196654552258678e+03
1.768117722186282663e+03
1.656463758384600169e+03
1.990104957987411126e+03
2.568428451916671747e+03
2.299073742001001392e+03
1.783885893477473701e+03
2.007625536696254585e+03
1.726617949509710115e+03
2.266217812388326820e+03
2.605525086634058880e+03
1.757414869253154393e+03
1.707683199257162187e+03
1.991389780585551989e+03
2.242160730591817355e+03
1.862618788538263743e+03
1.785425802919297439e+03
2.155683468507582347e+03
2.173765491380223921e+03
1.795020998195612719e+03
1.721762668738125058e+03
2.575881258782090754e+03
2.472054649690886436e+03
1.886892394538590452e+03
1.061101369639828590e+03
1.971662226916452937e+03
2.566836899053564139e+03
2.409638416575114661e+03
1.740381210964186266e+03
1.562954312079707506e+03
2.240118910831936319e+03
2.411787960721870149e+03
2.218215529821020937e+03
1.638728096334333031e+03
1.775899853726969013e+03
2.078107454865371892e+03
2.156829676554019898e+03
2.131522041684673241e+03
2.002192720041736266e+03
1.884993147755772725e+03
1.839064495503838998e+03
2.465334629503601263e+03
2.504056061138101086e+03
1.537192135333099941e+03
1.883473459319610129e+03
1.516705556705666368e+03
2.508036043580448677e+03
2.686692291344592377e+03
1.947655996187706705e+03
1.426462973674270415e+03
1.697033696783194046e+03
2.272986608275800791e+03
2.070486735555737141e+03
1.982088822875048663e+03
1.893256621004888302e+03
2.021350466812644299e+03
2.168891758937213581e+03
2.151579526182176778e+03
1.973317913218959347e+03
1.763306709941171675e+03
2.296474036272180911e+03
2.308239566061018195e+03
2.281582028453457042e+03
1.687411344281159472e+03
1.675817845166338657e+03
2.462494943262636752e+03
2.749274962695955310e+03
1.718707983803162051e+03
1.330418409682057018e+03
2.583681521876237639e+03
2.029984134482378067e+03
1.895992440443416626e+03
1.801315506093045542e+03
1.923685553167468242e+03
2.271948116997703437e+03
2.300703651325286046e+03
1.915697207734913945e+03
1.772218450319681779e+03
1.999965711547597721e+03
2.606824815779842993e+03
2.165253904927546046e+03
