2.383914751896018061e+03
1.591266783151313120e+03
2.160100841320860127e+03
2.377573749892385422e+03
1.555445444084659130e+03
1.776738869732268995e+03
2.632116828438279754e+03
1.688524510652533309e+03
1.796895647000622148e+03
2.655739037255116273e+03
1.704128152853324764e+03
1.629109028343088312e+03
2.375046569678759624e+03
2.441876019105254727e+03
1.462374459470121565e+03
1.910999581884663939e+03
2.447173926418090559e+03
2.372926747289952345e+03
1.449193789851079600e+03
2.105875081753411905e+03
2.358800020243447307e+03
1.729653011017729568e+03
1.786725783325232442e+03
2.676642108774974531e+03
1.529383660683577546e+03
2.193016473568578931e+03
2.304948963680756151e+03
2.255343564040486399e+03
1.540243077395885621e+03
2.449956138627670953e+03
2.205391776456347088e+03
1.508355331971639544e+03
1.998632951815905244e+03
2.872930985132411934e+03
1.198890980691688583e+03
2.137977996725579942e+03
2.593780076078801358e+03
1.999799934141661652e+03
1.334269965895898849e+03
2.380435002891885688e+03
2.186819866155042291e+03
1.694398124558977543e+03
1.921981383302442964e+03
2.218760648841435341e+03
2.028290134238450037e+03
1.869575821903386441e+03
2.077608060570552880e+03
2.258992555392573649e+03
1.895049153431373725e+03
1.889470375601594014e+03
2.321127895235972574e+03
2.145492326248659083e+03
1.312256222642644389e+03
2.517850856581089829e+03
2.347162138535579743e+03
1.281345142353930441e+03
1.998607075516698842e+03
2.965967544845969769e+03
1.492067110056323372e+03
1.514226434994891861e+03
2.704637184102464289e+03
2.128497458387304505e+03
1.572368229000409656e+03
2.318876756503698743e+03
2.346060680214664444e+03
1.723364091510595699e+03
1.805501653190918660e+03
2.608524579102849657e+03
1.871899410169358362e+03
1.529534628472410077e+03
2.228304131865099407e+03
2.512306571440359221e+03
1.519625160848611358e+03
1.827939682786530511e+03
2.509908524350451444e+03
2.046613910585046142e+03
1.542380012336242544e+03
2.547266138633732680e+03
2.209275747197295004e+03
2.079239592162507506e+03
1.623695124414726934e+03
1.723608420157476758e+03
2.266794807780068822e+03
2.168403409828657914e+03
2.269971522158929019e+03
1.898488166456442059e+03
1.685189814854806627e+03
1.913894226861762718e+03
1.827386324347776281e+03
2.572470431386331711e+03
2.251443877409110883e+03
1.467463584577270240e+03
1.813182178372555427e+03
3.243005648037976243e+03
1.435159580252093974e+03
1.317136731362990531e+03
2.132236529282582069e+03
2.642402589991464538e+03
2.570691976071630052e+03
1.372117198221654917e+03
1.795616080892933041e+03
2.446928832639957818e+03
2.006314816592493571e+03
1.760783802051301109e+03
1.879608067573888093e+03
2.205040214199199909e+03
2.291359491637805604e+03
1.625559081866409542e+03
2.247574716629950672e+03
2.152086938665080197e+03
1.892663867353265232e+03
1.622212779604556090e+03
2.908219119389031675e+03
1.659489068440043866e+03
1.476400800534248219e+03
2.832206135352304500e+03
2.243166390327326098e+03
1.266013592683018260e+03
2.170546757501780576e+03
2.229042472413189444e+03
1.632323649671622661e+03
2.048664688329284672e+03
2.753426810978085086e+03
1.874344191242074658e+03
1.778376753044536372e+03
2.168039540757663872e+03
2.234425476762996368e+03
1.733355951177972884e+03
2.151965205238555882e+03
2.450178591558879361e+03
1.486496165685599635e+03
1.937241516437388100e+03
2.740003922123430129e+03
1.244533921454480151e+03
1.787452444702712455e+03
2.744829923406070975e+03
2.192107506185392140e+03
1.196107442709297175e+03
2.617752838317558144e+03
2.383941648382764470e+03
1.467986597355266895e+03
1.825267468809918682e+03
2.671929689029131168e+03
1.649473459638182476e+03
1.821618029226648105e+03
2.094560464779628546e+03
2.288288600435250373e+03
1.852964297544349847e+03
1.861318856284945468e+03
2.137397201885902177e+03
2.387417441367545507e+03
1.631485746571443997e+03
2.070452719249770325e+03
2.572130405064775914e+03
1.671409240577390847e+03
1.453736573547396119e+03
2.641451962396784893e+03
2.329273576211182899e+03
1.213810094604699543e+03
1.905237402736022659e+03
2.966831785832331207e+03
1.906148353141509233e+03
1.571987355619664186e+03
2.027937585910628059e+03
2.265090529166101533e+03
2.031744136260288997e+03
1.863411330070826580e+03
1.896824209654573906e+03
1.960585632079705874e+03
2.221995940822618650e+03
2.104713069862210432e+03
1.685377288374992077e+03
2.345312649527292706e+03
2.381705890952900063e+03
1.912804074700458841e+03
1.436530720538415608e+03
2.442227629506462563e+03
2.588707986520469603e+03
1.775632882164029070e+03
1.338257229314185224e+03
3.363927803790892085e+03
1.540520084791398403e+03
1.410155908945165947e+03
2.141476014725815730e+03
2.837845587569668169e+03
1.320047361269084831e+03
1.707605630577385682e+03
2.442675583424730576e+03
2.438799082942032328e+03
1.394120497932779244e+03
2.334226270905919591e+03
2.399088873191341463e+03
1.479836758342346002e+03
2.151007284102578978e+03
2.497802506598243326e+03
1.580746729401672837e+03
1.711247924823284393e+03
2.168842767367638317e+03
2.372105549643744325e+03
1.452297938452978087e+03
2.059347491252912278e+03
2.463945988568328630e+03
2.391880090301895052e+03
1.449426470673033236e+03
1.892814878785648943e+03
1.973347712720976915e+03
2.139330690351505382e+03
2.166456716974738356e+03
2.240599892954563074e+03
1.586173625062892825e+03
1.899355157596384515e+03
2.573989395009590226e+03
2.038293664964071240e+03
1.597281386892384717e+03
2.140296117278694055e+03
2.486287508819357754e+03
1.425318570524902043e+03
2.099945617620117901e+03
2.540000322019992382e+03
2.511393283513508322e+03
1.299106035059076021e+03
2.702354211581210166e+03
1.984312291637867474e+03
1.465695086715072648e+03
2.425470318789750763e+03
2.403948710492982173e+03
1.496975590754325594e+03
1.807310489843031291e+03
2.232655369446987152e+03
2.185106370416741811e+03
1.846390630287274917e+03
1.931053449344985665e+03
2.274743470374875415e+03
2.013119140131480890e+03
1.801997234203255630e+03
2.218072545952544260e+03
2.125451630411311726e+03
1.951740133798895613e+03
1.499253075860835224e+03
2.662513649927507686e+03
2.241528726522251873e+03
1.191978587195303362e+03
2.021057188828539665e+03
2.534981997046031665e+03
1.784461784228672741e+03
1.234366318582731083e+03
2.253882495157534777e+03
2.503456445554952552e+03
1.932581358590232185e+03
1.627156772790551486e+03
2.254332463665848536e+03
2.239567396700136214e+03
1.907965268312386343e+03
1.836386551228074268e+03
2.165752665162039193e+03
2.162880807945924516e+03
1.788271346694668182e+03
1.830065057815316095e+03
2.614637392090411595e+03
1.960833490277625060e+03
1.656040575474369916e+03
2.245951293224478832e+03
2.645740705299197089e+03
1.295026344513588356e+03
2.195933213255627834e+03
2.691370837010599189e+03
1.425958570700522841e+03
1.545338130855030386e+03
2.596713521983693681e+03
1.963085879318267644e+03
1.574750466081325612e+03
2.186526285424177786e+03
2.603995688713574964e+03
1.453926049820949402e+03
2.129796582139816564e+03
2.538445581030234280e+03
1.472821912799699021e+03
1.811529189134821763e+03
2.800841518590359556e+03
1.659746264012669826e+03
1.672004349073781668e+03
2.199869183063273795e+03
2.596268477675107533e+03
1.638618728992989190e+03
