1.812635358737836896e+03
1.788489006751926581e+03
1.522786537080971584e+03
1.554531200448604295e+03
3.110041792646587055e+03
1.713331943383833277e+03
1.638015338023448066e+03
2.017580820677313113e+03
2.108003374588562565e+03
2.512941808615792979e+03
2.063628238643915211e+03
2.233698064264211098e+03
2.234358275872190461e+03
2.339291741695373275e+03
2.329424767861512009e+03
2.374989432695122559e+03
2.444769634810153548e+03
1.661912268910577268e+03
2.247902463236418498e+03
2.154062576576981883e+03
1.989110676819339005e+03
1.411611548868613681e+03
1.545630839865927328e+03
2.280254746681086544e+03
2.424420462524799859e+03
1.505240215928069347e+03
1.962713820401261273e+03
1.512904894560542061e+03
1.735050801470678607e+03
1.850099581174773903e+03
2.609983988335016875e+03
2.097596751560705343e+03
2.113449298754184838e+03
2.150554026250784773e+03
2.585929909872706048e+03
2.018673050760382239e+03
2.104462005544713975e+03
2.130271700566626350e+03
1.421888167215089425e+03
1.585636991309522955e+03
2.168082020866717812e+03
1.907486686810902029e+03
2.103740942186482243e+03
2.567866877297930841e+03
2.500734846203901725e+03
2.929535040662963638e+03
2.190032465017321556e+03
2.729578859372390070e+03
1.440366674820572825e+03
2.427592807760479900e+03
2.514536008055945786e+03
1.698880638081688403e+03
2.417232842326701757e+03
1.717675462893545728e+03
1.979235637416348709e+03
2.017416936495739492e+03
4.150606330417997924e+03
1.566339773911384555e+03
1.543725911089060446e+03
1.499361101170897882e+03
1.901723409349377107e+03
1.820866348805193184e+03
1.970834182718138209e+03
1.913797016851946182e+03
2.352871232543750466e+03
1.834312579190445831e+03
2.075279552625976976e+03
1.956987166512294380e+03
2.292717340708370557e+03
2.526557960799369539e+03
2.314938321451391857e+03
2.279021477181231148e+03
2.007507138141350424e+03
1.946529750662857396e+03
2.299071457024861047e+03
1.968150959200572288e+03
2.280665485559195986e+03
4.229793817047401717e+03
5.808583883981098097e+02
3.934138422433387632e+02
1.381185862981425316e+02
3.527368839265696465e+02
2.374226690766562115e+03
1.652114963300399040e+03
2.872897707869297392e+03
1.940466076878082959e+03
2.311366928468929927e+03
1.646789031679907339e+03
1.629125893197290452e+03
1.887466133556555860e+03
1.896251828975128547e+03
2.358989514441179381e+03
1.884742611106257527e+03
1.882763232710155989e+03
2.238018061583770759e+03
2.441085945201814866e+03
2.706783834786958323e+03
2.889851037032402928e+03
-6.841408665987346183e+01
4.312722213710634605e+03
1.966807154496373641e+03
1.048415293021824795e+02
3.387657141652022347e+03
-1.332948982595949303e+02
3.565784937494289807e+03
-9.469134958294574744e+00
2.135234048517214887e+03
2.206576731329905670e+03
2.238576303888585812e+02
2.826329610954743657e+03
8.154188291582639749e+02
2.438848314775075323e+03
7.916652883302947430e+02
4.204930007545247577e+02
3.378579670249695482e+03
3.777188272151281723e+01
2.540284376438150048e+03
1.104498470422456194e+03
3.564828197068593909e+03
3.863255636505286020e+03
4.601317238291517810e+02
5.813040906861301664e+02
1.292426249917072255e+03
1.540681987450685483e+03
1.609508409220850353e+03
1.660171688704646613e+03
1.769286999303002403e+03
1.919960438541260828e+03
1.964710473596910333e+03
1.808402153984622373e+03
1.773956474427838884e+03
2.053212572637150970e+03
1.606726272430601966e+03
2.050924152451074406e+03
2.229210930372881649e+03
2.031143859488657426e+03
2.484496155281510255e+03
2.308931173478667915e+03
2.263167802171740277e+03
2.309913092836816759e+03
2.329784160240227720e+03
1.982928227216598316e+03
1.883048743484892157e+03
1.888305559662938094e+03
2.047071677921024047e+03
1.962574903236177533e+03
2.016700523947676629e+03
1.614995087255415683e+03
1.686088352841811911e+03
2.043661538826210290e+03
1.748910797313883450e+03
2.464317357628946411e+03
1.594471854167278252e+03
1.772819945793355600e+03
1.984853262685997606e+03
1.872703103327170766e+03
2.053202459518538490e+03
2.053670674911194510e+03
2.133615800577723348e+03
1.773454746952879987e+03
1.798404595012682194e+03
1.721802444866718133e+03
2.347301392559691067e+03
1.100639229424834184e+03
1.183641024350929001e+03
2.567447911598851533e+03
1.923745992109809322e+03
3.536616566197045586e+02
2.542665395511929091e+03
1.635654644086070675e+03
2.058129535568473784e+03
2.351234156516714847e+03
2.599318205223545647e+03
1.092594927875353505e+03
2.525926578049448835e+03
2.124677572645814053e+03
2.135395893984861686e+03
5.435869703922472809e+02
3.928760845296944353e+03
6.146509984010867811e+02
3.241396886106914735e+03
3.178844290235331755e+03
3.286627247876888305e+03
2.672394566719101931e+03
1.465134654981212861e+03
1.487797609744242664e+03
8.060516691152239446e+02
1.298524768990715074e+03
1.664698518901594070e+03
1.792427626105984700e+03
1.937185933481446000e+03
1.929981669787295459e+03
1.974533580338269530e+03
2.030360086166507017e+03
2.122597453300446887e+03
2.138019324102262999e+03
2.352360352712432359e+03
2.177420142730074986e+03
2.250863081550097377e+03
2.177126413987684828e+03
2.278248026875640335e+03
2.215276443394000580e+03
2.263041701398123223e+03
3.727778006679317059e+03
2.135219281764230800e+03
1.320004439556893658e+03
1.597056807628015349e+03
2.377901163276295392e+03
1.854468954050845923e+03
1.854232810621773524e+03
1.908609934110503900e+03
1.882922484909038758e+03
1.859763387089422622e+03
1.536422101940913535e+03
1.887457646130535068e+03
2.112340632458678101e+03
2.057454657548558771e+03
2.346371894228341262e+03
2.010593255347994045e+03
1.972672997722945411e+03
2.181478492699081016e+03
2.400085053813478680e+03
2.690381347548953727e+03
2.445408407292673019e+02
4.314094213694836071e+03
2.086240677031345058e+03
-1.926153307984580465e+02
1.284914550582323955e+03
3.745268916800620445e+03
4.104091741576404274e+03
2.875123487741708686e+03
4.262244833506494615e+03
1.858841019439351840e+03
3.432305107732261149e+03
3.004463575016836330e+03
1.435314131418067063e+03
3.041494193663178066e+03
1.523647294355963368e+03
2.909018078255990076e+03
1.336564934750313569e+03
1.776274798462713989e+03
2.502922199420104789e+03
1.068599603201157606e+03
2.075101526507673043e+03
4.204815289002449390e+03
1.888340026476973435e+03
6.989481167442938840e+02
4.881486206193864632e+02
1.352142047436914254e+03
1.263661319475226946e+03
2.249857108159030304e+03
1.695037699750991806e+03
2.066409900129961898e+03
2.416210353612242216e+03
1.318572229923374607e+03
2.518423428161046559e+03
1.386049703782716733e+03
2.107496756019504573e+03
2.141589494568771443e+03
2.026402998027734611e+03
2.438295697023900630e+03
1.998504014484202571e+03
2.262221461717593229e+03
2.291834459089162465e+03
2.352081294840472765e+03
2.014936236399364361e+03
2.332333934883930851e+03
2.853241933962647636e+03
3.289243034526266911e+03
3.278194079507753941e+03
4.807287938153522191e+02
1.422674712985212636e+03
1.421724775708620427e+03
1.651990857679858209e+03
1.707449077871654026e+03
1.799881502423941356e+03
1.698534922934427186e+03
1.716095004621897033e+03
1.732852553174463310e+03
1.824342263348288270e+03
2.047660727255023176e+03
1.452251129000609126e+03
1.858669411335920813e+03
1.638492581804051724e+03
