2.503935932486253023e+03
2.181635388775519004e+03
1.886688237862388860e+03
1.865506525931200486e+03
2.231060516651257331e+03
2.119150305710263638e+03
1.805048099768617021e+03
1.848586399147819293e+03
2.214349986295619601e+03
2.533376139957607393e+03
1.796339496660059240e+03
1.806428222395879629e+03
2.403090084769610257e+03
2.297807786600737472e+03
1.639391042764085569e+03
1.845911753145238663e+03
2.411102310515766476e+03
2.374013316842061158e+03
1.869456212836553959e+03
1.575362416902023142e+03
2.091497386767486660e+03
2.445737709585080211e+03
2.120761482920144317e+03
1.647721937300431591e+03
1.752479039991872924e+03
2.283753115455267562e+03
2.307931686972858188e+03
1.693997928786920738e+03
1.664574948325812784e+03
2.112732844284023940e+03
2.467103909540686800e+03
2.109571414785029901e+03
1.744560946085119213e+03
1.840765960885218647e+03
2.363496279099556432e+03
2.423019465252932150e+03
1.902247148310055536e+03
1.735295855093699402e+03
2.014612456417588191e+03
2.555651168465684350e+03
2.195801212295932146e+03
1.733623697444772688e+03
1.702500803983179821e+03
2.140501101257817481e+03
2.527072789781308074e+03
2.196952873664983144e+03
1.876108425044335718e+03
1.561329731786379398e+03
2.098160581767813710e+03
2.530197786674255894e+03
2.011004648077395586e+03
1.718357395175484953e+03
1.680471763788150611e+03
2.323937792792401524e+03
2.431566785161971893e+03
2.102605257395554418e+03
1.619564859541104170e+03
1.609574599173904517e+03
2.107883166924481884e+03
2.452679937749725468e+03
2.213664671636980074e+03
1.423458316574043010e+03
1.847196341297045819e+03
2.288813836181115676e+03
2.277571058339027786e+03
1.788310129010790433e+03
1.763358379605926302e+03
2.100408081498028878e+03
2.536746531130729181e+03
2.393288884686965957e+03
1.948953897817564211e+03
1.718172833856184752e+03
2.123732144529427842e+03
2.511256509451390230e+03
2.381393135769616947e+03
1.657445596782253460e+03
1.559321460394840642e+03
3.672410652509084684e+03
1.366703796906072967e+03
2.248342628728131785e+03
1.653887081268596830e+03
1.365534600906566084e+03
1.930110789418456307e+03
2.443420939391715820e+03
2.474676332307019493e+03
1.909558635205321707e+03
1.633217841965565640e+03
1.820331970897104611e+03
2.294720102389017484e+03
2.512771195631111823e+03
1.905563448959730295e+03
1.735233718918271052e+03
1.761411178391211024e+03
2.258605885176842094e+03
2.379785567543894103e+03
2.169636618777478816e+03
1.875028022820812112e+03
1.458596796163526733e+03
1.120503951154257265e+03
2.165277971978278856e+03
2.860027746084662795e+03
1.819492486283919561e+03
2.836100968353393000e+03
1.868544259642505267e+03
2.086894053234035709e+03
2.032644679918013935e+03
2.335157187094223445e+03
1.638272429459880641e+03
1.627569071987296411e+03
2.951785530359763925e+03
1.676182072900283856e+03
2.250613649421256468e+03
1.921724144804214347e+03
1.836337757765663127e+03
2.438790102488043431e+03
2.214743520165546670e+03
2.350303135866843604e+03
2.005218858739106054e+03
1.843975536720129867e+03
2.122784866023702762e+03
2.270798645498694441e+03
2.015929399598763894e+03
2.011112211178682628e+03
1.870970933043866353e+03
1.909683357075919957e+03
2.127635085721714859e+03
2.277791474975706933e+03
2.468916064370563163e+03
2.097827802714705740e+03
1.808015753132453938e+03
1.995310660259638553e+03
2.213952885569557111e+03
2.264142665851423772e+03
1.864448878868045995e+03
1.527099807154488644e+03
1.839456278141304665e+03
2.120421544212746994e+03
2.222778810463968057e+03
2.001246349089230989e+03
1.629240665397705015e+03
1.893119579124465872e+03
2.257201618829769359e+03
2.114857717421906273e+03
1.795777117312338305e+03
1.734717569196472596e+03
2.081428491340464006e+03
2.364585054857794603e+03
2.206826704826600690e+03
1.948370327295328025e+03
1.895919571910462992e+03
2.112748677490335467e+03
2.280740289515859331e+03
2.310348119332782062e+03
1.933663310784910209e+03
1.767489590001007628e+03
1.859957544504106636e+03
2.154806776255639306e+03
2.414080233051915002e+03
2.481042612652109710e+03
2.356061709571261417e+03
2.162701941199568410e+03
1.624035390768472325e+03
1.531210343380304948e+03
1.862063270507739162e+03
2.388069606497600489e+03
2.496779414536496461e+03
1.802012617879833215e+03
1.668474064211564610e+03
2.028672548232421832e+03
2.215349037983845847e+03
2.538316455586250413e+03
2.629048363351675562e+03
2.130259834661097102e+03
1.496425282708059740e+03
1.587981259234341451e+03
1.981101893514697167e+03
2.521096155405488389e+03
2.441097040061514690e+03
1.992904891948604700e+03
1.578164250803558616e+03
1.950660505431570073e+03
2.004478511690077767e+03
2.377461051608479465e+03
2.949832882738386161e+03
1.917222317351033780e+03
1.540624381216245638e+03
1.461289112437377298e+03
1.537282220060076270e+03
1.964337595570818849e+03
2.230207346445514759e+03
2.161268214434018773e+03
1.728814985874273816e+03
1.833078404467806195e+03
2.198632439601574788e+03
2.556856635297786397e+03
2.560124857953973333e+03
1.852972458169548872e+03
1.697973992924376944e+03
2.050597343098752845e+03
2.497762914565706978e+03
2.555049905602664239e+03
2.034508337670388755e+03
1.674131663304246104e+03
1.671303321278975773e+03
2.332472192216355779e+03
2.386638896587413456e+03
2.457052380980512680e+03
1.884870906536718849e+03
1.425342648022546655e+03
1.817187979832791598e+03
2.159641298283605920e+03
2.436482161169248684e+03
1.889585951272191778e+03
1.587038078560211488e+03
1.888383005185000229e+03
2.225437109198561302e+03
2.482926757075802016e+03
1.868706306847153428e+03
1.736830919874167648e+03
2.077793754011226611e+03
2.318168840577895025e+03
2.245134846043039488e+03
1.725790769867428480e+03
1.649813959412460690e+03
3.126303497447768009e+01
2.601325569361752059e+03
3.101977007420751306e+03
1.849897988678934780e+03
2.241592228704707850e+03
2.455591978816065875e+03
1.939518925151502799e+03
2.811336356366163727e+03
1.853897724112890955e+03
1.961617533317556081e+03
1.888929171342015024e+03
2.096376394308550971e+03
2.304725050100882072e+03
1.987845712583276054e+03
1.942400709652710930e+03
1.858888137179422756e+03
1.800325258933944724e+03
2.680630346334632122e+03
1.711246785503034289e+03
2.073724177541188055e+03
3.005685454807187853e+03
2.647070023155124545e+03
1.728890979330677055e+03
1.831026202519224853e+03
1.865501340583956789e+03
1.760851013656201303e+03
1.765664586587694203e+03
1.948734009346550010e+03
2.138177686553245167e+03
2.256515321926877277e+03
2.021086475703758424e+03
1.839898166851905216e+03
1.771131658169676030e+03
2.098282641571390741e+03
2.391966335404183610e+03
2.428119837258794178e+03
1.949863983902866494e+03
1.692489513621970218e+03
1.765820237079753724e+03
1.966890638941542420e+03
2.208836092096782068e+03
2.372787385103707493e+03
2.265420584574449549e+03
1.995875174970126409e+03
1.857053408803516959e+03
1.812376797865020762e+03
2.023104078490079928e+03
2.310227308630344851e+03
2.282667181586646166e+03
1.879187083753556635e+03
1.725180864729948098e+03
1.985705685109966225e+03
2.330078905226075676e+03
2.374249078157266467e+03
1.967339768872749573e+03
1.821177711882198309e+03
2.016848390701222570e+03
2.408056601444614444e+03
2.223975360535172968e+03
1.497485497030673287e+03
