3.280324745439826984e+03
2.509935472700205082e+03
1.825066355369334133e+03
1.620736164929635152e+03
1.534593865206901910e+03
1.881877055721240367e+03
1.733113079296250817e+03
2.080433227748769241e+03
2.404642993236136590e+03
2.414813951476879083e+03
2.288537227662075566e+03
1.769957705171595080e+03
1.612606389460646142e+03
1.634932750901645022e+03
2.047601754146728354e+03
2.295511514204950799e+03
1.834791380280581052e+03
1.811916644218583997e+03
1.744820820411561499e+03
2.137772276562043771e+03
2.140792816589943413e+03
2.204489413640868861e+03
2.242476306306301012e+03
1.781693525245904311e+03
2.154818077341810294e+03
1.808301440226305203e+03
2.099090481503923911e+03
2.225425155156973233e+03
2.135704921717187517e+03
2.442222082478608172e+03
2.034667865125924891e+03
1.946234521902266124e+03
1.517593308747784931e+03
2.208533111283108610e+03
2.337056233756605252e+03
2.424453155255984711e+03
2.584583744155503155e+03
1.929429446023509172e+03
2.439694531035673663e+03
2.092108725279250393e+03
2.055220997107273888e+03
2.131883569750992137e+03
1.802423459077852840e+03
1.971557275339309854e+03
1.693546308515155260e+03
1.841009880270987424e+03
1.567805076998266941e+03
1.760011361629669636e+03
1.955109730163609129e+03
1.952611560887601854e+03
2.633531384891237849e+03
2.279387664676174154e+03
2.160413427294422036e+03
1.887143062786744395e+03
1.807155338213852474e+03
2.367512347557176327e+03
2.496226519875994654e+03
2.598148268031289717e+03
1.885868026035936964e+03
2.252329973776499628e+03
1.957603547221440749e+03
1.763426105159617919e+03
1.809018009788532709e+03
1.423228123721601605e+03
1.845865877291765628e+03
2.195818534978768639e+03
2.788969951266748012e+03
2.582625761935014907e+03
2.160357304054814449e+03
1.972139742959708656e+03
1.411456311548176018e+03
1.542982936093559147e+03
2.003695174157750671e+03
2.290059647756682352e+03
2.428526603277673075e+03
2.394481033703306366e+03
2.344781069903271600e+03
1.630161579716965662e+03
2.009475320933569037e+03
1.759561133075830412e+03
1.499412577479780794e+03
1.693556487378316433e+03
1.626878386479005030e+03
2.230014758666411581e+03
2.125912060517444388e+03
2.205789819472563067e+03
2.257164610415610241e+03
2.307080592553477800e+03
2.854281838752559906e+03
2.292054454739341963e+03
1.940104113186264840e+03
1.474639464220368154e+03
1.750218450936234603e+03
2.075272745724831566e+03
2.155908294592858965e+03
2.226756209951513938e+03
1.548286075878036172e+03
1.875168163948989104e+03
1.885479705629514910e+03
2.572161131310139353e+03
2.142509402897231666e+03
1.070653587854242460e+03
1.295902534585161902e+03
3.521361294266019399e+02
1.529379573390445557e+03
1.799236065681444416e+03
2.050898818129231131e+03
2.315235256598597516e+03
2.077464566366077179e+03
3.264999072022301334e+03
2.747081782237542484e+03
2.412912200270716767e+03
1.808807303438578401e+03
1.272983831921241290e+03
1.779631394201272997e+03
1.434868286490090213e+03
2.472354786192972824e+03
2.146670682549138292e+03
2.492716735379523925e+03
2.339988453851429313e+03
1.836827573027273502e+03
2.372261394792711599e+03
1.809797857365231266e+03
2.172065214308322993e+03
2.116030024249821963e+03
2.278132450295135641e+03
2.084385756885726551e+03
1.926459351175886923e+03
2.156745367306251865e+03
1.719475781604680606e+03
1.850097643007746228e+03
1.527625453495103102e+03
1.948740037295110824e+03
2.616791612468119638e+03
2.547615843844153915e+03
2.342692581455024538e+03
1.981330937556957679e+03
1.960650958480827512e+03
1.482746945786770993e+03
1.616124723810437672e+03
2.103629318496854012e+03
1.987356855616592611e+03
2.314388835997375736e+03
1.933009877945469498e+03
1.666020717768516079e+03
1.699027409742539021e+03
2.192152275124205971e+03
2.172858096548916365e+03
1.757025965577367742e+03
2.056917649403128962e+03
2.276204260286009685e+03
2.505024382161308495e+03
2.231122446712670353e+03
1.879622749257642909e+03
1.685213472198851150e+03
1.492160608180816780e+03
1.662975438636830177e+03
2.311494410349600003e+03
2.859081484123535120e+03
2.532533234588119285e+03
2.057759940459699010e+03
1.888520916694134257e+03
1.482211922125974752e+03
1.667852802651430466e+03
1.822814565441059358e+03
1.907697553850587610e+03
2.056817116359117790e+03
2.280636421103645262e+03
2.561257967998923505e+03
2.110793857613679847e+03
1.977181891112262065e+03
1.608684796731508413e+03
1.746237949164560632e+03
2.039341137822711744e+03
2.554647838764240532e+03
2.499264578682310457e+03
2.209804862174071786e+03
2.330722677254159862e+03
1.950881550820044822e+03
1.594952294381693491e+03
1.850895655818144405e+03
2.028596161545677433e+03
1.988171850425493176e+03
1.614368036803111181e+03
2.104880697819272882e+03
2.673010147746162602e+03
2.628325302919733076e+03
2.367179847543015512e+03
2.073713130411991642e+03
2.145273339256353211e+03
1.570098840103824841e+03
1.671574399764227792e+03
1.750240402475993960e+03
1.674583772214190503e+03
2.161210456882932249e+03
2.347687926086644893e+03
2.499572422098712195e+03
2.316931299853867586e+03
2.209481808132921287e+03
2.005139966213590469e+03
1.606932612049901081e+03
1.375294479925091537e+03
1.388096202228194670e+03
2.009795369237465820e+03
2.090296815937395422e+03
1.992682477676019289e+03
2.425061981029350591e+03
2.356798438439059737e+03
2.333713274180413464e+03
2.153653691240834178e+03
2.519192019107937085e+03
1.980543075856126734e+03
1.096320327165077060e+03
1.254724843998402093e+03
1.578146428984569184e+03
2.106236089167755381e+03
2.058343208983444583e+03
2.568147520198687744e+03
2.656999687681268369e+03
2.195867324835320687e+03
1.964927173068757156e+03
1.557404462109747783e+03
1.468076100030211364e+03
2.006265201740800649e+03
2.547021125372086772e+03
2.618788554890908017e+03
2.273533554525904492e+03
2.014450031240823364e+03
1.983371485274333963e+03
1.769613063131857643e+03
1.829245632596336463e+03
2.280902454105054858e+03
1.738157087169895021e+03
1.887035322756992855e+03
2.444073814354638671e+03
2.075765845135208565e+03
2.557767057347957234e+03
1.491167661166020025e+03
1.713936837264419864e+03
1.691305012771708107e+03
1.975306865470350203e+03
2.711500689128708927e+03
2.020783003863873319e+03
2.396678283698223368e+03
2.175071032478079360e+03
1.983449810790666106e+03
1.850085344124780477e+03
1.465075758159550560e+03
1.977866467261365187e+03
2.190316155913047623e+03
2.153181835163618416e+03
2.268348008246338850e+03
2.362148445998341231e+03
2.368354350927309952e+03
2.181012274859272111e+03
1.843021762986756812e+03
1.265403123400805043e+03
1.741118096020151143e+03
2.229295253149870859e+03
2.669284533839450887e+03
2.371981100730905382e+03
1.805069641793833398e+03
2.498013136602420673e+03
2.440521229286755897e+03
2.038739224299351008e+03
1.975148634065116312e+03
1.934455380654704186e+03
1.742460740172894020e+03
1.080854568540936043e+03
2.012062144689919478e+03
3.252699911806473665e+03
2.543685909236200132e+03
2.043672174081134017e+03
1.640662411932943996e+03
2.134159068942289196e+03
1.452050167497518942e+03
1.456047689264409200e+03
1.769804181679839758e+03
2.514858797419781695e+03
2.367244282684435348e+03
2.033650589811939881e+03
2.416668907235766255e+03
2.188451338651992955e+03
1.889093148830223754e+03
