1.969072814554231400e+03
2.388519362414763691e+03
1.881204775781061016e+03
2.604329608292412104e+03
1.299934259875321459e+03
2.466831697286993858e+03
2.043157306530022197e+03
2.048804729612338178e+03
2.322317596061468066e+03
1.620572075519172131e+03
2.780886606348635723e+03
1.376571430166986147e+03
2.263587885344847109e+03
1.832273967291992221e+03
1.689745304960376188e+03
3.096504701984361418e+03
1.415200670554451563e+03
2.668105354140176132e+03
1.130135008478978079e+03
2.275509589002050234e+03
2.258716846929583426e+03
1.913334735062340087e+03
2.512040229852983430e+03
1.763090904499275894e+03
2.767973089263370184e+03
1.432244305364803722e+03
2.240315084385804312e+03
2.823071325593274651e+03
1.939762000396703570e+03
2.932696739784243618e+03
1.486498308932810687e+03
2.700652092286341485e+03
1.946459471375825387e+03
2.271182586194585383e+03
2.167735319419164171e+03
2.040239723592347445e+03
2.866180537695921430e+03
1.550877824959159625e+03
2.305291859368399400e+03
1.946863561711728153e+03
1.979079708893654697e+03
2.700211617408781422e+03
1.717186338401825878e+03
2.160646060707154902e+03
1.999553989210562122e+03
2.103462376811718968e+03
1.847334142555909466e+03
2.081924650262061277e+03
2.622025190645460953e+03
1.481408337771399829e+03
2.268666453927167368e+03
1.572236377095775879e+03
2.270634533975594877e+03
2.109819454143461371e+03
2.033955419633492738e+03
2.417235642201270821e+03
1.382759922926717991e+03
2.489770195729518036e+03
1.662263328600720797e+03
2.349005112405409363e+03
2.669517594243594431e+03
1.628458213484674616e+03
2.840234855563637666e+03
1.413878562666450307e+03
2.392458923211345336e+03
1.576812875288008172e+03
2.117889257669344715e+03
2.584080456519598556e+03
1.608513988963491556e+03
2.696400030181972397e+03
1.387074700847891563e+03
2.637924159237603362e+03
2.359780260292748153e+03
1.999138297922428819e+03
2.868069267131935248e+03
2.065982500637182511e+03
3.126912341406251926e+03
1.370648550758100100e+03
2.487886135534195546e+03
2.842984619296197707e+03
2.286614671269574501e+03
2.644550504520112554e+03
1.461319322051134804e+03
2.197348598620660141e+03
1.910160172890269905e+03
2.269439578546523080e+03
1.941970280410919713e+03
2.031074059311230258e+03
2.648775894988689288e+03
1.426137186598082963e+03
2.185602947332568419e+03
2.017079023116880762e+03
2.240179376415137995e+03
2.301792700721118763e+03
1.545491915141858271e+03
2.867142438845823563e+03
1.413377816410083369e+03
2.330962728169834463e+03
1.470932010044345361e+03
2.653311281357412554e+03
3.173213412166006037e+03
3.887500040022440771e+03
1.544986851108992823e+03
6.199962238272256627e+02
1.248078829086039377e+03
1.492826894105456631e+03
2.755212116313444312e+03
1.893923059464479593e+03
1.750010316751348000e+03
2.589305778316979740e+03
6.328578920932974370e+02
3.097814969665264471e+03
1.634934506796554842e+03
2.126443731765300981e+03
2.325612263472498398e+03
1.316296249125639633e+03
2.466681409213955703e+03
1.529043710571687143e+03
2.204104765400913493e+03
2.257127661485553745e+03
1.858451837476321316e+03
2.473813867537350234e+03
1.294694967305653563e+03
2.608924526773854268e+03
1.998663003689406423e+03
2.256552476587843557e+03
2.684183799759650810e+03
2.058888112006796746e+03
2.642464692183091756e+03
1.562187332692311884e+03
2.398730388479405065e+03
2.081792369687349492e+03
2.265610572357017645e+03
2.725714740407668614e+03
1.641100567951964194e+03
2.581576784653958384e+03
1.564789266724565323e+03
2.064389795196962041e+03
2.334199566309649526e+03
2.164930146480780877e+03
2.663382528434287451e+03
1.659387209729057531e+03
2.449242114167768705e+03
1.549193203109846309e+03
2.224000486932432977e+03
2.285231504590488385e+03
1.934376497863801660e+03
2.682913218428993332e+03
1.597240527560725241e+03
2.438076775287720920e+03
1.530616737490843207e+03
2.101282983561256060e+03
2.299390817354626506e+03
1.803347613103428785e+03
2.546917891729711755e+03
1.234406351555727724e+03
2.359387422490153767e+03
1.687874112847124252e+03
1.927177502546024471e+03
2.193476665465730548e+03
2.047211254844423820e+03
2.623362313193567388e+03
1.355172108298035255e+03
2.237046630233729047e+03
2.672321140344693504e+03
2.025508480922983381e+03
2.539504675255883740e+03
1.468856070742312795e+03
2.715228893093652914e+03
1.460156358865273432e+03
2.384691277140649618e+03
2.097886002488403392e+03
2.123439704487278959e+03
2.748318690287571371e+03
1.529356168055069020e+03
2.698126889801716970e+03
1.508435216416554113e+03
2.072110848564696880e+03
2.216169708432639709e+03
2.071750608788953286e+03
2.686307447383239378e+03
1.682110982727421515e+03
2.280827105084350023e+03
1.766267091783027126e+03
1.811028041279104627e+03
2.436050870637351636e+03
1.876191997657312868e+03
2.493002367069361753e+03
1.691692118679573241e+03
2.376607087297416456e+03
1.799184864631545452e+03
1.990923981266689907e+03
2.686103495074161856e+03
1.899044038097983730e+03
2.404352069122800003e+03
1.160094278745388692e+03
2.605260968539614623e+03
1.987935926115180337e+03
2.115593672487771983e+03
2.697029926291943866e+03
1.327432883443409992e+03
2.890009379722564518e+03
1.531243618844350522e+03
1.658229032860966299e+03
2.312116113123439391e+03
2.340527862369872310e+03
2.792400120054263425e+03
1.531640738382117888e+03
2.484847849572694486e+03
1.537001275226329199e+03
1.961371243091141650e+03
2.534836503762398024e+03
1.980591885009085445e+03
2.407623623084199153e+03
1.468098344444464374e+03
2.530585278456760079e+03
1.498393243917618292e+03
2.267901489179282180e+03
2.233396858268815322e+03
1.652318014172085668e+03
2.789107323444896338e+03
1.445673376606298689e+03
2.321776113056704162e+03
1.537109048758855351e+03
1.445474121336670351e+03
2.244512318867347403e+03
2.754513564256297741e+03
3.214113542755805611e+03
2.507924175047675362e+03
2.024284744418579066e+03
1.175247287660338770e+03
2.444254742465775962e+03
2.444771416667288577e+03
8.280436325139352221e+02
3.518967615897525775e+03
1.688292403176759080e+03
2.230726945859443731e+03
1.836824699650412640e+03
2.900805435709346511e+03
2.219019056161144363e+03
2.101885820559817603e+03
2.300893861103777908e+03
1.841603825881142939e+03
2.342970272105680124e+03
2.153515150313037793e+03
1.968152845337019698e+03
2.308827833669819483e+03
1.910053455524312540e+03
2.484268454804658631e+03
1.874062408647180064e+03
2.206630336887240446e+03
2.315858793618864638e+03
2.131471689391103155e+03
2.534594139832984183e+03
1.350658905491689211e+03
2.239269537346192919e+03
1.604364107113299269e+03
2.173773699689290424e+03
2.296545715996108356e+03
1.997424404341703621e+03
2.389905809193295681e+03
1.531987324883915562e+03
2.084875068974246915e+03
1.932017580399925009e+03
2.369441165226291560e+03
1.410386428110153247e+03
1.190057667941911859e+03
2.391466149991993461e+03
2.250635664337159596e+03
2.398832342780127874e+03
2.377988960992443936e+03
2.214025642354043612e+03
2.918214306658857822e+03
1.628242259479465929e+03
2.875087213009175684e+03
1.553147482304250843e+03
2.005236066345340078e+03
2.509297154966406652e+03
1.997465429541264029e+03
2.814979725334687828e+03
1.500742567440599714e+03
2.266783238675245684e+03
2.014559943950783008e+03
2.489726305454331396e+03
