1.590925655382839750e+03
2.208042871433975051e+03
2.077215057138079374e+03
1.664241324060977604e+03
1.932908886611403886e+03
2.236469998787561508e+03
2.090730114643970410e+03
1.976042818011186910e+03
2.470443393945970001e+03
2.351145659902179887e+03
1.830324436746002675e+03
2.210282807848280299e+03
2.096042802171479707e+03
1.698779186981704470e+03
1.522354620159570004e+03
2.114369992625257964e+03
1.853698743989348714e+03
1.796932147933077431e+03
2.363374887590880917e+03
2.318967986042164739e+03
2.012717876358507510e+03
2.388648344718802036e+03
2.451565658371218888e+03
2.007758483527975386e+03
2.027547010495141194e+03
2.307221245307464415e+03
1.975028424992911596e+03
1.736058892888345554e+03
2.038135232642467827e+03
1.966562092307815419e+03
1.640520189939440797e+03
1.996917846209883692e+03
2.175800627158234420e+03
1.851735281892204284e+03
2.058941923551569744e+03
2.262452353573636628e+03
2.022179963778313095e+03
1.931090505430665644e+03
2.253638116224478381e+03
2.039623334665080620e+03
1.719471156020502121e+03
2.028826376970616820e+03
1.826269702281305854e+03
1.758424119020373837e+03
1.866129727316598064e+03
2.165847509448396977e+03
2.321598780376134982e+03
2.014497801715515152e+03
2.401976174787391301e+03
2.428391430482929991e+03
1.956110316941066685e+03
1.732872913318316705e+03
2.032424781547584189e+03
2.037823716949522804e+03
1.618227803401169695e+03
1.848262139746211687e+03
2.307579780004376971e+03
2.138158418837762838e+03
1.955134254933584543e+03
2.508732258384517536e+03
2.614609837369708657e+03
2.027619152960606016e+03
1.811631744827111106e+03
2.126742460574526376e+03
1.984170594328790685e+03
1.589113652061273115e+03
1.627147079556251811e+03
2.055731949845947383e+03
1.838710351751475855e+03
1.741305722071854461e+03
2.141666249100657296e+03
2.256290262786980293e+03
1.974062831508450927e+03
1.970685957663509271e+03
2.342071938947844956e+03
2.153919066034088246e+03
1.794074208439418044e+03
1.954397799018431670e+03
2.040819861374973016e+03
1.693380977252235425e+03
1.763682945205108126e+03
2.140342536123946047e+03
2.000679338040136145e+03
1.857400417203388997e+03
2.280309993449810463e+03
2.384496753409261146e+03
2.123024668325378570e+03
2.109157449672936764e+03
2.371037243662392484e+03
2.025963022076133257e+03
1.749120886515125676e+03
2.065180201874107752e+03
2.036085367364875992e+03
1.909806380219392850e+03
2.170905116909269964e+03
2.410765590434504702e+03
1.962422150437664186e+03
1.806874587123388665e+03
1.841330947078453164e+03
1.897590761128075656e+03
1.665719199416668744e+03
3.535598869865975303e+03
1.791727294181831894e+03
2.505442299338351404e+02
2.811322219155102630e+03
1.519595328855527214e+03
1.220794745046765911e+03
2.333793045694048487e+03
1.606501364905117271e+03
2.386500789063273260e+03
2.041919561600336692e+03
2.603852458130193099e+03
2.369915981875866692e+03
1.626384239562743460e+03
2.390184802431599110e+03
1.771556335162037840e+03
2.388085716629353556e+03
1.799812533991667806e+03
1.455395339953348184e+03
1.872791297551822254e+03
2.042618822829817645e+03
2.059215268252423812e+03
2.075911719493833971e+03
1.996159796507171677e+03
2.168093263612438932e+03
2.237951885397564183e+03
2.073061965683136805e+03
2.155725531337438952e+03
2.205530601163221490e+03
1.975681944296040456e+03
1.952239584999175122e+03
2.085770438814580302e+03
1.801489910646238286e+03
1.678425768480349234e+03
1.992323544243053448e+03
1.951035859714003664e+03
1.925568180187649205e+03
2.356521013059493271e+03
2.558501283162858272e+03
2.133603674887329817e+03
2.151525686320853310e+03
2.309521193969541855e+03
1.847431051769496207e+03
1.651493367829565614e+03
1.912729720108417951e+03
1.849294303222573490e+03
1.658306299950533230e+03
1.842468177925232794e+03
1.893049650542633117e+03
1.745657087194916130e+03
1.856095945956476726e+03
2.193691967280677545e+03
2.131068226668278385e+03
1.800110368685888034e+03
2.003146951627505359e+03
2.182398135436017128e+03
2.091315782096887233e+03
1.999048031789491006e+03
2.128947814980055227e+03
2.089655988656767477e+03
1.781681875288368246e+03
2.025243182028980527e+03
2.249225925271869983e+03
2.120825836749287646e+03
1.800789407369770288e+03
2.030295761898076080e+03
2.180540136309267837e+03
2.048370691806284412e+03
2.088700949442084948e+03
2.294262978900041617e+03
2.121473092909898241e+03
1.970138505650391380e+03
2.183348762799016640e+03
2.132921810543073207e+03
1.789830300503369699e+03
2.003407524166824942e+03
2.069577020464653287e+03
1.973969346195541448e+03
2.126779266482424191e+03
2.451877923696664311e+03
2.485649283994199322e+03
2.188848510700276165e+03
2.174108837787678567e+03
2.191919322456571990e+03
1.869093765298654262e+03
1.600653648409280095e+03
1.758569715632439056e+03
1.488456469509424096e+03
1.246313952686767607e+03
1.773304283236327137e+03
2.274392963038244488e+03
2.132047864296911030e+03
2.276424406139256462e+03
2.791678706450672053e+03
2.493476855321238872e+03
2.209909530144092059e+03
2.688418559399750848e+03
2.458981505825062868e+03
2.029077192739692009e+03
2.205599658511152484e+03
1.826610752160482434e+03
1.325569438459238199e+03
1.560303494008091775e+03
1.930857984773975204e+03
1.737807922769183733e+03
1.814888415363660442e+03
2.279804282444751152e+03
2.229280564521977340e+03
1.913674314302490302e+03
2.237345227697307109e+03
2.397287709788177835e+03
2.022813008150673340e+03
1.853105028043370794e+03
2.158845563525015223e+03
1.975176316327610266e+03
1.642257498570316557e+03
1.884912207431879324e+03
2.269826277324499188e+03
2.039103708914284880e+03
1.741555171960288590e+03
2.217540049641321730e+03
2.380958195905368939e+03
2.099269249606271842e+03
1.617580140976126586e+03
3.653527005989665668e+03
1.752592241089713752e+03
1.541353405603678993e+03
8.817986155032226634e+02
3.129908373776630015e+03
1.451215460198322944e+03
2.155783578021099856e+03
2.037515757330448878e+03
1.923986753285694022e+03
1.902155988029382343e+03
2.247006669284056898e+03
2.056941863897154235e+03
2.313737686470934932e+03
1.888952716862174384e+03
1.606392203581469403e+03
2.195736689147121979e+03
1.955117696262222807e+03
2.091368816442015941e+03
1.672014068870474830e+03
2.178997849723364197e+03
2.237302015430585470e+03
2.025260616662814300e+03
2.208475941684590907e+03
2.216483048627123026e+03
2.000260140873799855e+03
1.952886869824701080e+03
1.867699078911327433e+03
1.661635267889649413e+03
1.782821103145861116e+03
2.025137823180248915e+03
2.183430256206551803e+03
1.939429386222189123e+03
2.279152652809537813e+03
2.295314076505538196e+03
2.071910981642875413e+03
2.053712966646647601e+03
2.122131115836083154e+03
2.031691354452058249e+03
2.055885714076890054e+03
2.366895489020073455e+03
2.173026153391730986e+03
1.593940417565216194e+03
1.790155436779832598e+03
2.071836166576608775e+03
1.194417101247840264e+03
1.675993618355296803e+03
2.074526313304204905e+03
1.857632752800706839e+03
2.059302335568776016e+03
2.487540908505576681e+03
2.267630655082682551e+03
1.915217843125042918e+03
2.190450575031359222e+03
2.042517854630445527e+03
1.602520729832373945e+03
1.830882492431137052e+03
2.039167757499596064e+03
2.016147408097463995e+03
1.871002377531510774e+03
2.184713105631539747e+03
