2.324092561810762618e+03
2.052794467960723523e+03
1.877554337542765779e+03
1.435096839517862463e+03
1.639951582936145769e+03
2.059176370017351928e+03
1.946748539203200608e+03
1.650621424400887236e+03
1.370935136454757640e+03
1.836328732911458701e+03
2.051804246860912372e+03
2.015208532804902234e+03
1.745742304137838346e+03
1.840610292556224067e+03
2.189569012458338875e+03
2.798572090088351615e+03
2.444246265288901213e+03
1.930469180047752843e+03
2.302151020933482414e+03
2.025613807037123479e+03
1.906302493964104315e+03
2.196727149352930610e+03
2.382387190114515761e+03
2.248743801078236174e+03
1.497897972523189082e+03
1.951416348569323191e+03
1.938050880295666502e+03
2.259284218538716232e+03
1.729212979595900379e+03
2.443637753232977502e+03
2.922176864105735149e+03
1.811914515349935755e+03
1.984867108915419976e+03
2.232986832531812070e+03
1.893177870141351377e+03
1.936995986729218430e+03
7.886809983054875772e+01
2.324328076417632928e+03
2.058310726551428161e+03
2.208834440384496702e+03
2.279816602291130494e+03
1.317310145335215793e+03
2.025204788294301352e+03
1.207398711613008800e+03
2.396427820538297965e+03
2.162196806887056027e+03
2.163443151219515585e+03
2.062503492943738820e+03
2.039755715029035173e+03
2.214997108373775518e+03
2.194128290670096703e+03
2.369803204631265544e+03
2.213172280943999795e+03
2.206535664397506025e+03
2.167808307141173827e+03
2.024594562803710005e+03
2.207372992508092011e+03
2.391634086570047657e+03
1.294982903258991655e+03
2.295163148746458774e+03
2.660471648914848174e+03
2.299761740584711788e+03
2.046303307956740809e+03
1.817740711048928915e+03
2.377095458371958102e+03
2.282704065615826948e+03
2.173359414829513298e+03
1.973716670300556643e+03
2.248864118362990212e+03
2.270203773746409297e+03
2.226277164905330210e+03
1.796900948769552997e+03
2.180176335103022666e+03
2.118305136877279892e+03
1.830002573538781462e+03
1.583232962649055253e+03
1.515834851410969122e+03
2.195406613704145002e+03
2.181694367094146401e+03
2.000223455000641479e+03
1.695611447636457797e+03
1.584330794175948995e+03
2.324502984468432714e+03
2.204852119524242880e+03
2.015882504725141416e+03
2.317462786235391377e+03
2.434765072062702529e+03
2.034789670211586099e+03
1.774341528212851699e+03
2.517909898582844107e+03
2.170263602482335045e+03
2.006011732892763348e+03
1.788237445333970982e+03
2.421785325454055510e+03
2.038741399624472024e+03
1.327407089865168928e+03
1.964128424334666079e+03
2.276170209086656087e+03
2.035128091407249485e+03
1.567691383027476604e+03
2.203406920311080285e+03
2.506530186886155661e+03
3.075394502489606111e+03
2.567143299268351257e+03
1.523873694819157890e+03
2.357228289721100282e+03
2.315981965649108133e+03
1.967937148207011660e+03
2.293502398074708708e+03
1.616234167798542785e+03
2.216739355845774753e+03
2.432957243626320633e+03
2.195346332958739822e+03
2.217091094053820143e+03
1.273430125096044776e+03
2.997724572930005706e+03
1.522356808858481827e+03
1.988853518502186716e+03
1.988563877510369593e+03
1.827195283706415012e+03
1.834519443401062517e+03
1.702434410870672309e+03
1.892785268131380690e+03
1.675471889815419900e+03
1.698395662550704174e+03
1.795528271918232122e+03
1.932182425491975437e+03
2.147413536204097909e+03
2.248406385067643896e+03
2.218135574788462691e+03
2.228418120501718022e+03
2.363939625893598077e+03
2.039383524935584092e+03
1.740225997819197346e+03
1.895033684626462900e+03
1.862515903884551108e+03
1.963066773287686829e+03
1.995454722960839945e+03
2.185247267796433789e+03
2.497942191825476584e+03
2.460010488033986803e+03
2.220664699930746792e+03
2.324456952664817436e+03
2.436540716511978189e+03
2.011484437415203502e+03
1.861992312831345998e+03
2.168280694260368364e+03
2.131602607259474553e+03
2.117397196788281235e+03
2.013407498592340289e+03
2.495004902429459435e+03
2.561221140372806531e+03
2.319691322783676242e+03
2.047995409972982770e+03
2.129647677067155200e+03
2.217389231544813356e+03
1.989085677094821449e+03
2.007281429218563972e+03
1.941321520493462458e+03
1.761217688298937446e+03
1.610792459865709361e+03
1.737368340952593144e+03
2.024616644247514614e+03
1.979381898907856339e+03
2.334290016200789069e+03
2.424715792957770191e+03
2.263024549567584017e+03
2.012869644441668925e+03
1.534427005020447268e+03
2.045783990961477684e+03
1.971747206302613222e+03
1.980712460332379578e+03
1.990023643887016533e+03
2.016977055515329312e+03
2.426814797646718489e+03
2.112553426952226346e+03
2.231603762035113050e+03
2.223210602218079202e+03
2.301202490299225701e+03
2.029826712884398376e+03
1.447037114348322575e+03
1.826229517315709927e+03
1.806704029779467646e+03
1.832096399607696867e+03
1.336776307732457553e+03
1.658545694437830662e+03
1.889017589400385532e+03
1.726152194767569426e+03
1.764510534979579234e+03
1.483965187540906982e+03
1.458172046839121776e+03
1.493143022219100203e+03
1.904850382103519905e+03
2.218860812230874672e+03
2.365815610710238161e+03
2.487039045405259458e+03
2.130220300444841996e+03
2.158649246479681096e+03
2.305559410600598767e+03
2.322021769745069832e+03
2.306003760733208310e+03
2.304885306292204405e+03
2.220074686420337002e+03
1.653778007808540451e+03
1.504279220891370642e+03
2.038821917031900512e+03
2.161919041858613127e+03
2.115302720687961937e+03
1.815886976416914649e+03
1.680406532875138282e+03
1.787985139361911706e+03
1.863697440158939344e+03
1.828366840643304613e+03
1.653180225937768228e+03
1.909836731717345856e+03
1.825900979310542425e+03
1.989193016819102013e+03
2.017104023344372990e+03
2.169493777497075826e+03
2.440680163790683764e+03
2.583165663724607384e+03
2.581759324732184268e+03
2.099949588080307421e+03
2.229720102014044642e+03
2.063617297045715077e+03
1.706620467512795813e+03
1.486722393299824716e+03
1.269313123509732350e+03
1.568304167353118373e+03
2.109026125979155950e+03
1.832914585165739481e+03
1.693370113927698867e+03
1.797361611593756379e+03
1.898112505670009341e+03
2.404682794911053861e+03
2.494019451733222468e+03
2.251483657788347500e+03
2.291820775337494979e+03
2.027044517644714460e+03
2.680927755384242118e+03
1.658617620546375292e+03
2.139773450229282389e+03
1.558914704395273475e+03
1.765365525808176244e+03
1.518218701077855485e+03
1.689448675819288155e+03
1.817484408244038377e+03
1.900299096635590558e+03
1.879995243265957015e+03
1.940233165908906585e+03
1.933160052630053087e+03
2.038292028612397189e+03
2.114145248527163403e+03
1.960088979585648758e+03
2.155077492541208812e+03
2.245625814817195533e+03
2.242874992685183315e+03
2.337510758897078176e+03
2.521343391807450644e+03
2.418658963482936997e+03
2.240201053116025832e+03
2.409307079329870703e+03
1.988010310307153304e+03
1.792162527524110601e+03
1.873111470095499044e+03
1.694219607294725392e+03
1.570395528925308099e+03
1.550188280907305625e+03
1.822347724561050654e+03
1.813066103648842954e+03
1.931150904677605695e+03
1.964393017936902879e+03
2.063981346289090197e+03
2.457542651778740947e+03
2.372203619622635415e+03
2.297425217554244682e+03
2.414833258897830092e+03
2.491046902751420930e+03
2.266382606312048210e+03
1.907111294322984577e+03
2.225430071378914818e+03
1.910961410850329457e+03
1.741449202396690225e+03
1.430440224344755961e+03
