1.951190331337210182e+03
2.226178045863015541e+03
2.097277871991646407e+03
2.005671054648556492e+03
2.338206289442026900e+03
2.409116525148596793e+03
1.781910151380961452e+03
1.189930651443674151e+03
2.335509745793300226e+03
3.066856545020405520e+03
2.128388285291479406e+03
1.162327319821455831e+03
1.712317308825517557e+03
2.929452540439021959e+03
2.521490485344501849e+03
1.870297280744535556e+03
1.651538504420956770e+03
2.254063686440812035e+03
2.156624558558224635e+03
1.986448982670850228e+03
2.214273774239651175e+03
2.182307722201753677e+03
1.984035160432015346e+03
1.580450959506706340e+03
2.107853969628529740e+03
2.790253017954793904e+03
1.958870905887675917e+03
1.693686690002676414e+03
1.950380868509601896e+03
2.264581380159398122e+03
2.085886573991940622e+03
1.876086477901946864e+03
2.605177356848522322e+03
2.067895792920827716e+03
1.793186861672148325e+03
1.596713801833074285e+03
2.626509398991172020e+03
2.475923481780587281e+03
1.743219121959638642e+03
1.464558378532878578e+03
2.173554957535022822e+03
2.668925826158994823e+03
2.209500655390595966e+03
1.871429274250104754e+03
2.158289133847111771e+03
1.963593419837180136e+03
1.622750807475532156e+03
2.130329023051181593e+03
2.928537997843453923e+03
1.961810912332410680e+03
1.642007293714675825e+03
1.846557275444038851e+03
2.364055577117901521e+03
2.296448349282212348e+03
1.844166867356390867e+03
2.053686734085070384e+03
2.295351595083667235e+03
1.757930583822324934e+03
1.660196965093561857e+03
2.211314681741122058e+03
2.631895228817973020e+03
2.079699501487974885e+03
1.791349397861836451e+03
1.904356409553748108e+03
2.058933160976304407e+03
1.839463645385049631e+03
1.597957097840910819e+03
2.580750756948218623e+03
2.327030180623714386e+03
2.091483869810304441e+03
1.585567913907840648e+03
2.146398791667528712e+03
2.154835771578997537e+03
1.734328809740675752e+03
2.023236460129228817e+03
3.045232484500751525e+03
2.534592163579480712e+03
1.635049677222019682e+03
1.872459475814855978e+03
2.480857770932357198e+03
2.080357003060651550e+03
2.311832939509899006e+03
1.652906287921371359e+03
1.175084083200665418e+03
2.224774058737681571e+03
2.079987646286409927e+03
2.111805651792756635e+03
1.670296761408169914e+03
2.146146927116507413e+03
2.511718900736785599e+03
1.862323534828585935e+03
1.322183365012084550e+03
2.122044824120674093e+03
2.845945455887185744e+03
2.083964497848849987e+03
1.866560623573336215e+03
2.499015080983199823e+03
2.223186048603636664e+03
2.457406263254314126e+03
3.667445055232852837e+02
3.465950274684097167e+03
1.060699884815703626e+03
2.216261076240607963e+03
1.744328565969895635e+03
1.363211858820260659e+03
3.131699642489625148e+03
1.839146376796408731e+03
3.040820452914969792e+03
1.848412615208750140e+03
1.413500105701363736e+03
2.402912045953803045e+03
2.157222032843272700e+03
2.449522343319808442e+03
1.747580666484771882e+03
2.019975667714714291e+03
2.316936564021612867e+03
2.029048473419561788e+03
2.231608919833957771e+03
2.368359322292055822e+03
2.304259999751162468e+03
2.208660163690566151e+03
2.841612881299022320e+03
2.253794252889676955e+03
2.127626396715294049e+03
2.303317615401312196e+03
2.054795238211212563e+03
1.892081515147093114e+03
1.985454204005970723e+03
2.255709660960237215e+03
2.101522570465202989e+03
1.748923002218176862e+03
1.803154449017413981e+03
1.867988392680642164e+03
2.350734569189950889e+03
1.827777506375277198e+03
1.938189777489519656e+03
1.609224077122814151e+03
2.504470218153818223e+03
2.811984742901321624e+03
2.339569001559351818e+03
1.720060521261350004e+03
1.588390767860689721e+03
2.152615825849613884e+03
2.666888088207906549e+03
2.046176114292427201e+03
1.635444361275248866e+03
2.051128544452711594e+03
2.550560973396842201e+03
2.390126331635992756e+03
1.625613297132713114e+03
1.795374733675394509e+03
2.113201201522572319e+03
2.595535537793816729e+03
2.024557377381635433e+03
1.643249255692178622e+03
2.150644056105532400e+03
1.838477078800473009e+03
2.066612459998318627e+03
2.158249241230686948e+03
2.796777846546134242e+03
1.783592323593284391e+03
1.457663536745761576e+03
1.921197676838311281e+03
2.550029183712809299e+03
2.488066490149532001e+03
1.728841378883864763e+03
1.518051250138748856e+03
2.153780580676076625e+03
2.288374845260206712e+03
2.298862242837918075e+03
1.820919593483139124e+03
2.443327681975711130e+03
2.073350070521251382e+03
1.730337758854724143e+03
1.841182109163396035e+03
2.343787277279906903e+03
2.313165176518896260e+03
2.339555601775736704e+03
2.456385674714256766e+03
1.932883599093305520e+03
1.678367027311861420e+03
2.262572080394882050e+03
1.801475522454506518e+03
1.831244861822289749e+03
2.081360812366930077e+03
2.931907521543543226e+03
2.051944603110431672e+03
1.668168930821857657e+03
1.756124818682492560e+03
2.211578900710223934e+03
2.256163183752285022e+03
1.962842003248357514e+03
2.113495731062655068e+03
2.229175279132647574e+03
1.926949127949902277e+03
1.752004150518475853e+03
1.969760194598469525e+03
2.475533178479935486e+03
1.996964219153198655e+03
1.637549735887302859e+03
2.009173252184349622e+03
2.254355611803190186e+03
2.318344664113689760e+03
1.657661992484301663e+03
2.111256550574998073e+03
2.139046996186114939e+03
2.178193832116794056e+03
1.918044726244052299e+03
1.993379288531270731e+03
2.715748714079441470e+03
1.702255311568098023e+03
1.711422922888376661e+03
1.836514303769537491e+03
2.864008928477903282e+03
2.468643195602247033e+03
1.611267414671345250e+03
1.570946314144865255e+03
2.093048925628109373e+03
2.575343537538986766e+03
1.914899416732093187e+03
1.513589215648708660e+03
1.896416621845759437e+03
2.507742445053190750e+03
8.527531251487807822e+02
3.486670925306239951e+03
4.058523558479919757e+03
1.187686240255413622e+03
9.830910601737438128e+02
2.581193860732147641e+03
2.708508531012016192e+03
1.446870013919281064e+03
2.079641647725571147e+03
1.557336366694832577e+03
3.200560297756445834e+03
1.382102296079177677e+03
1.454139806705385581e+03
1.844002495975813872e+03
3.699704506558155117e+02
3.445326598103265496e+03
1.349082821663109371e+03
3.484453014619562055e+03
1.604512616420125141e+03
8.757265779604989575e+02
2.626525265188164212e+03
3.943599427570314674e+03
3.374819800776809302e+02
1.587812065367381138e+03
2.017191171790417911e+03
1.986609247560636959e+03
2.015846908558228733e+03
1.994265775856069922e+03
2.308115787197726604e+03
1.973278701055385909e+03
1.925212217762306182e+03
2.014874875849175623e+03
2.249236224085003414e+03
2.081950821359265319e+03
1.592289753831658345e+03
1.974945071364134947e+03
2.407983885261936848e+03
2.038529892735940166e+03
1.737500496542076462e+03
1.795312877180428814e+03
2.504014627412169830e+03
2.194395455791985114e+03
1.781142924638006889e+03
1.838436965916256213e+03
2.238617234731927056e+03
2.266694849588889610e+03
2.113964402398902166e+03
-1.348317153639900141e+02
2.404493597106858033e+03
4.090346708865645269e+03
2.178219348988237925e+03
-1.812998488579741263e+02
4.307921134473964230e+03
1.028465315240451218e+03
1.866788763196477930e+03
8.296605537292709869e+02
8.433525578390584769e+02
1.196417170884518100e+03
1.397069244482766180e+03
8.734855630912342122e+02
3.302471079964803266e+03
