2.597650943162453586e+03
2.129866956696354919e+03
1.334070770973667550e+03
1.785228775410168737e+03
3.679046317384054873e+03
3.885665250339545764e+02
7.718844071251738796e+02
2.608601046187712655e+03
3.657006060272997274e+03
3.614314523831537372e+03
1.837283385408901950e+03
1.743657115087526563e+03
2.595355310095930690e+03
2.241237831189897861e+03
1.521327021497567330e+03
2.033375739363628782e+03
2.807163778800294949e+03
1.922467133175508025e+03
1.965339364613918406e+03
2.241965844564309918e+03
2.662827921413332660e+03
1.710284160318517934e+03
1.527794724590127316e+03
1.986719851939747286e+03
2.649263882246281810e+03
1.837217124524931023e+03
1.527751607465544112e+03
2.049877365704582189e+03
2.570455221613638969e+03
1.853796028513081865e+03
1.698780347929684012e+03
2.165441295661701588e+03
2.181956634299879170e+03
1.940474793932882449e+03
1.780546442079478538e+03
2.262178206301852242e+03
3.135933510821733762e+03
9.213854548975268699e+02
1.127772389637383867e+03
1.424497930008237290e+03
2.073784104119867152e+03
2.374075164501184190e+03
1.773178293607248406e+03
1.476656892560306233e+03
2.427821674824419915e+03
2.360718765856177924e+03
1.698071230950907875e+03
1.437190279619233252e+03
2.702439474155883545e+03
2.952917819350011996e+03
1.507204489055808153e+03
1.448023665106621365e+03
2.379767222775990831e+03
3.290791363522344000e+03
1.546088806662235811e+03
1.198709149361192431e+03
1.833560785424568621e+03
2.608992468473228655e+03
2.006588188491102073e+03
1.451107960902515515e+03
2.036542903019568939e+03
2.305430346482043205e+03
2.389536656932191818e+03
1.661011850204098664e+03
2.079843247080160381e+03
1.933937489250566387e+03
1.529280743875642202e+03
2.004509953314454151e+03
2.223825041752052584e+03
2.322486235885172391e+03
1.693483977828125489e+03
2.061356732414690214e+03
2.142210253545427804e+03
2.203861147130748577e+03
2.031154912328786168e+03
1.912060386945109713e+03
2.052859110901324584e+03
1.979978209377480198e+03
2.286095509433868301e+03
2.314859875393557104e+03
1.847348248329507896e+03
1.231855529583805946e+03
2.298931102130000909e+03
2.625421483867963161e+03
2.155066787288138585e+03
1.133445332909987883e+03
2.325926198990393004e+03
2.374603927914986798e+03
2.559040961841131320e+03
1.189353883392385796e+03
2.391605800271452154e+03
2.247462449470315278e+03
2.442348824296259409e+03
1.646600084240182241e+03
2.073342167491710825e+03
1.959807517485545077e+03
1.736335914366652105e+03
2.086698744806707055e+03
2.626322496744600812e+03
1.662853454554709970e+03
1.487507817750886261e+03
2.305778671589572241e+03
2.483836899100778282e+03
1.662867071887385691e+03
1.387377650121759416e+03
2.428981692621919137e+03
2.524113333389579111e+03
1.851675598353499254e+03
1.259226725052677466e+03
2.572322983836008007e+03
2.675586554128763055e+03
1.323412070934466783e+03
1.570640609475314250e+03
2.532652479921336180e+03
2.661035305448734562e+03
1.526791392764951524e+03
1.654012511496744310e+03
2.630691373961289628e+03
2.237735904580787064e+03
1.252274687991076007e+03
1.963334772662017485e+03
2.282843135395314221e+03
1.917182018171786012e+03
1.919372981518310553e+03
2.264236680330567651e+03
1.861464039927567455e+03
1.832929569814280967e+03
2.266521907392605499e+03
2.590122921448018587e+03
1.851514880277019074e+03
1.368314368907331072e+03
2.354539719419150970e+03
2.501297330457985481e+03
2.310178372688159470e+03
1.526436738969663338e+03
2.187825503630389449e+03
2.397307946880914187e+03
2.361116323691377602e+03
1.575809105368061637e+03
1.538840196761742845e+03
2.502485642620778890e+03
2.572547387110862473e+03
1.676654699274632549e+03
1.378031446428702566e+03
2.554738355381012752e+03
2.678757125642598567e+03
1.687068914104790110e+03
1.095175987417854685e+03
2.063961735007171228e+03
2.723372456120931020e+03
2.166585174049929719e+03
1.229931566755077483e+03
1.592900764851294298e+03
2.725776059950982926e+03
2.615574883103629418e+03
1.628739804908627320e+03
1.413771943280052028e+03
2.569761615742788308e+03
2.613613434724811668e+03
1.847529656138372275e+03
1.220208874057288995e+03
2.546108430738263451e+03
2.680836933042977307e+03
1.945147979854208643e+03
1.128019890352569064e+03
2.254815205419193717e+03
2.804342584662482750e+03
2.188138589122716894e+03
1.012244715804609427e+03
2.255547913914941091e+03
2.561585947885950191e+03
2.450624618705017383e+03
1.473812302230946898e+03
1.871853422023191570e+03
2.124693860231564940e+03
2.559711246319994189e+03
1.740571850688799259e+03
1.654167260975011231e+03
2.195745173125543261e+03
2.357357993969291783e+03
2.530739911562643101e+03
1.595622140023036536e+03
1.768668576744198845e+03
1.698137717888514089e+03
2.345901205121377643e+03
2.240278768802909781e+03
1.987423015032993135e+03
1.900020784775336097e+03
2.463028867642819932e+03
1.896719197567340643e+03
1.785293335089187394e+03
1.820439817794679584e+03
2.249427483792003386e+03
2.147162526076440372e+03
2.118290014981346303e+03
1.785726850502098387e+03
2.216008882618267762e+03
2.221827561547962432e+03
1.844414395625803763e+03
1.780644672282853435e+03
2.036759989207725312e+03
2.255325142311157833e+03
1.905626417306526946e+03
2.024397950528109732e+03
1.724147241955286745e+03
2.374386633359765256e+03
2.675252992286469635e+03
1.620109756772503943e+03
8.762017035557475992e+02
2.208349495901102273e+03
2.396289698028897419e+03
2.334367861655692650e+03
1.660079334199779396e+03
1.719342265363346542e+03
2.396557299379070628e+03
2.452917128324844725e+03
2.211985098966047190e+03
1.386558261553549301e+03
1.914426928229956957e+03
2.951744137334341758e+03
2.610384434932675958e+03
1.819700453451597014e+03
1.304636707379399240e+03
1.832242824321902617e+03
3.012952954369181953e+03
2.713191843034950125e+03
1.834094195286497779e+03
1.782463748313386077e+03
2.641179820791474867e+03
2.569124157598519560e+03
1.471040505660288773e+03
1.410499472897587566e+03
1.702735059102916921e+03
2.738556420992971653e+03
2.267971130261663802e+03
1.504342851387285918e+03
2.134663721935199192e+03
2.015381165915581278e+03
2.186011840401190057e+03
1.951085955595403448e+03
1.462363051277199702e+03
2.464922950147759821e+03
1.130789519654259948e+03
1.948423610703710438e+03
1.634659410264826192e+03
2.577064256968263180e+03
2.583961781048870762e+03
1.917371887269275021e+03
1.982443937125407956e+03
1.888280425945426487e+03
2.299810079981943090e+03
2.091000667107937261e+03
1.820489255053593752e+03
1.774362289807469779e+03
2.703893752952694285e+03
2.471088143564038546e+03
1.533900994987594459e+03
1.854068538897678991e+03
2.479171429529663328e+03
2.579838087054181869e+03
1.757560658375448384e+03
1.337805786605230423e+03
2.688650558618566265e+03
2.967087345043393725e+03
1.924400207521386619e+03
8.032236568622346340e+02
2.025475679047225185e+03
2.935783940060202440e+03
2.002704268956794976e+03
7.663441177362778944e+02
-1.574907421758767327e+02
3.803724819764678159e+03
1.769462078735625710e+03
2.190086490388023321e+03
2.073020677568390965e+03
1.929259417574413646e+03
2.672809758795289326e+03
2.156481740803480534e+03
2.000433200619216223e+03
2.015184420939201573e+03
2.455812902047097850e+03
2.140912930327754111e+03
1.935595348735553898e+03
2.051374204635219940e+03
