1.937944340154458814e+03
1.323946704173514490e+03
2.115706784071049697e+03
1.392828808868654960e+03
1.737196131137749262e+03
2.061381709117553783e+03
2.225960086141721149e+03
2.439843998717164141e+03
2.094928268772808224e+03
1.942589926188943537e+03
1.568214744856260268e+03
1.729381282338928258e+03
2.212316605050825729e+03
2.493085942241827979e+03
2.512222858385072414e+03
1.689809485596730610e+03
1.497642204442357752e+03
1.874608855967405589e+03
2.238829378818753867e+03
2.592316485396564076e+03
2.174773375943877909e+03
1.749376666508432891e+03
1.496536565708056060e+03
2.304472932531708466e+03
2.507423813455471191e+03
2.358005987566117710e+03
2.008660476255723552e+03
1.644644787281131585e+03
1.782907310189353211e+03
2.068420813351988727e+03
2.453194221448257395e+03
2.364517757513286597e+03
1.686607994998902996e+03
1.674634969037862675e+03
1.691761749410906987e+03
2.383271633801471125e+03
2.543918646991600326e+03
2.267438597449106965e+03
1.804260098943572757e+03
1.520887001332127511e+03
1.796332701832406201e+03
1.810084213638146366e+03
2.455156141915216722e+03
2.389308614022553229e+03
2.038237042224252036e+03
2.117972586511225927e+03
1.566381334641034073e+03
1.989926820123131392e+03
2.005212411662425893e+03
2.450136085941703641e+03
2.360886798684142377e+03
1.812508856789143465e+03
1.738365851908995182e+03
1.738280826440480041e+03
2.291740406824921138e+03
2.341186410241807152e+03
2.273741605758464175e+03
2.331141889012990760e+03
1.894712712406587798e+03
1.968433345194862795e+03
1.372152727158728112e+03
1.762969820452676458e+03
1.909214386246879940e+03
2.298578861805813176e+03
2.578751185897097457e+03
2.190406516337622179e+03
2.171250716700276371e+03
1.347266468431383373e+03
1.829050287258482058e+03
2.087561788573681497e+03
2.327147677131374621e+03
2.734334907412605844e+03
1.853120134202092004e+03
1.676049060003007071e+03
1.606722765672782543e+03
1.860213120275464235e+03
2.330580218469146985e+03
2.268175223072772951e+03
2.347508037630650961e+03
2.181307776574423315e+03
2.246010038999142125e+03
1.563825947595246362e+03
1.510743224379955336e+03
1.876561174359369716e+03
1.801120605413608928e+03
2.293755539527930068e+03
2.079210445659106426e+03
2.343287076229205013e+03
2.245195235126840544e+03
2.142972303833663773e+03
1.805023138874223605e+03
1.496715741236633221e+03
2.181631975391599553e+03
2.076708206333092676e+03
2.767001993814801608e+03
2.065956369452177569e+03
1.608281098032795853e+03
1.720858483318804247e+03
1.947552109364045691e+03
2.751817005458498897e+03
3.046003940941066958e+03
2.595554819558364670e+03
2.262578955105615933e+03
3.623579775751180136e+02
2.062279690027497963e+03
1.309994720694546913e+03
2.090040475583005900e+03
2.574226569122176443e+03
2.140380750575082402e+03
1.810586508709864574e+03
3.276811389382124617e+03
4.208921335810627511e+02
2.254281967365925084e+03
1.650535025072796770e+03
2.077379479930019897e+03
2.665890866266717694e+03
2.020405538313992565e+03
1.506061398748060356e+03
1.483427240832556208e+03
1.944576308756741355e+03
2.410672402156550561e+03
2.329018540509557624e+03
2.179534321408221331e+03
2.162137787874727564e+03
2.132290713367301123e+03
2.391342944927457665e+03
2.257594534238693541e+03
1.975703582703293932e+03
1.541784312074516038e+03
1.659010587212170776e+03
2.250746089320899955e+03
2.431518814653697973e+03
2.525723915930415387e+03
1.480821029740412541e+03
1.584134023131303593e+03
1.927086467216967094e+03
2.285774034578662850e+03
2.606617924591826068e+03
2.233049861471383338e+03
1.803954826417507093e+03
1.494919278225476774e+03
1.743943750089639252e+03
2.143083594123967032e+03
2.372267315987412076e+03
2.502509417500128620e+03
2.027081127245685366e+03
2.209027693848097897e+03
1.589139402370692096e+03
1.652166407206802205e+03
1.906897206233687029e+03
1.990700222720580996e+03
2.612004159783618888e+03
2.403552360283443250e+03
2.241705262078079159e+03
2.016618311799663616e+03
1.911082684449080261e+03
1.777023302463883056e+03
1.423389374307919979e+03
1.870380458203271019e+03
1.924354339766135581e+03
2.250624168240685322e+03
2.044143455692906400e+03
2.164740464846085160e+03
1.998969745361889636e+03
1.940941345717396644e+03
2.238575144134299990e+03
2.007638134749140818e+03
2.023136716705757408e+03
1.808797578401653482e+03
2.076891523218041129e+03
2.442553629142625141e+03
2.469398497766449509e+03
2.729342493831847605e+03
1.391650653331621470e+03
1.575207353458238686e+03
1.959096005108096506e+03
2.641447726426806184e+03
2.800840235009683511e+03
1.453560039269692197e+03
1.785723527072660318e+03
1.536699247087310596e+03
2.442678723793866538e+03
2.684859421790155466e+03
2.203893607043657994e+03
2.653543133998091889e+03
2.041803420238659328e+03
1.603549404464384224e+03
1.179199657432021695e+03
1.524919184314099766e+03
1.991753910921764373e+03
2.270082195291864537e+03
2.516460425174466764e+03
1.700616261774749091e+03
1.857764600860410610e+03
1.798225361542137534e+03
2.467709898317648367e+03
2.760740689070803455e+03
1.853829526942173743e+03
1.929957503085062626e+03
1.409219169815632313e+03
1.805956713958079490e+03
2.217892640009898969e+03
2.371234607044031691e+03
2.849613152553459713e+03
1.899845575019390708e+03
2.269626346905850369e+03
1.689489263200876849e+03
2.068283178602571297e+03
2.049506686240797080e+03
1.556598772357536291e+03
1.560732332822187118e+03
1.474136765502548087e+03
2.352869386555824804e+03
2.425755882616805138e+03
2.362057798741090210e+03
1.715007934974082445e+03
1.421982055877368566e+03
2.337721843721466030e+03
2.417950326936625970e+03
2.867490048470829606e+03
1.899603344346697440e+03
1.504509364778506097e+03
1.869207473273178266e+03
1.852405794272671756e+03
2.109854311366132606e+03
2.876031781243270416e+03
2.129016715917352485e+03
8.767776041717406770e+02
2.281076307069355607e+03
1.383051348103801502e+03
2.354146668459431112e+03
2.902189114362599412e+03
1.572776865276311582e+03
2.781486036411699843e+03
1.974688398848646102e+03
1.327526341557801061e+03
2.557978957675952188e+03
1.388122468950088432e+03
2.194156953732872807e+03
1.837169206696841457e+03
1.945556193844120571e+03
2.651453589487457066e+03
1.422089990090090168e+03
2.409965208780352441e+03
1.521513317727015874e+03
2.360107252093198895e+03
2.310214881717535718e+03
2.175801207852256539e+03
2.112947342937282428e+03
1.880123750951185684e+03
1.915550835109896070e+03
1.836721261209585691e+03
2.247460028693218646e+03
2.387247472829831622e+03
2.407500115055468541e+03
2.131720862353190114e+03
1.507774377764913652e+03
1.749199268199321523e+03
1.656110609365141272e+03
2.333891643349256810e+03
2.534666221307949854e+03
2.119816951964872715e+03
2.033183072310330317e+03
1.478365982879576450e+03
1.958014347624081893e+03
2.162230681458042909e+03
2.495726238075203582e+03
2.135106723309230347e+03
1.569999287040876879e+03
1.909294379494604982e+03
1.836107038632121203e+03
2.495511400459369270e+03
2.278581408778857622e+03
2.209090596991893108e+03
2.273986319339060174e+03
1.664631687776909530e+03
1.647228937603750637e+03
1.779764615173496850e+03
2.556810186319148215e+03
2.729165630406189393e+03
2.118096135350774603e+03
1.388292612487439555e+03
1.471553117960168038e+03
3.727398819673552680e+03
