2.490642417182540157e+03
1.532115206659571641e+03
2.251529936733497834e+03
1.984045546404686775e+03
2.262711448994476541e+03
2.017563566146807489e+03
1.926087206072839081e+03
2.222015419898480104e+03
1.685620728887044379e+03
2.229167413515133831e+03
1.968998320430780495e+03
2.046628302986376866e+03
2.066487709049638852e+03
1.932783850490435043e+03
2.231542471631731132e+03
1.886903615699622833e+03
2.301905660508900382e+03
2.006181588325139728e+03
2.097312984616898120e+03
2.125335147437264368e+03
1.900045067371434470e+03
2.411751530872230887e+03
1.795857702984895468e+03
2.282163325203484874e+03
2.035239779668641177e+03
1.930634667421636323e+03
2.162640709144743141e+03
1.809804564151261502e+03
2.238833040972157050e+03
1.882946478239586213e+03
2.220304084626132862e+03
1.948257412458368208e+03
1.898706823842700487e+03
2.139680397332830125e+03
1.841432797198812750e+03
2.446187997724280649e+03
1.900820917767915716e+03
2.205175340612106083e+03
2.048968852574152152e+03
1.913588560707304168e+03
2.261905077158674430e+03
1.893976174029026652e+03
2.276261239692201343e+03
2.035104831427641784e+03
2.079252653319151705e+03
2.036718151262982701e+03
2.001749585312283898e+03
2.226015208766742489e+03
1.887129432333044406e+03
2.291041118069427739e+03
1.883566256459194847e+03
1.937572856919040987e+03
2.082901835910734917e+03
1.795552806724399943e+03
2.322726875704598115e+03
1.712741314649502783e+03
2.225201943949744873e+03
1.965216157771208145e+03
1.871615836961674177e+03
2.105305659689984623e+03
1.904787081699522560e+03
2.375491823537123764e+03
1.925318878773307915e+03
2.234784108969958652e+03
2.025371890794502860e+03
1.930980877926859421e+03
2.143079102603597676e+03
1.838375343819137470e+03
2.338877406751495528e+03
1.834200766941154370e+03
2.131537715864968504e+03
1.981629601598386216e+03
1.825370277565316883e+03
2.153861871869630249e+03
1.914420464202269386e+03
2.241751151294316969e+03
1.965818722199455124e+03
2.006552737435957170e+03
2.086058690869536804e+03
1.897708858466431593e+03
2.239485277320853129e+03
1.897111122479783717e+03
2.306715326281580474e+03
2.010261741399868015e+03
1.987810726316823320e+03
2.105266857522196005e+03
1.839858238970368575e+03
2.272375008979803624e+03
1.891539475885184402e+03
2.219379207238604977e+03
2.005026066012257843e+03
1.912538624596888440e+03
2.092836807144827617e+03
1.997132451594330178e+03
2.316897743607379198e+03
1.937475056481994898e+03
2.261498244678631636e+03
2.076656424829897333e+03
1.805476994720650509e+03
2.233715912018856216e+03
1.871937034925774924e+03
2.478400990574777097e+03
1.972275126810898882e+03
2.097674622045375145e+03
2.124000886627269210e+03
1.881535536703661592e+03
2.202454874718099290e+03
2.027233354759481244e+03
2.289953166542790768e+03
2.040207189615870448e+03
2.136640473006646971e+03
2.177557416415284479e+03
1.905850579810648469e+03
2.293485947956770815e+03
1.926140674083128260e+03
2.399117439045127867e+03
2.036946062758513335e+03
1.958231267057336481e+03
2.283656207463810460e+03
1.768273191927456992e+03
2.316192345184472288e+03
2.230882251388552504e+03
2.324283926814929600e+03
1.963251277685677906e+03
1.990957734761354232e+03
2.235982353684803456e+03
2.000454555567640000e+03
2.375126274498555631e+03
2.019436615448434850e+03
2.220130779983087905e+03
2.119404426221216909e+03
1.928407914997271973e+03
2.268038288864094739e+03
1.888866580115099850e+03
2.341033421133146476e+03
2.010703410430158783e+03
2.080821110485887402e+03
2.097791595653900004e+03
1.947465531057611088e+03
2.244855694098073400e+03
2.049558779241452157e+03
2.369509953049245269e+03
2.065783312724466214e+03
2.215740135643119174e+03
2.271327069214924450e+03
1.830024272838851402e+03
2.418066176215206269e+03
2.008647284047120365e+03
2.503880981126405004e+03
2.119399636291556362e+03
2.016042537039293620e+03
2.219355784053514071e+03
1.888431067811630328e+03
2.278837157044581545e+03
2.012446015748460241e+03
2.199735035472645905e+03
2.075243025917590330e+03
2.024816149256669860e+03
2.145603433032283647e+03
1.984356083327933220e+03
2.395596941798060925e+03
2.044851549431616831e+03
2.192488566927720058e+03
2.099281806438206331e+03
1.856176296471203614e+03
2.384360158259167292e+03
1.826054738056780707e+03
2.499340570897046746e+03
2.027189765701547458e+03
2.158348738376009806e+03
2.133437137494059243e+03
1.898510322919710234e+03
2.255441395755731719e+03
1.965929888221950023e+03
2.459668683042275461e+03
1.972951968468006726e+03
2.004307447827038004e+03
2.157251458419957999e+03
1.827003607754764289e+03
2.347042996804352697e+03
1.944204210930853378e+03
2.487672209742556333e+03
1.998948055980921254e+03
1.977060339233639070e+03
2.194033622120644395e+03
1.913210635056698266e+03
2.187721412982642960e+03
2.033818627267106422e+03
2.329737136760832072e+03
2.092347588433901365e+03
2.049073346595424482e+03
2.256598039290238376e+03
1.826300642475730001e+03
2.324025513612933082e+03
2.050414522978931473e+03
2.231382018188702204e+03
2.089804347822336695e+03
1.698846481133978159e+03
2.350468456513143337e+03
1.805763305856951774e+03
2.241932176763446932e+03
2.002440717662454745e+03
1.990543881316678608e+03
2.098966752375925353e+03
1.888249681571562860e+03
2.245804303825495936e+03
1.888627566506843095e+03
2.335123449229291509e+03
2.028656143740504149e+03
1.982016433662533927e+03
2.121713801177522328e+03
1.886852147102048548e+03
2.395979202928530412e+03
1.880969375022832537e+03
2.337566640702998484e+03
1.972985234648065671e+03
1.810919194784501542e+03
2.245641774126559540e+03
1.855130292669021401e+03
2.301685038575751605e+03
1.942221036414508717e+03
2.227603795113646811e+03
2.027753503985916723e+03
1.824798378608498297e+03
2.198134913178732404e+03
1.811766614031314930e+03
2.268259870660387151e+03
1.988221061470091627e+03
2.138417543624148948e+03
2.069533415556256841e+03
1.730647623089990020e+03
2.285703536129571603e+03
1.858984953252806690e+03
2.221308393209396399e+03
2.017654811618644771e+03
2.057798414519740618e+03
2.067995138190045054e+03
1.906579987851547230e+03
2.247737413299697891e+03
1.793575328341805744e+03
2.261863277879144789e+03
1.918456419966678823e+03
1.939647184517325513e+03
2.054510276017405886e+03
1.768126737804836921e+03
2.240374819719254901e+03
1.841362591082749759e+03
2.159978462225341900e+03
1.957021398928096005e+03
1.913394173619208914e+03
2.064068705404682078e+03
1.896548002338664219e+03
2.211283994452979641e+03
1.936146298749985817e+03
2.212593092382261602e+03
2.046066498259731361e+03
1.859767230296961770e+03
2.255015228806585128e+03
1.832010817280309084e+03
2.332339581433224794e+03
1.977577893552733030e+03
2.124302006869972502e+03
2.077434247229985431e+03
1.748633848094417772e+03
2.267771959964567941e+03
1.893298924580495850e+03
2.243228021046504182e+03
2.055649619868827358e+03
2.038808859900541847e+03
2.156304140991116583e+03
1.789458011657603038e+03
2.293796446709192878e+03
1.931220269343554264e+03
2.281342623803498554e+03
2.068629419445269832e+03
2.038063792429916703e+03
2.211176006460650115e+03
1.784121159263096388e+03
2.275176803377932174e+03
1.997340239391499153e+03
2.185615888987500512e+03
2.010612793914692020e+03
1.928893535230002044e+03
2.145276025962858512e+03
