2.906118467792864067e+03
2.051236507385784989e+03
2.077436297495582949e+03
1.612981991014497453e+03
1.464006735903327581e+03
1.761842709014677212e+03
2.360722972867275530e+03
2.333994908498892983e+03
2.449526716805484284e+03
2.427176441137949041e+03
2.700206379360619394e+03
2.528448234035418409e+03
2.246796597373039731e+03
1.704730490841620622e+03
1.872842109664125246e+03
1.615336854646706115e+03
1.238050658488929002e+03
1.808441324408971241e+03
2.235092984795393932e+03
2.354772482857042633e+03
2.326610208717908336e+03
2.431893329105604153e+03
2.036449076795725659e+03
1.674165493373231584e+03
1.422566676565778607e+03
1.930203634761482590e+03
2.238292808771007458e+03
2.478877164834896121e+03
2.363514871240709454e+03
2.295826881593700364e+03
2.067884133926708273e+03
1.519128042070017273e+03
1.591173319913016030e+03
2.028187635637492349e+03
2.340184030715598055e+03
2.575930988453413192e+03
2.324085897643512453e+03
2.230190218593411828e+03
1.822989421221810289e+03
1.456396950399133175e+03
1.532634078027430405e+03
2.056992899649188530e+03
2.174677501435510749e+03
2.347740776367914350e+03
2.332770822167634833e+03
2.475668904287195346e+03
2.066137473396046971e+03
1.533049549911353552e+03
1.776117972850067645e+03
1.669617365365532805e+03
1.834479561155886358e+03
1.964229167698234050e+03
2.302233543319995988e+03
2.566011328230184517e+03
2.389329362639751707e+03
1.703351378627507984e+03
1.887076294650150203e+03
1.914776457334296083e+03
1.617573527376440779e+03
1.610876197433257630e+03
2.040140319552931487e+03
2.477656078290110145e+03
2.536993354179492599e+03
2.272543714598356019e+03
2.260965103447213551e+03
2.097449735526240602e+03
1.786160038030615397e+03
1.420195476616191172e+03
1.737185862116764156e+03
1.815282568158487493e+03
2.111073537400692658e+03
2.305009774831981758e+03
2.496080650139709633e+03
2.529153966152437533e+03
2.204076045333183629e+03
1.477179412840726400e+03
1.419347391034526026e+03
1.632243794193911071e+03
2.155320999060651047e+03
2.182736390119654516e+03
2.362178633302522940e+03
2.311481662351753585e+03
2.283996659352367715e+03
2.209393952305339553e+03
2.279428484898690385e+03
2.377652023201924749e+03
2.046045975594173569e+03
1.563736884095394771e+03
1.779212860127456224e+03
1.748625198317041622e+03
1.974599411363192530e+03
2.063952074145268853e+03
2.793234741124711491e+03
2.271880884149312806e+03
2.531849885717198049e+03
2.161843933786376510e+03
2.116276808393630290e+03
1.996665629744520174e+03
1.747160379286340230e+03
1.649974432624891506e+03
1.795029889235380324e+03
3.032279921152167844e+03
1.624518148561077169e+03
1.232828571739067229e+03
2.599986413476273810e+03
1.549291762329250560e+03
1.976849839273557564e+03
2.023586452715089990e+03
1.801182574687816896e+03
2.380796277375044156e+03
1.837031857750863082e+03
2.202128182914131230e+03
1.930669087076415963e+03
1.973892608084790481e+03
2.131813024177598436e+03
1.782818949731217344e+03
2.204024528784529593e+03
1.920303063893934450e+03
2.125734415619345327e+03
2.489282497665349638e+03
2.330940633725103453e+03
2.545513805253446208e+03
2.450404548173952662e+03
2.337374271630812927e+03
2.111826761044871091e+03
2.067581321626165391e+03
2.118752307468159870e+03
1.926602315414663508e+03
1.746446682005230514e+03
1.600515045795966444e+03
1.720366052866910877e+03
1.848223671941523207e+03
1.746457954378420027e+03
1.738177302261444311e+03
1.807964191623558918e+03
2.096681887251198532e+03
2.165544689704589928e+03
2.350044154471644106e+03
2.325376784894554476e+03
1.948680350338317112e+03
1.872026687520714404e+03
1.633724923804562650e+03
1.822411730742090640e+03
2.189334899608467822e+03
2.402144603275262853e+03
2.560185912057791484e+03
2.447815527384600955e+03
2.181300942493016009e+03
1.741078827432551179e+03
1.795466644922339583e+03
1.732595403253579889e+03
1.623460072684009901e+03
1.720422567791377560e+03
2.050148651032847738e+03
2.477012659288447594e+03
2.543304195065354179e+03
2.257701605436516729e+03
1.665171252523362682e+03
1.659677087343527319e+03
1.751428344228008655e+03
1.889653860927890946e+03
2.213035791206742942e+03
2.166868472907232444e+03
2.195311481286478283e+03
1.880931625272661449e+03
1.751369791880868888e+03
1.850436383955191332e+03
2.034620462790626561e+03
2.197986591360920102e+03
2.279052691212043555e+03
2.420444235794195265e+03
2.262520977136316560e+03
2.140979663278451426e+03
1.978640738148431410e+03
1.957022079485837139e+03
1.761600791983812314e+03
1.555601893228696326e+03
1.711431226295475653e+03
1.719342988847939068e+03
1.524263877114065281e+03
1.511775353609954436e+03
1.735914163825874766e+03
1.775382977272377502e+03
1.661608209941852920e+03
1.686244357145039658e+03
2.006366092233425434e+03
2.070702119992400640e+03
2.524149106287127324e+03
2.394493622234071609e+03
2.468955064148573001e+03
2.361729335949640245e+03
2.069185339322554228e+03
1.984901032225736799e+03
2.062466236512714204e+03
1.916820612330184076e+03
1.752057850555470395e+03
1.701011486693274037e+03
1.756793206937636796e+03
1.769235137063957836e+03
1.787848435564547344e+03
1.930659281401724002e+03
2.099734721656262536e+03
2.185722792599837703e+03
2.267244835079382483e+03
2.177686134531752941e+03
2.214343733200031693e+03
2.321575015239965978e+03
1.904568421968660004e+03
1.659730784610608907e+03
1.822602378740503582e+03
2.011738704567337663e+03
2.144505595135513886e+03
2.087836083390281146e+03
2.115127084102464778e+03
2.145197047492004003e+03
2.109427669156311367e+03
2.127036797421403662e+03
2.237324596316110274e+03
2.257734608035096699e+03
2.340459626669449790e+03
2.405817788344935252e+03
2.379142651558231137e+03
2.347682753546641834e+03
2.312457874353743591e+03
2.511454203486357073e+03
2.072694284938624151e+03
2.091565021797400732e+03
1.148383360421814814e+03
2.959738297239742224e+03
6.492704294929544631e+02
2.468256372933027251e+03
1.354152120667049985e+03
1.338112453407045905e+03
2.246353424403988356e+03
1.159741716815428845e+03
2.368901679024577788e+03
1.780959400297485217e+03
2.003452929200934250e+03
2.501588158323928383e+03
1.738316600470094045e+03
2.451184356240755733e+03
1.852935618039957262e+03
2.413180227792247479e+03
2.204428525824518147e+03
2.180153057237433586e+03
2.353887505649289324e+03
2.026698469414387318e+03
1.860470090324817647e+03
1.615019852427302567e+03
1.775127286429841206e+03
1.929070577396788394e+03
2.099377640417514158e+03
2.209471752090839800e+03
2.249696356457819093e+03
2.320358844586084615e+03
2.263142779807479656e+03
2.301145330801115961e+03
2.213144827255796827e+03
1.982051459477336721e+03
1.712768468440072638e+03
1.728840258411609511e+03
1.757333534574922851e+03
1.819601889635621546e+03
2.016481718323256246e+03
2.226291369067103915e+03
2.457284548217069641e+03
2.432406542779775464e+03
2.296360127510385610e+03
2.516701034775018798e+03
2.472763560311477249e+03
2.161080015673802336e+03
1.659068129544207522e+03
1.574016665099208240e+03
1.672018667361374128e+03
1.576577204358797417e+03
1.743073901831347257e+03
1.910160776770922212e+03
2.153522952074360092e+03
2.198980111649167611e+03
2.252859317942924918e+03
2.245363424283115364e+03
2.342813190489916906e+03
2.326995957768694097e+03
2.226643432168559684e+03
1.518230541845826792e+03
