1.843264768829309560e+03
1.842123546032234799e+03
1.830048689080949316e+03
1.954406120074482260e+03
1.871498657772219076e+03
1.905652155009958733e+03
2.600782566577939178e+03
1.713667656407797949e+03
1.935841160756851423e+03
2.755595579648755120e+03
1.633499975459506913e+03
1.542061283524394412e+03
2.008121721524213626e+03
2.542043083006830784e+03
1.435795084899310268e+03
1.718700666636859069e+03
2.739892318691604942e+03
2.264202896088573198e+03
1.431247872743587322e+03
1.300134732507026229e+03
2.305529668094719455e+03
2.154204656698074359e+03
1.834019044328878863e+03
1.398964339628037123e+03
2.468873318855721209e+03
1.840201659201235771e+03
1.504759208610963924e+03
2.603932306416465963e+03
2.242825855126894567e+03
1.427618421535078141e+03
2.238895936764235103e+03
2.582294093713054735e+03
1.502289751595402549e+03
1.189152654334437102e+03
2.457142217049854480e+03
1.925308753695467885e+03
1.312236889031616329e+03
2.220364201189967844e+03
2.571702432423823211e+03
1.697932418710841830e+03
1.643790350937812264e+03
2.141903963859846499e+03
2.433075294528027825e+03
2.053262044197721934e+03
1.238897291341336768e+03
2.316013773872614365e+03
2.052423967409983106e+03
1.675321801368441356e+03
1.941559423279581551e+03
2.573406862129478213e+03
2.128903230048208115e+03
1.404180703323874241e+03
2.256329460945318715e+03
2.180247507681566731e+03
1.798704848906934103e+03
1.556849040420466736e+03
2.468825583949911106e+03
1.873701311332106116e+03
1.551801284531496322e+03
1.971088608570478982e+03
2.438971143814446350e+03
1.695851187276155542e+03
1.850184939776482679e+03
2.076227395765617075e+03
2.393106238368505274e+03
1.610142452145553534e+03
1.452842460860822030e+03
2.020569448788715817e+03
2.262595887377287454e+03
1.869096623259069474e+03
1.729368720449269404e+03
1.861240601675546031e+03
2.580330074989976765e+03
1.625023870815640521e+03
1.730878406243143672e+03
2.160207560575331627e+03
2.637862939318709778e+03
1.604362717845033558e+03
1.403345829521722862e+03
1.589026565759793812e+03
2.135923698188476010e+03
2.134931197271549536e+03
1.364613006203132045e+03
2.171258336284212419e+03
2.373749724129026617e+03
2.523022019938137419e+03
2.061568146515924127e+03
2.200298659944061910e+03
1.810691784542946834e+03
1.824666632274138465e+03
1.944605741040825933e+03
1.767816736449268319e+03
1.284802636254518120e+03
1.394508477699173682e+03
2.646599463445319088e+03
1.444286156178153078e+03
1.817218993205476863e+03
2.206684116028765857e+03
3.270455533624693544e+03
2.923137510727712652e+03
1.570467278219824721e+03
1.255953855256892666e+03
1.573438773479623705e+03
2.537552200999544766e+03
2.052578428231559428e+03
1.659097732469274206e+03
3.211830645883510897e+03
2.607519608632980180e+03
1.339398160915087146e+03
2.050992690097763898e+03
2.057191095988479447e+03
2.182266147022124187e+03
1.754758745158521151e+03
1.679758948272536600e+03
2.111139163298072162e+03
2.336053000232059730e+03
2.302955841393625633e+03
1.879581403347165406e+03
1.840048556852449565e+03
1.913251415685313077e+03
1.718746814546866744e+03
1.501429036976120187e+03
2.313675717225939025e+03
2.280460317691776709e+03
2.306079539597322309e+03
1.714701180276541209e+03
2.109478765257349551e+03
2.640471167112048988e+03
2.049597753585026567e+03
1.224217759178170354e+03
2.181027291113860429e+03
2.364299223609570618e+03
1.558299194161450487e+03
1.203043902758064633e+03
2.216754790777968083e+03
2.025796680642572255e+03
1.356098408223155502e+03
2.397716859641860992e+03
2.554919370382544002e+03
1.193092783142076541e+03
1.958674136442033159e+03
2.411036952768646188e+03
1.488236693634621815e+03
1.769595257981708755e+03
1.991252517708622690e+03
2.300431454029535871e+03
1.948393053501780969e+03
1.589491548277402671e+03
1.907143938358905416e+03
2.381614313514249261e+03
1.795331330517504739e+03
1.845424467093631392e+03
1.997517919976631674e+03
2.593977963148116487e+03
1.921702050250309867e+03
1.754703350084821750e+03
1.870245849585465066e+03
2.132354369477939599e+03
2.656252805615084981e+03
2.270235073579729942e+03
1.877769191728265923e+03
9.828114205603494611e+02
2.332842487539782724e+03
2.279228765499306519e+03
2.180720784335080680e+03
2.321356752321697968e+03
2.202270933384463660e+03
1.959059081558721118e+03
1.789858085467211595e+03
1.527679227204547260e+03
1.330136292419223537e+03
2.398834330750806203e+03
1.723491312072330857e+03
1.587772923969971544e+03
1.848649633659496203e+03
1.956853171160714965e+03
2.440990949161947810e+03
2.456670622603407082e+03
2.346000269069685601e+03
1.764486500878210791e+03
1.163843286469464374e+03
2.100894111788747068e+03
2.272819780609292138e+03
2.167427694852471632e+03
2.155508092984421182e+03
2.178606369878512396e+03
1.985832587136492293e+03
1.653536527444968669e+03
1.682839489595494570e+03
1.709048877812926548e+03
1.849803744695184378e+03
2.350340539785452165e+03
2.132350111919674418e+03
1.783184300636625267e+03
1.623581404236503431e+03
1.851529496088713358e+03
2.151775712681021105e+03
2.146056604896910358e+03
2.025969076263995021e+03
1.378532191655207953e+03
2.130040754701507922e+03
2.494835011041829148e+03
1.957247424701857881e+03
1.586363988154887465e+03
2.319207558459801021e+03
2.455805866472004709e+03
2.331104166738263302e+03
1.919630874370575839e+03
1.369605699100240599e+03
2.539866573189027804e+03
1.761515196353277361e+03
1.356295536151588749e+03
1.703542530419107607e+03
2.398401914466963262e+03
1.432398478866493633e+03
2.019555729882996275e+03
2.571533620716254063e+03
1.898073427719331676e+03
1.708687291510122577e+03
2.770951408050443206e+03
1.372362798269643008e+03
1.786158663728852844e+03
2.441615769719684067e+03
1.399554983868922591e+03
2.135268775937671762e+03
2.737222201952190971e+03
1.473903894476104597e+03
1.377263773830521814e+03
2.605432620531880275e+03
1.853387291978419398e+03
1.570958014034005146e+03
1.987574173606672503e+03
2.389465048630989259e+03
1.388476745759133337e+03
1.644261168833917282e+03
2.526297556002095462e+03
1.721936236320194439e+03
1.892983435587761278e+03
1.820193136101834625e+03
2.715947859588558003e+03
9.708356563772213121e+02
2.285703879061030875e+03
2.573936867606296801e+03
2.804048086124929796e+03
1.525274747901680030e+03
1.943681883579220766e+03
1.817702268995670920e+03
1.829506601607848324e+03
1.735341562135450431e+03
1.513553451210769026e+03
1.469685936163647511e+03
1.517133729096911566e+03
1.810437626047137428e+03
1.839864484495966735e+03
1.555897828837300267e+03
2.349267178937501285e+03
2.537405649928543880e+03
2.327886946846083902e+03
1.932658698999721764e+03
1.880942687091953076e+03
1.661217177575387268e+03
1.701153703528201731e+03
2.352258357829509805e+03
1.855640056889831385e+03
1.637410835573636632e+03
1.833499193630600757e+03
2.661999133449693090e+03
1.632440221786456277e+03
1.826671055377701805e+03
1.723789480220500309e+03
1.859494745255146199e+03
2.375884739214762703e+03
1.534224887861917978e+03
1.875716741996684959e+03
1.981428994883488940e+03
2.375154736831847913e+03
1.532239752947618854e+03
1.772194630394327532e+03
2.210629455089797830e+03
2.167675723408166505e+03
1.513442878970883385e+03
2.187419870493829876e+03
2.539684479779608864e+03
2.024089954169278371e+03
