2.950737441935940296e+03
1.423358025112207315e+03
2.211377598821237370e+03
2.524390500632496696e+03
1.448035647431270490e+03
2.244427514084662107e+03
2.284240460821362831e+03
1.756796605796861058e+03
1.830117289860124629e+03
2.538213684878118784e+03
1.642053270551140258e+03
1.754151245265118405e+03
2.563532558962636813e+03
2.025558111459999736e+03
1.559282995349173234e+03
2.660141313339881435e+03
1.595416195214243089e+03
1.867727763898828016e+03
2.548566933898587195e+03
1.941281491289392534e+03
1.586546173480602647e+03
2.658959596013896316e+03
1.697601294887728272e+03
1.904802270273561589e+03
2.455446476730492122e+03
2.127278213973052971e+03
1.482224742586809725e+03
2.560559823979401244e+03
1.872985783878327993e+03
1.709979643936127559e+03
2.343509446566227325e+03
2.129523315429833474e+03
1.512784910626578949e+03
2.541326461096435651e+03
2.112792001643279491e+03
1.400335231204934871e+03
2.546357996703582558e+03
1.890502382063682944e+03
1.685900910951145306e+03
2.580887718751306693e+03
1.772262077876325748e+03
1.711398268255666835e+03
2.651638982946358283e+03
1.704044753333703966e+03
1.755397059531300783e+03
2.730401651560451683e+03
1.588951148448092681e+03
1.790351183828205649e+03
2.595170389702059310e+03
2.111035241687902726e+03
1.461414330180874458e+03
2.771707578555415239e+03
1.469973975463006127e+03
2.022934127632035825e+03
2.588595998779279398e+03
2.144309241312375434e+03
1.349022815603991830e+03
2.261337729725263671e+03
2.486906395283892834e+03
2.254242114743950879e+03
1.303107979804495699e+03
2.516687759446227119e+03
1.756269768608239701e+03
1.759026094102785919e+03
2.515947151954604578e+03
1.863979476423564392e+03
1.734781999351463810e+03
2.343114364121149720e+03
2.300324231756545942e+03
1.618723666128569675e+03
2.299509631352645101e+03
2.237438283912730640e+03
2.006951404865726772e+03
1.724521691471913073e+03
2.204881021218250226e+03
2.367051767843819107e+03
1.717298786585850166e+03
1.905125380667862373e+03
2.257246340854598202e+03
2.001312119203951625e+03
1.574590956438076319e+03
2.437200659576662929e+03
1.993086816488957766e+03
1.681901896895014261e+03
2.516251200687351229e+03
1.818630285738025350e+03
1.861162805970133832e+03
2.295255236716566742e+03
2.045423859555791296e+03
1.693634529160157172e+03
2.326587248597984399e+03
2.479992245141594594e+03
1.668261577374714761e+03
1.905509703082064789e+03
2.463483958024295589e+03
1.718724363038310457e+03
1.863181617438840249e+03
2.589862500702713987e+03
1.427246540610404963e+03
4.180370166933515975e+03
2.610372508134894815e+03
2.247787647160800191e+02
1.724302197211346197e+02
1.386485241958630922e+03
1.244227287758532839e+03
2.666598292677206700e+03
1.219866331596925420e+03
2.132658562128994618e+03
2.025878687730604952e+03
1.504828647601520288e+03
2.639285128238510424e+03
2.163913745522493628e+03
1.363643990900208792e+03
2.274084690780946403e+03
2.560308860647580786e+03
1.554872981228340223e+03
1.989264465288111978e+03
2.551119681402464266e+03
1.730145499556055029e+03
2.788523318183509332e+02
3.938974354839583157e+03
2.942420262029823334e+03
2.439994279383998673e+03
2.132642379313752826e+03
2.019556507199646376e+03
1.864615673561682570e+03
1.441274030698202523e+03
2.683360993585635697e+03
1.313838539951005487e+03
2.380515699974497238e+03
1.831029893498404135e+03
1.769516019139704667e+03
2.372453681276613224e+03
2.329262674384986894e+03
1.479631273388966292e+03
2.469024937380877418e+03
1.784985943299093606e+03
1.870158838960678622e+03
2.526775556482797128e+03
1.939479470809663098e+03
1.774109084905628606e+03
2.591726744389422493e+03
1.577969375122848078e+03
2.205769077084058608e+03
2.284828347426321216e+03
1.689402999294906749e+03
2.150605094256985922e+03
2.215347542974016960e+03
1.558391257210468666e+03
2.468793342678883619e+03
2.227521960877789752e+03
1.481533167521614587e+03
2.344766664606593167e+03
2.097285658997160681e+03
1.598231943836589835e+03
2.229182011232651348e+03
2.591108839295164216e+03
1.389620035388674296e+03
2.247018032476357803e+03
2.409977483929846130e+03
1.832881628791686808e+03
1.544245402450277197e+03
2.586191032288572842e+03
1.933759885814278505e+03
1.641316078754038699e+03
1.986484187494905655e+03
2.715995891035882323e+03
1.461241035850323669e+03
1.838155588406624020e+03
2.081562062769576187e+03
2.558998917660588631e+03
2.249340884683442255e+03
1.428067884962937569e+03
1.840426607070794944e+03
2.361991417688178899e+03
2.045609527621699726e+03
1.550643777086907221e+03
2.314343033978446783e+03
2.475485807846081116e+03
1.235587771493974060e+03
2.154590985347357218e+03
2.566109313274308533e+03
1.913626903683840283e+03
1.692237707837771723e+03
2.388442738743244718e+03
2.063780585677289764e+03
1.693928282911491351e+03
2.138848074121792251e+03
2.266746674176841680e+03
1.574406844789724346e+03
2.657629177240876288e+03
2.083569631066014153e+03
1.517202014120910690e+03
2.203320805101952828e+03
2.434679808830168895e+03
1.773192844388023786e+03
1.827829008423073674e+03
2.110966937121753745e+03
2.356520769964001829e+03
1.461162750101771053e+03
2.360138881385954392e+03
2.139251334248006060e+03
1.515065336716661477e+03
2.539674980789546225e+03
1.793992677745039146e+03
1.891615448613449644e+03
2.344613935831565868e+03
1.959865650714246385e+03
1.697219424433651966e+03
2.531512192101388337e+03
2.167820115756162522e+03
1.669497707658414811e+03
1.992771752997445446e+03
2.321962949783535805e+03
1.638662439431563826e+03
2.276585274484349611e+03
2.386167855683621383e+03
1.504383199493980328e+03
2.380595714152513210e+03
2.037036328202308141e+03
1.693202591536169621e+03
2.337992635542042535e+03
1.955580566973419309e+03
1.696756598365094987e+03
2.617784125157450944e+03
1.765509575767126535e+03
2.105401903410775503e+03
2.340896543679463775e+03
1.848714792207724031e+03
4.962094097726360360e+02
2.256905144436862884e+03
2.570231230833907830e+03
1.935267345173599097e+03
1.783706225566807007e+03
2.558586931815828393e+03
2.082940985183987323e+03
1.616620626059995629e+03
2.212679431923246284e+03
1.878185720381051624e+03
2.082096589743704499e+03
2.489647481921559120e+03
2.157091467674019896e+03
1.484017666469287633e+03
2.175158275490153756e+03
2.435683038662976742e+03
1.616935151836518344e+03
1.807769670621015166e+03
2.326016444640890313e+03
2.261430008431803799e+03
1.553644456148985910e+03
2.334069696532385933e+03
2.448201180427771760e+03
1.486321993965666707e+03
1.937342905608610863e+03
2.620748985432096106e+03
1.928325362016917325e+03
1.494692036147343515e+03
2.213720792946354322e+03
2.340954235986755975e+03
1.622348046000140585e+03
1.849859528047033791e+03
2.628521199333867116e+03
1.657342610980769223e+03
2.032588032669611948e+03
2.362455021038267205e+03
1.870868931229032341e+03
1.619552376943432819e+03
2.705878015560904259e+03
2.035539198451725269e+03
1.594602514853417688e+03
2.071246300987674658e+03
2.447927966607817780e+03
1.562526354464255746e+03
2.125485570852610181e+03
2.400618643591371438e+03
2.023393313527264127e+03
1.463751960769800462e+03
2.774613152753207487e+03
1.799547096620623051e+03
1.685756484306576340e+03
2.136212398915180984e+03
2.480798888995219386e+03
1.398295244663928543e+03
2.303003526224267716e+03
