2.835168467812743529e+03
1.596307962109573737e+03
2.492543364163117531e+03
1.634311980701405446e+03
2.131673692835174279e+03
2.308091821931580853e+03
1.611486143308920646e+03
2.565615272290503526e+03
1.494709812702165436e+03
2.055136445690437995e+03
2.521128301429164367e+03
1.455233125836056161e+03
2.502099409268607360e+03
1.467017233142156329e+03
2.151807903398171675e+03
1.861955020518383890e+03
1.826592113343498568e+03
2.252028587302886081e+03
1.545397474607513004e+03
2.691052607468384394e+03
1.598977661122100471e+03
2.106661162710539429e+03
2.042327654910217689e+03
1.634247720868275792e+03
2.569315702573562703e+03
1.492089239952690377e+03
2.288426179566705741e+03
1.546715674445646528e+03
2.164024730048198307e+03
2.115920177178640643e+03
1.759285470254198572e+03
2.620701655080814817e+03
1.487012999260897686e+03
2.580882814487712949e+03
1.706499559684706355e+03
1.842433967921565682e+03
2.447754948708397478e+03
1.704325449678885661e+03
1.907907751516653207e+03
1.707240238988850024e+03
1.818113835862975066e+03
2.414030265979195519e+03
1.551347999668583725e+03
2.540065502626241596e+03
1.509256487704855317e+03
2.100013237315633432e+03
2.245810847087890124e+03
1.527839839368261210e+03
2.533969301897194327e+03
1.568444856018013979e+03
2.094558114844692227e+03
2.184924916195468541e+03
1.623734824898205034e+03
2.625999880677399233e+03
1.705575427941746511e+03
2.067692436530383475e+03
2.282499133795121452e+03
1.619618572711297020e+03
2.345751947523297531e+03
1.915808219871025130e+03
1.676712643844043669e+03
2.584890561183057798e+03
1.725146602036004879e+03
1.812354369072305417e+03
2.462891866651189048e+03
1.506621581090812924e+03
1.949576259146336724e+03
2.511773664667192406e+03
1.459984856345151229e+03
2.129937982968817778e+03
2.324204062660089676e+03
1.521501474220070122e+03
2.373560764139208004e+03
1.922410099887567640e+03
1.671412983119570526e+03
2.379773097839209640e+03
1.934246320677883659e+03
1.536788027230555599e+03
2.411259110847101510e+03
2.383356081660402651e+03
1.959617332472126236e+03
1.614461561954416311e+03
1.725392483642961452e+03
2.221859746861357053e+03
2.166798674577728434e+03
1.371771880587164105e+03
2.627183149278179826e+03
1.859758818879669434e+03
1.610847561305353111e+03
2.927845600972977991e+03
1.350895218716508907e+03
2.118413454210959571e+03
2.807651609820598878e+03
1.085900500171245540e+03
2.452045839363168852e+03
2.520576230050563026e+03
1.477484994109926447e+03
2.173527437397371159e+03
3.240524179493745578e+03
1.274053320476709814e+03
1.861586349328520328e+03
1.364797570842656796e+03
2.044472516099963286e+03
7.128724190577257787e+02
2.550211362296174684e+03
3.149680667556410299e+03
7.288367221904336475e+02
3.411438942937072625e+03
2.318727244688051996e+03
9.437447081366134398e+02
2.951872476060284498e+03
1.414634449448513124e+03
2.969427575297608655e+03
1.593070581694806378e+03
2.718644788147076724e+03
1.835265747245367493e+03
1.570093019059286689e+03
2.160435571499418529e+03
1.780144521627203403e+03
2.039880560690881794e+03
1.914793932731616223e+03
2.064172838683203281e+03
2.059152483944665619e+03
1.979513226489563976e+03
2.053905438871120168e+03
1.972026757609824017e+03
1.952055449570442306e+03
2.128776758854620766e+03
1.881159244620413801e+03
2.151490323947924026e+03
1.988190074679691861e+03
1.784332331740804875e+03
2.263316706809162042e+03
1.951280872802163913e+03
1.878141162523415687e+03
2.320535208615840020e+03
1.743118788013594212e+03
1.833169721314575327e+03
2.452278833346015290e+03
1.506413580048596941e+03
2.526029024346885762e+03
1.369806944460416844e+03
2.209491643642503277e+03
2.010574555993173817e+03
1.730171432130613766e+03
2.577734821418516731e+03
1.564153819510033827e+03
2.139029601826452108e+03
2.502022677767787172e+03
1.593208750984158996e+03
2.091924665682638079e+03
2.516207472455712377e+03
1.658223378672917534e+03
1.856621685754882719e+03
2.318766730841581648e+03
1.513546127059908258e+03
2.321055350595740038e+03
1.984054261722158572e+03
1.604315862674583968e+03
2.460142712870771902e+03
2.142825847824514767e+03
1.625704184988341467e+03
2.023139901985221741e+03
2.298727678166415899e+03
2.171638636785347899e+03
1.784836619246233795e+03
1.654259605326156816e+03
2.226833528675987054e+03
1.764361800137996170e+03
1.860061529059937357e+03
2.544945599179250621e+03
1.268392521320983860e+03
2.918710358437984723e+03
1.861014324989474744e+03
1.733254872727432485e+03
2.772323016741666834e+03
1.301474183138609760e+03
2.182201195821886813e+03
2.251546786113635335e+03
1.510559957437827507e+03
2.652573946135938968e+03
1.583852094916097940e+03
2.111591846095169331e+03
2.565354674054392490e+03
1.291258485134606644e+03
2.340072637855227185e+03
2.469296631027688363e+03
1.366527804870970385e+03
2.220001118896521348e+03
1.794087619546314727e+03
1.777870755297009282e+03
2.222021296140289451e+03
2.406087526108678048e+03
1.272931454916603116e+03
2.444116937037540083e+03
2.168076680950096488e+03
1.513609050638939152e+03
2.758510349878621582e+03
1.224028951103529607e+03
2.546993140433039571e+03
2.364568508621323417e+03
1.455267927126018321e+03
2.363811793399524049e+03
1.769292608056543258e+03
2.425619206452445837e+02
3.488671351458753634e+03
3.728698300234921135e+03
1.471379956204270457e+03
1.329641353025488797e+03
2.455425038670349295e+03
1.245691689786413917e+03
1.687020024336586857e+03
2.140813726014935128e+03
2.349262542082530672e+03
1.488533207018778285e+03
2.191460166210578791e+03
2.178289760406317328e+03
1.629554997788891342e+03
2.553854662777045178e+03
2.185080091229332538e+03
1.636781068228740423e+03
2.811093027766427440e+03
1.438681620066973437e+03
2.485290788482852349e+03
1.982246956059485228e+03
1.190718209201160107e+03
2.984967498789275851e+03
7.660488156015939012e+02
2.927445583834184617e+03
1.649221083116671025e+03
2.827968118195009879e+02
2.886369171183247545e+03
1.586699237760185952e+03
1.312556980638683854e+03
2.953416646944154763e+03
1.209092592878731239e+03
2.473021180486752655e+03
1.874680115000871183e+03
2.308094800334959018e+03
1.895287398073577606e+03
1.835939547981737405e+03
2.330563701438737098e+03
1.335715468247805120e+03
2.830809123189366801e+03
9.222479838718051042e+02
2.510920252723610247e+03
2.194240926374611263e+03
1.912777624010318050e+03
2.225979229847488568e+03
1.864152688572261695e+03
2.032652501321627824e+03
2.077013676491686056e+03
1.890792091062929103e+03
2.184429218987416789e+03
1.924966564760560232e+03
1.966347886610940805e+03
2.243243181984985767e+03
1.837880401841886396e+03
1.964342175314987571e+03
2.205587747325525925e+03
1.736440413663527579e+03
2.390803490960886393e+03
1.688816040022057678e+03
1.999667489040897635e+03
2.528690449357453417e+03
1.513044573243761761e+03
2.418947459061285372e+03
1.914656856475833820e+03
1.841575388652604715e+03
2.582405424378624957e+03
1.423972147115372763e+03
2.217011787792012910e+03
1.659503131397545758e+03
1.841768202901110044e+03
2.508482824897721457e+03
1.473626782935527217e+03
2.711441779745181520e+03
1.414604214266516465e+03
2.359535296806610404e+03
2.195381055402544916e+03
1.633158673420405194e+03
2.698812198930459999e+03
1.331483464006607846e+03
2.391237501194601919e+03
1.391550136350433831e+03
