2.576900710939453802e+03
1.912132225088546875e+03
2.203987770944405383e+03
2.066997791257826975e+03
1.775918571451315302e+03
2.278442520410079851e+03
1.849128098022871200e+03
2.393803486991986574e+03
1.902907879439096860e+03
2.052326828550869322e+03
2.119854732031536514e+03
1.735013101701051937e+03
2.245408443827474002e+03
1.822866351159403848e+03
2.337206234926749403e+03
1.897241157746526596e+03
1.904552177219639134e+03
2.123527067426655321e+03
1.702116480527447720e+03
2.256863403841523905e+03
1.843210031152661486e+03
2.261282487837137069e+03
1.961224496556545773e+03
1.841913405665974551e+03
2.195704702809140599e+03
1.755860049680960174e+03
2.352620194691299275e+03
1.888249358394444016e+03
2.288816773710042071e+03
2.049375840310063268e+03
1.810757818873570841e+03
2.231024428916808120e+03
1.826230812722908468e+03
2.392110567804324546e+03
1.890885602361855945e+03
2.153793786483941858e+03
2.044408208436576388e+03
1.736576720210731764e+03
2.236615222383349646e+03
1.796144672467493820e+03
2.353586347946678416e+03
1.881511346749884524e+03
2.029705652400866711e+03
2.075064451131603619e+03
1.706591951264481622e+03
2.305008435514856956e+03
1.827644667397606781e+03
2.305000722129934275e+03
1.944576449484903151e+03
1.968848120288532300e+03
2.122283814583701769e+03
1.735106857009678379e+03
2.400766873424744517e+03
1.875936985797403167e+03
2.293597440752817420e+03
2.045494211256754852e+03
1.902263658510220694e+03
2.183518154891121412e+03
1.733142088749600816e+03
2.397808435125936285e+03
1.837693512665610569e+03
2.141367742135388653e+03
1.990161044081427690e+03
1.787424778339831619e+03
2.145631182595674090e+03
1.720032396784640923e+03
2.385274680871897090e+03
1.842302979919803420e+03
2.042345031441400124e+03
2.083013102091882956e+03
1.729744239959175502e+03
2.230436073802988631e+03
1.819419861041789773e+03
2.394096044654490470e+03
1.940571054375757058e+03
2.021791653465667878e+03
2.154983872374541534e+03
1.767564657862939612e+03
2.324226239438947687e+03
1.832093190319264977e+03
2.303652023094624838e+03
1.933810719611525201e+03
1.958198427416428331e+03
2.144526925346754524e+03
1.728890170836323705e+03
2.383958049829451284e+03
1.865608655172421322e+03
2.243211733656326032e+03
1.993549639818356127e+03
1.884044898342433953e+03
2.161631084195660151e+03
1.708924813814228628e+03
2.366818784752587362e+03
1.874553787083151292e+03
2.116593070668201563e+03
1.996060687878729823e+03
1.832038006007708191e+03
2.231785898616306895e+03
1.736689682318397900e+03
2.385814157132934724e+03
1.957883334492589029e+03
2.376910000986190425e+03
1.856905488301081959e+03
1.933159246329765210e+03
2.360836038568250842e+03
1.721141519703052154e+03
2.412643463701543624e+03
1.796985765495578789e+03
1.892269709016095703e+03
2.112960750663154158e+03
1.780146560493588368e+03
2.256429497435824487e+03
1.856941323688795819e+03
2.243249866709516482e+03
2.064422057063423381e+03
1.849067586235109047e+03
2.156120874969232773e+03
1.839737391807967924e+03
2.119123779477557491e+03
1.851076037449320211e+03
2.256168607372361294e+03
2.092689272408090346e+03
1.889321295494828746e+03
2.213955815298710149e+03
1.748750774689845457e+03
2.386445582518287665e+03
1.855301747962789705e+03
2.093529122776708846e+03
1.991453522689095735e+03
1.792169309082521750e+03
2.183270383853563544e+03
1.766112264086440746e+03
2.388028873249291337e+03
1.950159673234069260e+03
2.063600109851219258e+03
2.088144864925639467e+03
1.792949098950272173e+03
2.331002077099559301e+03
1.834203146839191504e+03
2.371060704098909355e+03
1.981509804738687762e+03
1.984503828751311858e+03
2.103261281999093171e+03
1.742981674829921758e+03
2.372249193896337601e+03
1.811630352681375598e+03
2.254239870901426457e+03
1.969259133294673802e+03
1.848400232101208303e+03
2.087867925548662242e+03
1.711473115309264585e+03
2.345408255466584706e+03
1.814181332658851034e+03
2.168410466794619424e+03
2.026781649427053708e+03
1.823529103376042713e+03
2.198216138251078974e+03
1.812191203766150238e+03
2.443638071342129024e+03
1.924472661542061587e+03
2.118053763742504088e+03
2.053537294616789040e+03
1.754609667876936101e+03
2.227780475803220725e+03
1.775214032144952171e+03
2.345738032165611003e+03
1.943765186268451544e+03
2.038095212255100478e+03
2.092795954363500186e+03
1.735316800633457206e+03
2.289485962632436440e+03
1.793486354372323149e+03
2.269366597996556266e+03
1.920368589778564910e+03
1.954084465486785575e+03
2.106127744276918293e+03
1.726747587679721846e+03
2.359279653583204890e+03
1.891019695515750982e+03
2.298899716689247725e+03
2.024166844906073720e+03
1.914938991204809781e+03
2.173301403406050667e+03
1.740744264568038489e+03
2.371420318816343297e+03
1.873500859525273427e+03
2.149780991171746791e+03
1.986381695807142478e+03
1.796164167001172927e+03
2.177261627587469320e+03
1.714833585643903234e+03
2.341848279095205726e+03
1.899943999025267203e+03
2.051563371538419688e+03
2.010036175581845328e+03
1.784460123199290138e+03
2.255759518822774226e+03
1.778231626988691914e+03
2.382947473458600598e+03
1.972588495739138580e+03
2.022052832734805406e+03
2.115902587273443260e+03
1.812461727210872141e+03
2.332360066285492849e+03
1.833632806847883558e+03
2.342190283850908145e+03
1.997062176475507840e+03
1.899777664194026784e+03
2.116284822021071705e+03
1.741780432047407885e+03
2.312844917712766346e+03
1.775229415961522591e+03
2.188605505384005028e+03
1.960008340932418832e+03
1.784371151324663288e+03
2.095748002511143568e+03
1.710832379193459246e+03
2.387739700378031557e+03
1.877430677906613255e+03
2.131189190197576863e+03
2.041106466859634338e+03
1.861157388556429851e+03
2.264300221372784108e+03
1.782806337111169114e+03
2.426840745982206954e+03
1.995934397130042271e+03
2.099332448716077579e+03
2.250882025698640973e+03
1.953963379570193183e+03
2.224842756359496434e+03
1.673422188178314855e+03
2.492484060832689011e+03
1.785512697587528919e+03
2.116423138912947707e+03
2.040651585161678440e+03
1.651221054035525185e+03
2.304075175469818078e+03
1.695518693230811550e+03
2.355198516615644621e+03
1.843074887725820645e+03
1.949374519766633284e+03
2.115471101237119910e+03
1.683495434921887636e+03
2.401627636039878780e+03
1.679352541369398296e+03
2.215387704301654139e+03
2.063054139000288615e+03
1.875906882675184761e+03
2.215731246001516411e+03
1.797289044485459726e+03
2.370604816499120716e+03
1.857480172512350919e+03
2.107663721746998817e+03
2.031140959275058776e+03
1.764978179860517230e+03
2.233094622512496244e+03
1.826424314463540213e+03
2.410279302171619292e+03
1.934313252529651436e+03
2.073743461788743389e+03
2.123648232814236962e+03
1.787359653723117617e+03
2.294787933057241844e+03
1.848548823710484839e+03
2.342455552830491797e+03
1.922466052467026429e+03
1.928408988051457754e+03
2.108808975301034934e+03
1.700212568346766375e+03
2.268442468938641014e+03
1.807288847865848766e+03
2.312751817223797843e+03
1.972229742226695407e+03
1.864294727673229545e+03
2.187474849741193793e+03
1.794176772007389900e+03
2.386338679494795542e+03
1.905328768872138198e+03
2.252403831311549766e+03
2.025899822119273495e+03
1.812834938034045535e+03
2.217177977420702973e+03
1.783466830371687820e+03
2.370069104423884255e+03
