2.783659926231532609e+03
1.929243395434606327e+03
1.648321637069200733e+03
1.388552766707194678e+03
1.498093809976568537e+03
1.534870931331569864e+03
1.608377952029310791e+03
1.826006694140031641e+03
2.035345973365086820e+03
2.219884118573136220e+03
2.362448943730514202e+03
2.547539409192021139e+03
2.687502944065488009e+03
2.507510589348259600e+03
2.422182471708867524e+03
1.936767819831812858e+03
2.022310725267140924e+03
1.798272984493931062e+03
1.391912892639484198e+03
1.452962286961767177e+03
1.743558865585526291e+03
1.887361831751872387e+03
2.115178411015738675e+03
2.180641642370999762e+03
2.378371845136858155e+03
2.509522639246363724e+03
2.194446007707876106e+03
2.083130677840844783e+03
2.025124582030071224e+03
1.948734491692745223e+03
1.754536561585642175e+03
1.882264936449901825e+03
1.817429953321113089e+03
1.981671831555038580e+03
2.030248267786460929e+03
2.611528519259115001e+03
2.751626327606593350e+03
2.384917346106142304e+03
2.218419112093857620e+03
1.680059093107067156e+03
1.406176846168339807e+03
1.586738522190195226e+03
1.751246021868113530e+03
1.848932389403809566e+03
2.055775873236778352e+03
2.132097139604009044e+03
2.180503460662986527e+03
2.337555214664929736e+03
2.272224115084302866e+03
2.149903302280690696e+03
2.009603467196256133e+03
1.708077977404996773e+03
1.606894001702584774e+03
1.890081930128478916e+03
1.847139567034832453e+03
1.972838417103135043e+03
2.405555820295023295e+03
2.413275400762106528e+03
2.624026839925872082e+03
2.647745831028940756e+03
1.988162922070797322e+03
1.998965731924859710e+03
1.893312493084701828e+03
1.793094276604082097e+03
1.754009164138871711e+03
1.793954211767694233e+03
1.835019249512437455e+03
2.044124911986472853e+03
2.157998296661429322e+03
2.408298381763948782e+03
2.485493862642354998e+03
2.229492874764394855e+03
2.034114296028943727e+03
1.973110977497790600e+03
1.688375987809068874e+03
1.484536707758944203e+03
1.765958177818124568e+03
1.869295171683961826e+03
1.831459025948940052e+03
1.996722514222534073e+03
2.041247410482829082e+03
1.894713937279172342e+03
1.660041547937323003e+03
1.774108354409729600e+03
1.903963642074312929e+03
2.041247367391367789e+03
2.374118031544270707e+03
2.411217959214173788e+03
2.500772608396753185e+03
2.533108852948629647e+03
2.126422069454801658e+03
2.015601298406434580e+03
2.124597729405276823e+03
1.965427222219025225e+03
1.709508409707608507e+03
1.812015326636764485e+03
1.765319111324792175e+03
1.734814097820545612e+03
2.073492439057492902e+03
2.316272045912652175e+03
2.411534347711505688e+03
3.253791290502443644e+03
1.542393440884387928e+03
1.706367512316658349e+03
2.866324753169471478e+03
5.871681387683726143e+02
2.449732516793085324e+03
1.544064945539475957e+03
8.221242721215148777e+02
2.521905053067182052e+03
1.574206736981294398e+03
2.808561318475763983e+03
1.871073841307352268e+03
2.600678246000903528e+03
2.047337664411471678e+03
2.074370315844467314e+03
1.852975255025695105e+03
1.546974021979799545e+03
1.152221395789176995e+03
1.992502968769119207e+03
2.201087920060156648e+03
2.129225608167298560e+03
2.229011198973254523e+03
2.293488095881371919e+03
2.246643211862115095e+03
2.315899551289388455e+03
2.258261999691697383e+03
2.021629393279488568e+03
1.847188505141523819e+03
1.817730191148735003e+03
1.719262676130511863e+03
1.531920154317366496e+03
1.738548916753906724e+03
1.747878600749718316e+03
1.193516672189599831e+03
1.170118856723301178e+03
1.714445047949258651e+03
1.964397909232956636e+03
2.173622785111201210e+03
2.526519124182924770e+03
2.370736541371856674e+03
2.318268271662679581e+03
2.005357636005631321e+03
1.592118063653356330e+03
1.754538746006251586e+03
1.779734168159367073e+03
1.843598750721014540e+03
1.963156081963815268e+03
1.990377093672028650e+03
2.010570947860469460e+03
2.179833434991732702e+03
2.210294913676281794e+03
2.277087133485390950e+03
2.144387535673845832e+03
1.933853364307844004e+03
1.913613380943303355e+03
1.974871037015190268e+03
1.900613001794404227e+03
1.832351210128177854e+03
1.941543870373589698e+03
2.095121137345521220e+03
2.300796501007241204e+03
2.344953565713379703e+03
2.176220022978162888e+03
2.133938461673785241e+03
2.226747545752388305e+03
2.011375929241048198e+03
2.161210171245545098e+03
2.438794524293217819e+03
2.652402359580213670e+03
2.254475016872147080e+03
2.148563617982018968e+03
1.872594570688034310e+03
1.548212177558050598e+03
1.479184832191563828e+03
1.647050987943056271e+03
1.655062071496318822e+03
1.508779631219892963e+03
1.823778363891120080e+03
1.898834014594438486e+03
2.153780928626850255e+03
2.447357917318413911e+03
2.301995343223967211e+03
2.289286583107701972e+03
2.416642025846463639e+03
2.383208645114037154e+03
1.893947888322187964e+03
1.947670922249183377e+03
1.717236210209424598e+03
1.643714306995643256e+03
1.737565564130428811e+03
2.020857865207810846e+03
1.984263007342530955e+03
2.339330370988963296e+03
2.303994832489269356e+03
2.744370496470594844e+03
2.676889878516764384e+03
2.482877149324057882e+03
1.982737079311952130e+03
2.084412546957996256e+03
1.995021124747730482e+03
1.548705028912036596e+03
1.336632970461011382e+03
1.692579837413827818e+03
1.755469503506208866e+03
1.749066264924959341e+03
1.897278142674533456e+03
1.892402015637770091e+03
1.862610148630873937e+03
1.770177509131291345e+03
1.542493178315451360e+03
1.871074790178611011e+03
1.886155289360970983e+03
1.904444509256802576e+03
2.015050232099577443e+03
2.214885236666748824e+03
2.194953761451929950e+03
2.357296037270141824e+03
2.469509026298297158e+03
2.445943250161345532e+03
2.610134997341097460e+03
2.628659637629830286e+03
2.375098080826037403e+03
1.931457934723058770e+03
1.802447520854760114e+03
1.875708263619368381e+03
1.403464678681166106e+03
9.403509961300657096e+02
1.942736693482069086e+03
7.713201319116278682e+02
2.875176778545495381e+03
1.375107522227631762e+03
1.430692569224199133e+03
2.246172286931080180e+03
1.765925106310517776e+03
2.299627757715452844e+03
2.280894625918493148e+03
2.205793570751145580e+03
2.523815908338629470e+03
2.317589100760369092e+03
2.339314059711556638e+03
1.584021046664926189e+03
1.784872757649953655e+03
1.937798427799215006e+03
1.702775496681215373e+03
2.562040140488097222e+03
2.728724160625189143e+03
2.354718587352122540e+03
2.211814703218598424e+03
1.952523318879644876e+03
1.589024206926871102e+03
1.632511219973045854e+03
1.537070426857345637e+03
1.465389975904540961e+03
1.604391136333337272e+03
1.658772988367295056e+03
1.600086525230889038e+03
1.850705314940670178e+03
2.074940519843133188e+03
2.311060414715581373e+03
2.560212014750075923e+03
2.579553882871758105e+03
2.432669182295597238e+03
2.319638617232091292e+03
2.002213550098158294e+03
1.622115063247011449e+03
1.619217985199322811e+03
1.802440816090728049e+03
1.666679137749558777e+03
1.560129289087822144e+03
1.620537836648240955e+03
1.887439322324607929e+03
2.136932338139888543e+03
2.445449080553669774e+03
2.544887494713018896e+03
2.522803928843543872e+03
2.622083845546118482e+03
2.240137462280664295e+03
1.703079380478952089e+03
2.048208668587542434e+03
2.010582268910121229e+03
1.954231544373129736e+03
1.902881624919128399e+03
1.954950674918263303e+03
