1.815857920868171959e+03
1.813948099235298969e+03
2.361262679113108788e+03
1.576968092170513501e+03
2.252424435424901276e+03
2.201446589460173072e+03
1.850062836049079806e+03
2.456040865282411232e+03
1.802244570044494594e+03
1.774019394342816895e+03
2.477726360581294557e+03
1.471846653458047740e+03
3.000796660883906952e+03
1.244752584214367971e+03
2.190160987504577406e+03
2.075693087120704604e+03
1.346789016668962176e+03
3.154529218101677998e+03
1.264742333740682625e+03
1.919030555509036049e+03
2.478769021720991987e+03
1.420581829978481437e+03
2.255875686608661454e+03
2.031225764118563802e+03
1.694494827758660676e+03
2.558571389236164123e+03
1.631986993354523747e+03
2.065715563286401903e+03
2.301537798037978064e+03
1.383985407399564565e+03
2.742933014566214297e+03
1.785083361361079142e+03
1.575246334667594738e+03
2.559431375861437118e+03
1.646271995560088499e+03
1.864906912715679937e+03
2.645806791193577283e+03
1.501984788324642295e+03
2.487971800770301797e+03
2.254953335660661196e+03
1.502571546208457676e+03
2.555755531744248856e+03
1.501905666093056197e+03
1.893925556825780404e+03
2.441224828914555928e+03
1.683199845682152500e+03
2.281936698206269284e+03
2.310530742990763429e+03
1.705827266391695730e+03
2.739194120921090871e+03
1.755702950634394711e+03
1.614604970027566651e+03
3.006332117622960141e+03
1.463522149558755700e+03
1.467222011657054964e+03
3.015568921182465601e+03
1.248568968025968161e+03
2.038549012147924032e+03
2.590459303150222695e+03
1.219494162892743589e+03
2.554002451147953707e+03
1.697668415004267217e+03
1.931775764669562477e+03
2.690821269841361300e+03
1.530966359036657195e+03
2.082293779017370525e+03
2.073950783051481721e+03
1.661118780472851768e+03
2.536359319169379887e+03
1.787974550771550412e+03
1.680757190865992243e+03
2.586446340334118304e+03
1.690822656120611782e+03
1.877667314897944379e+03
2.566225369501597015e+03
1.441792476572169790e+03
2.289038616298460965e+03
2.230997837671153320e+03
1.571360471730072049e+03
2.605499277366226124e+03
1.708233132973267629e+03
1.792761362525763161e+03
2.291339481891565356e+03
1.844193974290876895e+03
1.834460800152219008e+03
2.257939121034190521e+03
1.943033839633948901e+03
2.030806033346557342e+03
2.415808012404770125e+03
1.664717168220886379e+03
2.540383002456545455e+03
2.311338104808903154e+03
1.384385420902128317e+03
2.913554576828536483e+03
1.667286399851885790e+03
1.471359549338544412e+03
2.590925730169213239e+03
2.318992116044245449e+03
1.211579599782775631e+03
2.286800469696432174e+03
2.374316195805396092e+03
1.774655630079461844e+03
2.346211545362219113e+03
1.877884872786085680e+03
1.696978032420222689e+03
2.405789546954950310e+03
2.071258720467125386e+03
1.472719619873691727e+03
2.852368062281223047e+03
1.902115965756205242e+03
1.571018402467621627e+03
2.894664662400093675e+03
1.280316060294592262e+03
2.169135662620721632e+03
2.774213740053245147e+03
1.331093977419963721e+03
2.196538005511791198e+03
1.914711593133397855e+03
1.534572820219378627e+03
2.952089090359576403e+03
1.230903006885867853e+03
2.080628204288580946e+03
2.508366480851064352e+03
1.558795023985880562e+03
2.296875708502316684e+03
1.986112051659506506e+03
1.801330280970764306e+03
2.330099786437893727e+03
1.921915835402455741e+03
1.869585036980231735e+03
2.348988990616126102e+03
1.723923817802590747e+03
2.096498561610568231e+03
2.458316763329033620e+03
1.464381159846744367e+03
2.287810107137020623e+03
1.780755913745879525e+03
1.525411191737321360e+03
2.277603772146390384e+03
2.113952391658173838e+03
1.667475476271049502e+03
2.353234089859614869e+03
1.994709181089505591e+03
1.936895419209731699e+03
2.752586025759925633e+03
1.403076942358305587e+03
2.161465247561424803e+03
2.476252838241086010e+03
1.457606836939521827e+03
2.545302636840526247e+03
2.125986088053784897e+03
1.361798135712335352e+03
2.437811677892037096e+03
2.518631063117803933e+03
1.175244788579364695e+03
2.525600256098097361e+03
2.741142136298594323e+03
1.209513184686227760e+03
1.906367064996527688e+03
2.643570389617660567e+03
2.100635161350262933e+03
1.273553582502389190e+03
2.195186769362076120e+03
2.697125958888385412e+03
1.579290310740182122e+03
2.016531949215884424e+03
2.241668780557075024e+03
1.975228031129639476e+03
1.850035701186320011e+03
2.337489290509137845e+03
2.063781094466859940e+03
1.815486483197906637e+03
2.121988278517227172e+03
2.542429075689133697e+03
2.018298591635536695e+03
1.354521437252243231e+03
1.912446578137422648e+03
2.577680383189102031e+03
1.680530188459223837e+03
1.979030948029096862e+03
2.871643476213596841e+03
1.184384723341655899e+03
1.969424584079951956e+03
2.865761021856738353e+03
1.674091057077943105e+03
1.460876692089846301e+03
2.671840596382174681e+03
1.649414770857592430e+03
1.640015828040722454e+03
2.241780340172457272e+03
2.259464571729515683e+03
1.715655227041129137e+03
2.348085628334197736e+03
2.200170095377171947e+03
1.678059377428929110e+03
2.347398690954770700e+03
1.853640480755540239e+03
1.647070068232936819e+03
2.740216528130969891e+03
1.758062109139879340e+03
1.321791376833655931e+03
2.999674884468176060e+03
1.681271153360075914e+03
1.492359694139076055e+03
3.041044732829057011e+03
1.173505694817224821e+03
1.987508312887949387e+03
2.771166042483909678e+03
1.569704549105006890e+03
1.911203373736118465e+03
2.355608402375291007e+03
1.667516278000966850e+03
2.133504130664561671e+03
2.214212611348438713e+03
1.512995347036654493e+03
2.517923345756624713e+03
2.091365051638715613e+03
1.433423616269290733e+03
2.939756969930153446e+03
1.453701578440525964e+03
1.828743740030982053e+03
2.887637281693155728e+03
1.536016472221503136e+03
1.664240970303851327e+03
2.753211808803810527e+03
1.182451356412360155e+03
2.412466689236448019e+03
2.530797590915612545e+03
1.327169410246497137e+03
2.459265883385726738e+03
1.976938675450274104e+03
1.937060816138981636e+03
2.096211110998926870e+03
2.081182008472930647e+03
1.863340076548526667e+03
2.206016190457497942e+03
1.947688009339816290e+03
1.838330774768596939e+03
2.530681823280513072e+03
1.497704216406565592e+03
2.265820967796198147e+03
2.696388519087809527e+03
1.333024474663358660e+03
2.015622416551723745e+03
2.488837446852044195e+03
1.359681724249213175e+03
2.156341463968470634e+03
2.856710065295723780e+03
1.131927843721739464e+03
2.184276066308756981e+03
2.363693061510628468e+03
1.657931288763014891e+03
2.142581186364780024e+03
2.257525062796981729e+03
1.719296390418380952e+03
2.012544549975797281e+03
2.638129785717741470e+03
1.234206493486651198e+03
2.298867079061844834e+03
2.590027071511670783e+03
1.411288940243592833e+03
1.957573101091036051e+03
2.738526962798240220e+03
1.449196483269507553e+03
1.722300630480943482e+03
3.072251572188580667e+03
1.286356857679628320e+03
1.670570916500307931e+03
2.606540066502320315e+03
2.417313007283922616e+03
1.236188702233661843e+03
2.771913692588595950e+03
1.634374426000842732e+03
1.818387974435139995e+03
2.540306046431509003e+03
2.101901532578468050e+03
1.482507830637152438e+03
2.326558335003160664e+03
2.309745017675942108e+03
1.507200261125829229e+03
2.471855145770129639e+03
1.789621719291857971e+03
1.692541941221951674e+03
2.557919148750266231e+03
