2.546790458790020693e+03
2.071651584850671952e+03
2.028627111224001510e+03
1.991649397274247576e+03
2.062799224441179831e+03
2.150316317981812972e+03
2.308672723396422043e+03
2.303424697105110226e+03
2.217552116444249805e+03
2.115403398813775311e+03
2.039367769377350442e+03
1.923705020571466548e+03
1.962160306896835891e+03
2.014621074091174933e+03
1.947006983775365143e+03
2.093209419530032392e+03
2.188816435191291930e+03
2.216909690261557444e+03
2.699259470206026435e+03
1.311175025442803189e+03
1.666911893988613201e+03
1.904522366619727109e+03
2.438394776122362600e+03
2.052625373455606223e+03
2.131196755523453703e+03
2.065573558735778079e+03
1.946025073797245796e+03
1.961462826867293870e+03
1.991115202967336700e+03
2.145539512849893981e+03
2.213220262763126811e+03
2.140010988278287186e+03
2.066640007568313649e+03
2.047899121316210994e+03
1.899772594012220452e+03
2.012639498072267543e+03
3.384098880827592438e+03
5.437514820618188196e+02
2.224650976537950100e+03
2.381960703364123674e+03
2.293165415325742288e+03
2.250748576597591637e+03
2.152807143965177602e+03
2.013410675587115520e+03
1.987751738943111377e+03
1.938860511488910561e+03
1.912488371962475412e+03
1.972980429469000001e+03
2.075370293771311026e+03
2.127219896038961906e+03
2.201220396744579830e+03
2.211454906483781542e+03
2.163294533952178426e+03
2.080843413290842818e+03
1.973170981773373342e+03
1.988129133138614634e+03
1.960168013445829502e+03
1.977844651720238971e+03
2.071261893430268174e+03
2.212326944387445565e+03
2.185798908049758211e+03
2.121619105892327298e+03
2.024934827304806504e+03
1.977884587948377884e+03
1.914201646502084259e+03
1.933228700421611393e+03
2.003192980294273184e+03
2.071439506702661220e+03
2.156833055087544381e+03
2.211724844682662933e+03
2.267983243955441139e+03
2.198145855964356542e+03
2.106318092778307800e+03
2.082169251492720377e+03
2.052713452680623959e+03
1.980391074137557098e+03
1.900690409203183663e+03
1.945811557922320162e+03
1.996007648080949593e+03
2.109052090130196120e+03
2.238778779626783944e+03
2.141290277269407852e+03
2.019639725113873965e+03
1.941954012137086465e+03
1.992669542359768002e+03
1.973698489980327622e+03
1.963089780453743970e+03
2.007524365259397882e+03
2.159714976496248255e+03
2.178750838231581838e+03
2.180756385263065113e+03
2.160883756654059198e+03
2.088603159979079919e+03
2.047754561000431522e+03
1.953884414926136287e+03
2.007132891853431829e+03
2.010684391839346063e+03
2.043380949812403969e+03
1.890473005118349874e+03
2.871527524002157406e+03
5.305711913990757012e+02
2.974513735735803039e+03
1.847363467149896678e+03
1.921223770038344355e+03
1.574767288482918730e+03
1.985010210894976808e+03
2.262548564665316462e+03
1.529212763782266165e+03
1.618538355912655788e+03
2.585610806329509614e+03
3.496115234014441285e+03
5.389241906103045494e+02
2.066099291284595893e+03
1.908921429059572802e+03
2.039353364077576998e+03
7.563012583805135591e+02
3.082937920001887960e+03
2.232421678378938850e+03
2.582880178722571145e+03
2.211967638494625135e+03
2.314922460510670135e+03
1.502564696522830673e+03
1.899308745244900592e+03
2.014266401063702460e+03
2.203141386832896842e+03
2.238085462800449477e+03
2.100267841516343196e+03
2.031150322776527219e+03
2.024738852607845502e+03
2.213624478765689673e+03
2.167515167979956459e+03
2.030239047154903346e+03
1.956365517282655674e+03
1.955275425130164194e+03
2.083481292242709060e+03
2.227033965590090702e+03
2.173928845346514663e+03
2.006757077851774511e+03
1.888983999230530344e+03
1.944290438584742560e+03
1.956748517624424039e+03
2.083064154166336721e+03
2.149668066638769233e+03
2.077563949228502679e+03
1.979703816397728360e+03
1.912701882569905820e+03
1.905192705620719380e+03
1.995744664491604908e+03
2.048573384496183280e+03
2.109259169247873615e+03
2.183628658905261545e+03
2.307255117320576574e+03
2.331372560421838443e+03
2.176175869095704002e+03
2.054266669047409778e+03
2.061874440192585098e+03
2.032579516112043166e+03
1.976545017197925745e+03
1.878788647372373362e+03
2.136939424919891280e+03
2.285367930961125239e+03
2.310711001762279466e+03
2.018656636972151773e+03
1.816589537735648719e+03
1.941826514185954011e+03
1.937633851900950731e+03
2.019642729923881689e+03
2.094329688832001466e+03
2.170544236672923034e+03
2.175498996025984070e+03
2.041391409566373795e+03
1.875516369982027300e+03
1.850974868068827391e+03
1.982808335922786910e+03
2.026882621685334470e+03
2.136183014673198613e+03
2.239239477932133013e+03
2.272131661043326858e+03
2.107535766428977240e+03
2.033766162981958132e+03
2.028257337647082977e+03
2.004375002038006869e+03
1.939664260172208060e+03
2.029297628386572569e+03
2.246780240371985201e+03
2.326952501871970526e+03
2.203560749255971132e+03
2.044021081096409262e+03
2.050302859257780256e+03
2.065177953056807382e+03
2.052033217302805951e+03
2.061399946636061031e+03
2.150889496642658287e+03
2.039963900836821040e+03
1.926937970066197977e+03
1.849058771053485771e+03
1.958657970751108905e+03
2.233594501227166802e+03
2.237053607520841069e+03
2.033495107947709585e+03
1.991367786307503366e+03
2.004470731427918054e+03
2.025077100890553993e+03
2.067068995627860204e+03
2.234652480704450682e+03
2.233011249199041686e+03
2.066846088872037853e+03
1.975483056404020999e+03
1.977221163411181578e+03
2.092527667114712131e+03
2.191443074381546921e+03
2.097843531624755542e+03
1.920524317499033486e+03
1.909533006050692620e+03
1.992212862749213173e+03
2.178149968154135877e+03
2.274218681013284368e+03
2.084735881838596015e+03
1.926267291259735885e+03
1.935953607767098902e+03
2.105721595184646048e+03
2.158055413540133941e+03
2.172804738477069805e+03
2.664187424769794688e+03
1.970548168311832569e+03
1.276653457556421017e+03
1.944325340727681350e+03
8.771070010144487696e+02
2.595443840336439735e+03
1.356785082546940657e+03
2.739816154330021618e+03
2.012584604583969394e+03
2.427827710724571261e+03
2.103131174222482514e+03
2.243554379925740704e+03
2.146027449852715108e+03
1.911546076085810000e+03
2.122098802159813658e+03
1.854823446981256666e+03
1.954829273415837406e+03
2.245805991997523961e+03
2.034524119979292891e+03
2.367045005166707142e+03
1.974612801017020502e+03
1.962758395121714102e+03
1.589714110224371325e+03
2.110483817501426984e+03
2.226439562797333110e+03
2.231439115055436559e+03
2.255095063985635534e+03
2.183322417658173890e+03
2.061640425758817400e+03
1.962109892405384699e+03
1.962445468901395316e+03
1.959275396883544545e+03
1.968866333290091688e+03
2.059723809596926458e+03
2.130942155191865368e+03
2.083802735572560778e+03
1.985663784893823276e+03
2.008849586754865868e+03
1.993609411408046526e+03
1.971519582713140380e+03
2.208583990247683687e+03
2.311925132354962898e+03
2.208967630828670735e+03
2.002299067676050299e+03
2.027170552837512332e+03
1.940661130314055072e+03
2.102171108336500311e+03
2.120966940082587826e+03
2.132746770063513395e+03
2.211406319705503392e+03
2.052670675962114274e+03
1.851398114152020753e+03
1.926540467013575835e+03
2.203376521817267530e+03
2.294367019085933862e+03
2.172754514211153946e+03
1.970224511677235569e+03
1.876790280723687374e+03
1.964226869490780700e+03
2.084451309304424285e+03
2.157214333185613668e+03
1.866579007407819063e+03
