1.814829836075493176e+03
2.122909575394463900e+03
2.026938391697187399e+03
2.162173125052871910e+03
2.112696586921043036e+03
2.213833970514807788e+03
2.122941986721549711e+03
2.112843910975149356e+03
2.351444974739226836e+03
2.449905394667588098e+03
2.299062452360796215e+03
2.258541283495956577e+03
2.232090432944900385e+03
2.088911524126178392e+03
1.901227064291595298e+03
2.006449796249804194e+03
1.963666347348364752e+03
1.947447449087055475e+03
1.853938980709107227e+03
1.962794791397513563e+03
2.012603381555168653e+03
2.070627833204989201e+03
2.090424128340967854e+03
2.214703298555416495e+03
2.223241295480618646e+03
2.143487271011956636e+03
2.082038379875492410e+03
2.085552003043017066e+03
2.269831243333645034e+03
2.130422678078434274e+03
2.293376750861263645e+03
2.289201782160995663e+03
2.349785285090302295e+03
2.089407467941924097e+03
1.934830645425366811e+03
1.950341634320849835e+03
1.786967140761463043e+03
1.941894443579362587e+03
1.950868154657418017e+03
1.975467365391681597e+03
2.080361479730085193e+03
2.092284066475502641e+03
2.059190624839158318e+03
2.089008515322533640e+03
1.997816848691204996e+03
1.906344364047501358e+03
1.887335546846873285e+03
1.991585222345126112e+03
2.096135016328185884e+03
2.120938734319378909e+03
2.250254617701137704e+03
2.315995800504163526e+03
2.143516136640662808e+03
2.110848023607067262e+03
2.015365450734983597e+03
2.228149185917916839e+03
2.145716785480620274e+03
2.211714672389798125e+03
2.071718468858200595e+03
2.086212941573175158e+03
2.060969655958039766e+03
1.928267710097162990e+03
1.919506248827706713e+03
2.028322088472853238e+03
2.027393781545634738e+03
1.974251142474666040e+03
2.076689333450545291e+03
2.154254645409333534e+03
2.157134791213179597e+03
2.116084891065193460e+03
2.123786039005278781e+03
2.194654213751428870e+03
2.158643618488010816e+03
2.265413456682793367e+03
2.240736233752295902e+03
2.447634471510970798e+03
2.238384828014593495e+03
2.214738675951022742e+03
2.151681305499350401e+03
2.039505727561206868e+03
2.079591356776915291e+03
1.902220869855415458e+03
1.979722802337184703e+03
1.942681160662126103e+03
1.950341400879278126e+03
1.876422436375778489e+03
1.944089239909231537e+03
1.978998004465239546e+03
1.997266373433332774e+03
2.006563128464739066e+03
2.114759064492622201e+03
2.161149844225361448e+03
1.988021306449308895e+03
2.174591296387843613e+03
2.152595656132812110e+03
2.184042718335186237e+03
2.183133493262518641e+03
2.266734026240367257e+03
2.326068186389967195e+03
2.109801072200506496e+03
2.155048785598596169e+03
1.984010737509909404e+03
2.172574635622386268e+03
2.029473023486250895e+03
2.024860900342343484e+03
1.941035068461888841e+03
1.921834944032240855e+03
1.959788776573601581e+03
2.043870889961118564e+03
2.144996273146316071e+03
2.211384968136452699e+03
2.169732607586020094e+03
2.072952774408891855e+03
2.154005388882635998e+03
2.174104157653109269e+03
2.178882093956369317e+03
2.299172074608374260e+03
2.294056867510361371e+03
2.350220111035577247e+03
2.227732154219276708e+03
2.130644774273972416e+03
2.047559643574706115e+03
2.052371402660685362e+03
2.014685477068084765e+03
1.924091143917145246e+03
2.087019859978150635e+03
2.028517757707825012e+03
2.004696174505273348e+03
1.924802165195837233e+03
2.086169813488120781e+03
2.153684977649817483e+03
2.127617909179095477e+03
2.174885264335431657e+03
2.202804137080552209e+03
2.327808482721074597e+03
2.302541247332340845e+03
2.231164098604166611e+03
2.208368477241778237e+03
2.146835378357719947e+03
2.034504425336076338e+03
1.998774394371596145e+03
2.027068276505643780e+03
2.032094988746345962e+03
1.939964281271059690e+03
1.919554557192343736e+03
2.043694354686664383e+03
1.838936073048124172e+03
2.041512791271911055e+03
1.905678872744539149e+03
2.096430136555021363e+03
2.166867999377709566e+03
2.134041112843621704e+03
2.168455726828773095e+03
2.161985880991483100e+03
2.209515353595786110e+03
2.024986005599030705e+03
2.050435509251838994e+03
2.065869553186440044e+03
2.000557354592518550e+03
1.977047104306055871e+03
2.056715541645926805e+03
2.097125399945402023e+03
2.026580103334752721e+03
1.970175040932859019e+03
1.940255139403044723e+03
2.048146221601165962e+03
2.008621469697820203e+03
2.055802407259602205e+03
2.175566510035857846e+03
2.334832624195142671e+03
2.338845343242505351e+03
2.140406776313775936e+03
2.274142578342900833e+03
2.049625154452585775e+03
2.054217086943803224e+03
1.853791008118939089e+03
2.052632038007116535e+03
2.130862113001011039e+03
2.040191947168191291e+03
2.210392847912954494e+03
2.083631407411435248e+03
2.171424271413511633e+03
2.076826394789245114e+03
1.981425607719735353e+03
2.170036706201455218e+03
2.120116540392112711e+03
2.264271353287021157e+03
2.245348164290221121e+03
2.527987786238343688e+03
2.506694968906973827e+03
2.356260472615307208e+03
2.265191788245888347e+03
2.179329543707135144e+03
1.940497552891826217e+03
1.934843858464295863e+03
1.881917231466954945e+03
2.107023508351629516e+03
2.052485731938473691e+03
1.977870622064606550e+03
2.028128478394023659e+03
2.023837444579433622e+03
2.064839783962309866e+03
2.025909018357962168e+03
2.098380629955725453e+03
2.237043087262975860e+03
2.098041409239507175e+03
2.143420937168995351e+03
2.135395635692887936e+03
2.383713916555962896e+03
2.298104795887963519e+03
2.181203597107175938e+03
2.194294911125348790e+03
2.129034733938527552e+03
2.003105120305012633e+03
1.947449379441509791e+03
1.962320595074214680e+03
1.960994544038814183e+03
1.902799844717878614e+03
1.888473907489698377e+03
2.011206029959033913e+03
1.990538103104440552e+03
2.059873010214381338e+03
2.133548170582146213e+03
2.196218259832617150e+03
2.178842374161506541e+03
2.059510919217697847e+03
2.090454820792453575e+03
2.099586576381162558e+03
2.273671277771587484e+03
2.082018431721397974e+03
2.247486933674711509e+03
2.364009558398103309e+03
2.200120905224986927e+03
2.024962072789535796e+03
1.892752799418357654e+03
1.997924711706802100e+03
1.933598063298592479e+03
1.869038973552841753e+03
1.950855668099728518e+03
2.045107156531600594e+03
2.120823428791972674e+03
2.139687943300423285e+03
2.003499408535853718e+03
2.053483657898462297e+03
2.022453988861793050e+03
1.827518011736036215e+03
2.026403423851746311e+03
2.025746895091022452e+03
2.181699998675655479e+03
2.139380867390218555e+03
2.254114472395923713e+03
2.345213616247880509e+03
2.072822251684123785e+03
2.152075675008582039e+03
2.117001969985346022e+03
2.251226544156710133e+03
2.190526053985296585e+03
2.082876600840997071e+03
2.187215206222731922e+03
2.060098868255990510e+03
2.013649947395786739e+03
1.910342173934680432e+03
1.999426797786479710e+03
2.015424260634759548e+03
1.974867392462066618e+03
1.963921459091196539e+03
2.101310305356160825e+03
2.140986393831762598e+03
2.086914138833593825e+03
2.071632297131550331e+03
2.203528236144235962e+03
2.348344559551546354e+03
2.142648978019426522e+03
2.211332230196129331e+03
2.261873626189196784e+03
2.413010863735758903e+03
2.340725251227168428e+03
2.120282860853631519e+03
2.191670068240049204e+03
1.995756656529568772e+03
1.948108219556510221e+03
1.875046542431446596e+03
2.005854334030876316e+03
1.989041168929784135e+03
