2.219122356573865545e+03
2.377207289020152530e+03
1.319405610384312467e+03
3.071524960203927549e+03
2.349362056317324459e+03
1.892913538944131687e+03
2.099295403208720018e+03
2.318698604164369954e+03
1.456204488164633858e+03
2.420572680942618263e+03
2.075002692725139241e+03
2.060336259490534303e+03
2.470866415446657356e+03
2.024435284287897730e+03
2.218498629513055221e+03
2.307359620375304075e+03
1.379859803327447935e+03
2.650131893033986671e+03
1.759077314058070442e+03
2.250554186881040096e+03
1.894814943523407692e+03
1.843411034184980053e+03
2.361324404053181297e+03
2.049473385793573925e+03
2.168011032690400043e+03
2.311123218279160938e+03
1.627810229316730101e+03
2.233223659728899747e+03
1.931188612997415703e+03
2.329155305291717468e+03
1.782938434538231832e+03
2.146052301185633951e+03
1.911301690588422161e+03
2.166256435675002194e+03
1.725918271369663216e+03
1.991887108346337300e+03
2.487963744141813095e+03
1.886104884299786590e+03
2.468220596392486641e+03
1.852940884504762835e+03
1.711396290629158557e+03
2.618308607427444258e+03
1.647911632425274092e+03
1.965743847292553028e+03
2.418758574168204177e+03
1.670593778414078997e+03
2.274035773744777998e+03
1.944528652622337859e+03
2.063559127444058049e+03
2.303766748449003899e+03
1.632957027513585899e+03
2.354161124833351096e+03
2.082944885772142243e+03
1.846164333256765985e+03
2.450515936019665787e+03
1.658277645780317243e+03
1.986281014617899928e+03
2.510725393106363754e+03
1.621764661770875364e+03
2.168918243442722087e+03
2.306631572898953436e+03
1.837860609613786664e+03
2.132955050003097313e+03
1.895876154262197588e+03
1.942786946419923879e+03
2.367770695038405847e+03
1.738049234927058478e+03
1.962780763380747658e+03
2.399372357294403628e+03
1.965686736742475659e+03
2.002200315266572261e+03
2.165847725725659075e+03
1.744364980605056644e+03
2.276608590287658444e+03
2.068795979152425843e+03
2.052887568383266171e+03
2.140744708529969557e+03
1.274914974945536414e+03
2.709769680316631820e+03
1.787697394395355559e+03
2.586712043989583435e+03
1.577211950818499872e+03
1.750553138917987326e+03
2.781615035482590883e+03
1.377755769790843260e+03
2.080690367337479074e+03
2.259539622105191029e+03
1.807492075430902787e+03
2.335433254447720174e+03
1.777063554390643958e+03
2.407170149169233355e+03
1.925418001946447248e+03
1.855349673529646680e+03
2.511024986642464683e+03
1.697728818326467035e+03
2.037608239053192392e+03
2.158825851040593079e+03
6.535760176661153764e+02
3.396221567836176291e+03
1.450524200935858289e+03
2.274293235072968400e+03
2.986190008097592454e+03
1.498254837717272721e+03
1.863680771392231009e+03
1.171104166062999411e+03
3.288876960508634511e+03
2.298480102575742308e+02
3.090836603863435812e+03
1.794892816797098249e+03
2.596153767208260433e+03
2.009109721085085539e+03
1.499000169743758534e+03
2.978696433817682191e+03
1.571253049753620189e+03
2.223050554228923829e+03
2.186439793699393704e+03
2.024050059183973190e+03
2.046194404663962814e+03
2.326617622181639490e+03
1.861768720139245488e+03
1.952821354289544615e+03
2.032911736343446819e+03
2.032760076953354428e+03
2.027867646515225260e+03
2.048923920616692612e+03
2.036710246837614250e+03
1.956291313373367757e+03
2.002027093597129806e+03
2.045120205128205498e+03
2.009620776134019707e+03
2.110347120947947133e+03
1.978364063784138125e+03
1.955930161663733770e+03
2.176001260838918370e+03
2.158476316147781290e+03
2.125014334990116822e+03
2.060102822069793092e+03
2.040934201933445138e+03
2.623367545190916189e+03
1.229909252996044643e+03
2.204638373230131492e+03
2.169245509730069443e+03
1.849629443929530680e+03
2.282503621311074767e+03
2.186025508111308227e+03
1.909882050792961763e+03
2.149688527027532018e+03
2.080737955718393096e+03
1.878492875509388568e+03
1.934351412258156188e+03
2.010175783706241191e+03
2.496708625574259258e+03
2.232106292974963253e+03
2.018270243498977379e+03
2.241088151656590071e+03
1.410292714884312090e+03
2.664741397627220067e+03
1.973414675333209971e+03
1.809111281154735480e+03
3.174022891917409652e+03
7.584913633703824871e+02
3.125237126190124400e+03
1.980661013337001577e+03
1.650204530631089710e+03
3.104795379793140910e+03
1.269276990171593070e+03
2.674818733900031930e+03
1.430913452368584331e+03
2.240831633517277169e+03
1.922397457613517872e+03
1.682762762110734229e+03
2.638595118495651150e+03
1.594902024675825260e+03
2.375214443171849325e+03
1.911944664569176894e+03
2.364600733028594277e+03
1.808291650184014543e+03
1.970806436258484837e+03
2.366277806008831249e+03
1.756949891908143627e+03
2.448650439159905090e+03
1.762700222253353104e+03
2.397150606254406739e+03
1.517868132032611584e+03
2.045765221823876573e+03
2.660325210747572783e+03
1.816645435187820340e+03
1.961250280509843606e+03
1.893068006850745405e+03
2.275944007645896818e+03
1.840039785553402453e+03
1.913292563632542624e+03
2.259570397064857389e+03
1.511399504894877964e+03
2.527403526636896459e+03
1.656143076122572893e+03
2.400290502254082185e+03
2.034441520142973559e+03
2.098076069910028309e+03
2.069634000642514366e+03
2.093494624201383886e+03
2.026514568015172927e+03
2.550632212076214728e+03
2.119335287312694618e+03
1.732543101815049113e+03
1.584555763349721701e+03
2.235487294158600434e+03
2.506500025502240078e+03
1.749517860890499605e+03
2.330801018334291712e+03
2.439489306042155022e+03
1.608099751578246241e+03
2.153589140824087281e+03
2.324448217745438342e+03
1.487696448264240416e+03
1.991895560036027291e+03
2.338149473407879668e+03
2.030665103873280259e+03
2.273758173622759386e+03
2.052690623576541384e+03
1.792561232194461127e+03
2.088046759018175635e+03
2.581745756578883629e+03
2.292807374688428808e+03
2.888981185004464351e+03
1.904042370834658414e+03
1.277365194221369620e+03
2.636157842502568656e+03
2.242442777203520109e+03
1.184211166815703791e+03
7.635813479790475640e+02
3.712406493266916186e+03
1.419401773808994221e+03
1.922940611074952585e+03
2.195022067002225413e+03
1.676448794701091174e+03
2.540389381495648649e+03
1.636129275053819356e+03
2.359050400284414991e+03
2.078786702376602989e+03
1.862254311176981446e+03
2.102264529246522216e+03
1.788877240165892317e+03
2.602022194101914465e+03
1.838895254563238495e+03
2.255194821429548938e+03
2.080168889307703921e+03
2.042052842631390604e+03
2.037417153536963951e+03
2.027300801185451292e+03
1.950417432018816044e+03
1.965570085041155153e+03
2.087280194191734608e+03
2.067595778827979757e+03
1.905463797917601823e+03
2.182481547540924566e+03
1.968343093229864962e+03
2.151633066180279911e+03
1.952932243662641895e+03
1.986460630523260988e+03
2.211624474118669696e+03
1.839440206266905534e+03
2.073052934279764031e+03
2.093524139106479197e+03
2.077486971566772354e+03
1.955938053412187173e+03
1.523967295259187722e+03
2.628532580097133632e+03
1.590631507817601914e+03
2.394542765601390329e+03
2.118069526186381609e+03
2.086976714890367930e+03
2.168147094546359767e+03
1.964779095102555175e+03
1.900009181241739270e+03
1.725609871650370678e+03
1.938331258815409456e+03
2.253028889843320030e+03
2.337655155703715536e+03
2.058159647830576887e+03
2.054331652704421231e+03
1.976929231180344232e+03
1.982926717165068339e+03
2.308550668948203565e+03
