1.682230675319236525e+03
1.619968051690481389e+03
2.284829573551048270e+03
3.095339457146598306e+03
1.957590516372300044e+03
2.278742907779174857e+03
1.968372319904686037e+03
1.009972384974766726e+02
9.105906872628989959e+02
2.233344333453615491e+03
1.391597564451602238e+03
4.097317891414257247e+03
4.015038647721681627e+03
3.209074646748266332e+03
2.684108255778509829e+03
1.702064350789949458e+03
2.596602318294074848e+03
2.655956993661838169e+03
2.444674378311650798e+03
2.018855318128453746e+03
1.956225513895998347e+03
1.711748449241578328e+03
2.047569962489485761e+03
2.492270065642607733e+03
2.063519045556138281e+03
1.303978024475020447e+03
2.191421052340582264e+03
2.527490575633205026e+03
2.138114897672805910e+03
1.335760505350703170e+03
2.052017915087418714e+03
2.475582350937034789e+03
2.395500470508977742e+03
1.639022594167886382e+03
1.608471944527472033e+03
2.880049225896789721e+03
2.091091908004743345e+03
1.667239331138367788e+03
1.635605193802601661e+03
2.138622996607112782e+03
2.280085139829211585e+03
2.238925811267880817e+03
1.179875574415145820e+03
2.806427179397618602e+03
1.727176266667845766e+03
1.564785885301630742e+03
2.745300754472064000e+03
1.905394141339237422e+03
1.678822429794666505e+03
2.568596131586613410e+03
2.136098016805113275e+03
1.747345321795816062e+03
1.909365499492878371e+03
2.466706246006143829e+03
1.885250919232319120e+03
1.718441313988795855e+03
1.908530013726319339e+03
2.714180625963836519e+03
1.785516010202190955e+03
1.524207800203345187e+03
2.293097312028256965e+03
1.927978606963299171e+03
1.458393890297647886e+03
2.391535369383568650e+03
1.860977577611325160e+03
1.700152154827038885e+03
2.389734069030350838e+03
2.309585266359681555e+03
1.694645300646157693e+03
2.024617958203426269e+03
2.481291616323740072e+03
1.473641522548465446e+03
2.101452105365125590e+03
2.419180568470791513e+03
1.572063844735887415e+03
2.076341529070910383e+03
2.337477660129283777e+03
2.445485076102110725e+03
2.286919348148182962e+03
1.044891330327645164e+03
2.803083189192546797e+03
2.467457699850566314e+03
2.260116900606468789e+03
1.855111887891107699e+03
1.890262380832357394e+03
1.470732709627274517e+03
2.725388328763860500e+03
1.635568547635699133e+03
2.088365165284857540e+03
2.143107838937569795e+03
2.633727034904109132e+03
1.298483726354396367e+03
1.903379023369100878e+03
2.187074481391593054e+03
2.787164562091957123e+03
1.380981356482659294e+03
1.691057451723414033e+03
2.297445850614744359e+03
1.617250496492645652e+03
2.729918428855310140e+02
4.173914844401610026e+03
3.973915197122714289e+03
3.052663190613947336e+03
2.636375414256162912e+03
2.087589173243300138e+03
2.769431807578773714e+03
2.191394825848809433e+03
1.291577494372396131e+03
1.434345186193092559e+03
2.578395587660077126e+03
2.965693796683593519e+03
1.032415643703407795e+03
3.694492428383379774e+03
1.385090883667289745e+03
1.669854265204655576e+03
1.934049520604669397e+03
2.476563459581528150e+03
1.799849775276119090e+03
2.362764369612009432e+03
3.552292462661869649e+03
1.321710356818862465e+03
1.562631958846609450e+03
1.761079312593357599e+03
1.848375330985318897e+03
1.856199213331899955e+03
1.911692340747383014e+03
1.606173890692504074e+03
2.104911662846333911e+03
1.978002232202324876e+03
1.967243248534960230e+03
2.215315662064593198e+03
2.256264313564804979e+03
2.057621511169576024e+03
2.111262440188843811e+03
2.105960358711171011e+03
2.362110349278310878e+03
1.823631219178321089e+03
1.965384559595156361e+03
2.532487402855201253e+03
1.986055696443741226e+03
1.750111480751997306e+03
2.271359364722785813e+03
1.965556147610519247e+03
1.734712271228102281e+03
2.770612764281986529e+03
1.467001142838327951e+03
1.956248917788331937e+03
2.771801800994718178e+03
1.941396099424342765e+03
1.766291526593386379e+03
1.631972038608695129e+03
2.067196332274265842e+03
2.775091548272656382e+03
1.130073886364066539e+03
1.932191381023088070e+03
2.571425673367514264e+03
2.241138869920468551e+03
1.208898240725126243e+03
2.609282354242347083e+03
2.557999177077174863e+03
1.955104564835851306e+03
1.552316846815953113e+03
1.709586479595462833e+03
2.246941623234816689e+03
2.508537969039672589e+03
1.757766087788562345e+03
1.579538470960509812e+03
1.733400993302281677e+03
2.017781500663072848e+03
2.350630802178081012e+03
1.919196654390221511e+03
1.938964200463101179e+03
2.132672216856740761e+03
2.409365459615960845e+03
2.428253042153445222e+03
2.523208508984450418e+03
2.428528217333532666e+03
9.799007457778258185e+02
2.333872499074738698e+03
2.867787311822148695e+03
2.219711174882224441e+03
1.202636306015318723e+03
1.952259377882096942e+03
2.766883918792389068e+03
2.172570524553139421e+03
1.879185512521101145e+03
1.449503071098489727e+03
1.599154855580704179e+03
2.840055247600015264e+03
1.661466434755451019e+03
1.680352509855012840e+03
1.792728102544081821e+03
2.537140101870348190e+03
1.555916069736081909e+03
1.900221483454444524e+03
2.327335304509461366e+03
2.483390571976227875e+03
1.331476011986828098e+03
2.184128545780346030e+03
2.531388344572104870e+03
2.188810518390288507e+03
1.378758509854789509e+03
2.104919165637470542e+03
2.429352136962460463e+03
1.897956152193838761e+03
1.946942984477754408e+03
1.909100169641792945e+03
1.632889245988555331e+03
1.680964735040458436e+03
1.394614837636875791e+03
2.123835180843099806e+03
2.070836117647590072e+03
1.711186447309685718e+03
2.326900070776613575e+03
2.174711768708736599e+03
2.037829228020901610e+03
2.013635347429181138e+03
1.953118681535944006e+03
2.360395411842653175e+03
1.875799311499867144e+03
2.328507485503678254e+03
2.478016210555715588e+03
1.943330804927597001e+03
1.949997508004091515e+03
2.310581561753463120e+03
2.417936298936952880e+03
-2.481306683576740113e+02
4.195981339838466738e+03
4.000288845048429721e+03
4.043537460774088231e+03
2.283853399337807787e+03
1.716477393607308841e+03
2.430557661793007810e+03
2.210566337607637706e+03
2.169021039532034138e+03
2.266653743238399784e+03
3.380713861914110566e+03
1.430934118715882050e+03
2.407202081633190119e+03
2.440610629482769127e+03
1.518952478394872969e+03
1.913888986998750624e+03
2.643361369915356136e+03
1.359923518412454314e+03
3.967544381201023953e+03
2.407637552888700611e+03
4.737760290903614759e+02
9.831390987757341691e+02
1.557075322818083578e+03
2.051247908417490180e+03
2.184270755614920290e+03
1.697251235477355294e+03
1.625695209622298535e+03
1.921986260788302616e+03
2.240214469690233727e+03
2.049341462313554985e+03
1.753808327106236902e+03
1.966636921974679581e+03
2.441808852447957179e+03
1.799539850507396068e+03
1.904683033461579271e+03
2.417755063808798241e+03
2.409575871277644183e+03
2.298780453205135018e+03
1.641434659709952030e+03
1.603327911317573125e+03
1.518893368149582102e+03
2.263969119183748262e+03
2.443490545815358473e+03
2.125850578589947872e+03
1.940707709045165757e+03
1.052616895310115751e+03
2.543337210522119676e+03
2.244880354654299936e+03
1.845670309237580568e+03
1.882354896364678325e+03
2.113288459070298359e+03
2.499002682892270514e+03
1.718798633935251473e+03
1.918605140286835876e+03
2.515926466687766606e+03
2.458797794792134482e+03
1.381802359495546398e+03
2.047777973773371968e+03
