1.149037406799252949e+03
3.062670180574903952e+03
1.350609979459092301e+03
1.855745635566386682e+03
2.697591339802918810e+03
1.008972529948875945e+03
2.970019566731414670e+03
1.485699678118212887e+03
1.538763060441608104e+03
2.919541790708955887e+03
8.400795782187519762e+02
2.849620121615923836e+03
1.444095799310988923e+03
1.788707125475639032e+03
2.162525699597080347e+03
1.400021597268966389e+03
2.793010615155407777e+03
1.324402300748691687e+03
2.328704233196281166e+03
1.895335371602678379e+03
1.687008344472575118e+03
2.710740474247902057e+03
1.374885162807793449e+03
2.450713384491996294e+03
1.724881205782113511e+03
1.812931175878029080e+03
2.671744123042128194e+03
1.344024119591440240e+03
2.611283928563535028e+03
1.648584634724102898e+03
1.834358014988574269e+03
2.715305758635425263e+03
1.300253210651108930e+03
2.399440537772802145e+03
1.973647859077806970e+03
1.452160096915590884e+03
2.708319448757057671e+03
1.306721779188609844e+03
2.500490118452359184e+03
1.736792487899090929e+03
1.812702271182029790e+03
2.424323456978658214e+03
1.471053132876672635e+03
2.615974526609508302e+03
1.737343003061994978e+03
1.860818629797510539e+03
2.433207624097080952e+03
1.507376444821853966e+03
2.667453283244444265e+03
1.503952891058528849e+03
2.072071908163849002e+03
2.091682519967826465e+03
1.586211853305980185e+03
2.828492360180938249e+03
1.339390208470905918e+03
2.077108747894727003e+03
2.307951527076821094e+03
1.372716997422549412e+03
2.775187869544090063e+03
1.925222852592535673e+03
1.354119157295184095e+03
2.674468241373240289e+03
1.668989379604833175e+03
1.688440646056686091e+03
2.461680481005509591e+03
1.341973001149678339e+03
2.607630111171473800e+03
1.780304528631784933e+03
1.739921322508320372e+03
2.504047168934440379e+03
1.379809243054422950e+03
2.378801768128318145e+03
2.100106498414228099e+03
1.579029756006236539e+03
2.564758976768949651e+03
1.553031366389155892e+03
1.853407010858916010e+03
2.126392841833207967e+03
1.743831137579342339e+03
2.421159829404083666e+03
1.897689089718525338e+03
2.070350028651905632e+03
2.197497485259153109e+03
1.862783155016205683e+03
2.713046137635364630e+03
1.456636421502740859e+03
2.345555011370337525e+03
1.810072630574782124e+03
1.502554382983883670e+03
2.798493322130692832e+03
1.157119067132980490e+03
2.203039712343455449e+03
2.170319908066285734e+03
1.360341658844715312e+03
3.009682814310313006e+03
1.132517075399779287e+03
2.015793503709106972e+03
2.402419597915784834e+03
1.148807058409883439e+03
3.101284575781328840e+03
1.114474659249493016e+03
2.675661166868603232e+03
2.189575133210935292e+03
1.000893647341689302e+03
2.998817430129665354e+03
1.333927190185782820e+03
2.115495194606414771e+03
2.651370949058455153e+03
1.077663418844402941e+03
2.697755914255234075e+03
1.530635923781530664e+03
1.879618001394409021e+03
2.164980544529640156e+03
1.534719668297972021e+03
2.598494123665417646e+03
1.607361833302386685e+03
2.260403706797413633e+03
2.057272452578935372e+03
1.630128258295133946e+03
2.802538039206359826e+03
1.347890762461882559e+03
2.234138093266150008e+03
2.172509297992806751e+03
1.342089289044955649e+03
2.851109173879427544e+03
1.347190069913168372e+03
1.852992533019508073e+03
2.229334065701078543e+03
1.475245023969105205e+03
2.611261673529648760e+03
1.481918648089619182e+03
1.967027882514830253e+03
2.374143486698875677e+03
1.540102994338613826e+03
2.359270812075124468e+03
1.777130323678872173e+03
1.535709535360638483e+03
2.295590492697102036e+03
1.704069979958371960e+03
1.953796277105152512e+03
2.131804967078330719e+03
1.815995265828329366e+03
2.153086014102742411e+03
2.189942686938722545e+03
1.754616061861839853e+03
2.526655774707453929e+03
1.969213957004036274e+03
1.887184750218593990e+03
2.613873931643985088e+03
1.492488963271348439e+03
2.118669551199388479e+03
1.988467357073327094e+03
1.256027928996775927e+03
2.645402609083480002e+03
1.768807564987300793e+03
1.705567307440065179e+03
2.425474320639467351e+03
1.592062559866146785e+03
2.515391129304956394e+03
1.861497393963645436e+03
1.693632763082405063e+03
2.352121316165957069e+03
1.592461117556590580e+03
1.996238501867052946e+03
1.973403149867507409e+03
1.655052929610810224e+03
2.658757728304281500e+03
1.739004500515087784e+03
2.057092986487424696e+03
2.217901814662545348e+03
1.438399468238020063e+03
2.708465698983841321e+03
1.330553043863127868e+03
2.156320982104920859e+03
2.255530706106911566e+03
1.468003212538709704e+03
3.130068361572668891e+03
8.651397841591635824e+02
2.523655086138206570e+03
1.589630020858442549e+03
1.607724912328201981e+03
3.045948262667165181e+03
9.356926254885454455e+02
2.486049481894705877e+03
1.838645267364058100e+03
1.499563637775800089e+03
2.765778500304652880e+03
1.293370406775349238e+03
2.326363995599494501e+03
2.354026751527453143e+03
1.348421108583236219e+03
2.691904607659477733e+03
1.593480720590833698e+03
1.906484365546793470e+03
2.669628633430836999e+03
1.284253132603181484e+03
2.432788816825824142e+03
1.872713596756892230e+03
1.612499804698964908e+03
2.821812186507838305e+03
1.279604975291275423e+03
2.200525387381034307e+03
2.320909366633843547e+03
1.358231592223067082e+03
2.733763472521898166e+03
1.505443527014827396e+03
1.855729168497651699e+03
2.371403026938676248e+03
1.172006399024631264e+03
2.424153116246268382e+03
1.544928538567279702e+03
2.137402145854794071e+03
2.143695712656201067e+03
1.866863317911743252e+03
2.641491117520287389e+03
1.804439227884542561e+03
2.381749808078765909e+03
2.030819248861505685e+03
1.635726959448940761e+03
3.038237593116259177e+03
1.151567662715798633e+03
2.078363124294248792e+03
1.677479177986377863e+03
1.170766273918341767e+03
2.578228286020782889e+03
1.447306057137107246e+03
2.064367303799852380e+03
2.014819190919998391e+03
1.837027349409289855e+03
2.228205737765490994e+03
1.757479361848342251e+03
1.800435126038360295e+03
2.226495504228279060e+03
1.979244373395094954e+03
1.885409950859696892e+03
2.414343758185603292e+03
1.577598994476889857e+03
2.676936616781626526e+03
1.632503922969087625e+03
1.796508246788108636e+03
2.877702507411627266e+03
1.036082332778282307e+03
2.386372528555622466e+03
1.389162808574836617e+03
1.361285586429309433e+03
2.203364965851074430e+03
1.619587481468000078e+03
1.970847921709550747e+03
2.126952907265630074e+03
1.945966759905928029e+03
2.296808624101228816e+03
1.825313949705586992e+03
2.123734178549648732e+03
2.483660376559401357e+03
1.652475663876485214e+03
2.515745376578197465e+03
1.435811091576704939e+03
1.685344374781743909e+03
2.656337365550315099e+03
1.131958377993937575e+03
2.488512177301599422e+03
1.436018584189329204e+03
1.688021968278021404e+03
2.636501956564399734e+03
1.263111353964248792e+03
2.618601442271969518e+03
1.567509165102286943e+03
1.827610429915891700e+03
2.870326376272570087e+03
9.222308371767720701e+02
2.318096261714877528e+03
1.458794806210860997e+03
1.703731259935121216e+03
2.330762239097355177e+03
1.544851073906319698e+03
2.281565713199662696e+03
2.099373672944807822e+03
1.816129268711974191e+03
2.587216912043836146e+03
1.608684204264239497e+03
2.602075161310378462e+03
2.033073250766737374e+03
1.315455793275783208e+03
2.586931584717591250e+03
