2.486463286930997583e+03
2.311695046236619419e+03
2.007404878083217454e+03
2.023082041283912758e+03
1.946713806925002473e+03
2.610304620383245947e+03
2.761701237675144966e+03
1.358120027260339157e+03
1.420018593628528151e+03
1.127557415756592718e+03
2.319489720190666958e+03
3.072906713137833776e+03
2.028844256367292473e+03
1.855863908489566029e+03
1.421893255589336832e+03
1.970370449326045218e+03
3.042069354754761662e+03
1.803497184466956469e+03
1.437856381959506734e+03
1.651317532828137701e+03
2.429849994762182632e+03
3.180707590607827569e+03
1.844573984756063737e+03
1.123919208281580040e+03
2.054947363800375570e+03
3.113069133093029450e+03
2.225444741958930081e+03
7.816660989481233628e+02
2.008844207141025890e+03
2.764073855315248238e+03
3.035319929940207658e+03
1.279935802910026496e+03
9.658421352896592680e+02
2.428629891066375876e+03
2.474155098187606200e+03
1.640908860694543137e+03
1.986303165784987186e+03
1.200063197104395158e+03
2.385467611135912193e+03
2.309778663505350778e+03
1.723485143811351463e+03
2.495094519979322740e+03
2.248340822489641596e+03
1.777145619855655241e+03
1.582714657048270965e+03
2.559092468751671277e+03
2.829668970557918328e+03
1.457324495470645616e+03
8.714228150361024063e+02
2.275765083739887814e+03
3.389646460422789005e+03
2.460951754489704399e+03
7.254898026201807397e+02
2.132871896265946816e+03
3.288907614531660329e+03
1.952368546283245905e+03
1.797018950193921683e+03
1.769789853713471757e+03
2.244753185533816577e+03
1.989779958324438212e+03
1.550051157107156087e+03
2.712211025484932634e+03
2.284921366685879093e+03
1.722778475930787636e+03
1.326858030282161053e+03
2.450671033039141093e+03
2.725002985311894008e+03
1.568315671043364318e+03
1.452594458322898390e+03
1.890017427086095267e+03
2.813459821662381273e+03
2.236630400973073392e+03
1.242890631924088439e+03
1.632723118299171347e+03
2.253011018131889159e+03
2.821559698930553623e+03
1.952542258094090130e+03
1.274341762561552969e+03
1.759725727523729802e+03
2.620267659883817487e+03
2.279645023284393119e+03
2.293339943205972304e+03
1.686896185222870827e+03
1.661587925198433368e+03
2.103884000449560062e+03
2.004800157079533847e+03
2.207208097936405920e+03
1.898577792003090281e+03
2.038613307761137094e+03
1.603497864397859075e+03
2.183560878764238623e+03
2.586211927212381852e+03
2.226718940499497421e+03
1.856472427907361862e+03
1.510222103423708404e+03
2.311493464517564462e+03
2.515876103804797367e+03
2.090655889275740265e+03
2.145320778097025595e+03
1.188306272870727980e+03
2.109957715454879690e+03
1.418900168287443648e+03
3.581394792852920091e+03
1.185066784047386818e+03
3.113449748621385424e+03
1.181373278876706991e+03
7.770188131587126463e+02
2.514063532188888075e+03
2.237583028543691853e+03
2.453705134680121773e+03
1.541558614410527071e+03
1.446182396718834752e+03
3.093130512703682143e+03
1.757608513239262265e+03
1.878263956220737555e+03
1.828721536826018792e+03
2.343078009250516970e+03
2.546903073122096430e+03
1.581467825255036587e+03
1.397588327972853676e+03
1.999352137377331246e+03
2.733057922889133806e+03
2.362903735346224948e+03
1.712121504580801911e+03
1.526254071592695936e+03
1.758512856795211292e+03
2.302885857947233035e+03
1.899689427722413029e+03
1.853109046307835115e+03
2.004433645180506119e+03
2.171228046139119215e+03
2.390814406427904487e+03
1.945457301765437933e+03
1.478593180103167469e+03
2.169729415306790997e+03
2.724868330472418165e+03
2.390696958819063639e+03
1.647578969620317821e+03
1.358661495099201602e+03
2.436913704994180080e+03
2.728642149109747606e+03
1.325478166782609151e+03
1.633532456092788379e+03
2.913639072385477903e+03
2.112687278929376589e+03
1.549072748990255832e+03
2.128513675798328677e+03
2.433128119815039099e+03
2.360337240465744344e+03
1.621980544041763551e+03
1.399309991972765374e+03
2.419815272256403205e+03
2.422458336452989442e+03
1.771084036436576525e+03
1.442066153691068621e+03
1.958222801941485386e+03
2.550982623354367206e+03
2.338206779591082523e+03
2.130786522934527966e+03
1.703317951901899050e+03
1.667328484563842494e+03
1.587787738453866041e+03
2.083412307607845833e+03
2.309049555114792383e+03
2.147906984000182092e+03
2.472511298993555556e+03
2.363578648413010797e+03
1.636629376787769615e+03
1.668779171076029797e+03
1.701837623044800694e+03
2.720024364151193367e+03
2.106030068879525970e+03
1.797570005073325774e+03
1.521830596351193208e+03
2.432403728144207889e+03
2.987343806571169353e+03
1.996353316273761948e+03
2.066726326983226954e+03
1.541209173475329408e+03
2.511126066121950316e+03
2.502102370930266716e+03
1.952915341913395196e+03
1.600548159949885530e+03
1.801954271126024423e+03
2.324714144711491826e+03
2.074682895885485777e+03
2.572783436707602959e+03
1.568670893572202203e+03
1.880222389169998678e+03
1.814540292809000903e+03
2.264105245298076170e+03
2.163413147689248490e+03
1.823850676899151267e+03
1.854555931311080712e+03
2.065755092491765481e+03
2.592392233410930203e+03
1.970932446949123914e+03
1.688810592030002681e+03
1.820192837374120472e+03
2.463799393428193071e+03
2.407650242484812225e+03
1.751515908305635094e+03
1.698033176165742816e+03
1.700286533692267312e+03
2.669486952727711468e+03
2.189472191749524882e+03
1.786599743732672550e+03
2.267626484139642344e+03
2.107919231073321498e+03
2.361685530358726737e+03
2.082776123307065973e+03
1.967309454674528070e+03
1.966110436540084265e+03
1.500805327812890710e+03
2.160394640125895421e+03
2.483158210689939551e+03
1.582920528091976394e+03
2.184447974450813490e+03
2.283949655481050286e+03
2.542234363806114288e+03
1.552805466030904427e+03
1.465200348977577278e+03
2.734397513105013786e+03
2.529673446183558099e+03
1.626544214772454325e+03
1.303528762172767301e+03
2.593079193459607723e+03
1.604151506626525588e+03
2.750713715538948236e+03
1.321361515166732715e+03
7.980521226180273970e+02
2.118989151250259056e+03
2.664651306701717203e+03
3.113729431331559226e+03
7.220873663782248286e+02
2.266565409635190008e+03
2.783257044210366985e+03
2.005940505925914977e+03
2.122734288018122243e+03
1.429985465661283797e+03
2.679076780699352639e+03
2.737895978173697586e+03
1.101513975398796674e+03
1.563980012318823356e+03
2.149010171165720749e+03
2.312051868907760763e+03
1.762717126071544726e+03
1.791665915736943361e+03
2.122385202749393557e+03
2.317680070911443636e+03
1.988018181167277817e+03
1.645224795978705060e+03
2.098612981216188473e+03
2.468060346125879732e+03
2.177354183724682571e+03
1.636619161937800982e+03
1.729110790646181385e+03
2.631183470559579291e+03
1.877529074440178420e+03
1.643728633859040201e+03
2.014962557122432599e+03
2.316383994954984246e+03
2.114610542238289781e+03
1.631121159121856635e+03
2.394650199312131917e+03
2.325826317936908254e+03
2.079293927519040153e+03
1.516484354168830578e+03
2.168054370510454646e+03
2.569345432904000518e+03
2.113035274398400816e+03
1.617885648514682771e+03
1.586951856724062509e+03
2.722291433934064116e+03
2.343032089366643959e+03
1.383277213746862571e+03
1.550313654498839696e+03
2.852156467456151859e+03
2.688822616742660102e+03
1.389200411577718342e+03
1.277458794904994420e+03
2.272031158909338501e+03
2.725614057861548190e+03
1.805345104311296382e+03
