2.137441645931289258e+03
1.096498352072158923e+03
1.158840383005203648e+03
1.644405913683055132e+03
1.210366212079970637e+03
2.920205458331089631e+03
3.187637602898329988e+03
1.948289678672600303e+03
1.700392729266616243e+03
1.678039038678638462e+03
1.908376250795491615e+03
1.998928462175496634e+03
1.920160198228082209e+03
1.966456587953763119e+03
2.426182867701971645e+03
2.387456085280771276e+03
1.982312504174165497e+03
2.320210239963888853e+03
1.334767362792977565e+03
2.597743887843060293e+03
1.150757737940149127e+03
2.632665819902394105e+03
7.524239399673135722e+02
2.501447106015755708e+03
2.005852617238236007e+03
2.238870346761705605e+03
1.719496811090316442e+03
1.883540198549923161e+03
2.234531587280168878e+03
1.535681615853921130e+03
2.351916964513508447e+03
1.078858414899686750e+03
3.229977279120106232e+03
1.739155137144382024e+03
2.167254991671010885e+03
1.607377870319248586e+03
2.053734365712970884e+03
1.764436197718484209e+03
1.950233650555378517e+03
2.383107560019319408e+03
1.930381643001027214e+03
2.755978650914770242e+03
1.478283255971693279e+03
2.771196545642329511e+03
1.351049403072379619e+03
2.939700102586259163e+03
9.155129086113656740e+02
1.868997584101595294e+03
2.611506160234181607e+03
1.719424037472261489e+03
2.920018225924209219e+03
1.271694506373894228e+03
2.752948582907032687e+03
1.234061774580461133e+03
2.445934924588639660e+03
1.892376666906101036e+03
2.201384265629386391e+03
1.844360239315245963e+03
1.773071582320632160e+03
2.243416470619314168e+03
2.007734280395069845e+03
2.555174123106650768e+03
1.581736474286671637e+03
2.664584709366362858e+03
8.487316850193835762e+02
2.827594237838901336e+03
1.750711389970434311e+03
2.638236126251460973e+03
1.327331209586556270e+03
1.402229706403386217e+03
1.831483809661540590e+03
2.099896125119084445e+03
2.982255501725413069e+03
1.287308156156353334e+03
2.674056504670946197e+03
9.581999314312613478e+02
2.546884534121875731e+03
1.878320360464251735e+03
2.214573629032061945e+03
1.653402002972070250e+03
1.815593662837658485e+03
2.273485526832988853e+03
1.883339140782381492e+03
2.673877059341598851e+03
1.200772393643552050e+03
2.192307446175203495e+03
1.502250997173099222e+03
3.605569067537544470e+03
1.885050836834056781e+03
2.137180160715980946e+03
1.297480925636139773e+03
1.405084732377455566e+03
3.463280646616609829e+03
1.515502735768077628e+03
2.948068332083264522e+03
1.258730588605310913e+03
2.779988286753343800e+03
9.357970761349038185e+02
2.485375705154058778e+03
1.971025273959973219e+03
2.148382899566988726e+03
1.705065855105656055e+03
1.772929570063387928e+03
2.399081395787155543e+03
1.742091573509170075e+03
2.882150279903321461e+03
1.006972786374174689e+03
2.590994466884620579e+03
1.738672067510435909e+03
2.991269599963686233e+03
1.075043493702532260e+03
2.233032331544100543e+03
1.270605311428356799e+03
1.900745263190214018e+03
3.255114119229792777e+03
1.442522396344639446e+03
2.676674417705176438e+03
1.158859534424017056e+03
2.279357207850337090e+03
1.887870457453987456e+03
2.334038456508542822e+03
1.854063061581764259e+03
1.917924120725835337e+03
2.373548443946084262e+03
1.783749293690985724e+03
2.349226304577055998e+03
2.374741678207384666e+03
1.112445886652097215e+03
1.925637594305835364e+03
2.064842758879769917e+03
2.226347434928361054e+03
3.322699955894634513e+03
9.969434793787429498e+02
2.809737753966795026e+03
2.278056929685375849e+02
3.890002106330191964e+03
1.549324682394809997e+03
2.126757134898194636e+03
1.300691516933989078e+03
1.113740122658157134e+03
2.877311532048932804e+03
1.748179698002860505e+03
2.848726195851251759e+03
1.207011094854567773e+03
2.233714017510471422e+03
1.993357670775631277e+03
2.167279672129145183e+03
1.839883340542552332e+03
1.741132024156439229e+03
2.314520423473876690e+03
1.750019914124182151e+03
2.261499530410646003e+03
2.062579656801921828e+03
1.739624045913550390e+03
2.965230848977913411e+03
1.260215357242737809e+03
3.140155070690025241e+03
7.180360215962124357e+02
3.915570319635718988e+03
1.507820994792908095e+03
3.286353565514884394e+03
3.236604800834765570e+02
1.688225480806197311e+03
2.342621606016688474e+03
1.967064940484168574e+03
3.543211940683695502e+03
7.315381335393296922e+02
2.870242482759581435e+03
7.922824532951357241e+02
2.659407209555197824e+03
1.986212811639630218e+03
1.688052177891198880e+03
1.899520471920127420e+03
1.723884258127596695e+03
2.588389406336318189e+03
1.684435802929962392e+03
2.316571275521892858e+03
1.538636120025410264e+03
2.052881452522676227e+03
2.577504480636443532e+03
1.677048457136374509e+03
2.680882432400913785e+03
1.181052242234757614e+03
2.594371182133344064e+03
1.734036928424920006e+03
2.608868004715227016e+03
2.385929116962163789e+03
1.394757760568539652e+03
2.174335813158827023e+03
1.517469980802639157e+03
2.568756770795489501e+03
1.787478692569047553e+03
2.200120922556059668e+03
1.683163185463422906e+03
2.070150839392608759e+03
2.392887675267344548e+03
1.804275268005351791e+03
2.695735844615000588e+03
9.523153495582379264e+02
2.763892519457577237e+03
1.620690376448888401e+03
3.533441007076924507e+03
9.141634768418339263e+02
2.298489932300896726e+03
4.242965719005662777e+02
3.704058570864353896e+03
2.269815202125549149e+03
1.787680903406224843e+03
1.582225888637756952e+03
1.132000928951354354e+03
2.304145232267336269e+03
2.104162656000713923e+03
2.487438775012176848e+03
1.799861681196145810e+03
2.161504698155908045e+03
1.421174518105546440e+03
1.940631768338798111e+03
2.732827321736325302e+03
1.331592189125224422e+03
3.316534783818561664e+03
8.012995541054731348e+02
2.936558217433001573e+03
6.659552126622584183e+02
3.484843976884966196e+03
1.373364746432429001e+03
2.207164156189387995e+03
1.648488096807629063e+03
1.647595661068965910e+03
1.751295742868963771e+03
1.932950614467197283e+03
2.534813356882584230e+03
1.644028680263504157e+03
2.179373893710255288e+03
1.573947877137963815e+03
2.111885504316979677e+03
2.098146510159169338e+03
2.229741507649444884e+03
1.975413530060596258e+03
2.313765175239141627e+03
1.472940229595623350e+03
2.385976801579482071e+03
2.598742355784128449e+03
1.807504812898571572e+03
2.054570963098073207e+03
9.276276932768701045e+02
2.534803641921076178e+03
1.909839109909074978e+03
2.938157883259834762e+03
1.139008121500653942e+03
2.200172710871061099e+03
1.756334377155156744e+03
2.410584662461751577e+03
1.823824750409225544e+03
2.159956449941794745e+03
1.695518256593793012e+03
2.179282301677401392e+03
2.241196354679757405e+03
1.915643384849253607e+03
2.322304602308608082e+03
1.259444648759789288e+03
2.476406963008030289e+03
1.808492334816012772e+03
3.478659870169858550e+03
1.130540915032565181e+03
2.790900363847905737e+03
5.327205991315430538e+02
3.314272806251270140e+03
1.593128136832728160e+03
2.640236303545741066e+03
8.822184094367123635e+02
2.019790147888646061e+03
2.326389129794241853e+03
2.149373804791083330e+03
1.957286431192778309e+03
1.742333208565217546e+03
2.035883604375782397e+03
2.057793654553076976e+03
2.554068219622934976e+03
1.645359745055987560e+03
2.091631836596358880e+03
1.263273187458252323e+03
2.870642387836484886e+03
1.825044298545065203e+03
3.272097262538904943e+03
