1.927436679758245873e+03
2.526793243529644769e+03
1.944008074658742316e+03
1.467582447103240611e+03
2.027343040665473382e+03
2.610839104822568970e+03
2.122965135278904199e+03
1.605855918707326737e+03
1.939049527868279483e+03
2.067721920438344569e+03
1.988792136716833966e+03
1.899858853966415154e+03
2.360722995829819411e+03
2.347209945266779869e+03
1.446114296313837258e+03
1.842864641007837008e+03
2.358064224035131247e+03
2.530458801128167579e+03
1.621731742342902862e+03
1.660126872386416153e+03
2.461966016966394818e+03
2.191841406365812418e+03
1.670236194779878815e+03
1.910915488198789262e+03
2.266781644904444875e+03
1.952972105687812927e+03
1.938928865876435566e+03
2.391221356363364976e+03
1.743843263484985755e+03
2.053551969042583551e+03
2.354954951292043461e+03
2.102457926268943083e+03
1.575580582974793288e+03
2.200049645090546619e+03
2.659363504537771405e+03
1.970404751057154499e+03
1.488865709389686572e+03
2.285463336609465841e+03
2.682514085765985328e+03
1.721805061983013047e+03
1.690895853069733448e+03
2.460307634370152755e+03
2.178676024865327236e+03
1.625145980932266411e+03
1.953986078384372149e+03
2.339580688866756191e+03
1.817281401810977968e+03
1.868757443146655760e+03
2.422994853193060862e+03
1.684798306136724932e+03
2.024847298154662667e+03
2.327216038309893975e+03
2.105306696471386658e+03
1.596993078712592705e+03
2.029685892322836935e+03
2.780321979437439040e+03
1.850360928240377461e+03
1.410618958885705752e+03
2.709342753751287091e+03
2.429726632256868925e+03
1.802133716748291135e+03
2.129723603835063841e+03
2.601953827080489646e+03
2.143662898474764461e+03
1.802776836453987471e+03
2.311829324532128339e+03
1.498173041382090787e+03
1.844221886008427418e+03
2.769965081834173816e+03
2.238416898449262590e+03
1.230258886281209925e+03
2.210692613803060794e+03
2.484479085870314520e+03
1.807425473771727411e+03
1.845897167965820245e+03
2.197043831843416228e+03
2.208923804585756443e+03
1.792575125145348466e+03
2.129456402423927557e+03
2.207538005872795566e+03
2.027806537085182072e+03
1.983692188728849715e+03
2.093067060245792163e+03
1.927921969631965567e+03
2.111153429016891550e+03
1.977274790503114900e+03
2.182164669864529969e+03
1.960507076246560473e+03
1.916390336543385729e+03
2.033936265167324109e+03
2.134509141579444986e+03
1.581638366445856263e+03
2.146142858991079265e+03
2.569196226865062727e+03
1.646631057829551310e+03
1.650414475208627664e+03
2.557793512335710602e+03
2.594956632171558795e+03
1.335162338097321935e+03
1.513603089504330910e+03
2.725228511716360572e+03
4.030509305182420121e+03
3.307348873325776140e+02
6.708699533197882374e+02
2.804053361132560894e+03
1.635561352826046459e+03
9.653999756626258204e+02
1.942785162100877187e+03
2.015517494688703891e+03
3.470717507364968242e+03
8.123544690492647078e+02
1.479415932309760592e+03
3.400095185748176846e+03
5.416851496779700028e+02
2.596522383678380265e+03
8.707289608051404457e+02
3.364916016386104729e+03
1.369533339775628292e+03
1.581430203597858053e+03
8.996152929818233588e+02
2.707621649853324925e+03
2.372495498216979286e+03
2.088276709849325016e+03
2.259040957821133361e+03
2.275932957234141213e+03
1.832867058139933988e+03
1.718506509614544939e+03
2.241005191527689476e+03
2.261468267536508847e+03
2.119034275298815373e+03
1.465666347638689786e+03
1.941242280775995823e+03
2.424436036655370117e+03
2.077260945393932161e+03
1.437710384608770710e+03
1.461307905017237545e+03
2.490663077759003500e+03
2.751659218844570205e+03
2.056245011629543114e+03
2.356703316914557945e+03
2.192445279528457831e+03
1.223329148381837058e+03
2.119417408424865243e+03
2.709396617080839405e+03
1.991655018669473293e+03
1.769737002329169400e+03
2.010050965971181540e+03
2.168374753585638700e+03
1.882966855888515283e+03
2.168417420584835781e+03
2.699653543645144509e+03
1.274823225348578490e+03
2.029385536632621097e+03
2.762960207909442488e+03
1.734567965352547390e+03
1.779811403986862160e+03
2.189312778864656138e+03
2.034095543883384607e+03
2.182193668040810280e+03
2.482239403389203744e+03
1.584276781273678807e+03
1.216603215765461755e+03
2.991307667098762522e+03
2.588941421079604424e+03
1.258916218570043384e+03
1.932269250964527146e+03
2.383730196171401531e+03
1.662871948436660205e+03
2.028438127463009096e+03
2.253556517148539569e+03
1.397907147847891565e+03
2.000012575954243175e+03
2.807727235076456054e+03
2.606442099236985541e+03
1.509952802660441193e+03
1.533949333896532607e+03
2.067643657834219539e+03
2.377631051557351839e+03
1.876743999760321685e+03
2.434907848179305347e+03
1.847687652521266045e+03
1.498705013482648610e+03
2.513970555628307011e+03
2.396949076910179429e+03
1.595194383708549367e+03
2.022366549256250664e+03
2.405581561769808104e+03
2.215770057404807631e+03
1.744065375669544665e+03
2.130746913437862077e+03
1.832527229757517262e+03
1.795727491708094249e+03
2.175466206127240639e+03
2.182050724721629194e+03
1.353247110734515218e+03
2.177266323452720371e+03
2.699244010800969590e+03
1.726258060766861263e+03
1.623112465627864140e+03
2.581504577567571687e+03
2.215447583807657338e+03
1.803387183980398049e+03
2.123328893190591771e+03
1.933372786327553285e+03
2.085636695903843702e+03
2.310372755155446612e+03
2.456152645706337353e+03
1.318972226583582369e+03
2.000367746808011589e+03
2.720852870186222844e+03
1.816537595230199258e+03
1.485145377290082024e+03
2.335122884874162992e+03
2.485201158552421930e+03
1.756934989760921781e+03
2.060342876102693481e+03
2.230990180478297134e+03
1.661331569544795684e+03
1.966666934626978446e+03
2.399370560462244157e+03
2.177153011352521389e+03
1.200857185975556376e+03
2.071312102455799504e+03
2.942976725082626672e+03
1.881586467702837126e+03
1.815699141876302065e+03
2.260380488337390034e+03
1.352722537793694073e+03
1.651112996343928671e+03
1.092568081101012467e+03
2.583840070493712574e+03
1.094501848545194434e+03
5.938592062349166554e+02
3.215056946542943479e+03
2.498030073203082793e+03
1.019528985726180622e+03
2.088502419397815629e+03
2.569907131891985955e+03
1.918735459797121848e+03
1.918661154390537604e+03
2.068055341779645460e+03
2.093877267025679430e+03
1.866568353992462789e+03
2.436449655938403794e+03
2.305161138578079772e+03
1.237067559870131390e+03
1.963096254093497919e+03
2.216861833234398091e+03
2.314487885499186632e+03
1.908764942495403602e+03
2.244083067785780258e+03
2.172416372209262136e+03
1.892830139457832729e+03
1.968046546355503324e+03
2.344227308701098991e+03
1.789018072171038057e+03
1.240394690539786779e+03
2.373293570509580604e+03
2.570903870077869215e+03
1.477117007127613078e+03
1.684083431413007247e+03
2.391829540320512024e+03
1.945354911559819357e+03
1.963747305537958255e+03
2.326585041427602846e+03
1.795770513679957048e+03
1.978397192542423682e+03
2.683395407092367350e+03
1.728511049140675141e+03
1.387998767538651919e+03
2.652442863336803384e+03
2.410741712069455843e+03
1.717680364830136568e+03
1.905369058865964917e+03
2.129672938384662302e+03
2.031701784599142684e+03
2.189076140110260440e+03
2.499031558270026835e+03
1.399280928411235891e+03
1.980010215823347835e+03
2.740882930422063509e+03
2.050905991969398201e+03
1.326342607847105455e+03
2.051607241590311332e+03
