1.839617970705900461e+03
2.433989464946153475e+03
2.447659334449055223e+03
1.657889561768259227e+03
1.442195953776162241e+03
1.593605090508837065e+03
2.393761793696470704e+03
2.828935004743980699e+03
1.675914400692595564e+03
1.238823019934175363e+03
2.292169713134524045e+03
2.738692820812490481e+03
1.922198681814452129e+03
1.301241451232379177e+03
2.131944249849604148e+03
2.283216773458943408e+03
1.710836527436160168e+03
1.883544901442728360e+03
2.464671292492413613e+03
1.894633231489977334e+03
1.843668086202140557e+03
2.429003210242543446e+03
2.575221829639405769e+03
1.481708656514326776e+03
1.470869637209616258e+03
2.593064684509289691e+03
2.685010502491280022e+03
1.035166943942912667e+03
1.777689284011868040e+03
2.608903055595971637e+03
1.585838873109191809e+03
1.446857931420051727e+03
2.399949259109336253e+03
2.376308608225639091e+03
1.558296076617795734e+03
1.766029653471181746e+03
2.483459444214877749e+03
2.537947601099211170e+03
1.804270900625833292e+03
1.586632546039649469e+03
1.738363364151803125e+03
2.186611806630737192e+03
2.489957280749090842e+03
2.189336435704646647e+03
1.723470889512635040e+03
1.876196208393439292e+03
2.821905464087913060e+03
2.446796165511449090e+03
1.214214080233275354e+03
1.445440283922141134e+03
2.462349664089118960e+03
2.784596843958127465e+03
1.829343612870013885e+03
1.070500003323615829e+03
1.986371046998277052e+03
2.507047537852649384e+03
2.664222309689312169e+03
1.767331959319800717e+03
1.722509085563016924e+03
1.742871614866212894e+03
1.949643060235985104e+03
2.177753298002078736e+03
1.992859684013187461e+03
1.882656167043783626e+03
2.134130797378351417e+03
2.230837663906672333e+03
1.699741618048054761e+03
1.948657487350232486e+03
2.502646162521671613e+03
1.820071069915333965e+03
1.767976490689365392e+03
2.610445245288572096e+03
2.565168694649089957e+03
1.248402214773183232e+03
2.069872430517610155e+03
2.808113258643567860e+03
1.675636532779935123e+03
1.251744605590874698e+03
2.013513339857586061e+03
2.441472291679916907e+03
2.225630969149338398e+03
1.868032906465238739e+03
1.915932448160680678e+03
1.734469977978584211e+03
1.858963764815922559e+03
2.260650818598739079e+03
2.374113378677959645e+03
1.955520600077201379e+03
1.708987320850514834e+03
2.314270183457189887e+03
2.492286955794764708e+03
1.939160961148623755e+03
1.474529779257840573e+03
1.748617765220544470e+03
2.138320829501145909e+03
2.297626641233537612e+03
2.140533132647823095e+03
1.849154500920065630e+03
1.466591369111274844e+03
1.597762451841024586e+03
2.261213223259930146e+03
2.625561919867941924e+03
2.124209701737554951e+03
1.479602824542308326e+03
1.687738413593050382e+03
2.280467057252551967e+03
2.493411352344079205e+03
1.842999173589047587e+03
1.739116662316978591e+03
2.405067986737139563e+03
2.748992346560388341e+03
2.075218446744486755e+03
1.266989378769752420e+03
1.457710306027499200e+03
1.967062559477621107e+03
2.312782795342672216e+03
1.994346710018670365e+03
1.629252579995106998e+03
1.932428913229445925e+03
2.589278925183756201e+03
2.554330634992111300e+03
2.440513846488128820e+03
2.605265226660730605e+03
1.954353110973983121e+03
1.073396710134408295e+03
1.621910379945601562e+03
3.787627677430300992e+03
6.665328279689757665e+02
1.501586483810932805e+03
2.086134836769204867e+03
2.295205950531661529e+03
2.267820926407634943e+03
2.154104618623192437e+03
1.922983071378517707e+03
1.746347066026820585e+03
1.927183089866859291e+03
2.184425683202217442e+03
2.087562125790721439e+03
1.775618209197348051e+03
2.068536528775946408e+03
2.389859266128592481e+03
2.595163417107366968e+03
2.384279389407218332e+03
2.101431998655689313e+03
1.847571475605314163e+03
1.499014638887988212e+03
1.909486969714281713e+03
2.192697128310889184e+03
2.343277184364366349e+03
1.397883734484858223e+03
1.112302220098048792e+03
2.243018155142530759e+03
2.615466459415576082e+03
1.009180382086278996e+03
2.444465612684159623e+03
2.657940750414657032e+03
1.236903022392667935e+03
2.687671979588844806e+03
2.307165140855143363e+03
1.264647223271500479e+03
2.183844990115544533e+03
2.771225950667537745e+03
2.178814338712974859e+03
1.424362715187201275e+03
1.802758484548108072e+03
2.014355086401963490e+03
2.279701539568558474e+03
2.061632288632878954e+03
1.696523065516437555e+03
2.104107281584116208e+03
2.446910452274068120e+03
1.494850057903048310e+03
2.005600727565497436e+03
2.708594461310820407e+03
1.425603961187704272e+03
1.437106822320661649e+03
2.628071099987689649e+03
2.624345746811043682e+03
1.139272020151657671e+03
1.519911247282523391e+03
2.986811997666160096e+03
2.380485974691292085e+03
1.553961561677339432e+03
1.602929189254653238e+03
2.260015145692339502e+03
2.018383228623253672e+03
1.787037077624755057e+03
2.007968740622404539e+03
2.251508259750178240e+03
2.176543641100590321e+03
2.062063333680689993e+03
1.711462728148627775e+03
1.746253763782257693e+03
1.996389225885830911e+03
2.368233797632225560e+03
1.783104699747123732e+03
1.747470575864410421e+03
2.500042287068241876e+03
2.667363249201324379e+03
1.447027337769584619e+03
2.166216792539751623e+03
2.723534425179090704e+03
1.596763304690136920e+03
1.593030051620222594e+03
3.027825717046566751e+03
2.323908815254234469e+03
9.848250595337938194e+02
1.936317521912546908e+03
2.785470334995339726e+03
1.432524209581506966e+03
1.574157184364616796e+03
2.546752208582483036e+03
2.510302378883415713e+03
1.443751748779885929e+03
1.825466856284670712e+03
2.447184373793531449e+03
2.194972295648758063e+03
1.674765555674822508e+03
1.796267048401332886e+03
2.326522041727515898e+03
2.093526851147972138e+03
1.644481290816947876e+03
1.731650078063760020e+03
2.052084844737126332e+03
2.345418665322884863e+03
1.822609701946347741e+03
1.853596356733624134e+03
2.202887913232018946e+03
2.069336971051376167e+03
1.718837903020414160e+03
1.974005364977607542e+03
2.833914321050683611e+03
2.183591628244803815e+03
1.849821171588986317e+03
1.820526530221748772e+03
2.215237567764092546e+03
2.484508015090094432e+03
2.314506528301863909e+03
1.946755810172217025e+03
1.261311838830565648e+03
1.663005408241743226e+03
2.455214231694094451e+03
2.702219566171007045e+03
2.068624186893131537e+03
1.681999495910149335e+03
1.901039471274832977e+03
2.736500163253107985e+03
2.279212106226529158e+03
1.128431624662622198e+03
1.526716182569927469e+03
2.275437574661495091e+03
2.596120283901593666e+03
1.869568628392565188e+03
1.344918178795907124e+03
2.168023261754293344e+03
2.865278159396943011e+03
2.091322188888807887e+03
1.226976669639512011e+03
2.256493374192836654e+03
3.252442813788592503e+03
2.028754700069629962e+03
8.966649255877662199e+02
1.448261042556689063e+03
2.276947068254646183e+03
2.266162109123673417e+03
1.992995765371648531e+03
1.754889613919350268e+03
1.805718326250562768e+03
1.842834452619413469e+03
1.974262001325050505e+03
2.243316931656543602e+03
2.303805935643134944e+03
1.970001675049719552e+03
1.735451601236895158e+03
2.378201598512340297e+03
2.484421139372256675e+03
1.657233362714612667e+03
1.913045841674164421e+03
2.960741731070295373e+03
2.374460066463482235e+03
1.365259859120438705e+03
1.866310563285182070e+03
2.748732660776211105e+03
1.549170125956378115e+03
