1.638371405798453907e+03
1.622301570061998518e+03
1.806137712232483864e+03
2.533633654096802729e+03
2.149723090473773937e+03
2.348284437073657045e+03
2.700939132416237499e+03
2.317186421954587331e+03
2.326254042053896228e+03
2.290186982166427697e+03
1.751810050044213085e+03
1.424026516730681351e+03
1.563159581109717465e+03
1.521062965582580091e+03
1.417842418419759042e+03
2.273913441899376267e+03
1.942320645547818231e+03
2.123753386151534869e+03
2.590066394247170138e+03
2.392931690047127177e+03
2.021165812265425302e+03
1.726106882905894963e+03
1.988327735903140592e+03
1.517680576723611011e+03
1.725359616687474499e+03
2.236870233946523058e+03
1.831435603705471294e+03
2.437470061918274496e+03
2.437693052212090606e+03
2.212502982845167026e+03
2.217514281463890256e+03
1.950686595316863986e+03
1.612306675638081060e+03
1.550314926838991369e+03
1.802007927123375566e+03
1.862864886607198059e+03
2.653517041945753135e+03
2.030729724003841056e+03
2.140911208485900715e+03
2.030300049894740823e+03
1.729761688049179156e+03
1.440026320275671651e+03
1.872103057531670629e+03
1.848110157678017913e+03
1.785036969900047552e+03
2.466393820800598405e+03
2.290192277852484494e+03
2.224094824314851849e+03
2.398498476315990956e+03
2.079038865846488989e+03
1.719414328458183036e+03
1.888167610842675231e+03
1.510099004527090528e+03
1.649474921983892045e+03
2.254972555427437783e+03
2.219098129704374060e+03
2.227798160591440137e+03
2.337642411240608453e+03
2.079806791380588493e+03
1.618598220733861126e+03
1.927273055245033220e+03
1.991049947219502656e+03
2.388660473292306961e+03
2.724670267712443547e+03
2.196771861570540295e+03
1.481697500638648762e+03
1.558667291657208580e+03
2.320157659792399500e+03
2.339822222906710067e+03
2.689362698264682876e+03
2.212740763857877027e+03
1.595001878346666444e+03
1.214058044358730740e+03
1.756914356365667800e+03
1.584694989738340610e+03
2.347877004265291816e+03
3.007816826307867359e+03
2.030744310305471117e+03
1.713716786689454921e+03
1.704883813694863420e+03
1.482629163686029642e+03
1.591700763564221916e+03
2.001964841220425114e+03
1.823199062791984716e+03
2.016435752800086675e+03
2.239366817292367614e+03
1.951496519591599736e+03
2.179432157417804774e+03
2.115968243964035992e+03
1.898831232385285375e+03
1.933679394470660100e+03
1.903879421881823191e+03
1.703359846530898039e+03
1.891176280696067806e+03
2.393427876042029311e+03
2.498670373142811059e+03
2.346246452551423772e+03
1.826559995636793246e+03
1.737337091863354544e+03
7.459857743036231170e+01
3.225858078302210288e+03
3.559422492917794898e+02
3.562041403833479762e+03
3.214325574713406240e+03
1.577521904853856768e+03
2.799192223497084797e+03
2.031038899433960523e+03
1.910201852915323116e+03
1.628825421447400231e+03
2.168749851151894745e+03
1.440320581299087507e+03
1.922111263206942567e+03
2.070932735943422813e+03
1.794140789100898019e+03
2.649741415901738492e+03
2.109242603377279920e+03
2.568794883995761211e+03
1.762037959174711204e+03
1.622020697263043758e+03
3.119078161342170915e+03
2.285021436883597289e+03
1.955728327231667436e+03
1.919627198781116476e+03
1.770583999193097725e+03
1.741372004067645776e+03
1.940233970356705413e+03
2.042570621910148020e+03
2.076613375866279057e+03
2.187193396204852434e+03
1.898754642201952265e+03
1.938804193263055367e+03
2.042357074505323226e+03
2.417564263848976225e+03
2.284576542144932773e+03
2.078365055913835022e+03
1.771318123091803500e+03
1.823535578553121013e+03
1.741435851889792048e+03
1.738636470539604716e+03
2.184002685099891551e+03
2.208656143656140102e+03
2.314250577039243581e+03
1.988477201971144268e+03
1.763959688295328306e+03
1.585701900244817125e+03
1.830144262033628365e+03
2.513802178705476308e+03
2.417691841205581568e+03
2.392469866867109431e+03
1.942145594796679234e+03
1.664755628883665622e+03
1.435202673282004525e+03
1.756474075928955472e+03
1.778738220729851037e+03
2.367441622799717607e+03
2.492790390649857727e+03
2.453898553767900921e+03
2.109831377175414218e+03
1.809521832462943621e+03
1.596391644871472181e+03
1.648851928368188055e+03
1.893993433704831887e+03
2.009451113044165140e+03
2.585457092201732848e+03
2.520965317549525025e+03
2.345799453439783974e+03
1.915346781751804656e+03
1.673376886316436185e+03
1.592371281687462897e+03
1.444129984368168152e+03
1.512440669600521687e+03
1.240209671151701514e+03
1.576883292123236515e+03
2.131452712692253954e+03
2.275499576962258288e+03
2.671429389439565512e+03
2.277534715082794264e+03
2.024558629618363057e+03
1.537145594109434569e+03
1.651507827937486582e+03
1.693695005082195166e+03
2.279917042471420245e+03
2.605056954968508308e+03
2.577744930575793205e+03
2.536495642978235992e+03
2.105544843347397091e+03
1.925612545472693910e+03
1.376536211190129507e+03
1.373026094158675505e+03
1.564161517505418942e+03
1.775203024910084878e+03
1.739627869366138157e+03
2.119972860234422569e+03
2.495868367117426260e+03
2.411057062993850650e+03
2.315458650471567125e+03
1.822790789401901066e+03
1.788544350884261576e+03
1.724328721884794504e+03
1.543672386398066919e+03
1.459814901254367896e+03
1.584134972926527325e+03
1.828956071242375401e+03
1.944948802297174097e+03
2.316421047127675138e+03
2.349706760232241322e+03
2.285115324921182037e+03
2.019167615325309498e+03
1.914322574738316007e+03
1.587361389095673076e+03
2.136500727914952677e+03
2.338875204160267458e+03
2.494863703628019266e+03
2.696935233497458739e+03
2.195713641683632886e+03
1.759260985217280222e+03
1.148646793069499608e+03
1.662669570134879450e+03
2.017502595977127385e+03
2.887681603778285535e+03
2.666200572614628527e+03
1.929488752683575740e+03
1.593158253898737030e+03
1.261459056816544262e+03
9.719264269248783421e+02
1.744287464981035555e+03
2.732552285212073457e+03
7.266900740727980974e+02
2.541896634698839989e+03
1.933360174386046538e+03
1.381263788499720249e+03
1.925116923345672831e+03
2.079323695907645742e+03
2.257150493113353150e+03
1.934338465481452431e+03
1.946026912199129129e+03
2.224018810922800640e+03
2.258482473168561683e+03
2.338751038892521137e+03
1.709310473247805021e+03
2.034610234320597783e+03
2.061105593124626012e+03
2.385586032509061624e+03
2.613654659589457879e+03
3.125619502026035207e+03
2.080077215460995376e+03
1.655434550257459932e+03
1.710759190923104143e+03
1.700827600037492402e+03
1.636007709307813002e+03
1.672190772077364500e+03
1.976300380081478806e+03
2.161300126777044625e+03
2.094643089374560986e+03
2.396757735710068118e+03
2.187459509018875451e+03
1.900300306471590829e+03
1.945917677607671067e+03
1.518090707465184096e+03
1.663471982040231296e+03
1.805281906888646972e+03
1.993117114234373048e+03
2.172809130330330390e+03
2.460155759918974582e+03
2.605216198433257887e+03
2.339355192908608387e+03
2.630449294294548054e+03
2.194699402382267635e+03
1.768261950297453268e+03
2.025957271996147483e+03
1.746733779652866815e+03
1.450992670466783920e+03
1.660972348464815695e+03
1.253210453990450560e+03
1.614875338806421041e+03
1.893975983202278258e+03
2.377427756192570996e+03
2.306790376827943874e+03
2.349800680191667198e+03
2.241271151419388843e+03
1.749140056914437309e+03
1.799603149874387100e+03
1.624892276680166560e+03
1.728156332169887037e+03
