4.127272016078772140e+03
2.040854553697758547e+03
-1.750565606836673282e+02
3.387272310697770990e+03
3.858690456781627290e+03
1.880270718834959780e+02
3.068205950864326041e+03
2.453134742621255100e+03
8.701237307490714556e+02
2.936918286121922392e+03
2.190039643671516387e+03
7.881538404569458862e+02
2.622473776180970617e+03
2.269459105162120977e+03
2.525401321746011490e+03
1.070939071535400672e+03
2.517336470298297172e+03
1.974834584842776849e+03
1.548327987960341034e+03
2.584147589574904941e+03
1.769127829298708548e+03
2.016388277162170425e+03
2.320309121633562427e+03
7.262681614022189933e+02
2.767856711967763204e+03
2.412765392202821204e+03
8.497073024498433824e+02
3.165000484772849632e+03
2.190832645861734818e+03
7.821938954243526041e+02
1.054334853324847018e+03
4.178642148062689557e+03
2.120987893385388361e+03
1.709600974994194530e+03
2.268968187477154061e+03
2.125005709568401016e+03
2.331457117357209427e+03
2.744288243588453042e+03
1.288263482220463175e+03
1.957211856700599128e+03
1.739981021930285124e+03
1.570234106355029326e+03
2.463671509479595898e+03
1.177486911881340120e+03
2.388212912511762624e+03
2.226287809710030615e+03
1.545683853135251638e+03
2.639658701386213579e+03
1.279148870074280239e+03
2.353241591413484002e+03
2.641371571520824091e+03
8.142728862983675526e+02
2.773804770728304447e+03
2.174043311303336850e+03
1.085292075075629782e+03
3.036467842096317781e+03
1.090414309725715384e+03
1.705489442802281474e+03
2.587724055393710842e+03
2.938728140319044996e+03
1.916522047803237911e+03
1.158276854652039219e+03
2.886569026417486839e+03
1.332882069918174466e+03
1.419716360402795317e+03
3.085389177529883000e+03
1.784177256764889762e+03
1.196131611614948952e+03
3.183757311790142467e+03
1.776921386868711579e+03
1.248435305313394565e+03
3.044481811054281025e+03
1.811052889045749225e+03
1.530147028033595689e+03
2.681976507664716337e+03
1.549855136791867153e+03
1.897602065007690044e+03
2.773451846151554037e+03
1.440884889274987700e+03
2.139757713772883562e+03
2.840771571846587449e+03
8.958561688396431464e+02
2.612351343702205213e+03
2.419168185862009068e+03
1.352070240634805486e+03
2.799527568539751428e+03
1.073764884420529143e+03
2.516469881815810368e+03
2.655266824522646402e+03
8.390265425362418910e+02
2.714216200909639610e+03
2.019962792264792142e+03
1.232316901853283753e+03
2.886202488323081070e+03
1.119013524119895692e+03
2.386552560656122296e+03
2.744359450208386988e+03
9.553496563971417572e+02
7.827762658067100574e+02
1.928983224464604064e+03
2.653865636739574256e+02
4.236735664302675104e+03
1.840119532788594370e+03
2.802337184986927241e+03
2.834139518562902595e+03
1.484270737813891856e+03
2.824298695313386816e+03
1.664844849206454683e+03
1.900348457958421932e+03
2.703178777232030825e+03
1.369737672502399619e+03
2.952231964203532243e+03
1.485477071668383360e+03
1.337342281172644789e+03
3.064070306340187926e+03
1.669826147767862039e+03
1.916413347285488953e+03
2.016553150228050526e+03
1.575769233447745364e+03
2.467425216277324580e+03
1.859150072465818766e+03
2.108253887683403718e+03
2.555775997357175129e+03
1.527365271097766936e+03
2.329782331882993276e+03
2.284657121010284754e+03
1.464353457433766152e+03
2.500357182914012355e+03
1.979357153786088929e+03
1.493914023647166232e+03
2.722413771250671743e+03
1.692215122516333395e+03
1.555140532646097199e+03
2.770224901307623895e+03
1.486794783380388026e+03
2.071821785962558806e+03
2.813024661296955856e+03
1.315255550013924221e+03
1.605057321487814988e+03
3.094262553724480767e+03
1.951654840150373502e+03
5.276700262438320124e+02
2.997312114507225033e+03
2.531126773950233655e+03
1.084415162305753711e+03
2.670316160718021365e+03
2.211783159871909447e+03
1.414029299535810878e+03
2.678383520805359240e+03
1.826604957674126808e+03
1.715308306352400223e+03
2.710211798434933826e+03
1.521511970826352353e+03
2.323236415021318862e+03
2.395209563047760184e+03
1.265763059663413742e+03
2.556172964138574571e+03
2.514395433360055449e+03
1.315264417792463746e+03
2.045302397109282538e+03
2.792358252591158816e+03
1.443867301147730814e+03
1.783383956464208495e+03
2.601984130047314011e+03
1.425901065739621572e+03
2.335372773185757978e+03
2.427308283384075366e+03
1.156637186683215759e+03
2.745659523819330843e+03
2.290689181848636508e+03
1.152097713177760852e+03
2.921444842797604451e+03
1.519965715206187724e+03
1.097492897575713414e+03
2.743686070792964529e+03
2.206854358917151330e+03
2.978113759181352179e+03
7.463534315332835831e+02
2.578867913949261947e+03
2.747468872871807889e+03
9.233948093732922189e+02
2.551619416012309102e+03
2.094410718404518775e+03
1.424315224955454369e+03
2.976685958356235005e+03
1.913811991311385100e+03
7.781049486719563220e+02
3.358052537348123678e+03
2.131232399737176365e+03
9.687325427294272231e+02
2.970549141974502618e+03
2.493240254788503989e+03
1.404570351694337660e+03
2.019095081338383579e+03
2.369045702551426984e+03
1.051670499977148665e+03
2.776922705600904919e+03
2.068440856625117704e+03
1.743241971194727284e+03
2.722756471012414295e+03
2.066590474494180853e+03
1.636039669449115536e+03
2.778714318564437690e+03
1.646320184964435612e+03
1.144351753734674276e+03
1.138082904752945410e+02
4.014351844250335489e+03
3.554660845832820542e+03
2.062243790698795237e+03
1.198457342593246949e+03
2.125118007747733827e+03
2.000784393884435985e+03
1.774861280238127165e+03
2.034274809285733681e+03
1.869466955667731327e+03
2.104703270434458318e+03
2.139844653307405224e+03
1.543148153100830996e+03
2.280495158589723815e+03
2.307289458945505885e+03
1.855516884410270450e+03
1.402417812317074777e+03
2.584353498457635396e+03
2.225857147392371189e+03
9.202354046933878635e+02
2.231695815749936628e+03
3.101543495479716057e+03
7.540352272453682758e+01
3.446547857373827355e+03
2.502156561758405587e+03
4.920182392152260036e+02
3.329518782003093747e+03
3.475371988077328297e+03
1.015861377319621511e+03
2.363585617276553876e+03
1.499623379976441583e+03
1.280571606100681493e+03
3.136853461734854136e+03
1.206600333133110553e+03
2.091418258543339107e+03
2.361287354641227466e+03
1.370577350689776722e+03
2.125036086257334773e+03
2.078485163150497101e+03
1.677899116430187178e+03
2.318002842028352916e+03
2.151053356272831934e+03
1.805067963666516334e+03
2.350481719970936410e+03
1.855976030114557489e+03
2.102028770163765785e+03
2.277015036145700378e+03
1.664223923717227990e+03
2.556483650669800681e+03
1.764212335640603214e+03
1.751978773806555637e+03
2.714067128526276065e+03
1.238200296999273405e+03
2.189603079303404684e+03
2.503368180366326669e+03
1.088349059729429655e+03
2.748954131405986573e+03
1.765014757859820747e+03
1.560441707820095871e+03
2.742647327069368203e+03
1.001738454448923676e+03
2.321163597407251928e+03
2.813283676640801787e+03
1.300755737651493973e+03
2.492751968063052573e+03
2.055505054308224771e+03
9.896277467912608472e+02
2.641130066831448403e+03
2.287389315483113933e+03
1.223328439029653509e+03
2.471846358831751331e+03
2.628560505466912673e+03
1.350159626886669457e+03
2.344057468453449928e+03
2.093371360603205630e+03
1.521494410206034672e+03
2.456057785028047419e+03
2.084157936592818260e+03
1.400424318001239726e+03
