3.605943446324069100e+03
1.155226670391704374e+03
2.123527729150887353e+03
2.153570052954361927e+03
1.168898359000262872e+03
2.965118623947555989e+03
1.532447226086489309e+03
1.506695732510538619e+03
2.960829842459967949e+03
1.351270717387896866e+03
1.884626773883499482e+03
2.621506570355906661e+03
1.410760830827024620e+03
2.153348734794329630e+03
2.098560823282225556e+03
1.789118454733884164e+03
2.301410517879232884e+03
1.797059274037648493e+03
2.123897950853652674e+03
2.274490259099967716e+03
1.698348998281925788e+03
2.530776448376602730e+03
1.881466420663404506e+03
1.721071646464112973e+03
2.775767615197577470e+03
1.293245303019594758e+03
2.458602867516937749e+03
1.922217507791108346e+03
1.353158376480900188e+03
2.523686369423166070e+03
1.639272561757744597e+03
1.956548175253128647e+03
2.123083926302890632e+03
1.791307485643493919e+03
2.195237563675624187e+03
1.989515622510406729e+03
1.829644530852893922e+03
2.303686947823897754e+03
1.919528447885480546e+03
1.816459322451808021e+03
2.642731279372259905e+03
1.518475193931509693e+03
2.025659395403813960e+03
2.531543011134310746e+03
1.119895021880540526e+03
2.453630730236750424e+03
2.417158986642361469e+03
1.260307357068363217e+03
2.299044738167797277e+03
2.384927161580095344e+03
1.488074800808300097e+03
2.171860811640490738e+03
2.011974646032417468e+03
1.816705426542878286e+03
2.388727347198429015e+03
1.840721558816234619e+03
1.899474346364655730e+03
2.511421150131116974e+03
1.602343098679631794e+03
2.045899982592741935e+03
2.823530848987983973e+03
1.579434575003565442e+03
1.398757178889600937e+03
2.180499853823916510e+03
2.125867830840777970e+03
1.382786450327522516e+03
2.652101191062048656e+03
1.983083404638251523e+03
1.804774084563134238e+03
2.718620796551766944e+03
1.605656741605853313e+03
2.094620472170176072e+03
2.578727852114507641e+03
1.439429789198920389e+03
2.183092634398321479e+03
2.421314978706372585e+03
1.528889280873877169e+03
2.037917064788699690e+03
2.597346872012255972e+03
1.560312081815792226e+03
1.690037314716823175e+03
2.570807278518111616e+03
1.874490132476066947e+03
1.450652795234592304e+03
2.280859351046008669e+03
1.959351129388040818e+03
1.584500455791197510e+03
2.669678444451101768e+03
1.824084649875366949e+03
1.607187784758583803e+03
2.451916100748454937e+03
1.705187281964160093e+03
1.844905426704425963e+03
2.579634976980351439e+03
1.844307199459680987e+03
1.917722458673830033e+03
2.608736492224273661e+03
1.606679141017878692e+03
1.972750851742189525e+03
2.559550325132880516e+03
1.696018247547802275e+03
1.541379778868292306e+03
2.232260032034484539e+03
2.412855476265715424e+03
1.976739848419505506e+03
1.587491143173416503e+03
1.963183768225941094e+03
2.357748879130549540e+03
1.479952090446252669e+03
2.625331055529397418e+03
1.771297294927932171e+03
1.692194696012897566e+03
2.730711513767716951e+03
1.644219926642065047e+03
1.644790107455272846e+03
2.800734404829156574e+03
1.543446937201460514e+03
1.820020296679167132e+03
2.886045259356317274e+03
1.345361993549194494e+03
2.276296241198001553e+03
2.128347507981734907e+03
1.443847813132159445e+03
2.606058547832484237e+03
1.711477430388700441e+03
1.762775569432623570e+03
2.730136735180100914e+03
1.499453917608836036e+03
2.197195792816272387e+03
2.239699056193496745e+03
1.462941777498372176e+03
2.326091141287538449e+03
2.140869265698817344e+03
1.417860905111862849e+03
2.622949375369332756e+03
2.228301048930413799e+03
1.323166106087280241e+03
2.595121218701900034e+03
1.616153524772695164e+03
1.787713337495729775e+03
2.802863906389224667e+03
1.309840190737586681e+03
2.352516164055978152e+03
2.464247344669996892e+03
1.710077775497133644e+03
1.799263166799026294e+03
1.874375531374115099e+03
2.372983889688463478e+03
1.754337286073151063e+03
1.980232909022026888e+03
2.332197822467439892e+03
1.692832854562426746e+03
2.339643277485937688e+03
2.121416019787038749e+03
1.440161198350516770e+03
2.974792859669864356e+03
1.591002919334900071e+03
1.499821625267641139e+03
2.746140252480816798e+03
1.717340779003207217e+03
1.598648155236759976e+03
2.272263340063804208e+03
1.772668207238478999e+03
1.907875416721029751e+03
2.328907988837856010e+03
1.817382350913715754e+03
2.152864109526359698e+03
2.550632676987541345e+03
1.461069044601657424e+03
2.509039206126822592e+03
2.341491510041066249e+03
1.103857538233536388e+03
2.890521542282303926e+03
1.760293840243384238e+03
1.374500930784425009e+03
3.072219297367890249e+03
1.325660639589414131e+03
1.753181638341418875e+03
2.727466464928017558e+03
1.498971749629363558e+03
1.907355408265506185e+03
2.384710882442099773e+03
1.783402113234178842e+03
1.860749663745622911e+03
2.308557156773836141e+03
2.196165803456963204e+03
1.731526097833343101e+03
1.357968584672976704e+03
2.049186560136944081e+03
2.584210776525464553e+03
1.197412308310383423e+03
3.144305118655135630e+03
1.487500697735516269e+03
2.028228772335454778e+03
2.857902059048593401e+03
1.392160294927722816e+03
2.073599210025678531e+03
2.714182618080783868e+03
1.530339974230427060e+03
1.925753629926346548e+03
2.266511907139898995e+03
1.982757460801112074e+03
1.708956907722690175e+03
2.268368443066480722e+03
2.050202716448326100e+03
1.819707458924878665e+03
1.769549588263276974e+03
2.144912463792443759e+03
2.254529239343765767e+03
1.630869542818892569e+03
1.939033968795313967e+03
2.703077073897578430e+03
1.451651289830750102e+03
2.512141400954617438e+03
2.072563984388294557e+03
1.340900291904900769e+03
2.591430581996467936e+03
1.915949628760088899e+03
1.692821419914301259e+03
2.377265994530847820e+03
1.862701329109079325e+03
1.850903364530149929e+03
2.378543648644104906e+03
1.760853168678195971e+03
1.978292320046616851e+03
2.601530882603901318e+03
1.395596450457360561e+03
2.319975161880416181e+03
2.065619217180459600e+03
1.256049004008730208e+03
2.756588710496645945e+03
1.771724501882104960e+03
1.605861456130279521e+03
2.975362083872352741e+03
1.533189602709473547e+03
1.561686583556720734e+03
2.668294422481442325e+03
1.617495535837546868e+03
1.929352148489344245e+03
2.346674849665104375e+03
1.745299797158749925e+03
2.070213494745262324e+03
2.272928953039850967e+03
1.740689743253081133e+03
2.320191884168549223e+03
2.235296810688709684e+03
1.504777353133319366e+03
2.181543787527955374e+03
1.888520118111402326e+03
1.436377580872920134e+03
2.717265431020183314e+03
1.744446944396480148e+03
1.612963718325658874e+03
2.373521375944165811e+03
1.791570002074872036e+03
1.885162023268687108e+03
2.396005991302540224e+03
1.736468911699857244e+03
2.028611342284106286e+03
2.695410245431445674e+03
1.360416861177927331e+03
2.281956628912387259e+03
2.459546087169207112e+03
1.139431391050255343e+03
2.378884358976812109e+03
2.387548794195155551e+03
1.158473071692115354e+03
2.445104391273851434e+03
2.985708613172572313e+03
1.397584491481010673e+03
1.931743924669644912e+03
2.670899489910078501e+03
1.870336686580526703e+03
1.759727347933346437e+03
2.436621410727902003e+03
1.779710789000605700e+03
1.904726507101684319e+03
2.429810111779162526e+03
1.388849039732835081e+03
1.878393661998358994e+03
2.562339364431709782e+03
1.546085935786893970e+03
1.620455766508251145e+03
3.072669084271749853e+03
