1.433217112623958201e+03
2.311118467153356050e+03
2.432573522592401332e+03
1.407724778700501247e+03
1.588637087940787524e+03
2.806646843543504019e+03
2.554884408492776856e+03
1.707148295678907743e+03
1.803842289072555104e+03
1.849132018327714377e+03
1.818866221268360505e+03
2.283182262854097644e+03
2.954305465025690410e+03
1.438813658033987622e+03
1.879508946728060664e+03
2.942730377724970822e+03
1.937519667359472351e+03
1.229868662483967910e+03
2.342646386969106970e+03
2.323467837668318225e+03
1.501095148910379294e+03
1.879057925735625531e+03
2.300328192499225679e+03
1.678652129860944797e+03
2.055842829433811858e+03
2.580153510379624095e+03
2.419627027394207289e+03
7.923026117697676227e+02
1.767871392947877212e+03
2.784903733429763633e+03
2.348059361940592225e+03
9.338457757262920040e+02
1.889978114857215814e+03
2.924536284734657784e+03
1.904609380921663160e+03
1.680591514074596944e+03
2.309484142972080917e+03
2.617641167375601981e+03
1.641896840785656195e+03
2.288017847104639259e+03
2.174522484887474548e+03
1.340907176214900119e+03
2.157840753267536911e+03
2.961934923490996880e+03
1.406287974185770281e+03
1.305981543252842584e+03
2.846337795570991602e+03
2.060093549371482823e+03
1.339452266496282164e+03
2.220752318433454548e+03
2.125268841454675112e+03
1.555137616002144796e+03
2.128317591378592624e+03
1.919160972130712707e+03
1.901549592052137768e+03
2.470010403434385353e+03
2.819019360550319107e+03
1.504449729027432113e+03
1.813883839668026894e+03
2.509305531597455683e+03
2.158679970249276721e+03
1.177274238929485136e+03
2.363314323668161705e+03
2.645954144736660510e+03
1.684540924936587317e+03
2.412246975797597315e+03
2.267819990961927488e+03
1.466034909130745291e+03
2.334533129087992620e+03
2.807551430919500945e+03
7.636051652283085787e+02
1.794568442383845422e+03
2.996417768908644575e+03
1.562406101054305509e+03
1.373313017623854421e+03
2.267804896527043638e+03
2.204906064462153608e+03
1.727750249524186756e+03
2.158361508248857717e+03
2.211422385632101850e+03
1.762122954893278120e+03
2.050674896199924206e+03
2.532642284761975588e+03
1.863029911993021187e+03
1.811990702924783591e+03
2.565919104516256994e+03
2.487137104337427900e+03
1.341954321697212890e+03
1.682953180626628409e+03
2.522392047481364898e+03
2.151956319027609425e+03
1.138559283994150519e+03
2.039500180822375114e+03
2.759562712691982142e+03
1.970269329745502091e+03
1.277549015038892776e+03
2.109633137823369452e+03
2.522802957930786761e+03
3.536037405204986044e+03
4.207186008164554778e+02
4.285590900939707353e+03
5.248680123752491227e+02
1.735149622218990544e+03
2.012314426269317892e+03
1.913583018824053397e+03
1.857153423617232875e+03
2.189744581811014996e+03
2.563066289984867581e+03
1.880423290726423829e+03
1.724853576416786382e+03
2.116226632768771196e+03
2.281676587245086012e+03
1.735026172671811764e+03
2.045880701402879367e+03
2.433254736931174648e+03
1.674642465761445919e+03
2.059948227054879681e+03
2.301652125776744924e+03
1.964312089094577004e+03
1.446960840654382082e+03
1.277119568008268516e+03
2.614504612148987235e+03
1.978909695584907922e+03
2.180458134002807583e+03
3.628040182241598359e+03
2.480324833207550000e+03
6.917904017722315757e+02
3.339982282582960806e+02
2.999233540790342886e+03
3.014204119211984107e+03
3.574754171239749212e+03
1.600144042013333546e+03
5.561930733073444344e+02
1.605924854119780775e+03
2.485255067155180313e+03
3.032459699553061455e+03
2.830726690526105813e+03
2.229846756004415511e+03
1.827406290491726622e+03
1.762663632568381445e+03
2.148488890133345649e+03
1.825901878718093030e+03
1.651130653974244069e+03
2.420830318861334490e+03
2.257102123925155411e+03
1.969202894999967384e+03
2.448921135325075284e+03
2.587593878055678488e+03
1.831009462732770317e+03
1.640202077361245756e+03
2.312211242337736167e+03
1.663155462272570503e+03
2.004159647204546445e+03
2.410538010091112028e+03
2.504501642762958909e+03
1.345689692743614614e+03
1.303142101161021401e+03
1.988720756317108226e+03
2.375278072424492166e+03
1.997645603514813274e+03
2.514238448809217061e+03
1.959197051966770232e+03
5.751374500443017723e+02
2.682756004891654356e+03
3.152514162557582495e+03
1.670284420254455199e+03
1.836404043325416296e+03
1.975994866216371520e+03
2.262798225530898890e+03
2.323851146638403861e+03
3.097257090940442595e+03
1.273647744651909079e+03
1.308471607011144897e+03
3.210463334636197033e+03
2.444955906431457151e+03
7.935523715420771396e+02
2.040270592551594063e+03
2.912981902738104509e+03
1.832979641362441726e+03
1.464199684194436259e+03
2.176976110483255979e+03
2.421090454609479366e+03
1.739449905613799501e+03
1.943245486307684814e+03
1.713167584352354652e+03
2.186903219741607700e+03
2.341467066101102318e+03
2.437292050876569192e+03
1.227425004577914478e+03
1.957705595436109661e+03
2.877305743766592968e+03
2.285657423565916815e+03
1.079819488237418909e+03
2.338888923448010701e+03
3.148657707392578686e+03
1.709410554609320116e+03
1.509615410745168219e+03
2.173186717671810129e+03
2.315875537731531495e+03
2.103521957122562526e+03
2.330729075426305826e+03
1.079308135272833397e+03
1.918647833252460714e+03
2.526275917967539954e+03
2.093914346004350591e+03
1.313150752647609579e+03
2.569942499339722417e+03
2.635444966802329418e+03
1.404992811849952659e+03
1.518854373907762692e+03
2.549713009176426112e+03
2.580207500601696665e+03
1.899454603165546587e+03
1.672806773297625568e+03
2.234812343257330667e+03
2.391739611189987954e+03
2.165900524000633141e+03
2.319912438180166646e+03
1.359288901538718619e+03
1.776922967908695000e+03
2.519035880102242118e+03
2.288067483763430573e+03
1.219410046796351480e+03
2.070090392779467493e+03
3.002769665422955313e+03
1.778267496942825574e+03
1.907213483940360447e+03
2.561314881817196692e+03
1.801631087663269909e+03
1.788570073489943525e+03
2.438827102730983370e+03
1.868348120749229793e+03
1.777337835457009987e+03
2.318504324587609062e+03
2.428624052383795970e+03
1.292607902497419900e+03
2.258416146153835598e+03
2.757893700066211295e+03
1.860431833252708202e+03
1.724909851604584674e+03
2.750302693410075790e+03
1.964449224405607538e+03
1.179606808882896303e+03
2.307993792027619747e+03
2.561009190745993237e+03
6.471673576508266024e+02
2.130440153417231159e+03
2.614078526483272526e+03
1.642256760694970808e+03
2.070595998975682505e+03
2.739888066694925328e+03
2.122906100267776765e+03
1.369516358258551236e+03
2.431572756753501835e+03
2.940274239674159162e+03
1.924340955516389386e+03
1.280539348521444708e+03
2.410973958018135818e+03
2.873486427147703580e+03
1.595818465065097826e+03
1.621132096240962255e+03
2.386282026279661295e+03
2.012271863025925768e+03
2.032611672111567714e+03
2.220360705417849204e+03
2.642561649476206185e+03
1.864255552501703733e+03
1.937982268868525807e+03
2.090332042520811228e+03
2.699213139117028277e+03
2.462043385938953634e+03
5.061477689502798682e+01
1.670936356530478406e+03
2.556840033831555502e+03
1.968168899189843160e+03
2.311221024474084970e+03
1.777331307560185451e+03
2.141657997140147017e+03
2.562956207421738782e+03
1.900945233015369240e+03
2.034298213082479151e+03
4.188043979216016623e+02
2.744644154931370394e+03
2.611263753963050476e+03
