1.412751794936983742e+03
1.212331770305012242e+03
1.702237910630733040e+03
2.394435121514861294e+03
2.642334754659822011e+03
2.581586360870317549e+03
2.092027629766763766e+03
1.504391615723640143e+03
1.700568631325110800e+03
1.875313262063404864e+03
1.982299475125895242e+03
2.269401374889644103e+03
7.816117933952563135e+02
3.124823362821648516e+03
6.616144794801668922e+02
1.965966775977415182e+03
3.035626115597377066e+03
2.333144593662996613e+03
2.195015551477418285e+03
2.097904911242792878e+03
2.119906249652098268e+03
2.059802888277968123e+03
1.923719992258339062e+03
1.802009248412441593e+03
1.874979514148805947e+03
2.354633893074302250e+03
2.479574426305495763e+03
2.106842531784810944e+03
1.817468440991530997e+03
1.510267176525484501e+03
1.529979844665199153e+03
1.761118673578632524e+03
2.383495500569936667e+03
3.012513604546514671e+03
2.889296852681248311e+03
2.440716751298112285e+03
1.853483046280216968e+03
1.556072749556244389e+03
1.701926790389304188e+03
1.578769160989011425e+03
1.747934233389282554e+03
1.857576847704050351e+03
1.822925110230542487e+03
1.907823045656699833e+03
2.066085388172127296e+03
2.088355746277537037e+03
2.059750155023181833e+03
1.699183806127081652e+03
2.197584042793587741e+03
2.364141596083155946e+03
1.932555225734940223e+03
1.997466777924821827e+03
1.826446798282542204e+03
1.965423705249619161e+03
2.147149690775164345e+03
2.341454657321218747e+03
2.532091360601033102e+03
2.589514434457807056e+03
2.550847586443905129e+03
2.372939933069859762e+03
2.528333239852135648e+03
1.744477355539393784e+03
1.377596083080282369e+03
1.830158500730723063e+03
2.038690961192691702e+03
2.251942730674970790e+03
2.268122526705855307e+03
2.334370786453359415e+03
2.238275324433454443e+03
2.302697907790130557e+03
1.910880489708615187e+03
1.705437187030097903e+03
1.620235759566912293e+03
1.295016895205703577e+03
1.935279227735273935e+03
2.572924152816450714e+03
2.584088841340056661e+03
3.155815355777293462e+03
2.916631422430163184e+03
1.819583833352349529e+03
1.555002897929999790e+03
1.201394260982595597e+03
1.992376208901444897e+03
2.067548304509769423e+03
1.949267200181709086e+03
1.883272434855076199e+03
1.890858796981437308e+03
2.058207683845020711e+03
2.164455833118643113e+03
2.168869870499439457e+03
1.933903356160637259e+03
2.080971065104529316e+03
2.037870535693908323e+03
1.970035782936752184e+03
1.698669417519513900e+03
1.731033995699405978e+03
2.234683703411960323e+03
2.376516218879417920e+03
3.314968443114379170e+03
2.790051513404740490e+03
2.677228450170728593e+03
2.217125012637299733e+03
2.284794144807543034e+03
1.672817128982362874e+03
1.963747064879905565e+03
2.650077631332120291e+03
1.918758595613432362e+03
3.180363139360419154e+03
2.492315563715259486e+03
1.741301570579118334e+03
2.021802671382985864e+03
1.531488923442682108e+03
2.006495333031426298e+03
1.635342388327900380e+03
2.282142334806546387e+03
2.085271929016585091e+03
1.963741523266354079e+03
2.179072315503796290e+03
1.475676228693670964e+03
4.345820465895367306e+03
-1.936739961886264609e+02
5.313036218886271627e+02
2.947340136359292501e+03
3.081767229179204151e+03
2.051345836610645620e+03
1.538645138164910804e+03
1.941899971247435133e+03
2.910153556514544107e+03
2.943153106834669416e+03
1.996902911514528569e+03
1.996818993195937310e+03
1.212381704408319592e+03
1.858887951871578025e+03
2.159423060440530662e+03
2.330688768502000585e+03
1.792679519532774066e+03
1.928100708426826031e+03
1.934949465907428703e+03
1.682042333383782307e+03
1.825963590674912666e+03
1.550395536501458309e+03
1.734422176308907183e+03
2.180040306613280791e+03
2.504947273930243682e+03
1.963093390788669240e+03
1.712461673464125397e+03
1.844055566780630670e+03
1.874471838494059057e+03
2.085670224845351186e+03
2.025390756286942860e+03
2.087973139490517042e+03
2.357635454452225076e+03
2.414486419463363291e+03
2.503694209489231980e+03
2.163939183356863396e+03
2.190834157973005404e+03
1.954093013697018478e+03
1.828082328022638194e+03
1.565194325256413322e+03
1.153835649948562377e+03
1.535506642051376730e+03
1.872019952884784288e+03
1.943373555556817792e+03
2.328449525188961616e+03
2.720383370635078791e+03
2.001223142360167685e+03
1.159523753192360573e+03
1.942180145357824131e+03
2.873359883967115366e+03
2.323043819037561207e+03
2.053053975893062670e+03
1.823588570459349512e+03
1.948998092265879222e+03
2.057248304379290857e+03
2.232232724501155644e+03
2.275684603925246847e+03
2.202869405752218881e+03
1.796237243619428227e+03
1.411033932391487269e+03
1.727084202520491544e+03
2.399610534550958164e+03
2.777623416528710550e+03
2.231942039338316135e+03
2.127089220860343630e+03
1.937460126219525591e+03
1.550610459972599756e+03
1.404355027906324949e+03
1.292758939446800014e+03
2.667487086220516176e+03
2.005530101563687367e+03
1.625678971768387555e+03
1.739887941308375730e+03
1.898231686494266341e+03
2.111897650936054561e+03
2.217238002076716839e+03
2.484038484527111450e+03
2.463702365178775381e+03
2.559709135793121732e+03
1.692903047601439766e+03
9.415545894806389242e+02
1.917559254573378212e+03
2.968600905995825087e+03
2.621533701413546169e+03
1.543524953443115010e+03
1.047625049688518402e+03
8.749592409918079738e+02
1.401759837183494710e+03
1.928075771238532070e+03
2.080753628182242664e+03
2.038448068217869832e+03
2.074246733050544208e+03
2.111425480788142067e+03
2.033958244835535879e+03
1.979867237381027280e+03
2.482425600285782821e+03
2.019720382226894799e+03
1.683664677187636698e+03
1.936975662304882917e+03
2.553569703482235127e+03
1.046950093722447718e+03
1.275916346071958287e+03
2.945956636407283895e+03
2.779505094956141420e+03
2.213165820337581408e+03
1.984194100339725765e+03
1.949885955458171111e+03
2.017677555581157776e+03
1.174343716246233953e+03
2.211382073856924762e+03
2.226319768069201018e+03
1.448056876068987094e+03
1.998371635959521882e+03
2.535982185590192330e+03
1.419276318511429736e+03
2.939924828631551918e+03
2.045470831372935663e+03
2.424946970315020280e+03
9.209310768650159389e+02
2.030550290765640057e+03
1.183362837672270871e+03
2.086251642764826556e+03
2.335662815180872258e+03
1.860516742369682333e+03
2.162664947465736986e+03
1.909026942463917067e+03
1.972001655811352521e+03
2.128003769935322453e+03
1.969731779364675958e+03
1.601561737599160097e+03
2.115642088139496536e+03
2.008070593744705093e+03
2.788553500125888604e+03
2.668459963305757356e+03
1.827180227897228860e+03
1.476075389893886495e+03
7.744358279000975926e+02
2.189146452145898820e+03
2.244572672434714605e+03
2.227048798297234953e+03
2.351014128316595816e+03
2.129251333463654646e+03
2.093706355500610243e+03
1.852219199821919801e+03
2.009810047953981666e+03
1.940155321111095873e+03
1.890350644154636711e+03
2.354513684204729543e+03
2.377983278262221575e+03
2.474131655971756118e+03
2.202139387261295724e+03
1.720792011114265733e+03
1.703636657438957172e+03
2.721176404724527856e+03
2.457822464285163278e+03
1.941924644025886209e+03
1.666214038083041260e+03
1.400116394186550224e+03
1.805155718977781135e+03
2.095837008345584763e+03
1.855759541239261807e+03
2.255781528896257441e+03
2.484792385162215851e+03
2.010984973045309061e+03
2.379880023074292694e+03
