2.465553846852998049e+03
1.961840126010841914e+03
1.748377135122524123e+03
1.317310749384573000e+03
2.460363256385491241e+03
2.183035388484302075e+03
2.365684132914821475e+03
1.820386529479164210e+03
1.882581684378919135e+03
1.946324338579533105e+03
1.721232552552341531e+03
2.055773746322684929e+03
2.073554744612362811e+03
2.519701188288819594e+03
1.851085728535528915e+03
1.545428025934700372e+03
1.798604169732464243e+03
2.060520621984788704e+03
2.113138422458711830e+03
2.542017628165092447e+03
1.890649329944426881e+03
1.685811476776828385e+03
1.604167869287755593e+03
2.095321575364698219e+03
2.723613047178021588e+03
2.210871415526041346e+03
1.546105755850537435e+03
1.259900299094830416e+03
2.476015983860563665e+03
2.255438012550978328e+03
2.285553602859309649e+03
1.752135781015015482e+03
2.073931305051505205e+03
1.943470898662441414e+03
1.842018682459486627e+03
1.922756296859575286e+03
2.156065836952100199e+03
2.673379286375164611e+03
1.849220300375488250e+03
1.635082584053114488e+03
1.469664181401987207e+03
2.030594181057500464e+03
2.846924592124702031e+03
2.182962499836363804e+03
1.902090134947093702e+03
9.634808989937920387e+02
1.899849116675468167e+03
2.709007595822909025e+03
2.534316500071559403e+03
1.851184437405775498e+03
1.009521406572398632e+03
2.183316666262494437e+03
1.992393611077138303e+03
2.152661399276550583e+03
2.028311567366326699e+03
1.975549312084248186e+03
2.391492650235917154e+03
1.658325549185338332e+03
1.775897046063292464e+03
1.848123386339922718e+03
1.607921999397360651e+03
1.944096457859262273e+03
2.891949108349044764e+03
2.182490953730658475e+03
1.742232116518540806e+03
1.104308621216145184e+03
2.150550173743642517e+03
3.120790100791385612e+03
2.644248191110136759e+03
1.790246943136112122e+03
8.737150571341200020e+02
1.973523605494094454e+03
2.314099574795677199e+03
2.430564984060715233e+03
2.099611924058418936e+03
1.530864502927443937e+03
2.182088604722874607e+03
1.843678291886245233e+03
1.908845284288337325e+03
1.747337807103265504e+03
2.574383233348842623e+03
2.548956576412900631e+03
1.959325104908645471e+03
1.600598489378627619e+03
1.328183585849589690e+03
2.151147224824755085e+03
2.453987964027616727e+03
2.354711280806106515e+03
2.003003330780800979e+03
1.490531050298937771e+03
2.135232734147801693e+03
1.968281747822295983e+03
2.193527032116425289e+03
2.031503358339289434e+03
2.111770955356691502e+03
2.304867050949248096e+03
1.541147726626690428e+03
1.650181901818220013e+03
1.248062429915642269e+03
2.496226973026480664e+03
3.239940840130629567e+03
3.032102499538887059e+03
1.966258140546101913e+03
1.420355321707238318e+03
1.015701259649739427e+03
1.947739682539899150e+03
2.663901393375937459e+03
2.421597397890856428e+03
1.863147614381923404e+03
1.615324840782242745e+03
1.857767084133310391e+03
2.182026783024078668e+03
2.351335119555039000e+03
2.006906544229450446e+03
1.723863121086909132e+03
1.707335007902200687e+03
2.089718849437595509e+03
2.637764080642571571e+03
2.445964687219912776e+03
1.300421020597060078e+03
1.106127623425090633e+03
2.466744830983463089e+03
2.254521936284771073e+03
2.149741668130925973e+03
1.940142555675598942e+03
2.707838439211770037e+03
2.129386384182419533e+03
1.941002090061055014e+03
1.636381885406599849e+03
1.473516547838971974e+03
2.403126152620449830e+03
2.212238326030955704e+03
2.270873398299440396e+03
2.193073985261151847e+03
1.548492820627149513e+03
1.983077067551042546e+03
2.084532969756832699e+03
1.993525754486524647e+03
2.260392536264843784e+03
2.024855924784289073e+03
1.729388701537881161e+03
2.185443567623662602e+03
1.708997664358707652e+03
2.030396385653571770e+03
2.234913664102083203e+03
2.207277464956180211e+03
1.939465040868250981e+03
2.975251879046696558e+03
2.108177600246429392e+03
1.461109740062405308e+03
9.894208152521501916e+02
2.024634178481778918e+03
3.384226172200144902e+03
2.373705599270061612e+03
1.538053361305825547e+03
1.127011743001886998e+03
2.320181895013969552e+03
2.284709898402339604e+03
2.292577281280734951e+03
1.943360565488859265e+03
2.285124304955938442e+03
2.223824802268758503e+03
1.737569674735829039e+03
1.363493492912690499e+03
1.591314671071615294e+03
2.368611676194972006e+03
2.247615545083684083e+03
2.234038510593264618e+03
1.681809234004059590e+03
1.954291136671625281e+03
2.084510212034947926e+03
1.861984212903883190e+03
1.980744302420481972e+03
1.828932765384212416e+03
2.765734378054537046e+03
2.397580372139526844e+03
1.931555099256974700e+03
1.316981296355318364e+03
2.214870057632121188e+03
2.207550567872391639e+03
2.217510746165681212e+03
1.813755772097101953e+03
2.060599288360032460e+03
2.731588582631622558e+03
1.804146061359881742e+03
1.500676957702307618e+03
1.762856270025816684e+03
1.762096422403039242e+03
1.719666211651992171e+03
1.434711064202088210e+03
2.587099540683178475e+03
2.630020789971709746e+03
2.474192161664072501e+03
1.515118498591612024e+03
9.294969010575712218e+02
2.509999454735207564e+03
2.246105469227834419e+03
2.401119489845890712e+03
1.824410057544399251e+03
1.901251293998353958e+03
2.136725879701491522e+03
1.751514127468888546e+03
1.885930395165812115e+03
1.886326114164100090e+03
2.714762807755758331e+03
2.471174825934571800e+03
1.880553614716606717e+03
1.409914095362864373e+03
1.372711081149043594e+03
2.491768456998398960e+03
2.297493778572234078e+03
2.264984174293068008e+03
1.803038379863388627e+03
1.551450244377120725e+03
2.131347123267011284e+03
1.978899037665626111e+03
2.086946742760824236e+03
2.281573892944865747e+03
2.102246595134645759e+03
1.786355474103125516e+03
1.644972124024682671e+03
2.184953876185069930e+03
1.929445124333914009e+03
2.320103541493430839e+03
1.587399433103546471e+03
2.161763508180729787e+03
2.574608399575874500e+03
1.496643499045725321e+03
1.947595562661121448e+03
1.908795189793316240e+03
2.830779251691855279e+03
2.604238086726937127e+03
1.663446256635277450e+03
1.077481250770122188e+03
2.050664165470035186e+03
2.509924317241354402e+03
2.408414410438734194e+03
2.141500198688218461e+03
1.331425663730446331e+03
1.981526661381789154e+03
1.764608884809141728e+03
2.246550071404670689e+03
2.177874403299700589e+03
1.735826428292239825e+03
1.826429255546473087e+03
1.979665789572943822e+03
1.950499278926450188e+03
1.986354659809640680e+03
2.695290155516573577e+03
2.198775370387984367e+03
1.887111379978047808e+03
1.501766204741958518e+03
1.529268997799201998e+03
2.465706583127929662e+03
2.336127949997957785e+03
2.271711646300665961e+03
1.702953970506794349e+03
2.208436980891251096e+03
1.966149992072269697e+03
1.796752672635970839e+03
1.599068944911013887e+03
2.088811099946640297e+03
2.783572282072201688e+03
2.265280898200903266e+03
1.586884519480353447e+03
1.225869308099414866e+03
2.340781957886951204e+03
2.234850480107865678e+03
2.348876620625665510e+03
1.856208736087663738e+03
1.921125899274255744e+03
2.423001639802474074e+03
1.798186334251593962e+03
1.688453429025836385e+03
1.411015647857374233e+03
2.646482063306373675e+03
2.857079112359085684e+03
2.180331107510918173e+03
1.218762581621849677e+03
1.495951589755548184e+03
2.309709399601864334e+03
2.275022376763057309e+03
2.331841472620599234e+03
1.610956811652303486e+03
