1.425655237562838920e+03
2.288473053864454414e+03
2.492812080272651656e+03
1.478689029425643639e+03
1.950922487872381453e+03
2.391133417379394814e+03
1.680576363441342437e+03
2.691198505938695689e+03
1.983224663533519561e+03
1.277218825773803474e+03
2.715439391591394269e+03
1.661308652001721612e+03
1.891050203355951453e+03
2.421993576658068832e+03
1.190856950113286302e+03
2.056587857053463722e+03
2.564783953217895032e+03
1.352476813541599540e+03
2.155697514362952006e+03
2.187343981948554301e+03
1.623605047404170364e+03
2.765736478690891545e+03
1.614461350512082390e+03
1.609289938093510500e+03
2.931002239840224320e+03
1.410751358331266374e+03
2.267529204011148067e+03
2.131569673000596595e+03
1.309384216072515528e+03
2.650279432523866035e+03
1.920627893521324722e+03
1.591981010416220442e+03
2.380636352863803495e+03
1.527448779001463663e+03
2.179258672082353769e+03
2.724811513276567439e+03
1.504803983940226317e+03
1.826627602599551665e+03
2.271391791774486592e+03
1.580271186982600511e+03
2.725206802980929297e+03
1.480013729784699535e+03
1.555487056758250446e+03
2.729905643422066532e+03
1.479329321712964884e+03
2.166178104739808532e+03
1.964185858256322717e+03
1.465107721371184653e+03
2.679270651126623761e+03
2.049106742957524602e+03
1.558109358795131584e+03
2.674536073707655760e+03
1.883819900775713450e+03
1.987189111490821460e+03
2.373571057697769447e+03
1.506811948787862548e+03
2.260322634730971458e+03
2.753483830582944393e+03
1.286108614934370962e+03
1.753788079767684849e+03
2.347036235128927729e+03
1.464668079636242965e+03
2.564063374302587363e+03
1.648275730208917139e+03
1.423518075432627484e+03
2.831176454716484841e+03
1.719970104898737191e+03
1.696838421943283038e+03
2.566868705082713859e+03
1.597703048268388557e+03
2.267880856302890152e+03
2.432736226223920312e+03
1.269352866032801785e+03
2.465782389869794770e+03
2.540826101426157948e+03
1.484039513434939181e+03
2.176330967234719083e+03
2.026909634976311054e+03
1.593407954884586388e+03
2.636959841363496253e+03
1.915601805999480803e+03
1.499295483249445624e+03
1.991318251204831085e+03
2.496616188237486313e+03
1.229795176015471270e+03
2.330830080331768386e+03
1.829053750016552613e+03
1.210533043436433672e+03
2.488181933333675261e+03
2.266469641036383564e+03
1.382730538800482918e+03
2.325737589071341517e+03
2.408660192457696667e+03
1.779904645595994452e+03
2.406987034699689048e+03
1.977300022857703425e+03
1.729069952881799964e+03
2.729848311563979678e+03
5.359245252183940238e+02
2.295092744519347434e+03
3.111001646850252200e+03
2.026208899121855893e+03
1.838052306947120087e+03
1.429530490098606606e+03
1.717613406314123267e+03
1.524597988638827474e+03
3.615330525047653737e+03
1.500960919795494192e+03
1.698067526574696558e+03
2.934473321598626171e+03
1.721640084217543972e+03
2.270706592536398148e+03
2.216596297136637986e+03
1.219387933492519551e+03
2.831528446228712710e+03
1.815857012253705761e+03
1.403709135326150317e+03
2.133375613735948718e+03
2.498119902555405133e+03
1.975774385621293277e+03
2.108923754717292468e+03
1.726874275626867075e+03
1.823188140841970153e+03
2.515870698208697377e+03
1.653739508999715099e+03
1.733711685182004203e+03
2.462541248716966493e+03
1.446887777739918874e+03
2.325664577485194513e+03
2.125643216025106085e+03
1.000044299352318717e+03
2.682967081827578568e+03
2.078360885880189926e+03
1.587985786635465502e+03
2.738943701555371717e+03
1.338844411446818413e+03
1.921008904546336680e+03
3.324669652311683421e+03
9.725495162865669272e+02
1.724784314382354751e+03
2.957849031226247916e+03
9.937676669061245320e+02
2.640681424297683861e+03
2.055236081527402803e+03
1.082327921667137161e+03
2.708550392379200730e+03
1.814492540634837951e+03
1.580190914361266096e+03
2.319488506569467972e+03
1.676316394524887528e+03
2.055358542297408349e+03
2.675055455554872879e+03
1.310734863831921530e+03
2.297240420435806300e+03
3.464361532895532491e+03
5.156958892685044020e+02
1.611547620417200733e+03
2.128934404715953860e+03
2.354465908085734554e+03
2.266642893833499784e+03
1.472634306795714565e+03
1.728406627962901666e+03
2.379081058127037522e+03
1.555535380770103757e+03
2.037080781315168906e+03
2.497452168542593427e+03
1.711794931112859786e+03
2.001765706872944520e+03
2.967534298837400911e+03
1.807138099096587439e+03
2.591904697658976147e+03
2.929225102250828513e+03
1.010396503874750920e+03
2.289722479915250005e+03
2.574273451615055365e+03
1.355210442969829728e+03
1.824786706018282985e+03
2.542831045633881331e+03
1.439218297536951923e+03
2.254196471546955763e+03
2.239661626424519454e+03
1.285214121729941098e+03
2.294716979631278718e+03
2.821726301584168141e+03
1.020021193986176741e+03
2.191202623412783851e+03
2.452206677702553407e+03
1.198963482067468021e+03
2.371751457887118249e+03
2.301981896674547443e+03
1.341980360857139658e+03
2.639533802247307449e+03
2.448366210420224888e+03
1.395151384153743038e+03
1.747572910276385528e+03
2.259915890882411531e+03
2.414111086706506740e+03
1.357608173605794263e+03
2.374653842792579326e+03
1.607175565389193707e+03
1.557337024875879933e+03
2.796796577956766669e+03
1.568870838524082728e+03
1.579727921821677455e+03
3.048468528616689582e+03
1.699681152958791927e+03
2.023136562184225568e+03
2.503264062602287140e+03
1.513021876881955677e+03
2.339885007146136104e+03
2.565855846284028303e+03
1.161302012056607737e+03
2.061774741976503265e+03
2.244895534393487196e+03
1.390138786859686206e+03
2.774566426818492346e+03
1.467666024926741557e+03
1.458576773118629717e+03
2.910035960968777545e+03
1.341122419171920001e+03
2.166470346613936272e+03
2.652390090408649939e+03
1.155063019376550074e+03
2.439165698714469727e+03
1.875823894972411836e+03
3.571254579439136023e+02
3.524951953455190051e+03
1.071754498058513036e+03
1.734054935070970259e+03
2.843666573253083243e+03
1.641636698138382144e+03
2.526580446396952993e+03
2.089180087731750064e+03
1.832294684265890510e+03
1.811597686059105399e+03
2.330549847359727664e+03
1.912081176275066582e+03
2.386876277640407807e+03
2.261591270343708402e+03
2.002585585380975317e+03
2.989182748146820813e+03
1.250443801530540213e+03
2.509571232994579077e+03
2.071759673487346390e+03
1.784195720300419907e+03
2.439194644902188884e+03
1.445620351256303366e+03
1.854391328099374732e+03
2.213738105164059107e+03
1.373001035985852695e+03
2.241791376273835795e+03
2.230426119714466495e+03
1.407712021773551669e+03
2.208390065433763084e+03
2.004938023926083588e+03
1.755086219706690372e+03
2.347204607347704041e+03
1.734764375348279600e+03
1.908624605696836852e+03
2.939370070046208184e+03
1.434243392269242577e+03
1.823191011465175734e+03
2.722955869907099895e+03
1.498310138501512938e+03
1.929641598481867049e+03
2.516616977022848914e+03
1.594290219239823728e+03
2.511343178028476814e+03
1.875767654829488492e+03
1.419591625433338550e+03
2.428824868721462281e+03
2.513001207332381455e+03
2.330750110876699637e+03
1.192449944004234567e+03
2.011078850008866311e+03
2.122350280568618473e+03
1.581601688703920445e+03
2.658731918445787869e+03
2.099241686570149341e+03
1.086776467900306216e+03
2.835338906146836962e+03
1.738390116391186893e+03
1.812831164662569790e+03
2.928717702381264644e+03
