7.274692849622250606e+02
2.473224105769077141e+03
2.057933847512130797e+03
1.408471739554471242e+03
2.322132842392623388e+03
2.302865505545070846e+03
1.399688263484569234e+03
2.237359600067756674e+03
2.257563061409258808e+03
1.636063696370325488e+03
2.265593955887791253e+03
2.208542410009431933e+03
1.428188589306274025e+03
2.081787032480206108e+03
2.441452749919958023e+03
1.596198414187105527e+03
2.175677747343307601e+03
2.230045738341124888e+03
1.529430256446254361e+03
2.172561528061860372e+03
2.484240261337884476e+03
1.415770062314102006e+03
2.495764933382184608e+03
2.678235160679656929e+03
1.036519251362469049e+03
2.427298547258912095e+03
2.507448783131639175e+03
1.149181415729069386e+03
2.069571130321546207e+03
2.376858303814352894e+03
1.531716381203987339e+03
1.828727288871846213e+03
2.395385118316039097e+03
1.598206240205230415e+03
1.902714045251253083e+03
2.719256654955684553e+03
1.483081545531654228e+03
1.710017721033018233e+03
2.672982336325684173e+03
1.559641109651219494e+03
2.177968653466955857e+03
2.556241840083658190e+03
1.491974618564954653e+03
2.312260278236714839e+03
2.306721075080055016e+03
1.316208551652634469e+03
2.341077705709390102e+03
2.034641050349272973e+03
1.584806383468645208e+03
2.459798630121408223e+03
1.942420369887279548e+03
1.505542737161609011e+03
2.252145277924244510e+03
2.233241596590375138e+03
1.505939081266845278e+03
2.544128853001484003e+03
2.120089587417815437e+03
1.355825604829903341e+03
2.422888565722672865e+03
2.518183093838124478e+03
1.283438191332384804e+03
2.063543440668189760e+03
2.449917943842727709e+03
1.358602490290781589e+03
2.067276107043177490e+03
2.346943021290969682e+03
1.460512277520760790e+03
2.213575285821286798e+03
2.272285364418870358e+03
1.412547440613573372e+03
2.159219033273131117e+03
2.081700139326866065e+03
1.690215173753932731e+03
2.338247638107335206e+03
2.312329601115589412e+03
1.489960004276105792e+03
2.269110535788427569e+03
2.450464796747248784e+03
1.381440129294006510e+03
2.094944747242514495e+03
2.247199955837906600e+03
2.712236231044166288e+03
2.258893923240736058e+03
1.124763827464415272e+03
2.187200964806494994e+03
1.797666357603211281e+03
1.688891590483118534e+03
2.513644980549702268e+03
1.788704841959597388e+03
2.038306051301373373e+03
2.833358511934452054e+03
1.546374378051243639e+03
2.406434946009739178e+03
2.439705911847880998e+03
1.178821546661870116e+03
2.553849853926639753e+03
1.870171477953048679e+03
1.222722916115289081e+03
2.487489321797515458e+03
2.521144765207784531e+03
9.102598364049539441e+02
1.609940727582370528e+03
3.512211828971828709e+03
1.903748619080954313e+03
1.141536502206635760e+03
2.962042766541866968e+03
1.753808742011448658e+03
1.669245436209844684e+03
2.316393919463839666e+03
2.030921374685802220e+03
1.611346008930946255e+03
2.297247533470567760e+03
2.136563690422809032e+03
1.435406080258960401e+03
2.563214989025123032e+03
2.041849773088554457e+03
1.407037447833927217e+03
2.440855875098350680e+03
2.042633423930488789e+03
1.556656018831292386e+03
2.272377685040939468e+03
1.811907675846332950e+03
1.912030590103358236e+03
2.565511049985597310e+03
2.188126062099185219e+03
1.353015622886420715e+03
2.538490275759096221e+03
2.225283725252415934e+03
1.452634106610587878e+03
2.446366127355412118e+03
1.852600121577620030e+03
1.580622898974373356e+03
2.408560977202999311e+03
1.959499573946062355e+03
1.367904262376167708e+03
2.268130054410301909e+03
2.565287099174428022e+03
1.593873222593510491e+03
1.908261541357436954e+03
2.103531231307364578e+03
1.828236841815455136e+03
2.041746994613363086e+03
2.525702574644437391e+03
1.656486038608832814e+03
2.119241345728622946e+03
2.684405842301101984e+03
1.734609978839586347e+03
1.642869237645310932e+03
2.476271583232405646e+03
2.141007643894193734e+03
1.274352256169898055e+03
2.201516637122762404e+03
2.539493163862708570e+03
1.307878371522652742e+03
2.025209480500923746e+03
2.645458887619969573e+03
1.799400386351882162e+03
1.546457978352230157e+03
2.082096018857826493e+03
2.506542892126429251e+03
1.339928082931347035e+03
1.856106391501957432e+03
2.366779020399227193e+03
2.634768178015748617e+03
1.941506402696725900e+03
1.462344801133124975e+03
1.921955593834944011e+03
2.460983073009213513e+03
1.324407750921244769e+03
2.212397430275958413e+03
2.811840719235659435e+03
1.361511579991880353e+03
2.161447964211818999e+03
2.860864981203809293e+03
1.386982714040322207e+03
1.837837994958048739e+03
2.637534122349110021e+03
1.600336251125639819e+03
1.455098067259182699e+03
2.551479708444105654e+03
2.002006415817396828e+03
1.370624524999186178e+03
2.178922080905008897e+03
2.429440178207866211e+03
1.619300436558477259e+03
2.117087470023554033e+03
2.186698728183205731e+03
1.679772588514890003e+03
2.366387391250927976e+03
2.155746281380529581e+03
1.528036116009210218e+03
2.435212328019445067e+03
1.911739117249625906e+03
1.369244120169360940e+03
2.604269641008161670e+03
1.943981786615671126e+03
1.482969066634406772e+03
2.455327976598721307e+03
1.910126851720750665e+03
1.613035838419973743e+03
2.629797509290032849e+03
1.609527943157459276e+03
1.772042870396446915e+03
2.562779725880709975e+03
2.173992260825893027e+03
1.216153942949097654e+03
2.269716077363901150e+03
2.489315163961592134e+03
1.284150642224931516e+03
2.314996603438904458e+03
2.376624263318416979e+03
1.455591033146455175e+03
2.500400473020093614e+03
1.532820710107148216e+03
1.402871659355393376e+03
2.765800520808178135e+03
2.292629100589823338e+03
1.440891699575353186e+03
2.706663262137776655e+03
1.315284675639959005e+03
1.784895338565263046e+03
2.598019923758062305e+03
1.755589709356951516e+03
1.622055933098244850e+03
2.492911824534131483e+03
1.787932138070997325e+03
1.796753994460127842e+03
2.732878053107221149e+03
1.666287763554265211e+03
1.699147913523617035e+03
2.714955696407058440e+03
1.508205031385951770e+03
2.094961547073176916e+03
2.310706842026831509e+03
1.610304233030731666e+03
2.276202535799274301e+03
2.151979768706254617e+03
1.525117892359366579e+03
2.400895850142711879e+03
2.588791003355188423e+03
1.680617684465929415e+03
2.061314955932078647e+03
1.833248684285956642e+03
1.753355556773385388e+03
2.184089461110205775e+03
1.845668697267833750e+03
1.663020125393553599e+03
2.274675803969610570e+03
1.890820463710255353e+03
2.324525457889117661e+03
2.416528544718733883e+03
1.294586235962244473e+03
2.788296028276245579e+03
1.572666523891291263e+03
1.431316148069946166e+03
2.731340877951442508e+03
1.572992423587947314e+03
2.034664484119996814e+03
2.633854956755252260e+03
1.342784387967546763e+03
2.265306697396815252e+03
2.404043367820726871e+03
1.046957423320843873e+03
2.157931458121676769e+03
2.801942550215416304e+03
1.321882984661576756e+03
2.145817621000372128e+03
2.151686217370748636e+03
1.760113820042215366e+03
2.206896450503163578e+03
2.953969196243884653e+03
1.159985882237629994e+03
1.732202130520407309e+03
2.761889337011549742e+03
1.676308262280020472e+03
1.734684845511102594e+03
2.373362448916693666e+03
1.700077542515144614e+03
1.817237368651714178e+03
2.448141425286652520e+03
1.457340257725713627e+03
2.013522418493557325e+03
2.650211040209986095e+03
1.418373818639061483e+03
