1.549434165017222767e+03
1.708422965613529414e+03
2.324653038251834460e+03
2.344030885429698174e+03
2.606797568059024343e+03
2.801518543115229932e+03
2.669903794320682664e+03
2.431160412254920629e+03
2.271713396884536451e+03
2.292938588176028134e+03
2.055426969538809317e+03
2.170878945283472149e+03
2.302608319134770227e+03
2.292679800084935778e+03
1.980494375149828329e+03
1.693444996480299778e+03
1.890527262707004638e+03
1.644160967813481648e+03
2.042813938536232172e+03
2.359580409988491283e+03
2.500581980631151509e+03
2.848500184442718819e+03
2.569520218004304297e+03
2.054489766399651671e+03
2.079089444547372295e+03
2.087651151582465900e+03
1.548118862968442727e+03
1.683383057957116989e+03
1.913685338565245502e+03
1.907092283723524815e+03
2.186680853981787550e+03
2.273749957217802603e+03
2.223124382210775821e+03
2.618436264181806564e+03
1.913329657758355097e+03
1.364244698386696655e+03
1.826985212510708152e+03
1.535177688076165623e+03
1.146719270005758062e+03
1.939630284453653303e+03
2.504120668396193651e+03
2.393795922935435556e+03
2.633212121968533211e+03
1.990811479629759788e+03
1.884066004294671757e+03
1.835723475359599433e+03
1.611676501847787449e+03
1.869434124262116939e+03
1.858258982947600771e+03
1.989480253228920901e+03
2.023679832039409348e+03
2.216561415640745963e+03
2.280558414697424269e+03
2.490778266803944916e+03
2.215650520651237912e+03
1.574446333157720801e+03
1.793725669255496769e+03
1.295149290150532124e+03
1.477960348861625334e+03
1.956843601023457495e+03
2.057864659119647058e+03
2.546205553282024994e+03
2.527916124265518192e+03
2.483564505931004533e+03
2.602592359893006233e+03
2.526098396546173717e+03
1.997670944567230890e+03
1.917486254406024045e+03
2.040010306559879837e+03
1.899162562183909131e+03
1.940003313884194768e+03
1.960456335922315247e+03
2.119240271181647131e+03
2.354474655821018132e+03
1.751904233709028631e+03
1.828572091155993803e+03
1.919296979134332105e+03
2.165623125558356605e+03
2.289239027313756196e+03
2.206952928774127031e+03
2.544225509390059869e+03
2.196117387059460725e+03
2.424379769136543018e+03
2.254523303639613914e+03
2.027368500615788662e+03
2.140525769092408609e+03
1.479888330288822090e+03
1.792285147844698486e+03
1.869067216847058717e+03
2.526926314968432052e+03
2.381885028611407961e+03
2.081900886668254316e+03
1.795151917964033601e+03
1.540690473492523779e+03
1.645482379334769803e+03
1.493354823246666911e+03
2.103954707309190326e+03
2.190429125210353504e+03
2.792141539544092666e+03
2.685585050951407993e+03
2.060679119132132655e+03
2.308584063476297160e+03
2.024759736146976365e+03
2.039984610437565834e+03
2.260909617937701114e+03
2.299673471515395704e+03
2.215991112708252331e+03
1.983060195618429589e+03
2.091842165855228359e+03
2.053800384746073178e+03
1.461814911566397996e+03
1.798381627544788444e+03
1.705642297996366551e+03
1.963318756150060381e+03
2.013379483599277364e+03
2.714932095703766663e+03
2.820420843831138882e+03
2.757154339538610202e+03
1.902221183029882468e+03
1.228901866118732642e+03
1.860747018351901261e+03
1.449958371299983583e+03
1.552296071454034518e+03
1.999342020070947228e+03
2.048260549229235494e+03
2.277993053750638410e+03
2.277536769109252873e+03
2.048358190078531152e+03
1.795649417150177896e+03
1.612801489557934474e+03
1.714370098504762154e+03
2.035229566907447861e+03
2.336418469224105138e+03
2.893086863086210997e+03
2.813821775273733692e+03
1.653535121493629731e+03
1.281606545874414223e+03
1.497476985564336701e+03
1.348518679224814150e+03
2.344699408288529867e+03
2.604101395149165910e+03
2.533468463694930506e+03
2.020563036528369366e+03
1.962182135331556083e+03
1.780577658598809876e+03
1.763385367864060299e+03
1.883024325339599272e+03
1.824630995249935722e+03
1.945144694468127682e+03
1.552001588244111190e+03
1.106086135440595626e+03
1.428138960699174731e+03
1.638474111722094221e+03
2.505830597474123351e+03
2.611878794308680426e+03
2.917690002406858639e+03
2.712870543409200764e+03
2.700324834623466359e+03
2.780041200757944353e+03
1.952730411353395311e+03
1.818530432871700668e+03
1.680148587124241658e+03
1.804327103230643388e+03
1.752132046508226949e+03
1.818919897794514100e+03
2.000271024049201060e+03
2.020575317009955597e+03
2.138032497516549938e+03
2.074886348731689850e+03
2.495084372948231703e+03
2.658875498670708112e+03
2.339421064078694144e+03
2.727421958047076714e+03
2.186147733932486517e+03
1.742804153113395387e+03
1.753925671191409720e+03
1.655075047769086950e+03
1.497649419698794873e+03
1.758099812882975584e+03
1.843756930431477258e+03
1.868471769369539516e+03
2.009525941738089159e+03
2.172831535950967464e+03
2.374318543615707767e+03
2.369513317643981281e+03
2.220673830918485237e+03
1.604348593803077165e+03
1.727243877903300927e+03
1.977984017257112782e+03
1.896180840007357801e+03
1.966547594559444633e+03
2.571305787731978853e+03
2.674798652265506917e+03
3.017334006550005597e+03
1.751450471483115734e+03
1.198575830784260006e+03
1.551744277407841764e+03
1.671539774618798674e+03
2.375944800447133275e+03
2.240673122740487543e+03
2.183407397282350303e+03
1.553494451744652679e+03
1.836064612506064577e+03
2.081030013922839771e+03
2.230334857654122516e+03
2.359425283125253372e+03
2.137306676348151086e+03
2.047876735975310112e+03
2.151462268909212071e+03
2.200312002415180359e+03
2.108360068643924023e+03
1.544063088838478052e+03
1.636963306536622667e+03
1.226930258876472408e+03
1.624991722713853733e+03
1.827908160136886409e+03
1.998979075784689257e+03
2.115630889236537314e+03
2.130582358081679558e+03
2.683194074702629223e+03
2.501825368847565187e+03
2.617029768483620956e+03
2.398193332621139234e+03
2.108377856846102986e+03
2.152153264556672639e+03
2.089127832344420312e+03
2.211743662152238358e+03
2.177079628869312273e+03
2.145020041231612595e+03
2.041513171124510791e+03
1.748052257676741192e+03
1.568053987218442899e+03
1.691105793394131979e+03
1.554910644382165174e+03
1.320247739497077418e+03
1.560743000280557908e+03
1.896520144636970372e+03
1.566492524117657240e+03
1.870484690938953918e+03
2.007572511675254418e+03
2.233644341103891747e+03
2.468387995933483126e+03
2.428795248893432017e+03
2.157257111212933069e+03
2.153990749701774348e+03
2.102337640112299141e+03
1.722964500068174175e+03
1.861213714415531513e+03
1.792927911149754891e+03
1.740171268071428585e+03
2.214288500262511207e+03
2.256977939458980018e+03
2.487816638302272167e+03
2.819157650079348514e+03
2.339790391639125573e+03
2.084260808751849254e+03
2.081936841529050980e+03
1.678432303507438974e+03
8.770680760383105508e+02
1.552648768096510139e+03
1.600317926067513554e+03
1.991724333416249465e+03
2.253645203137509270e+03
2.160216098068480278e+03
2.363372045758487275e+03
2.218232525807952698e+03
1.917588590490861179e+03
1.776574020569730692e+03
1.853144123232314314e+03
1.627784264799798393e+03
2.203197838080953261e+03
2.519955442195316209e+03
2.665915525419008191e+03
2.305654149862888517e+03
1.018058524309228801e+03
1.240267835743275782e+03
1.539401932927812823e+03
2.202120084490029512e+03
3.134984439674076384e+03
2.108379134097526276e+03
2.201135832354263584e+03
1.635381934655340046e+03
1.288772714625615663e+03
1.837278618485220250e+03
2.397340595051997752e+03
