2.098615972722897823e+03
1.947706257645747201e+03
1.738604848686791684e+03
1.736963065081339892e+03
1.325437841914988212e+03
2.559770751658162226e+03
2.247007943235584662e+03
2.127731108312113065e+03
2.303915498792915514e+03
1.944834597887683913e+03
1.730998001301185695e+03
2.551433105212598548e+03
1.781619439930285353e+03
1.746101303812522474e+03
1.994879103432344664e+03
2.081145899643246594e+03
2.278631206802269389e+03
3.458756952595783787e+03
2.399268120148844446e+03
2.136291719084578745e+03
1.114027623230463405e+03
2.050339117941678523e+03
1.757940094387363388e+03
1.433197595894635242e+03
1.279370503343069231e+03
1.476517578961808795e+03
2.665754707066758783e+03
2.179289281703007873e+03
2.103686148739096097e+03
1.595581963283072128e+03
2.960935155011381539e+03
2.462528351708225728e+03
2.113348820749102742e+03
1.331783357516193746e+03
2.704179084162223262e+03
2.292097904116598329e+03
1.806928454213805026e+03
1.151603251724113079e+03
1.456848238058281822e+03
2.548774394459060204e+03
1.532959314075864995e+03
2.414911250007654417e+03
1.536879565008788177e+03
3.381660175485396394e+03
2.476694188469671190e+03
2.204171835302634463e+03
2.225862969803112264e+03
1.805715956368093657e+03
3.267145117889395351e+03
1.665021909467756814e+03
1.538024226413559745e+03
1.849142253193252827e+03
2.050015885181865542e+03
2.316600811812553275e+03
1.241083489052168943e+03
1.380779729266456798e+03
1.591003821083308139e+03
2.449115906664634167e+03
2.312408162740671742e+03
2.122551596274989606e+03
2.051113101804471626e+03
1.752399215791454253e+03
2.527210417187490748e+03
2.397233386998791048e+03
2.252616650187539562e+03
2.047016524902907349e+03
1.556955988437240421e+03
2.635209577551076563e+03
2.235960238796268186e+03
1.651962615078129829e+03
1.034499085994521693e+03
2.192061251347608049e+03
2.146524067098853720e+03
1.949644435221733374e+03
1.812334265096967329e+03
7.144190978439951323e+02
2.057823304556541643e+03
1.834263277255935691e+03
1.486536002342883194e+03
1.167675173636637737e+03
2.071745668787704744e+03
2.790660387295853525e+03
2.017082466661433727e+03
2.032386456241297765e+03
1.438853401186184783e+03
2.738839706773426315e+03
2.461636249463639160e+03
2.275328453106315919e+03
2.064455012795360744e+03
1.815847397814761734e+03
2.809441816325741911e+03
2.147967186675520679e+03
1.816199447884608389e+03
1.299512865481724248e+03
1.891526615224269108e+03
2.378026710466912391e+03
1.816063800105669088e+03
1.585705256579652087e+03
3.654008138810364926e+03
2.045273704956485972e+03
-9.006483560607134109e+01
-8.736628246578118251e+01
1.843564938017271061e+03
4.207118423063968294e+03
5.591855184460017654e+02
3.074119568834115398e+03
1.483246029706659101e+03
6.426702808586321680e+02
2.672624407445023280e+03
1.746272259802073904e+03
3.243933855376268184e+03
3.094092089807994398e+03
9.075400527359662419e+02
2.834800864528336660e+03
2.057456476944069891e+03
3.641334878432363894e+03
3.403027207768688527e+02
3.372230161966579999e+03
2.881308483395059739e+03
-7.677408420363423147e+01
7.061170858720361139e+02
2.668068848919870561e+03
3.058162446556854320e+03
2.387421397003864968e+03
2.123413037653032916e+03
1.941273518566035591e+03
1.778211280084437703e+03
2.090059373084402523e+03
2.439786405276918686e+03
2.102788992311479888e+03
2.049614996353456718e+03
2.077460154258819330e+03
2.121133564009396196e+03
2.021362733959143270e+03
1.468690514182770130e+03
1.746496812540237897e+03
2.221764555770746938e+03
1.970679501634172766e+03
1.909437196285977961e+03
2.008329467885951999e+03
1.716749871966046385e+03
2.396739376995260045e+03
2.345092281168120735e+03
2.296501977888170131e+03
2.260647371942476184e+03
1.815132650944838360e+03
2.460917124965351832e+03
2.358461107077367160e+03
2.075363112618271771e+03
2.045877016858695697e+03
1.760045592457047405e+03
1.864303278865214224e+03
1.847232345618161617e+03
1.229706416668099564e+03
1.798989466440931210e+03
2.405311323641189574e+03
1.863403888351940395e+03
1.801093248474399616e+03
9.502816584990254114e+02
2.538044254757138788e+03
2.139607172753118903e+03
1.804233817259832676e+03
1.779128649184637197e+03
1.930398069118877629e+03
1.748304683079505367e+03
1.936763473514806947e+03
1.352653459582158348e+03
9.538120925932705632e+02
2.313087560246081466e+03
2.004310915337986899e+03
1.808814592009863190e+03
1.376795326083582495e+03
1.716219508730679081e+03
2.086609422824390094e+03
2.073949617295201733e+03
1.914687057698270792e+03
1.753846103922705424e+03
2.263174557693410861e+03
2.386053680236666878e+03
2.345706262503742437e+03
1.945668531598091931e+03
2.107815698195556706e+03
7.265285200887993824e+02
3.626295607454469518e+03
1.646446610422583944e+03
1.338424348008338939e+03
1.159547318550175305e+03
1.561171324728016316e+03
1.946419801096234778e+03
1.604136102987349204e+03
1.605454133384133456e+03
1.353543346407074750e+03
1.904499324733099229e+03
2.212195618786775412e+03
2.101037414033667574e+03
2.104222494590465885e+03
1.813327122196651544e+03
3.248787624548171152e+03
2.353193693261930093e+03
2.358997406558329203e+03
2.010089054911238918e+03
1.795520913001499366e+03
2.540957214860784006e+03
1.904488630451858853e+03
1.712534872167703952e+03
1.464015195856463151e+03
2.050516241947013441e+03
2.500564112382001440e+03
2.182979015533192978e+03
2.041910008646438655e+03
2.135996932318787003e+03
1.556151375743162134e+03
2.830615953323170288e+03
2.146298813025912750e+03
1.774256381309765175e+03
1.695757607611784806e+03
1.623430838277826069e+03
1.237626758246706913e+03
2.674756298408445218e+03
2.110403119748511017e+03
2.072641741859320518e+03
2.250757327262510444e+03
2.006269625533288718e+03
2.111870299319687092e+03
2.883700912560603228e+03
2.123603337490873400e+03
-1.035222549937989669e+02
4.296951530037448720e+03
8.021440237570918725e+02
9.045967878048998045e+02
2.522629755077700793e+03
-2.672115069934907297e+02
4.335418243870022707e+03
3.933390396078289086e+02
1.395353439327877140e+03
2.299348032950194010e+03
1.441931675938136692e+01
4.285342405460901318e+03
1.093864586336314915e+01
3.825309341740251512e+03
7.016147007928642552e+02
3.994274276409831145e+03
7.082877181763121825e+02
2.205872131753370013e+03
2.545452035162307709e+02
1.095817936297100005e+03
3.731851888480312027e+03
3.161968646657948284e+03
2.743277305489923037e+03
2.038049618927537722e+03
2.026671350491585827e+03
2.024477633449672112e+03
2.024557856767529074e+03
2.024556756592321335e+03
2.024556736454355814e+03
2.024556737890393606e+03
2.024556737857330972e+03
2.024556737857980806e+03
2.024556737857980806e+03
2.024556737857980806e+03
2.024556737857980806e+03
2.024556737857980806e+03
2.024556737857980806e+03
2.024556737857980806e+03
2.024556737857980806e+03
2.024556737857980806e+03
2.024556737857980806e+03
2.024556737857980806e+03
2.024556737857980806e+03
2.024556737857980806e+03
2.024556737857980806e+03
2.024556737857980806e+03
2.024556737857980806e+03
2.024556737857980806e+03
2.024556737857980806e+03
2.024556737857980806e+03
2.024556737857980806e+03
2.024556737857980806e+03
2.024556737857980806e+03
2.024556737857980806e+03
2.024556737857980806e+03
2.024556737857980806e+03
2.024556737857980806e+03
2.024556737857980806e+03
2.024556737857148846e+03
