2.013674824642622752e+03
2.226295918428374080e+03
1.568876837940289761e+03
2.491650366344625127e+03
2.030585719281860975e+03
2.072027778569819475e+03
2.385492733569335542e+03
1.968555846534299235e+03
1.469485092856262554e+03
2.123995785098338274e+03
2.243626691799005584e+03
1.170715477319002957e+03
1.762702939149012082e+03
2.491492915635404188e+03
1.713455932046173984e+03
2.396234635066734882e+03
2.047420623572786781e+03
1.523419368442525865e+03
2.293405647732868601e+03
2.055494849247184447e+03
1.544424805406204996e+03
2.218222820275735558e+03
2.155960771624660083e+03
1.851540482799212896e+03
2.022885770790740935e+03
2.449707597935988360e+03
1.577226039320506288e+03
2.249736411829976078e+03
1.992154207721699777e+03
1.542386267887795384e+03
2.663190288028820760e+03
1.893674975889792904e+03
1.466662578730787345e+03
2.625159973802999048e+03
1.336461619786518213e+03
2.055756827978036654e+03
2.818528046804416135e+03
1.599308251023917364e+03
1.686509181183590272e+03
1.682171969943072781e+03
2.237990100419024202e+03
2.222342593445733655e+03
1.779380366047756752e+03
1.808579089055829400e+03
2.305609583012603252e+03
1.601009501753835139e+03
2.089007737773445569e+03
2.677106587164166285e+03
1.681315559283024413e+03
1.727745716272735990e+03
2.691017046403938821e+03
1.894126188458055822e+03
1.963687550415854730e+03
1.998687133721680539e+03
2.201136658066858672e+03
1.449307642625450171e+03
2.374584398959324972e+03
3.031785845092183536e+03
7.204258764083948563e+02
1.533398901853767484e+03
2.852702311340177857e+03
2.327627969701376969e+03
1.159682523244482354e+03
1.648396768520305841e+03
2.427191837165067227e+03
2.153586687941070068e+03
1.338867660083388046e+03
2.110825346511174757e+03
2.431530541790491043e+03
2.195165270155150210e+03
1.384509241019212823e+03
2.116700206163178336e+03
2.343449244042126793e+03
2.145374115185476967e+03
1.309727162382800543e+03
2.109904003521556206e+03
2.560015494034245876e+03
2.499968907836710514e+03
1.011555494078865308e+03
1.163770403925461551e+03
1.954028105786169817e+03
2.534862524972708343e+03
2.850973369977776201e+03
1.480710918525492843e+03
1.353846473224326246e+03
1.853549670479242195e+03
2.581796404581878505e+03
2.388822204218973184e+03
1.429752781482266073e+03
1.707456781448433048e+03
2.712888704611152207e+03
2.959255523910012471e+03
1.127892219951128254e+03
1.729134227408585957e+03
3.069065835488482662e+03
2.271949901455206600e+03
1.593377793018861666e+03
1.648626149939802872e+03
1.710075066053457249e+03
1.464424188151626367e+03
2.575713147816622950e+03
2.369944406540088949e+03
1.737234550432165634e+03
1.404114948102978360e+03
2.242008571562617362e+03
1.899935814444694415e+03
2.123245844491244952e+03
2.149681303659231617e+03
1.707586664094326352e+03
2.448217019750597501e+03
2.019810384873291014e+03
2.079981566642765301e+03
1.876980687173220986e+03
2.236685908019611361e+03
2.123675895784401291e+03
1.330397871120180753e+03
2.740552764312792078e+03
2.241282652611499543e+03
3.530698974758505301e+03
7.612613674701439095e+02
1.979268253115893685e+03
1.984760363993428655e+03
1.686227495422948323e+03
2.430319295158311434e+03
1.222202942008776063e+03
1.557005368571193458e+03
1.976115761976917156e+03
1.929062861067732001e+03
1.614079842662418741e+03
1.781323651166858781e+03
1.836487807157220232e+03
2.233634819733222230e+03
2.197189479133430723e+03
2.050817984786483066e+03
1.814487649500566476e+03
1.909713743958391206e+03
1.949578623470522643e+03
2.272769419935084443e+03
1.964160082495590586e+03
1.778384929357585406e+03
1.624227044666626398e+03
1.898035332769784645e+03
2.812031961551034783e+03
1.429926760813763849e+03
1.655719119894551341e+03
2.675432757391889481e+03
2.212784332017703491e+03
1.721093271781833892e+03
1.800782214903442764e+03
2.392830022065788853e+03
1.413115267700810136e+03
2.494898721077071514e+03
1.898384326048383173e+03
1.395595319063872466e+03
2.406694409224478477e+03
2.486370572233705843e+03
1.929505974593001383e+03
1.791806255806985064e+03
2.824327095737963191e+03
1.519938304814446155e+03
2.218196790479773426e+03
1.763988232446723032e+03
2.481022385018891782e+03
1.449787284351709786e+03
1.782512221543301393e+03
1.977550991177281276e+03
2.036175732254164586e+03
1.654775479445474957e+03
1.848532698414613606e+03
2.004053815480890989e+03
2.002188622040852351e+03
1.882087325330555814e+03
2.625513770059117178e+03
2.048986058010201759e+03
1.762035000916814397e+03
2.168462358980313638e+03
2.612955361337422346e+03
1.919883155546268199e+03
1.643805207386691791e+03
2.142976706536811889e+03
2.565282927186293364e+03
1.524762095097662950e+03
1.901351715541008844e+03
2.504582736922416188e+03
1.912899154291103969e+03
1.281880854663088712e+03
1.956904346971490440e+03
2.499897682839299250e+03
1.787633511403776765e+03
1.364469153382095328e+03
1.658300795200623952e+03
2.164102397070675124e+03
2.413804791355430552e+03
1.702140474356107688e+03
1.692020157276795089e+03
2.247616275503790803e+03
2.731758127337819133e+03
1.623329406784038383e+03
1.960054597917420324e+03
1.826704093243085708e+03
2.456947738306573683e+03
1.957683458838934484e+03
1.822595082409090310e+03
1.679523835531789928e+03
2.381131742454088453e+03
2.489445360109594731e+03
1.524526712444919667e+03
1.898747495923108772e+03
1.853545220347080203e+03
1.690182522296600155e+03
2.124272540379596194e+03
1.922747813673558994e+03
1.422846965447077764e+03
2.138723900552912255e+03
2.066014364834356002e+03
1.580703401690368082e+03
2.078835497862138709e+03
2.417729569851077940e+03
1.717618962494270818e+03
1.936327690912841945e+03
2.532931449329295447e+03
1.774598446151931739e+03
1.880998039240051412e+03
2.255476851285004614e+03
1.456088304794327087e+03
1.783339823512782004e+03
2.496449686527319045e+03
1.915702812774000677e+03
2.291836824849674485e+03
1.655699333123077622e+03
2.532742142967058498e+03
1.752747974437080302e+03
1.460935252113753222e+03
2.547104930996902567e+03
2.502545500680009809e+03
1.034942744821055612e+03
1.362787580639191901e+03
2.291117722134315954e+03
3.032148451047258732e+03
1.100197427410904993e+03
1.029004474005335851e+03
3.219302593837971472e+03
2.123117299970544991e+03
1.747513162280718916e+03
2.323297125681056514e+03
2.190697717346588888e+03
2.191902453934554615e+03
1.460662716731656928e+03
1.915738089672401429e+03
2.001974085518242646e+03
1.784621293605586288e+03
1.766510629929430934e+03
2.452992916047408926e+03
1.814428923916597114e+03
1.647615145087880592e+03
2.263067151646550883e+03
2.770268611485690599e+03
1.750305355094047400e+03
1.694001547034665464e+03
2.568995000879192503e+03
2.067350859564554412e+03
1.774624324139049577e+03
1.568649277314867049e+03
2.344447592421905938e+03
1.795837563789289561e+03
2.029677887077644300e+03
2.445743171642271136e+03
1.864426562166330086e+03
1.837436612121088046e+03
1.745260385091641865e+03
2.059598275255139015e+03
2.532493791414472071e+03
1.659546835536027174e+03
1.613118754507140920e+03
1.949942983384139325e+03
2.132545666909087686e+03
1.668736237492023520e+03
2.604916345208274379e+03
1.830246340028518716e+03
1.833324574580858553e+03
2.697147786898322920e+03
1.575603907202996879e+03
1.538879690140919820e+03
2.753390182182904027e+03
1.459974370062845082e+03
