2.083680381322516041e+03
2.053190933747308463e+03
2.097768617622185957e+03
1.873262666286775811e+03
2.097922037079045822e+03
2.093624191530444023e+03
2.404547686328006876e+03
2.075528967132121124e+03
1.722437295782440742e+03
2.836675309379042119e+03
2.981061886344794857e+03
2.146047537998177631e+03
2.452736637201169742e+03
2.374948224171479069e+03
1.461981981778992576e+03
1.693219591749185611e+03
1.749044236534977017e+03
2.421811538801538973e+03
2.900314825160838154e+03
1.295878688169844281e+03
2.275613673837809529e+03
2.627965415342476717e+03
1.038437061815604466e+03
2.416407006216831633e+03
3.014045836864059311e+03
1.168907194002585129e+03
2.212117198048877981e+03
2.676045043720740523e+03
1.939188852665709192e+03
1.949080704541596788e+03
2.367160919466526593e+03
1.902295096144217041e+03
2.711719011192482867e+03
1.977029269589703063e+03
-1.069188854888728173e+02
4.199965982362065006e+03
1.542415901099313032e+03
9.596877613924890511e+02
1.896349115318409076e+03
1.059314018938922345e+03
1.882310612681183102e+03
2.107168855766559318e+03
2.159167227326488046e+03
2.013289813833946027e+03
1.756580717062049416e+03
2.255750215349490190e+03
2.788371372792478269e+03
2.070370546081303473e+03
1.808159411154482768e+03
1.881865577109067090e+03
2.447837804003788733e+03
2.560496919680754672e+03
1.705340104668315462e+03
2.251575403964446195e+03
2.083608799268702114e+03
2.479116506012499485e+03
2.072769499472567986e+03
1.437040716116490103e+03
2.290583185005168161e+03
2.539235935897239415e+03
1.647735927947371010e+03
2.057781216796304761e+03
2.542332104782314673e+03
1.750344862571974545e+03
2.080670486275203075e+03
2.183573364853318708e+03
2.281176447271209327e+03
2.180656301780873491e+03
2.231305640258511630e+03
1.698615253456315713e+03
2.099305920025620253e+03
2.633869878349796636e+03
2.271966981467060123e+03
1.764787149817892441e+03
2.132163458054791136e+03
2.486827687421356586e+03
2.178955702972927611e+03
1.972332317032870151e+03
1.816410460067635995e+03
2.634140151933734614e+03
2.617756228241615645e+03
1.767234725476646872e+03
2.058060232505540625e+03
1.817680791285447640e+03
2.178526955186979194e+03
2.574655292872867449e+03
2.088916853083108890e+03
1.971655241310548718e+03
1.935592537199146363e+03
1.832415404520356788e+03
2.434857365901558751e+03
2.431469281030865204e+03
1.848185574401654094e+03
2.037491819690792681e+03
1.988397059105429662e+03
2.077254309029145588e+03
2.575180628866639381e+03
2.683920243278715589e+03
3.854772056726488699e+03
6.284700502609479145e+02
2.085973968394901874e+02
8.267369376963324612e+02
6.572711244931721239e+02
2.280257567624595595e+03
1.210530596309722341e+03
2.878450837242783109e+03
2.177027714830212517e+03
2.504874708657583597e+03
2.410506469037013630e+03
2.167656512667826064e+03
1.515994706261544025e+03
1.014568110243758383e+03
3.484511114067316612e+03
2.338802003321129632e+03
1.992378488529972856e+03
2.076696263226950578e+03
1.841232645305818551e+03
2.232626513692499884e+03
2.208524721914378006e+03
2.290088804727614843e+03
2.290567350295476444e+03
2.494274464847083436e+03
2.147796259742446182e+03
1.999481961979720836e+03
1.934620293109760269e+03
1.842198806890537298e+03
1.800557619012101441e+03
2.399057804427854080e+03
2.443520306624990553e+03
1.867952579294681755e+03
1.481908421878596982e+03
2.537997506189012256e+03
2.604461895901551543e+03
1.483535154604284116e+03
1.745020746936771957e+03
2.819056187098468399e+03
2.227125127569992401e+03
1.402008180149526197e+03
2.398115865243208191e+03
2.497204944628264457e+03
1.874880165696643871e+03
1.950561946527069949e+03
2.139187479541825269e+03
2.564308778647653980e+03
1.679462639300703813e+03
1.906396866419697517e+03
2.424796494649811393e+03
2.148579479494554107e+03
1.956891898897737065e+03
2.158519364339959793e+03
2.290617057930276587e+03
2.239629992805961137e+03
2.062993924339113164e+03
2.143993460138357477e+03
2.039518657726886886e+03
2.174901840214301501e+03
2.456261165014214384e+03
2.090496421708524394e+03
1.954413547830821699e+03
2.016421638684681284e+03
2.720916117648005184e+03
2.550248934591010311e+03
1.732077795184510705e+03
1.809604583155998853e+03
2.099414100044951283e+03
2.286935008650030795e+03
2.628545614743323313e+03
2.366020990239928324e+03
2.310368062292997365e+03
1.706224421697286289e+03
2.156831324084701919e+03
1.226408641109660039e+03
2.439063771415322663e+03
2.255789364760519675e+03
2.021313131996402490e+03
1.790125327077461179e+03
2.602421820486262732e+03
1.554761217926302834e+03
2.042522206816161315e+03
2.661183507017247848e+03
2.540398327560429152e+03
2.629194184814178243e+03
9.331885845482158857e+02
1.616078423869334756e+03
2.197188991598576649e+03
2.239762276658317660e+03
2.518156034761696446e+03
2.147810519474776356e+03
1.834652506441986816e+03
2.285218457888983266e+03
2.064021846881003512e+03
2.205182242671839504e+03
2.453029961034757434e+03
2.420140949356215515e+03
2.001766065124259512e+03
1.745523506617178782e+03
2.033732724050071056e+03
2.050068849371855322e+03
2.052315344979712336e+03
2.280937222996745277e+03
2.258117311643545236e+03
1.692204597945452633e+03
2.214607926334751028e+03
2.195988325945691031e+03
2.302119230030345534e+03
2.336599240493767411e+03
2.242045289129618141e+03
1.928253822533739822e+03
1.902044153381577871e+03
2.464464140995721664e+03
2.485424710161775238e+03
1.827025929338693686e+03
1.930047244386660850e+03
2.288216662412984078e+03
2.338841794832973392e+03
2.162034704336098457e+03
2.093867361784813966e+03
1.876928519706369343e+03
2.145513557375040364e+03
2.512671969152999282e+03
1.985418995288179531e+03
1.712416229281735923e+03
2.434529161679668050e+03
2.594468733206773322e+03
1.694327279509976051e+03
1.758874932438193355e+03
2.336928546842241303e+03
3.110691154362072666e+03
1.853988923986470354e+03
2.333573689090595963e+03
2.274175130079258906e+03
2.043025289889701298e+03
2.116034399792970817e+03
2.743419083588399189e+03
1.749360532374321565e+03
1.752280466253153918e+03
2.774949074356332858e+03
2.041151719591677875e+03
2.438265477386316888e+03
2.116554924441930780e+03
1.321037017425389195e+03
2.343786452785567235e+03
2.060869351118643408e+03
2.551208889808142430e+03
1.888597921303295152e+03
2.385731573748694245e+03
2.266300374526324504e+03
2.267896210020389844e+03
2.136490476815533384e+03
2.236905491695265027e+03
1.906217222415702736e+03
2.009409807024035445e+03
2.087984366919044987e+03
2.417960071205294298e+03
2.123505199627941693e+03
2.156197041114675812e+03
1.809975249880637193e+03
2.376375862210554260e+03
2.520660674546443261e+03
2.051549893796179276e+03
1.927670021611881111e+03
1.978211006267835273e+03
1.853846940752161572e+03
2.192603088745424884e+03
2.158823099898022065e+03
1.492981377043751536e+03
2.128060585365430143e+03
2.359290237016458832e+03
2.454085501321249467e+03
1.909977894473674269e+03
1.848364459746355124e+03
2.398788496652568938e+03
2.571121521680097430e+03
1.973368566935324679e+03
2.055028099816000577e+03
2.215797028297939050e+03
2.455022823116867585e+03
1.820714991176763533e+03
2.095218176733665132e+03
2.168704358529800629e+03
2.282567837269017673e+03
2.520148561860719383e+03
1.840083254244104864e+03
1.806572247963815698e+03
