1.581552790015309711e+03
2.030255235903959601e+03
2.124542111959915474e+03
2.385704768946945478e+03
2.378439566535160338e+03
2.425770953128965175e+03
2.312497641003088575e+03
2.280109728390283180e+03
2.184408371657428688e+03
1.900525225994944321e+03
1.766563881470938668e+03
1.798869367022925871e+03
1.902592524112990986e+03
1.833456942945318133e+03
1.807737724117973130e+03
1.901181067897225148e+03
1.989284261774325387e+03
1.966610064311237011e+03
2.080368541952840587e+03
2.054531123281458349e+03
2.058969529590257935e+03
2.270278544477343985e+03
2.180708015546980732e+03
2.273666682086199671e+03
2.033139306243370356e+03
2.312843812864449774e+03
2.422008569086848183e+03
2.137452039572479407e+03
2.401265395504047319e+03
2.246354813440582802e+03
2.249922017028854498e+03
2.297310687171286190e+03
1.666315840563584743e+03
2.212414417705515461e+03
1.910521338319691267e+03
1.878162961181745459e+03
1.921079820835180044e+03
2.069505702232560452e+03
1.681758591269677027e+03
2.090761649115835553e+03
2.125751773683593001e+03
2.370651547501955065e+03
2.049025723467671469e+03
2.397297544532693792e+03
2.401518791607417370e+03
2.144899277927167986e+03
2.335411130556369699e+03
2.257343786468976759e+03
2.343482054853888258e+03
2.167136853583037009e+03
2.307304955593765044e+03
2.333370088482493884e+03
2.187080572934859902e+03
2.165085531477964651e+03
2.167139103686153703e+03
1.997093315040700645e+03
1.961559969595727352e+03
2.143075842959100100e+03
1.780523414948213031e+03
1.688173440681354350e+03
1.693979275806253554e+03
1.802966406643267419e+03
1.570554281442734691e+03
1.576574229052992905e+03
1.839442542512032560e+03
1.907056750502462592e+03
1.535551431452913448e+03
1.964403092138999227e+03
2.091393880708786583e+03
1.946264847453668608e+03
2.059357273964078558e+03
2.175685939998866161e+03
2.340558006932210901e+03
2.309331527332682072e+03
2.384830496495355419e+03
2.455099139505481162e+03
2.305208482232762890e+03
2.098978853242333116e+03
2.071094502850035497e+03
2.002222933958803651e+03
1.839531095848248697e+03
1.843990624109944065e+03
1.794311213284391442e+03
1.706209605328224598e+03
1.680724942171346811e+03
1.714518578619574100e+03
1.819780389632422384e+03
1.211169629393432388e+03
1.436514105318376096e+03
1.879483947973455997e+03
1.551653763227811851e+03
1.916807657789446694e+03
1.902605899716329986e+03
2.118573711783692033e+03
1.705888655787704010e+03
1.934040280809087335e+03
2.013800089095735757e+03
1.805041590641584435e+03
2.791666688745488955e+03
1.767600697810343263e+03
1.989380441020808803e+03
1.374309312805692684e+02
1.748168614816948093e+03
4.318263174635242649e+03
3.735539857544077904e+02
3.066594326514922614e+03
7.513336186339172400e+02
1.941431759357419423e+03
2.790677856334043554e+03
1.081125767799594087e+03
3.950264119387277788e+03
5.751079470427177966e+02
2.791224113801533804e+03
1.265686959053406781e+03
1.846486759085956692e+03
3.125849050352225277e+03
1.452061298877008312e+03
2.525253641395316663e+03
1.306209714590746444e+03
2.199091865448067892e+03
2.205802251385963700e+03
2.133729824130906763e+03
2.065160933181427481e+03
2.039248887388055891e+03
2.004233019549478058e+03
2.014590119102011158e+03
2.031726646081682020e+03
1.933505143886453880e+03
1.953879048416444220e+03
2.013278852151860747e+03
1.919005404476799868e+03
1.829282156233090518e+03
1.760081461963403626e+03
1.726881454694080958e+03
2.008240517556117311e+03
1.675459578027379621e+03
1.808595679551871171e+03
1.861341481398709220e+03
2.280698032858635997e+03
1.782910946706278764e+03
1.634489149097007839e+03
1.782539801338804864e+03
1.949659863662388034e+03
2.045320418581349031e+03
1.594343095056872471e+03
2.204714085394215999e+03
2.279236146813493178e+03
2.392930781607407880e+03
1.549133313749196759e+03
2.282651826681503280e+03
2.237634851340875684e+03
2.530062592030928499e+03
1.730708477899250056e+03
2.388137919294165840e+03
2.247057062801742177e+03
2.622623842071096988e+03
2.262522539221502484e+03
2.189080808709394660e+03
2.270987796917763262e+03
2.282854846851861566e+03
2.302283601980466301e+03
2.030825905420916570e+03
2.159457481384576113e+03
1.954293955590212590e+03
1.672299748501653312e+03
2.168224347338331881e+03
2.460458453701734015e+03
2.472061866512020970e+03
2.556599022036747101e+03
2.099560242606865813e+03
1.907786532070672820e+03
1.654226769356578416e+03
1.708763199577266505e+03
1.994751103239823806e+03
1.681680531036262664e+03
2.113881412456509679e+03
2.161499452359569204e+03
2.108972596891784633e+03
2.424510413407842407e+03
1.789172504095735803e+03
2.372423429811173264e+03
2.392572031731772313e+03
2.378920362120165464e+03
2.150230534672313297e+03
1.937296155683121242e+03
2.128997175620191229e+03
2.452955348682045496e+03
2.250459737164495436e+03
1.739355346043757891e+03
2.505584876156927294e+03
1.348402340822265842e+03
2.238922853588786893e+03
2.360330941327919845e+03
1.422524982802148998e+03
3.022231461821694666e+03
1.705045463549086662e+03
2.879963667239066581e+03
1.737752515119868804e+03
2.402624041881830635e+03
2.514504387189004774e+03
2.315558776599861631e+03
2.577422032573540946e+03
2.297731295822668017e+03
2.438694454270933420e+03
2.419997030848031955e+03
1.939637357608776028e+03
2.118480668241782041e+03
1.975265431058987588e+03
1.995713365873608382e+03
2.218920418453054026e+03
1.929085199624398228e+03
2.229260589481209990e+03
2.316825770650866616e+03
2.609328651392651864e+03
2.544377689561022635e+03
2.563662782697291277e+03
2.052911240466936306e+03
1.463720037501331717e+03
8.326608758968480970e+02
1.274910026507163138e+03
2.080990878417459044e+03
2.325488331930486311e+03
2.431267600102755750e+03
2.524448440563204713e+03
2.340620586576379992e+03
2.449759113297387103e+03
2.412609389485862721e+03
2.363929272992334063e+02
3.069307095055362879e+03
1.107247095434160201e+03
2.908790807943049003e+03
2.025867665957555118e+03
1.824241696004685764e+03
1.674466734036848720e+03
4.047200339992275076e+03
2.806267980734320190e+03
1.336777586551355398e+03
1.974990562887808892e+03
2.422311601676402915e+03
8.732634044914192373e+02
4.314911573841117161e+02
2.125418524576833988e+03
1.402907520481820711e+03
1.952462405224295253e+03
2.602966042498439492e+03
1.891100248237765527e+03
2.016547204879017045e+03
1.813701861083190806e+03
1.974817170644774706e+03
1.896257515635075379e+03
2.036145756069929803e+03
1.833302537296385481e+03
2.141568120038227335e+03
2.150058582687738181e+03
2.143509188373957386e+03
1.972009143391590214e+03
2.154198959150189239e+03
2.397139359415818944e+03
2.021490294461497797e+03
2.043903635575161616e+03
2.187228507521588654e+03
2.244777971226387763e+03
2.166730588009594612e+03
2.323136185829597707e+03
2.460619792615040296e+03
2.494396569472138253e+03
2.318412414020683173e+03
2.280535227679944910e+03
2.221849967683182058e+03
2.141324821928567417e+03
2.166406968395662716e+03
2.069742454200435986e+03
1.961357668660937406e+03
2.055784610955891367e+03
1.906195151354293102e+03
1.825428157163340529e+03
1.814229844610800001e+03
1.817539416503845587e+03
1.996661336306085104e+03
1.772630282005636673e+03
1.794237500158208604e+03
2.020487148386597482e+03
2.125733548351827267e+03
2.091032724891309954e+03
