1.574482913523519301e+03
1.604922220347136772e+03
1.752009107603794746e+03
2.160410685448411641e+03
2.141090129083071133e+03
1.933505540259990084e+03
2.060483542490232139e+03
2.321134648739664954e+03
2.288359777422502702e+03
2.013364228989016055e+03
2.007597423322570421e+03
2.090425524377380043e+03
1.925796795385267842e+03
1.626765187369262321e+03
1.843815188360320917e+03
1.945964517631746958e+03
2.054969018475427674e+03
2.164916506215858135e+03
2.135532614734230265e+03
2.010443386517353929e+03
2.144132571212387575e+03
2.092269164940689734e+03
1.801809461350569563e+03
1.673727813722102610e+03
1.964007491100043126e+03
2.110227785298799063e+03
2.022666469062396345e+03
1.801121212818235563e+03
2.341094816982603788e+03
2.455706495457043275e+03
1.969176194587183090e+03
1.410190308507498685e+03
1.726814648837201048e+03
1.972456875556078330e+03
2.046131950403346536e+03
1.963816187956693057e+03
2.307877950781255095e+03
2.410840100733288182e+03
2.399274285814910399e+03
1.902917407744649154e+03
2.026643457902147247e+03
2.065455432106559329e+03
1.797840724219294088e+03
1.925616076819937234e+03
2.221720218506421588e+03
1.803649065374679822e+03
1.511164917927396573e+03
1.805840387244604017e+03
2.223068364654596735e+03
2.346947575725213937e+03
2.174708033785161206e+03
2.415170685319643326e+03
2.315571693645640607e+03
1.866652651433757001e+03
1.579560445866801047e+03
2.095574267283453537e+03
2.266330441241691005e+03
2.047124582840091762e+03
2.425347337672016238e+03
2.253371701344053690e+03
1.943577692911018630e+03
1.517312964329042870e+03
1.774895007070537076e+03
2.163809142094196886e+03
2.211837063493326241e+03
1.988824758687506346e+03
2.339858948078158392e+03
2.368184816375519858e+03
2.025657378702831920e+03
1.749260723593464263e+03
1.834667435915348733e+03
1.965761041019676668e+03
2.030661592017505654e+03
2.036764131881272988e+03
2.161219295845864963e+03
2.390326164410195815e+03
2.147675142821823556e+03
1.827911198865369897e+03
1.797136723766987870e+03
1.858411399085394123e+03
1.956707564491001676e+03
1.983328306895832156e+03
1.958036618976362206e+03
2.009936522446449544e+03
2.042066753593019484e+03
1.936950024289137218e+03
1.738377595714443260e+03
2.021994330808624909e+03
2.153357138567514994e+03
2.034933964632227116e+03
2.043561636850304012e+03
2.230068999219206944e+03
2.059225814530046136e+03
1.929142866799510784e+03
2.381504941454660184e+03
2.527729829768034961e+03
2.007032602684540279e+03
2.109804525299629859e+03
1.763666713499143270e+03
1.593438897990327177e+03
1.779232937250242912e+03
1.420455960132638438e+03
3.128159634073288544e+03
2.003067579214969101e+03
2.156767976179382003e+03
1.734783425932603222e+03
1.669364166800792873e+03
1.832279541159017981e+03
1.959517443162848167e+03
2.424330159097726209e+03
2.106772666026549359e+03
2.064549559615285489e+03
2.334096447114170132e+03
2.004185147463873363e+03
1.964921792901310255e+03
2.084860646248279863e+03
2.094699747877183199e+03
1.924914610569057913e+03
2.287155229433418299e+03
2.084747613706008451e+03
1.924680777301383159e+03
1.880565204295899548e+03
1.818157527663037854e+03
2.058390808831968570e+03
2.049255806583581489e+03
2.004276634627225121e+03
1.858758984749420279e+03
1.946015726655069102e+03
2.058187908715988669e+03
1.818955086367356216e+03
1.737427998049566213e+03
2.183587471036018542e+03
2.327536325656496047e+03
1.943176073583588277e+03
1.861724725097158398e+03
2.456990029722976487e+03
2.548001830605561281e+03
2.243782461666121890e+03
2.121861779277259757e+03
2.399204140259443648e+03
2.148340255807180711e+03
1.930202657321073957e+03
1.747585702104125630e+03
1.876877707702185262e+03
1.928196729397579702e+03
1.822228722476697840e+03
1.580555379838823228e+03
1.825931777842511792e+03
2.274647975673200563e+03
2.414311342967675046e+03
2.037074366773724250e+03
1.944539133956603337e+03
2.052793630390034195e+03
1.902386250786142909e+03
1.675117560909106942e+03
1.843672780494344579e+03
2.312290687605137009e+03
2.172802852458163215e+03
1.817659737217801876e+03
1.980184369144474431e+03
2.048607799921024707e+03
2.011569510600630338e+03
2.132340167895429204e+03
2.279780588787945817e+03
2.005487196838735827e+03
2.171179135153121479e+03
2.070558544161524424e+03
1.797042954999153153e+03
1.660337842286307023e+03
2.191935260911657224e+03
2.350516739377239446e+03
1.870835340320702016e+03
1.754838778407504833e+03
2.214205943651263169e+03
2.108330848634456743e+03
1.928997776393739741e+03
2.569063031594373115e+03
2.634140113944391032e+03
1.932788461464596139e+03
1.589444861592117832e+03
1.840250163828530276e+03
1.958191669334127255e+03
1.893556010979958046e+03
2.251547203948039623e+03
2.199763989799777846e+03
1.874534035968864828e+03
2.065265063735016611e+03
2.051545850843143853e+03
1.836268645681603630e+03
1.880265497879293662e+03
2.464863369875678927e+03
2.658405694177991336e+03
2.015432457726603616e+03
2.023682397450740609e+03
2.234666742154648546e+03
1.661768762138838383e+03
1.458022733891213875e+03
1.959785195162912714e+03
2.356022880201224325e+03
2.031003153919084070e+03
1.855564836420581514e+03
2.157537255882015415e+03
1.974581703957973787e+03
1.781466434173649304e+03
2.105426944781016118e+03
2.487994354185836528e+03
2.103493713415476577e+03
1.662194291568199787e+03
1.465615060283193316e+03
1.699642179031397518e+03
2.478955859308705385e+03
2.522930295101448337e+03
2.173592773851870788e+03
1.863247789229820683e+03
2.104642720452914091e+03
2.074188095581034304e+03
1.828087992452786921e+03
2.027977255099985769e+03
2.434319624847473278e+03
2.247178721623560705e+03
1.714424866593500838e+03
1.515497138356909318e+03
2.103991276705437485e+03
1.957744971914909001e+03
1.486916358416109006e+03
2.678601893384923187e+03
2.439795687665996411e+03
1.915455498899686972e+03
1.607262623625549395e+03
1.760674529887989593e+03
1.749311839637683534e+03
2.263470450106614408e+03
2.010533173594211803e+03
2.156675979068874312e+03
2.466107730190673919e+03
2.169092068807154192e+03
2.027258755719918781e+03
1.877422813760356576e+03
2.480256748873817742e+03
1.739236885963687200e+03
1.728869197754559309e+03
2.364632915294804661e+03
1.637195272505966159e+03
1.817646369773011429e+03
2.429985837007900955e+03
1.785208535126958850e+03
2.007393585976996974e+03
2.029107018956544835e+03
1.996255353619463904e+03
2.325566105980967677e+03
2.687601394932282346e+03
2.496740876418533389e+03
1.891850909648304196e+03
1.762903852688220240e+03
1.881637075619838697e+03
1.904997115458746521e+03
1.945610408210520745e+03
2.595047923577676556e+03
2.390812367775462917e+03
1.760891774335794025e+03
1.529176488286136419e+03
1.880219472957343442e+03
2.124692992495315593e+03
2.033196914889155323e+03
2.160123506506097328e+03
2.380301543545120239e+03
2.083381592732359877e+03
1.643815767453342460e+03
1.716710400902471065e+03
2.044172301485949447e+03
2.030653699463272915e+03
1.820255039900918291e+03
1.983897377060550980e+03
2.124524178815796404e+03
2.018298025111709876e+03
1.778650014587094120e+03
2.011360799848032684e+03
2.280198791816721950e+03
2.438972326677630463e+03
2.238711574327920061e+03
2.253275203007055097e+03
2.478448443143123768e+03
2.124013878810468213e+03
1.696282027395986233e+03
