1.903478087866986016e+03
2.448529886761167290e+03
2.209638002116109419e+03
1.539520534315420718e+03
2.557788107013021090e+03
2.183978722443820971e+03
2.131868064037051681e+03
1.675771271687138551e+03
2.076591180912166692e+03
1.810575604067127642e+03
2.528013522243357784e+03
2.044996546196259260e+03
1.969297902905092542e+03
2.452025432678701236e+03
1.683848900379615998e+03
2.389340232309355542e+03
1.159908549522587464e+03
2.109485703456714873e+03
1.565539513232010677e+03
2.336415311722811566e+03
1.436240153508076446e+03
3.292072074234684806e+03
2.108670807150046130e+03
1.470754753307596957e+03
1.842664166723245444e+03
2.459051476846277637e+03
2.257024880882259822e+03
1.344691291435129187e+03
2.015603293278845058e+03
2.548915057712993530e+03
2.315484271774600529e+03
1.976431485608775574e+03
1.374786400351475777e+03
2.110335957634228635e+03
2.418405800086665749e+03
1.897984368926018988e+03
1.301928773509756866e+03
2.349626881950498046e+03
2.407036186290387377e+03
1.696515878101567068e+03
1.816265494945889259e+03
1.926218543262572211e+03
2.083606304964900573e+03
2.273108379302184858e+03
1.738714794835201701e+03
2.140297607451258045e+03
1.814738388040198743e+03
2.031432455150849592e+03
2.400974334829632880e+03
2.067732456885965803e+03
2.095781459610542242e+03
2.069966447834283827e+03
1.505935164988929955e+03
2.487716062402399984e+03
2.014970610104692241e+03
2.118918212521240093e+03
1.922814210857630542e+03
1.408215202278195193e+03
2.061476620033107793e+03
2.004617090776103169e+03
1.884534459080213992e+03
2.270143422193392325e+03
2.039990517258079080e+03
1.731706776794456573e+03
2.030950777272128789e+03
2.452480234342088806e+03
2.073825656366704152e+03
2.971632504228728067e+03
1.286233646740624408e+03
2.299420011385578619e+03
2.392897472258079688e+03
1.999588896372849604e+03
2.353221183457532334e+03
1.297378717649563896e+03
1.889224516192362444e+03
2.152338606533449820e+03
1.914658279873015090e+03
1.602333492017902017e+03
1.907963954682913482e+03
3.048735129817239795e+03
1.855382630561421820e+03
1.403579009822344915e+03
2.039530567660387533e+03
2.216302111303063157e+03
1.929175513408912138e+03
2.923191099261782711e+03
5.735032823561170972e+02
2.523043645074362303e+03
2.293493806057334041e+03
1.936287370458830537e+03
2.522488424387770920e+03
1.705359097508064679e+03
2.467841885459802597e+03
1.752355118579190957e+03
1.433395497269676525e+03
2.111196000453163379e+03
2.630808405220057011e+03
1.450143799940942472e+03
1.421323956560885108e+03
2.087115972415644592e+03
1.922698367554580955e+03
2.378756169079178107e+03
1.991636901527124564e+03
2.042670245397682720e+03
2.463108120163558397e+03
2.489691397715349467e+03
1.879645043096111294e+03
1.821024214302973860e+03
2.190010311750168512e+03
2.738972917874579707e+03
2.449718331241796932e+03
1.042786209436675563e+03
2.261286544291151131e+03
3.107898458214309358e+03
1.705831025700750843e+03
1.136651290472438177e+03
2.018580067248444038e+03
2.488153388771043410e+03
1.781161982196534836e+03
2.226843858243208160e+03
1.718882976017749797e+03
2.342582864287837765e+03
1.624162386460024891e+03
2.375052781869693263e+03
1.551738087903402629e+03
1.805965976849987101e+03
2.463640133991012135e+03
1.980787160551457418e+03
1.730254356773597237e+03
2.491438332948231619e+03
1.246025093172528841e+03
2.382992398479015264e+03
1.811086326165089986e+03
2.284692046329448203e+03
2.063988131668345886e+03
1.891957588090474474e+03
1.765530787597444942e+03
2.187155429347327754e+03
2.322195590371618437e+03
1.961640221967822754e+03
1.710578541316092014e+03
2.169503275127327015e+03
2.103895909421350098e+03
2.379983337221670809e+03
1.772050201958403932e+03
1.568399130463785013e+03
2.606713027482097914e+03
1.997790165355704630e+03
2.006638576866586845e+03
1.502672445741024603e+03
3.212041099592105184e+03
1.601022753711288715e+03
2.907376064854120614e+03
1.251316408260261142e+03
1.445548077985698228e+03
2.049512625640817987e+03
1.754131654521111386e+03
1.872781478887057574e+03
2.150005156596315828e+03
2.151005876221411199e+03
2.170358495587705875e+03
1.907284045919575647e+03
2.446973314832156120e+03
2.387834772405957665e+03
1.866734764692753970e+03
2.202104741483775342e+03
1.815940205698187128e+03
2.273753013732497493e+03
1.804669778164442050e+03
1.779975380463643887e+03
1.653920553526057802e+03
2.739711665386379536e+03
2.248421313040301357e+03
2.132324209300847087e+03
1.142844999430670896e+03
1.380944479222682048e+03
2.122290082916092160e+03
2.357836201061589236e+03
1.625582443737513358e+03
1.298932376742932547e+03
2.146888276282285005e+03
2.554906622159547624e+03
2.380600287334399582e+03
2.074925831655683851e+03
1.581362417826290766e+03
2.295255617550823445e+03
1.572726109734624060e+03
2.104614356690836757e+03
2.197974589114316586e+03
1.825021993946890461e+03
2.610641918308184813e+03
1.972274849918468135e+03
1.526474011038366143e+03
2.055878688221260290e+03
1.866937643874022115e+03
2.246052027534108220e+03
2.243800987773003271e+03
1.695527836860710067e+03
1.912647147105759132e+03
2.093074808854450112e+03
2.046244462678703485e+03
2.809355591804918731e+03
1.480871003884861238e+03
1.843393269044312319e+03
2.443902550317122405e+03
2.226287208568378901e+03
2.883043008245130750e+03
1.131917957217593539e+03
2.313170890259523276e+03
2.510449852276936326e+03
2.015115325924171202e+03
1.473331504872104915e+03
2.559083725382810826e+03
2.573739115722374208e+03
2.068576525276125267e+03
1.501418867829707324e+03
2.432888918531813488e+03
2.159675495031068294e+03
1.944937339062721094e+03
2.204210976103496250e+03
2.446051585204576895e+03
2.197448632304343846e+03
1.449496238948667269e+03
1.870207252075758106e+03
2.332620305915808331e+03
1.802710650859028419e+03
1.509190215062721336e+03
2.123639039928722923e+03
2.732200995106777100e+03
1.960620323507037256e+03
1.782459436325252909e+03
2.321314195036826732e+03
2.354269894001139164e+03
2.436223720779627911e+03
1.882343565816515138e+03
1.375938374300786563e+03
2.374261148764830068e+03
2.290483813486911458e+03
1.938622331458828967e+03
2.299767740789773143e+03
1.439227333771566464e+03
2.564557017201163035e+03
2.078588723154902709e+03
2.029923004665032749e+03
1.749192424273888037e+03
2.472092407797407759e+03
2.141218716564197166e+03
1.987085816808313666e+03
1.533757657591591396e+03
2.351078601277856706e+03
2.462898861113452313e+03
1.567430975875521199e+03
1.769323182226580229e+03
2.263517031075047726e+03
2.156844980020840012e+03
2.063841151444020397e+03
1.586757539399681718e+03
2.244475359623528675e+03
2.774242422301034367e+03
2.210577641025077355e+03
2.251441423384166683e+03
1.364526639409439667e+03
2.627351113888702002e+03
1.693759016337618732e+03
2.035922821074923149e+03
1.924595445567969591e+03
2.429041537192564647e+03
1.978944613956795365e+03
1.621599143120252620e+03
2.285793441286294183e+03
2.144187520327379389e+03
2.126798620618606947e+03
1.489129304115482000e+03
1.667896225598982937e+03
2.397170801775267137e+03
2.372048127586122064e+03
1.626297306384741887e+03
2.249139896175847298e+03
1.466945617359896914e+03
2.313869106189557897e+03
1.906385371757604617e+03
2.189055077352547414e+03
1.670164848634610053e+03
1.840645845598704000e+03
