1.271547991772467867e+03
3.082788725408563550e+03
1.527320189237163277e+03
1.818050356286333681e+03
2.770324975157593144e+03
1.968860493800915947e+03
1.734618855901215738e+03
2.287542444942277143e+03
2.051046173663755781e+03
1.639650377254855357e+03
2.517646881914368805e+03
1.873683762299674527e+03
1.547721689992148413e+03
2.745736562719392168e+03
2.458958798338150700e+03
1.547097019028250088e+03
1.513187754648863574e+03
2.303225600796943581e+03
2.384047119323317474e+03
1.686108149289561425e+03
1.747901324108132712e+03
2.574378672011938306e+03
1.519805989935482103e+03
2.090345446496138266e+03
2.860363788502596435e+03
1.070702587211578475e+03
2.627913594532300976e+03
2.242606826672654279e+03
1.075310680688958428e+03
2.833773459783272301e+03
2.047770512057573114e+03
1.566028627497299794e+03
2.012094664996001939e+03
2.483732492077625466e+03
1.900074943235649698e+03
1.571363240281477829e+03
2.106535325752866356e+03
2.318501936576701610e+03
2.394313367373564233e+03
2.282992898756894647e+03
1.370038046996619869e+03
2.154201522370726252e+03
2.268996971507061517e+03
1.664921674696357286e+03
2.036521932740532748e+03
2.339876145581038600e+03
2.109053014010790321e+03
1.667931726370189153e+03
2.156330815261947464e+03
2.343693047252005272e+03
2.431894661034973979e+03
1.316556414710379158e+03
1.709848531284434557e+03
3.194257907111159511e+03
1.015464319608550113e+03
7.503294052305658397e+02
2.671569409614709912e+03
2.694208322870701977e+03
1.323748958913657361e+03
1.443257097738299308e+03
3.392452247190686649e+03
1.404164845128374509e+03
2.190124818245084953e+03
2.806349793386945294e+03
1.340316955325117760e+03
2.516289111265306019e+03
2.676000527127448549e+03
1.460733049668308922e+03
2.015590077386352050e+03
2.750873293214672231e+03
2.154235176272550689e+03
1.576902023378155491e+03
1.779675076586606110e+03
2.184795295890294256e+03
2.367251921149650570e+03
2.385509577861681464e+03
1.884534837902590880e+03
1.490448003787319522e+03
1.999771843002478818e+03
2.655787915266956588e+03
2.341191417442791590e+03
1.287128340642751937e+03
2.760869930238045526e+03
2.591521841844260507e+03
1.477162846037237841e+03
1.801793792945968107e+03
2.576417919330430777e+03
2.734749114243516033e+03
1.701618399860510635e+03
1.492505018979083161e+03
2.158093553584524670e+03
2.980744170363655030e+03
1.310524769383006969e+03
2.059450555835217529e+03
3.009819986883419915e+03
1.414663518646277907e+03
1.918242423874814449e+03
2.959367695151893713e+03
2.336677567184961845e+03
1.305071760790908911e+03
2.475608475860916769e+03
2.870588615468439912e+03
1.726409931900072934e+03
1.561823730071029331e+03
2.330916136880611248e+03
2.965068988949471532e+03
1.409084098174967039e+03
1.876430468275050316e+03
2.871189254855029958e+03
2.117056937898294564e+03
1.412206715981444631e+03
2.503813222869504898e+03
2.513491056015753202e+03
1.387256987575734229e+03
2.092031551763486277e+03
2.959756907318518188e+03
1.772057752456622666e+03
1.558475463980889117e+03
2.978467827394154483e+03
2.130942920568075806e+03
1.390221569415136173e+03
2.176125930187745780e+03
3.091520756227996117e+03
2.020765148482173345e+03
1.283341840807515382e+03
2.942948412478938280e+03
2.069387614261117506e+03
1.286975225430122691e+03
2.994411950197596525e+03
2.642853329145726548e+03
1.545879718571991816e+03
1.642257784417027779e+03
2.225597031564966073e+03
2.900458574802554267e+03
2.259898014626712211e+03
1.270297369337819191e+03
2.208327622992937904e+03
3.049303973799713276e+03
1.175534606130827569e+03
2.285276027877529486e+03
2.851083656871903713e+03
1.335934926824568265e+03
1.843779904750585729e+03
2.775061478916503347e+03
2.845509926447394264e+03
1.778510340354027903e+03
1.406054386034584923e+03
2.419110601308766036e+03
2.940201840728344905e+03
1.916841084382041572e+03
1.415102441418613125e+03
2.407739352371988389e+03
2.995054742595730204e+03
1.628996119068656299e+03
1.498581318255267661e+03
2.544500934107321427e+03
2.810013838461849900e+03
2.412880509023327704e+03
1.762827286620260338e+03
1.503512437949296555e+03
2.061950660592969143e+03
3.130748182280040055e+03
1.485520844843225859e+03
1.687204372486898819e+03
3.116668338099987523e+03
2.446905619512628618e+03
1.763183756946697713e+03
1.480861970745624149e+03
1.854941791945945624e+03
3.084177785149528972e+03
2.294602727959256754e+03
1.780339100539180208e+03
1.412213067515792318e+03
2.392204581754622723e+03
2.743690013609590551e+03
1.151641168047721067e+03
2.959970081188348104e+03
2.381954656440738290e+03
1.408292811387503889e+03
2.030774008390997551e+03
3.036616777533031836e+03
2.048425253403920124e+03
1.266187268784126445e+03
3.014989121526461076e+03
2.591663446722483513e+03
1.647936800685720527e+03
1.536005329792566272e+03
2.738058773677424597e+03
2.506071231046131743e+03
1.159646672654941085e+03
2.790654533628155605e+03
2.475070064000983621e+03
1.324055747806142563e+03
2.149107257204324469e+03
3.232546400142628954e+03
1.477065145110387675e+03
1.677163780165197750e+03
2.931957209058904937e+03
2.492439045697088204e+03
1.520051474308677371e+03
1.714384094429097104e+03
2.963881792097562993e+03
2.049394630388697806e+03
1.309536025357954259e+03
3.292198365376998026e+03
1.459904825216037125e+03
1.691493840418792161e+03
3.314746418989624999e+03
1.513383473446568587e+03
1.620765550306551177e+03
3.149837547429028746e+03
2.105529633459265369e+03
1.234867709175533264e+03
2.757469844397969155e+03
2.248711898229131748e+03
1.104341303233991312e+03
3.087644446059873644e+03
2.425843340551570691e+03
1.380446394463308707e+03
1.804330856749037821e+03
2.873400610866624447e+03
2.672991577923297882e+03
1.020154233708842867e+03
2.474296514573855347e+03
2.748745992379831478e+03
1.357171145749713787e+03
1.834782361839981149e+03
3.034059522128042772e+03
2.080097006691834849e+03
1.405973451088025513e+03
2.133378748909427031e+03
2.899072648321352062e+03
2.291582925144323781e+03
1.378696764104508475e+03
2.152244776996524706e+03
2.813355624186556724e+03
1.267796197888627376e+03
2.475378322909239614e+03
2.848295745616341264e+03
1.468678679214601516e+03
1.917200427643573448e+03
3.123009185835406697e+03
1.693877119493447481e+03
1.567240394069752256e+03
2.549227367297940418e+03
2.327459958830389496e+03
1.347588847011168582e+03
2.348288234834213654e+03
2.906150351576274261e+03
2.488293175015025554e+03
1.462526424408362573e+03
1.667889225249630499e+03
3.297752575942445674e+03
1.082742511981256939e+03
2.657289516908806490e+03
1.952721480184910206e+03
1.479108922691912994e+03
3.401650484121398677e+03
1.062835176116613184e+03
2.416526336598080889e+03
2.404837984911305284e+03
1.184745527120930774e+03
3.347403672071384790e+03
1.474502465362556222e+03
1.595135041814510942e+03
3.266309750064090622e+03
1.686458164369368205e+03
1.480662043256260176e+03
2.251950193828597548e+03
3.004135722487965722e+03
2.406843244851635518e+03
1.426545132326443763e+03
1.717461083375436147e+03
3.285458311680514271e+03
1.263292150658779974e+03
1.972276626418350133e+03
3.124044052943215775e+03
1.058113262618859835e+03
2.558615443004171084e+03
2.487303365572411167e+03
1.135506411227420585e+03
2.697421573614357385e+03
2.902238690869137372e+03
1.323231610395606367e+03
