1.825706417742911299e+03
2.222564947626414323e+03
1.998030332392091168e+03
2.019904392179388196e+03
1.517155952183476529e+03
2.369265455685340385e+03
2.084034341422006037e+03
1.698581146859068667e+03
1.897600105722970511e+03
1.953710206845908488e+03
2.176030528802157733e+03
2.190829820778844351e+03
1.836909649745372235e+03
1.743804104293173168e+03
2.616046533822298898e+03
1.588963257919650232e+03
1.944667488247677511e+03
2.469829794512144417e+03
2.121223625610994532e+03
1.747130931288066222e+03
1.954173268568378717e+03
2.296745237223688036e+03
2.116987925026769517e+03
1.463767750555494786e+03
2.457565767890840561e+03
2.318698401693302458e+03
1.482735696414867334e+03
2.245424768396863783e+03
2.312866779747523196e+03
1.896883764272977260e+03
1.693829259139329452e+03
2.005508118460597643e+03
2.586054182697072065e+03
1.990634279232686367e+03
1.628180387163328305e+03
1.905642215525211213e+03
2.458978229117529281e+03
2.319312259416120014e+03
1.936825794843379754e+03
1.635257078886545060e+03
1.778932345911186758e+03
2.350035558150002998e+03
2.462724992276994726e+03
2.325895037607961967e+03
1.747646666034628879e+03
1.688569965955144653e+03
1.787548823900893012e+03
1.642884849737676859e+03
1.768129704641009994e+03
1.851792968572090331e+03
1.876428080659692796e+03
2.092982780035566066e+03
2.165462581325819428e+03
2.374889628155379341e+03
1.942981844560362561e+03
1.745052190807226452e+03
1.769762001974637769e+03
1.849238347470035478e+03
1.978883572560502898e+03
2.165165046144018561e+03
2.461815975874811102e+03
2.438492218380161830e+03
2.272480127700561297e+03
2.005043616228148721e+03
1.971253413652175368e+03
1.645191038229987726e+03
1.745885778138875139e+03
2.474467213479436850e+03
2.405005649884607010e+03
2.286372051265803293e+03
2.043031565405585525e+03
1.684917579436165852e+03
1.778135564934982312e+03
1.865238557718498214e+03
1.970796298524872782e+03
2.469230943029366244e+03
1.468830604863256895e+03
1.833381281381854478e+03
2.354495268533687522e+03
2.693517638614939187e+03
1.793274160497684989e+03
1.513843329431415214e+03
1.899777862885180411e+03
2.216848557861506379e+03
2.326782715361649025e+03
1.608679103630068312e+03
1.741617379040660580e+03
2.321415896942962263e+03
2.388790341817029002e+03
2.039182385927664654e+03
2.057707618242987337e+03
1.901059656462733074e+03
1.558037149140195424e+03
1.771672573688256080e+03
2.184199616863386836e+03
2.098613902403904831e+03
1.474256744253038732e+03
2.083005825559537243e+03
2.197434537638141137e+03
1.624609321267874066e+03
1.660004625850998082e+03
2.120490047956358922e+03
1.513161361957489362e+03
2.335269929665028940e+03
1.864446246971825758e+03
3.397666602344976582e+03
1.534178483455415517e+03
2.813613844940624858e+03
8.823836102349979456e+02
2.848192644241505604e+03
2.956876803709745673e+03
7.595650130970493592e+02
2.459440489311461988e+03
1.481956212758870834e+03
2.217811718740237666e+03
2.503088540106473374e+03
1.315956993195720997e+03
3.698515888303828433e+03
2.006175211317060985e+03
1.264707376497705127e+03
1.507795963331622715e+03
2.073742918941859898e+03
1.879365682495032615e+03
1.931972152108557566e+03
2.085495939200111479e+03
2.218171243127049820e+03
2.262989654393426918e+03
2.272327748952679940e+03
2.057521026108192927e+03
1.655488881380499834e+03
2.279725578948537077e+03
2.268438165040269269e+03
1.800745271947020228e+03
1.843947270144471531e+03
2.102652656296165787e+03
2.364806990679070168e+03
2.028112994865931569e+03
1.648929581331341751e+03
1.896661518610218991e+03
2.410670299787831937e+03
2.143214591364733678e+03
1.719496065748625142e+03
1.686323699088490457e+03
2.722186963057158664e+03
1.909756972703982001e+03
1.762259185725436737e+03
1.829573142237256434e+03
1.905555051187943491e+03
2.162420548036835498e+03
2.121068267149782969e+03
1.584152916404565531e+03
1.924758459650789973e+03
2.516292044505819376e+03
1.877444500120498333e+03
1.642369225554907416e+03
2.020939551571215588e+03
2.268900055457104372e+03
2.484834394009782500e+03
2.322305527679723127e+03
1.475887811318029435e+03
2.443085186453815822e+03
2.061888833373439411e+03
1.727758252657835783e+03
1.948787864466419705e+03
2.426159371093785921e+03
2.380461572973607417e+03
2.278284601314666816e+03
2.125285199610630116e+03
1.407198403948977557e+03
2.505308764487026565e+03
2.332123455775503317e+03
2.160422656846829341e+03
2.173183305364243097e+03
1.345512297610089718e+03
2.149730327931855754e+03
2.475106135290917337e+03
2.114381739119635768e+03
1.650063665300643606e+03
1.757409154363376729e+03
1.975729404068229087e+03
2.395626673770505022e+03
2.253003632929988726e+03
1.779109280675742411e+03
1.716480303601760625e+03
2.152837391166852285e+03
2.364747521796819001e+03
2.373154544503302532e+03
2.063685359054777564e+03
1.768288071280635677e+03
1.730856966587972465e+03
2.071714186578854424e+03
2.483388283806023537e+03
2.095724703619785942e+03
1.764076073440398886e+03
1.675249466247766122e+03
2.064079019728450476e+03
2.359174260890996720e+03
2.181319869905631549e+03
1.737927623341282697e+03
1.686868906902581330e+03
2.250117521331939315e+03
2.455002698524328935e+03
1.946610076380074815e+03
1.562256919577447661e+03
2.067166323964563617e+03
2.300643848872379749e+03
2.392023555501010378e+03
2.360305302051163380e+03
2.310389266783616222e+03
2.085730743165396234e+03
2.087681194947668700e+03
2.251413340559538483e+03
2.216757767920046717e+03
2.398012669789796746e+03
1.907624115925477781e+03
1.474552989712303997e+03
2.096983569290409832e+03
2.421661846460194738e+03
2.263422482360616868e+03
2.205359596652967866e+03
2.226417284868151910e+03
1.970357113488257937e+03
1.787684085763146186e+03
1.787679715645311944e+03
1.944648584067300817e+03
1.434919766102747190e+03
2.077339510990721465e+03
2.685091102241462067e+03
1.123912924788744704e+03
3.509343710621217724e+03
7.592395190689923083e+02
2.486123502672596260e+03
2.433065165099852948e+03
9.818578306055165967e+02
2.869611270535325275e+03
1.677112060879708224e+03
1.844487171791899755e+03
2.560725635356053317e+03
1.764533095776647542e+03
2.260071676991492950e+03
1.082503767762820871e+03
2.550208111235901015e+03
2.459260075437962314e+03
2.181956004622358250e+03
7.758247243727521436e+02
2.571719379690465303e+03
2.594402981494499727e+03
2.012263754205054511e+03
1.862166804864020378e+03
2.178023152032848884e+03
2.399578061729483579e+03
2.073775312952340300e+03
1.716932144103784367e+03
1.936615464332117426e+03
2.367990665586682553e+03
2.196676856222664810e+03
1.725210579151470483e+03
1.622902580920450873e+03
2.144985923621562051e+03
2.441202352538609830e+03
1.898226750229353456e+03
1.681753143487473835e+03
1.768431662771836272e+03
1.957102260084604950e+03
2.259869742017602675e+03
2.344407624919563204e+03
1.545441803425300577e+03
2.005911335702870247e+03
2.516350930429756772e+03
1.826412599319279252e+03
1.760496603759032951e+03
1.815559722452770757e+03
2.172630852891143149e+03
2.391595094129485005e+03
1.661003790638676492e+03
1.764476655326810715e+03
2.127594272012532201e+03
2.587880021939922244e+03
1.704731319996078355e+03
1.708787847247941954e+03
2.156498895452825309e+03
2.554161044006576958e+03
1.994600669113038066e+03
1.545756288485100413e+03
2.438569997303481614e+03
