3.099748133718639110e+03
2.257722382297237345e+03
2.235861172584097858e+03
2.161569669925342623e+03
2.264897270678913628e+03
2.394393467517844329e+03
2.424058708868717531e+03
2.424912282242392848e+03
2.298402303931492952e+03
2.273599608259420165e+03
2.271702783667066797e+03
1.938354809476424862e+03
1.686133830627380576e+03
1.725677548464125948e+03
1.809894633593307390e+03
1.779033980154473056e+03
1.728501567899843167e+03
1.883716821572924800e+03
1.915477355521041545e+03
2.063508462554957987e+03
2.049463236830712503e+03
1.824769992987962041e+03
1.859155032167659783e+03
1.896550942411123742e+03
2.067529958764955154e+03
1.922231339082078193e+03
1.855653132415636719e+03
1.786939978525913830e+03
1.841994734496708816e+03
2.065916738622897356e+03
1.942992109648688711e+03
1.859059249112037151e+03
1.915371073233232210e+03
2.188027995144736906e+03
2.450555324255479718e+03
1.885657886800451251e+03
1.966788311244135684e+03
2.287766685419036094e+03
2.158212543879977602e+03
2.178766818443262309e+03
2.052705841251655329e+03
2.304635359397131197e+03
2.376453064639542390e+03
1.967815526347452078e+03
2.124294143156595055e+03
1.891520732814002713e+03
2.190930805411676374e+03
2.134498899520572650e+03
1.785030488710338659e+03
2.062626347007839286e+03
1.787718968872352889e+03
2.427333828192000510e+03
2.106130090293085232e+03
2.227967626657571145e+03
2.192281702719343684e+03
2.036336827942372338e+03
2.108654543696836299e+03
1.551768086692475890e+03
2.020300712286324142e+03
2.142574801928616580e+03
2.084912244856941925e+03
2.080841942178181853e+03
2.132116468783981873e+03
1.769190924505391422e+03
1.827009368808345016e+03
2.086399519936883280e+03
2.584407597177079879e+03
2.435583365396430509e+03
2.225073322253422702e+03
1.998908038018876596e+03
1.941818547652988855e+03
2.038579385482772068e+03
2.017898826818064890e+03
2.304516738134980187e+03
2.417217043894095696e+03
2.490697442232937647e+03
1.666977847788412873e+03
1.579449998144218171e+03
1.547762305848667665e+03
2.098448999664606617e+03
2.514086500822564176e+03
2.206555450931014093e+03
1.489581263915960562e+03
1.980702726880662794e+03
2.061466560082888464e+03
2.213021947245797946e+03
2.201092955053801234e+03
1.641061160496101138e+03
1.911517904147856598e+03
1.897808090578649853e+03
2.224789215249122662e+03
2.388839030868907685e+03
2.019404378298942675e+03
2.047079677202853418e+03
1.620718721416952576e+03
1.771212419451720962e+03
1.771153699727881076e+03
1.817153272439054490e+03
2.352564530683538578e+03
1.953169240096436170e+03
1.724058707868280180e+03
2.964387430060529368e+03
1.316792193420766807e+03
1.837344312694125165e+03
2.107335813727306686e+03
1.867348300671084871e+03
2.266112150959700557e+03
1.958594039592291892e+03
2.046691543678363814e+03
2.175956777749092453e+03
2.069692972553590607e+03
2.385186953008065757e+03
2.123973453764847818e+03
2.094761621202673723e+03
2.191968335995753932e+03
1.797469992790583092e+03
1.858611536186028161e+03
1.746640788883748883e+03
1.435871097997125389e+03
1.467319314844447945e+03
2.714908016487390796e+03
2.693424168897209711e+03
2.516205581962927681e+03
2.539329005431513451e+03
1.997027366165041258e+03
1.818587275086729960e+03
1.557703880949544782e+03
1.873039680878189529e+03
1.850240654075458679e+03
2.072698230319914273e+03
1.663042628585503962e+03
1.573795026193183503e+03
1.811494232727720373e+03
1.836178971416715740e+03
1.801538512265137797e+03
1.730188772251390446e+03
1.711779955901337189e+03
1.805197187491688283e+03
1.804687185906426066e+03
1.635234261337875978e+03
1.582276369191924005e+03
1.679127844702529273e+03
1.708351385571101900e+03
1.403846595632050594e+03
1.489601353827597222e+03
1.680759762650616267e+03
1.850372166470604498e+03
1.871868713865425434e+03
1.897521391863700956e+03
1.955795353413946941e+03
2.182270739379384850e+03
2.160735953077676641e+03
2.093856350377231138e+03
2.017267428572387871e+03
2.071387443954791252e+03
2.153768671482151603e+03
2.024650614798257493e+03
2.021802140452176445e+03
2.077182559486056562e+03
2.468196949975614643e+03
2.385416819776867214e+03
2.360883900262515454e+03
2.206800009718862384e+03
2.087633183477244074e+03
1.588392812453060060e+03
2.132740153406768513e+03
2.072801081112034808e+03
2.038912858997964122e+03
1.817033458605661963e+03
1.471656912284200644e+03
1.898322355101929361e+03
1.804105779593271791e+03
1.745107289935207291e+03
1.759170446138501575e+03
2.004162586199830912e+03
2.195863423811693337e+03
2.091313578630907614e+03
2.260881566143491455e+03
2.302413846454664963e+03
2.447632092653046584e+03
2.125012521288863354e+03
2.065092274742089558e+03
2.436993485916897953e+03
2.265089941771238045e+03
2.425018806491287251e+03
2.429664446961574868e+03
2.190779099487158419e+03
2.174322120723080388e+03
2.188967822772899126e+03
1.975555922907376726e+03
1.834105635643575624e+03
1.768961660884684761e+03
1.782324156919901498e+03
2.090568919109064609e+03
2.059024436092185624e+03
2.091435512298863159e+03
2.096538748254431084e+03
2.214789811748211378e+03
2.322129854892513322e+03
2.206888413639965165e+03
1.902705598706737192e+03
1.799451172730369308e+03
1.753080580188136310e+03
1.815308079806392925e+03
2.008262619071000017e+03
1.974055585401610188e+03
2.910011191117336693e+03
1.963702812901187826e+03
9.231304587402112247e+02
1.782699052688107486e+03
1.917084552351589764e+03
1.939221533321721381e+03
2.065611586344847638e+03
1.986625568854634821e+03
1.917005185775735526e+03
1.812580248134692056e+03
1.909058519222249060e+03
1.916395114049312951e+03
1.813719019165108648e+03
1.613346553245697123e+03
1.730942297692515922e+03
2.007562391450157520e+03
2.216331915255067543e+03
2.390235717357060366e+03
2.463537983607617662e+03
2.297847220013347851e+03
2.222264425782640956e+03
2.343800559676964440e+03
2.803624062524748751e+03
1.901443609957831086e+03
2.201879701924438450e+03
1.761581545010101536e+03
2.341225564289609792e+03
2.172276922149542770e+03
2.036403085017498825e+03
2.078003661797572022e+03
1.974091766078338878e+03
1.997300713027973188e+03
2.001966375417002155e+03
1.786788715396083262e+03
2.149852589304672165e+03
2.258755431153144400e+03
2.351268616584790834e+03
1.936745434385291446e+03
5.561196616914897959e+02
9.330875059590798628e+02
3.438005236047943072e+03
2.888741979360937421e+03
2.226279232656815111e+03
1.635333432377921554e+03
1.746745334595271970e+03
1.584962531094468432e+03
2.110552821224505806e+03
1.789296038788338819e+03
1.711767992205094288e+03
1.740711672151773200e+03
1.756298181757657858e+03
2.194920190615409865e+03
1.935353390261168443e+03
1.983277598361363289e+03
2.062427815603743511e+03
2.021540322864023210e+03
2.371143903072320882e+03
2.043699804305388852e+03
1.807922700355716188e+03
1.601997437946266928e+03
1.482039340436563862e+03
1.903859038984085601e+03
2.193684385975175701e+03
1.642804759363225457e+03
2.018723383253879092e+03
1.846657637711934058e+03
2.030039337095073279e+03
1.393378844415575941e+03
1.713808912648975593e+03
1.717609489696888659e+03
1.828660024757667543e+03
2.160804551886263653e+03
2.033056271169029515e+03
1.977570619195126937e+03
1.833747736308375352e+03
1.671357519028248362e+03
2.049963234768006259e+03
1.926472060510097663e+03
