1.454054213341725017e+03
2.169064097398378635e+03
2.311024658728719260e+03
2.062492602337629251e+03
1.606392048393042387e+03
1.721614063360027558e+03
1.735791795862354093e+03
1.812948735938557547e+03
2.227944429751981261e+03
1.985717369971850303e+03
1.995410337852090379e+03
1.742855875787537798e+03
2.170329093775836100e+03
2.464284714471444659e+03
2.372115323473504304e+03
2.225225393259419434e+03
1.574232553210719743e+03
1.033569206522456398e+03
1.489051849293062787e+03
1.838720352766369388e+03
2.369393254108282690e+03
1.745968564623316070e+03
1.714393618122498083e+03
2.287594850325735479e+03
2.389407435109261769e+03
1.886256821147253049e+03
1.574590930526243028e+03
2.080680334128775485e+03
2.075448508710838269e+03
2.026839065789117512e+03
1.732072963532374388e+03
1.803202143628930116e+03
1.925306483530658397e+03
2.408171827249858325e+03
2.361874459205705080e+03
1.499514941385587690e+03
1.944654287728341160e+03
2.371738547082401965e+03
2.385532975708971207e+03
2.282435213154443318e+03
1.928477152448050674e+03
1.758379033132374161e+03
1.691656004085134782e+03
1.728603912216904519e+03
2.057154008179285029e+03
2.001062935378949760e+03
1.990253471376789093e+03
1.763955408114680722e+03
2.225329866115705954e+03
2.212247165171890174e+03
2.004107207495711009e+03
1.676564424101972236e+03
2.020775169719639280e+03
2.295710089556384446e+03
2.393227119978962946e+03
1.962185171879292056e+03
1.902694679942612311e+03
2.156835080340731110e+03
1.787004103104837668e+03
1.560491834318340807e+03
2.341327452963071664e+03
2.251741537421308749e+03
2.391978576714017436e+03
1.769609083809190452e+03
1.439643000780487455e+03
1.986478758536860596e+03
1.899060645026646853e+03
2.259996470815269276e+03
2.289460847600252237e+03
2.538896651436180491e+03
2.076015677922009672e+03
1.556857456851915003e+03
1.737746770008355952e+03
1.499567414450817068e+03
1.712189345159638378e+03
2.123333393877277103e+03
2.482017331818854018e+03
1.895133345405014552e+03
1.264914824987771908e+03
1.933144459055821244e+03
1.730102562133615720e+03
1.816769065441958901e+03
1.728705416970043643e+03
2.039913884211184268e+03
2.297198119899812355e+03
2.378509885326981475e+03
2.361825611664263761e+03
2.295453922016833531e+03
2.154802553973390786e+03
1.683910188281075307e+03
1.895276941657525867e+03
1.780150747902136118e+03
1.733454970930315312e+03
1.890311650254607230e+03
1.937044442026271327e+03
2.110932995753475552e+03
2.135853657829771237e+03
1.480849893532612782e+02
2.385086973087197748e+03
3.024632455507597570e+03
3.849421252547882887e+03
5.680751140236086485e+02
2.739094955940568980e+03
7.795187146060640089e+02
3.090833665315664348e+03
1.779662546056800466e+03
2.753270655261420416e+03
1.587920424493883729e+03
2.003984880649266643e+03
2.012794691509266613e+03
1.381198728509998318e+03
2.214849615352409273e+03
1.813105889606666096e+03
2.168719774304320708e+03
2.015943332766323692e+03
1.967869503039922620e+03
2.163605076942960295e+03
1.852585775603367892e+03
1.626824011428972426e+03
1.858844669482794870e+03
2.055819054901826348e+03
2.631923344662615818e+03
1.939421804107721073e+03
1.827612117518403693e+03
1.858404638258458817e+03
1.770708684070492154e+03
1.561140062503547824e+03
1.345296844628968529e+03
1.954343075185918906e+03
2.420772829757800992e+03
1.874963327482840896e+03
1.432328653755179175e+03
1.992178358208244617e+03
2.631331031040239850e+03
2.397944066917200416e+03
1.558522706964685995e+03
1.477370403949440515e+03
1.863705264687094768e+03
2.565019081062021996e+03
2.619209838129422678e+03
2.991930634686140365e+03
1.561416448396345231e+03
1.630900851841000531e+03
8.951253902729048377e+02
1.295799504617523098e+03
2.162519947610723648e+03
2.255562814650007567e+03
1.714854981308192919e+03
1.309726282782965882e+03
1.830692717942373747e+03
2.187432996206633561e+03
2.193647183553971900e+03
2.095978153009049947e+03
1.804687727621597332e+03
1.856621846133746203e+03
1.901983164258080024e+03
1.994501377793513484e+03
2.162671071635010776e+03
2.276272387029798665e+03
2.294873648344215326e+03
1.973553322360375205e+03
1.367956609159518393e+03
1.305257335103439118e+03
1.956830979694636198e+03
2.101248556852718593e+03
2.020611761572508385e+03
2.309860213703738737e+03
1.897930557809783522e+03
2.330151337394552229e+03
2.071294002881544202e+03
1.880107575737083152e+03
2.070415487857197149e+03
1.923022099937862322e+03
1.789070661130132521e+03
1.910657195284762565e+03
2.266978842815090047e+03
2.339911913979738074e+03
2.019474176967295762e+03
2.160109972584711613e+03
1.840121814953941339e+03
1.703982877220401406e+03
1.395062716198790667e+03
1.515344830978998289e+03
1.625345209685082864e+03
2.012225350046904168e+03
2.377334502258961948e+03
1.738014228997514920e+03
2.361077578227330832e+03
1.718381568831039203e+03
1.820058830161548258e+03
1.979472726165851100e+03
1.527617322935344191e+03
2.085975782826260456e+03
1.557858580248177759e+03
2.039648071647167853e+03
2.213816775854847947e+03
2.296594975535796493e+03
2.468125200718824999e+03
2.215311071013323726e+03
2.682153835516079198e+03
2.060515462370544356e+03
1.968301889004453415e+03
1.558200128602023824e+03
8.558904343976221298e+02
1.820642743061486726e+03
1.940665585981804270e+03
1.949027472549734512e+03
2.284402713924631826e+03
2.445836352434907440e+03
2.402954776946870425e+03
2.326029831477096195e+03
2.128149893225468077e+03
1.714973134551622934e+03
1.851235127584736119e+03
2.066746589951136230e+03
2.088326469562156035e+03
2.177193631338990599e+03
2.329210410657954071e+03
2.378898944755276261e+03
2.131840368207218944e+03
2.138352454405310709e+03
1.925030129204574678e+03
1.568287810640544421e+03
1.421142016755565919e+03
1.807059452391874856e+03
2.688162061290546717e+03
2.296192287531539932e+03
1.987672468961810637e+03
2.543568898123042800e+03
2.074822970566392542e+03
2.506526009652421635e+03
2.236118804892911157e+03
1.393006524995216068e+03
2.875003320270925997e+03
1.166696969222104144e+03
2.530197986628110812e+03
2.339316945301227406e+03
1.822921376566730260e+03
2.593451016075915049e+03
1.946083204509331836e+03
2.379984478733172637e+03
1.840047798100488990e+03
2.121336724134552242e+03
1.995528709116786331e+03
1.965668124257059844e+03
2.553272514275155118e+03
1.790362126298908606e+03
1.758992239268455705e+03
2.062973311415778426e+03
2.058637209481030368e+03
2.024915642928083571e+03
2.007811753312617157e+03
2.013758279471108153e+03
2.035693904704899296e+03
1.845569997451869085e+03
1.821776743405212528e+03
2.051491557128124441e+03
1.957696575434576289e+03
2.036119560109868189e+03
2.092437661824566021e+03
2.609092567380271703e+03
2.434598505164005473e+03
1.956437317510211642e+03
1.861365639943137467e+03
1.609089562367227927e+03
1.827488900236105792e+03
1.666758105834270509e+03
2.405045132762429603e+03
2.261364750652358452e+03
2.321798468196927843e+03
2.461348782636794112e+03
2.327816953100197679e+03
2.430026792576536536e+03
1.834451192509895463e+03
1.367926902206996829e+03
1.776429306823507432e+03
2.364973319993614041e+03
2.418585513973486741e+03
1.673133839861204706e+03
1.773191010143701988e+03
2.186826460728420443e+03
2.602369246306888726e+03
2.780403335172519746e+03
2.211157221573462721e+03
1.545288552216274866e+03
