1.837541339300554910e+03
1.966237288676876005e+03
1.952260360474245317e+03
1.863452625704947422e+03
1.954817318049381356e+03
1.879179995310259073e+03
1.894564504282608823e+03
1.969456997342638488e+03
1.859203204806709209e+03
1.720805839571544766e+03
1.921660615737793023e+03
2.060352703579709669e+03
1.838327675288303908e+03
1.783224666442938769e+03
1.922797115798261302e+03
1.860087823631034780e+03
1.666118333362293015e+03
1.828693843598439798e+03
1.593791845906693197e+03
1.936032672204045411e+03
1.968117128918177059e+03
1.655787938783359095e+03
1.887142071886791427e+03
1.962485862863827151e+03
1.901124301427250430e+03
2.024618165043268164e+03
1.809350083350644582e+03
1.799139208895742968e+03
2.058626811850166632e+03
1.864146616175335794e+03
1.892981239327573121e+03
1.964289253178916624e+03
1.756902404826712882e+03
2.022247738182154990e+03
1.958122576949612949e+03
1.737054702976850876e+03
1.974318382266803155e+03
1.662350349599702895e+03
1.908511703977524121e+03
1.983434266002138884e+03
1.843618119603856940e+03
1.852774203934681964e+03
1.884335929037102687e+03
1.804685583016174405e+03
1.806097600728823409e+03
1.880006418333573038e+03
1.683515270438508651e+03
1.916082491794497628e+03
2.057994912831514284e+03
1.722051634507203744e+03
1.758040417113816602e+03
2.082470419625845807e+03
2.016423730229871353e+03
1.712036662090333493e+03
1.964654351306603530e+03
1.852732392693784277e+03
1.879595303591273705e+03
2.046416817758732350e+03
1.789697940950397424e+03
1.752549604962942340e+03
1.994135557154749449e+03
1.774974493777218868e+03
1.976361907966059562e+03
1.904437689473785667e+03
1.712129601183982913e+03
2.064924764692301778e+03
1.921582987877977757e+03
1.855460307621214952e+03
1.856735158427507713e+03
1.798658320729521847e+03
1.715204936604696513e+03
2.070916151707318477e+03
1.940110657792675966e+03
1.656406533227040882e+03
1.871587453975543212e+03
2.027015753251564774e+03
1.730443121531785891e+03
1.815809895824982732e+03
1.993041243876495855e+03
1.890559454199149286e+03
1.551127919318412751e+03
1.954003285799818741e+03
2.022189473874147779e+03
1.872440108927463598e+03
1.752003640312650759e+03
1.956687133306040778e+03
2.012301847527283371e+03
1.851229315826272796e+03
1.803216368827316956e+03
1.851530492341109493e+03
1.881003697632712147e+03
1.787274851483838120e+03
1.838625688075165726e+03
1.853674562070632192e+03
1.698288184731773754e+03
1.796166671453986964e+03
1.995001959335695119e+03
1.828478643058054558e+03
9.462369774896202443e+02
2.642567870925346597e+03
2.043875897684959000e+03
3.582011149103985645e+03
1.149738672355011431e+03
2.626790986670809616e+03
1.854675447735103035e+03
1.490389316982752689e+03
1.868248978695475898e+03
1.671595356489234064e+03
1.681713468628562680e+02
2.899904517011149437e+03
2.508026433250361606e+03
2.150032763991475349e+03
2.217435508452989325e+03
1.666426167280687650e+03
2.016531526782191804e+03
1.914325810264165284e+03
1.842475461858244444e+03
2.064063538334525674e+03
2.797261857985963616e+03
3.359008985462144665e+03
1.881637468923559254e+03
1.822626600155994765e+03
1.654243773842562859e+03
1.392214226968724233e+03
1.689849054956773443e+03
1.688195490540533001e+03
1.680331314914270024e+03
1.701543775048922498e+03
1.899994358411614030e+03
1.651871948362601415e+03
1.662623568842763007e+03
1.765274674421877080e+03
1.713301363362070106e+03
1.733989759912600675e+03
1.794032067134409999e+03
1.924400473084459691e+03
2.059250231737093145e+03
1.940526471475830022e+03
1.867398730011130738e+03
1.810437910111343854e+03
1.899199584304873042e+03
1.855256168729243200e+03
1.779347187641156552e+03
2.089632633685098881e+03
1.823539771528512119e+03
1.839974770417795980e+03
2.047602589481295809e+03
1.743616940862168576e+03
1.901137182135448484e+03
1.845192241658734019e+03
1.704981313124593271e+03
1.878649996007787877e+03
2.024083391442475659e+03
1.841972970213314056e+03
1.838354642476043409e+03
1.843154921711414090e+03
1.878800212011094345e+03
1.691559888705581670e+03
2.071261267328743543e+03
1.719751863884971954e+03
1.753611175717130891e+03
1.770717479028061234e+03
1.784187972314200351e+03
2.098548460895305197e+03
2.135831653945557264e+03
1.872789275494752928e+03
1.931984520755918311e+03
2.016733105867263248e+03
1.722136910621275547e+03
1.810707423941045363e+03
1.953704867106731172e+03
1.711598694142689965e+03
1.825471688378795761e+03
1.860398058007325744e+03
1.862970204852990264e+03
1.811899567464510255e+03
1.897293643262731166e+03
1.802620042870085172e+03
1.722950953087721473e+03
2.046516447719063081e+03
1.877953624327196394e+03
1.853650029844486653e+03
1.833633851623465489e+03
1.828907385310258860e+03
1.691300455137724384e+03
1.983749069294301080e+03
1.779093804242994338e+03
1.843765275015699217e+03
2.021850823378057385e+03
1.787279003039905547e+03
1.953458449814294681e+03
2.070388503018308256e+03
1.729564086399132520e+03
1.803007681825224381e+03
1.965097989319299131e+03
1.939506699720024926e+03
1.770061310733751498e+03
1.929502361922024647e+03
1.838068096112984904e+03
1.792484960495032055e+03
1.947261723835265002e+03
1.892145842993615133e+03
1.720278222335743749e+03
1.935379507264378390e+03
1.785885916059073907e+03
1.906113127792796831e+03
1.959629349120041525e+03
1.703641248621110208e+03
1.917586030724989541e+03
1.841086536854121960e+03
1.800679800848580044e+03
1.885216027997304764e+03
1.847828450272461168e+03
1.766388235879133845e+03
1.919139335425237959e+03
1.933937411700994971e+03
1.850152433083693950e+03
1.722129857448492203e+03
1.933346888559912486e+03
1.864902608023676976e+03
1.881835075624897854e+03
1.827588413887144952e+03
1.831237995621292384e+03
1.594053968718511442e+03
1.386515630517597799e+02
2.731265637186207641e+03
1.035162716237730820e+03
2.044570246112582936e+03
3.336726918500741249e+03
2.062865385320120367e+03
2.082646883939902182e+03
1.447460019613904933e+03
2.924570896187181916e+03
1.806521338205535358e+03
1.986669898374741706e+03
2.188001126494230448e+03
1.578932904323332878e+03
2.356918182206476558e+03
1.927964143305209291e+03
1.957064188887489763e+03
1.887165906271340191e+03
1.710051746076042036e+03
1.779913022879119126e+03
2.514281685933647623e+03
2.302824445860546803e+03
1.888865922143162379e+03
1.623504332865561764e+03
1.383093270811611774e+03
1.801483648042575851e+03
1.648830122433624183e+03
1.340326579881279486e+03
2.117186189925687813e+03
2.023734369164284317e+03
1.672259476282808919e+03
1.857384571349767839e+03
1.946529083581713394e+03
1.902920994621661293e+03
1.675301049411201802e+03
1.919802146537596400e+03
1.849978215435308812e+03
1.477533813933345982e+03
2.068600284441820349e+03
1.942625484624750243e+03
1.640004968420728346e+03
2.076705336138148141e+03
2.148777256912358553e+03
1.748089807764362376e+03
2.092851657616960438e+03
1.800814987535221917e+03
1.748841320853953448e+03
2.090843529654779104e+03
1.827300564668513289e+03
2.002197743338310374e+03
1.932550717187462169e+03
1.843110608114335264e+03
1.749885003700216885e+03
2.164506496403549590e+03
1.719404285820541645e+03
1.744162040241319119e+03
2.028475131532784417e+03
1.806526437032181320e+03
1.939500163880216860e+03
1.796311826209028595e+03
1.653269182678783409e+03
