1.374966750298568513e+03
2.511729957161364382e+03
2.296164395011482611e+03
1.524431311333628173e+03
2.665494882931711345e+03
1.429131112222995398e+03
1.840425736635546400e+03
2.679486506995353466e+03
1.375897429129324109e+03
1.620354600618474024e+03
2.554237662482787982e+03
1.495383383991283154e+03
1.910075967879310838e+03
2.374429048923581831e+03
1.259018098467494610e+03
2.219161015455520555e+03
2.632706617930104130e+03
1.335544579897108406e+03
2.069079537375943801e+03
2.207502975513336423e+03
1.685989433021564309e+03
2.470739350229777756e+03
1.744539948098940386e+03
1.543267879710213265e+03
2.767819917969909511e+03
1.611907476408901402e+03
2.176883701463154921e+03
2.115864822287802781e+03
1.460179121100595239e+03
2.789666816587380708e+03
1.745737831957214667e+03
1.799679659389331164e+03
2.377626821649189878e+03
1.597242215752630955e+03
2.210339266797227992e+03
1.816525158304664956e+03
1.296972730478754556e+03
2.922164567747445290e+03
1.589897578445326417e+03
1.770954671267061940e+03
2.605040762974258996e+03
1.157132911658318790e+03
2.153471835266572725e+03
2.547117198096604170e+03
1.195521282363847604e+03
1.943968642036006941e+03
2.553731083019918970e+03
1.734439157991493403e+03
1.858182742902972450e+03
2.500058298384399677e+03
1.326283782249907063e+03
2.729168734350754676e+03
2.029534165619988016e+03
1.386131050038311969e+03
2.528173765715382615e+03
1.562635730504346611e+03
1.950040648033460002e+03
2.797189272314319624e+03
1.084267547829433852e+03
2.453067146539940040e+03
2.369276393952525723e+03
1.313422489320622617e+03
2.673891807848556709e+03
1.450351749037374020e+03
1.614311626633265632e+03
2.776495463344793734e+03
1.278206437018709039e+03
1.989384003477843635e+03
2.304553596908540840e+03
1.625928030095385111e+03
2.654818241000379203e+03
1.914869091252186308e+03
1.291284487839049461e+03
3.036652313300566220e+03
1.644761452968116146e+03
1.541977045203457692e+03
2.644666746241465262e+03
1.224877185293345065e+03
2.225644007330839031e+03
2.652762067887160811e+03
1.203207343370763056e+03
2.091783438181202655e+03
2.510284237407678120e+03
1.593272710271869755e+03
1.713908837397017123e+03
2.397893255308607877e+03
1.485733306225908109e+03
1.698630392308583851e+03
2.436416553335568096e+03
1.480551910621649540e+03
1.999140406342388815e+03
2.497002012191213453e+03
1.969452436724591280e+03
1.509135609919149374e+03
2.878561810413954390e+03
2.163724273534399344e+03
1.492822756851095846e+03
2.634732571533498231e+03
1.658922731055303530e+03
1.673356550676556935e+03
1.660547638955518778e+03
1.374798296722021860e+03
2.573873400506608050e+03
1.403938657153078111e+03
1.817431899711056303e+03
2.205151313549690713e+03
1.482322091822075663e+03
2.627260323272184451e+03
1.979514529924954331e+03
1.800793806514808239e+03
2.314622449094753847e+03
2.360367836345516025e+03
1.781193766490703183e+03
2.268574404438778402e+03
1.790637096373772010e+03
1.838130274907016883e+03
2.558143097097652117e+03
1.481686448128095890e+03
1.744172862955740584e+03
1.978765225513254563e+03
1.718009129215043004e+03
2.177445972897938645e+03
2.164703858714846319e+03
1.586647229699320405e+03
2.451433840771459018e+03
2.184760212684851922e+03
1.331246578392571564e+03
2.623743461222537462e+03
2.228637063074657817e+03
1.279037886728569902e+03
2.683008194251963687e+03
1.518705272255231421e+03
1.693209392249008488e+03
2.796451461216103326e+03
1.485401003569180830e+03
1.552752997422159751e+03
2.532127952842558898e+03
1.776544532013487014e+03
1.777649486781232326e+03
2.635008596228459737e+03
1.280906913198236680e+03
2.247721541035636164e+03
2.611477939543502544e+03
1.325422213011045642e+03
2.566146192776810949e+03
1.761517972104120872e+03
1.421186500812916165e+03
2.443443728182338873e+03
1.960219759688330441e+03
1.501933575266765956e+03
2.386968670445458883e+03
2.075300376084087020e+03
1.713427505900651795e+03
2.485347720971019953e+03
1.955918568299567141e+03
1.584725772006308489e+03
2.635888504181258213e+03
2.056239648010584460e+03
1.452183184269501226e+03
2.154913003338680028e+03
2.075584116456298943e+03
1.507757253986445903e+03
2.194134172279056656e+03
1.930560323968130888e+03
1.742808520106432752e+03
2.548360656232502151e+03
1.918424273215066478e+03
1.724716779990710620e+03
2.529656994454291635e+03
1.997948029623519687e+03
1.707996328224422996e+03
2.452957602175063585e+03
1.330745108300201764e+03
1.825265121612532766e+03
2.499339089506886467e+03
1.810539442135585659e+03
1.442480833262650322e+03
2.700016105349278860e+03
1.974849903181044738e+03
1.619087514516530973e+03
2.275298905442489740e+03
2.086289486644214321e+03
1.655649837893271069e+03
2.283371193934283838e+03
2.131642868574984277e+03
1.589421790008855851e+03
2.127910268260703560e+03
2.369104486882182300e+03
1.321306563848708265e+03
2.170373489036088813e+03
2.563319923945311075e+03
1.478540129192547738e+03
1.928862839747530643e+03
2.274419644725415765e+03
1.791010339430880776e+03
2.078568120455776807e+03
2.363472754921869182e+03
1.502947296770293860e+03
2.378267975461170863e+03
2.134482322363895037e+03
1.333806146884469626e+03
2.608618523377688689e+03
1.901499273276574286e+03
1.654080723144450076e+03
2.445614042228332437e+03
1.626089724280068367e+03
1.792914196333649897e+03
2.514547360325008412e+03
1.328884389138905362e+03
2.000019408059162743e+03
2.298965472055045211e+03
1.654955232745541934e+03
2.298677590805911223e+03
2.198812872680506644e+03
1.394873735848995011e+03
2.775741214311121439e+03
2.207199306287960553e+03
1.448143665256593977e+03
2.463364988143405753e+03
1.528671610989814781e+03
1.765732555547507445e+03
2.697704110550392215e+03
1.433515979457442199e+03
1.862306402005408017e+03
2.348528784474909571e+03
1.169451188312364593e+03
2.332427194527869233e+03
2.156608649566578606e+03
1.129474417663838722e+03
2.570030359844527538e+03
2.571229098533736305e+03
1.201099802940741256e+03
2.156237725676691298e+03
2.333481549258729046e+03
1.383612002390893394e+03
2.189677699008873333e+03
2.074019570869849758e+03
1.399977960331056465e+03
2.920317598669426843e+03
1.735000046510758011e+03
1.881796690083927615e+03
2.368797315434959273e+03
1.622753838157758992e+03
1.967279334469378227e+03
2.265827394128508331e+03
1.644688469951507386e+03
1.843247297452720659e+03
2.547044081070285301e+03
1.633529133923309473e+03
2.105398055508807374e+03
2.230170332273143686e+03
1.595100246537137082e+03
2.128338810481709515e+03
2.413235785749368915e+03
1.274005507623359563e+03
2.092669879970955662e+03
2.706445781683147288e+03
1.488730050414246534e+03
1.969293686292071925e+03
2.485519512121314619e+03
2.443545430802613282e+03
1.109644500035316923e+03
2.008499897347094930e+03
2.588346223749808814e+03
1.261698136992265745e+03
2.125239264700565400e+03
2.065637513235845745e+03
1.581622294985238796e+03
2.389608987246001561e+03
2.033631403487922626e+03
1.522649778497227544e+03
2.736303846561505907e+03
1.716049407706308784e+03
1.877437825438031496e+03
2.730779024097683759e+03
1.248905124056003160e+03
2.303044825696447788e+03
2.367260841626638467e+03
1.421672999895536350e+03
2.689816972239191273e+03
1.503980856113514847e+03
1.632987776495459229e+03
2.893255540333895169e+03
1.206217755970639246e+03
