1.773096027287872630e+03
2.232518768977069612e+03
1.887090971216513253e+03
2.311936296147246139e+03
1.985870484881532548e+03
1.959683395080546916e+03
2.090723055289197418e+03
1.747657589742535038e+03
2.230638030454312229e+03
1.870082584568340280e+03
2.240402132857471770e+03
1.990450849760860820e+03
1.906461208761341368e+03
2.155972639548507232e+03
1.783358648681262366e+03
2.302825321638365949e+03
1.896200537615769235e+03
2.153894763486192460e+03
2.023781924518854566e+03
1.843932217475010248e+03
2.177275799487904806e+03
1.817561440242397339e+03
2.300475452157820200e+03
1.940323329377793016e+03
2.102051143366259112e+03
2.053919674386245333e+03
1.865109017862614337e+03
2.238209556601520489e+03
1.830338138610894021e+03
2.285211344348103012e+03
1.924453683129378987e+03
1.998129883294975571e+03
2.057296825408558107e+03
1.807075217965797947e+03
2.276979424227462005e+03
1.864002669026268677e+03
2.258520388617995195e+03
1.975838063735016931e+03
1.910212253809338335e+03
2.072755707096066089e+03
1.814675368531049799e+03
2.296165153548562103e+03
1.878174002705940211e+03
2.216709390397537845e+03
2.003859141571797863e+03
1.881317925702271850e+03
2.125671930114171573e+03
1.768422860078848771e+03
2.295777318269644184e+03
1.900596969627919179e+03
2.145030709320664755e+03
2.026290996727232141e+03
1.829780222317139987e+03
2.172958881455490427e+03
1.831614282636064218e+03
2.301845238160501140e+03
1.956764367422680380e+03
2.105869032893636358e+03
2.084741380494765963e+03
1.890045362599875716e+03
2.248177600504280235e+03
1.790077543173109234e+03
2.239357537590547963e+03
1.943070374923034933e+03
1.994275817016886322e+03
2.089856358937176083e+03
1.817890853883949376e+03
2.270439973025749623e+03
1.840161861759377416e+03
2.217884584135028035e+03
1.961992843804569475e+03
1.902756241528495821e+03
2.112567569351971542e+03
1.828565506599965374e+03
2.343920255346702106e+03
1.867915644643439919e+03
2.188943765104212162e+03
1.996537494956302908e+03
1.865857420481770760e+03
2.148628420702205403e+03
1.804135278978679708e+03
2.328877929035559191e+03
1.907038582938669606e+03
2.099370597669058952e+03
2.021887158849517391e+03
1.820578850332810816e+03
2.185128997268318017e+03
1.891632576155155675e+03
2.377777380220628856e+03
1.955123803728075472e+03
2.053318199564174847e+03
2.028962114667697506e+03
1.777112960012171015e+03
2.198779991356020219e+03
1.832433382857177321e+03
2.284571894089755460e+03
1.988134179805486156e+03
2.008245747095686056e+03
2.109025989491501605e+03
1.771567806208956881e+03
2.235004123308000999e+03
1.858139717689057989e+03
2.218872281087129522e+03
1.985755677570128455e+03
1.922078789189563167e+03
2.126290614215256937e+03
1.801165794659382072e+03
2.337040530002017022e+03
1.884398820586872034e+03
2.182394057062064803e+03
2.031208381883457378e+03
1.855243788316942982e+03
2.166390624722450866e+03
1.806670858128281907e+03
2.317757894525483152e+03
1.911122309184371716e+03
2.107487698885195186e+03
2.061709438467695236e+03
1.869621606689359623e+03
2.208414324670179212e+03
1.844732176421242457e+03
2.294245708921045662e+03
1.898176464263645812e+03
1.990282827867845526e+03
2.035830069255833678e+03
1.762581785318387801e+03
2.233588883667737718e+03
1.872424584443600907e+03
2.294904949622156892e+03
2.003951794029770781e+03
1.985367705880933954e+03
2.104430235378184079e+03
1.793458601341884332e+03
2.279845552743876397e+03
1.875698109939867663e+03
2.244698071384443665e+03
2.008424025836325427e+03
1.933921306322013834e+03
2.169025097723435920e+03
1.805512445481458826e+03
2.364470448764573121e+03
1.890429437310277535e+03
2.157713771880044987e+03
2.020579993137302836e+03
1.820875862001941414e+03
2.159077078235733097e+03
1.821267162381168191e+03
2.322360628386870303e+03
1.929121996383781152e+03
2.092699818756336299e+03
2.042586450932020398e+03
1.855000998199301648e+03
2.192192119011035174e+03
1.790552264064840756e+03
2.286265755256204557e+03
1.907871837912367255e+03
1.998575213512957816e+03
2.067656387812774483e+03
1.831250919540595532e+03
2.268426555993758029e+03
1.894790754300538310e+03
2.306305666949554961e+03
2.008011128592874229e+03
1.960911637202231532e+03
2.115966982635509794e+03
1.836913504405545609e+03
2.304053767487352616e+03
1.884111878656980707e+03
2.261742813263248991e+03
2.006765874049940521e+03
1.907791967298821419e+03
2.150853865794424109e+03
1.765209280341676958e+03
2.298515937163655963e+03
1.896559529973023473e+03
2.136021350283297124e+03
2.003265580239317842e+03
1.847381072574055679e+03
2.149410392635279550e+03
1.816970875162869106e+03
2.312339081872157749e+03
1.914187644914554539e+03
2.066865001890042549e+03
2.033538980449321343e+03
1.844126814892109905e+03
2.221634106410873756e+03
1.798488860299356475e+03
2.291893938418658308e+03
1.967171023207759390e+03
2.029641846037580535e+03
2.092752126204668002e+03
1.854587553637345081e+03
2.246086359862091740e+03
1.857499215908934957e+03
2.266337347062024946e+03
1.976023864304151857e+03
1.939005967159916054e+03
2.114055103964086811e+03
1.794618389369786200e+03
2.302857130754931404e+03
1.840932016213136876e+03
2.202350521496890906e+03
1.988060084160990073e+03
1.892737251699328226e+03
2.170958222778544496e+03
1.800290174834386335e+03
2.331401873868938310e+03
1.896530398950660810e+03
2.104305792887321331e+03
2.014466742142787552e+03
1.853023770175567506e+03
2.184804494928666372e+03
1.855904052156708758e+03
2.362434877708211388e+03
1.920734618155843464e+03
2.048074992415039560e+03
2.039092634662110413e+03
1.840088132264213527e+03
2.219477565532738936e+03
1.860686757026476016e+03
2.293148940334250256e+03
1.965701292206720382e+03
1.973429000344225415e+03
2.069787777605235533e+03
1.802037679283451098e+03
2.270843286188503953e+03
1.873235306617330480e+03
2.247091136354672471e+03
1.981253708652981459e+03
1.892104105705801430e+03
2.079391424355864729e+03
1.779138171570408986e+03
2.311291188870208771e+03
1.867077554606764124e+03
2.191355839970879060e+03
2.038486859808538384e+03
1.868645080538593902e+03
2.152391947305065059e+03
1.818144649330632319e+03
2.317561717385539396e+03
1.900401399638281646e+03
2.109331314555282916e+03
2.057383833461866288e+03
1.880623572643737361e+03
2.203940145884815138e+03
1.874690929294358739e+03
2.324740693390337583e+03
1.931741492236434169e+03
2.023094689136871921e+03
2.056776839872472010e+03
1.812208337498901301e+03
2.191481169056057297e+03
1.850586845836559633e+03
2.232861607100346191e+03
1.949979708284204207e+03
1.931503383413331903e+03
2.089781176388260974e+03
1.829527877367387646e+03
2.352210417593031707e+03
1.804825604297687050e+03
2.267683568014238972e+03
1.941070083489540366e+03
1.813938400235347217e+03
2.177383887857934951e+03
1.751505064175837106e+03
2.481831408856122380e+03
1.867335655953646210e+03
2.215774106148474402e+03
2.012734963961172753e+03
1.745825920499476979e+03
2.186044805442185407e+03
1.762945944154022300e+03
2.417593638019049195e+03
1.898608591286120372e+03
2.125521834651819972e+03
2.076597669263751413e+03
1.801909800154307050e+03
2.282457691181407426e+03
1.836156520093496738e+03
2.422009091336094571e+03
1.920072569035481592e+03
1.992769977036078444e+03
2.072134391954780313e+03
1.694962929557095322e+03
