1.877914010882851926e+03
2.131089267950750127e+03
1.949387893163366698e+03
2.225904897243968207e+03
2.014649290888536143e+03
2.100162521278287386e+03
2.142029729622693594e+03
2.005281721253623800e+03
2.119611459686293529e+03
2.050178257807921455e+03
2.285988396562268008e+03
1.987780325210804676e+03
2.084967541340011849e+03
2.145291221384842174e+03
2.011372631589184948e+03
2.175661263446970224e+03
2.057496976457861820e+03
2.258207704494740938e+03
1.954410821758799784e+03
2.155907018116084600e+03
2.027757586051689259e+03
1.917303575675117827e+03
2.129891223497042574e+03
1.911341886259788225e+03
2.245656456310689009e+03
2.069764694855255584e+03
1.983683129281854008e+03
2.107581509865949556e+03
1.966533850244114547e+03
2.249265797652940364e+03
2.028751127994498802e+03
2.162982977198762001e+03
2.061794966326445319e+03
2.000828300405943992e+03
2.101964010652729939e+03
2.005113473316657746e+03
2.154143181270943842e+03
2.106859633384832250e+03
2.016694930666358687e+03
2.096506946707771021e+03
1.976247054112735441e+03
2.186178150410633862e+03
2.046701204431591123e+03
2.095537619014178745e+03
2.139756525725340907e+03
2.080410231984686106e+03
2.070717172318759822e+03
1.943761730779716345e+03
2.292357542929480132e+03
1.970586810428533681e+03
2.214567815411353422e+03
2.082271710791599162e+03
1.977272808085569977e+03
2.214496704597215285e+03
1.972624282665416786e+03
2.098651619202001257e+03
1.915954698641267214e+03
2.124545705589077443e+03
2.005205752744769370e+03
2.119502108031755597e+03
2.073343377185206464e+03
1.993050801567719191e+03
2.169860552356591597e+03
2.014948032966961819e+03
2.112454954126786106e+03
1.918165869490981322e+03
2.040030931567733433e+03
2.182028898412587296e+03
1.952283428630008302e+03
2.216534128584728478e+03
2.013968853676544313e+03
2.120056546400177922e+03
2.024848635882124654e+03
1.922971223782245033e+03
2.233357858508177287e+03
1.872184610983038510e+03
2.253976360960207785e+03
1.947002094486825399e+03
1.941188037467099548e+03
2.175122839739639403e+03
1.960402600479892726e+03
2.150614425236366515e+03
1.981412278251532598e+03
2.226876547005792872e+03
2.021858275818817447e+03
2.051670076071865424e+03
2.128333576818704387e+03
1.841940975153906948e+03
2.231791877511424900e+03
1.961993978244620621e+03
2.134225832629637807e+03
2.191648958628412856e+03
1.929632716171028960e+03
2.177439976254043813e+03
1.967468535121530977e+03
2.271619074547315449e+03
1.973888711608668245e+03
2.041697313726544053e+03
2.177357088806962111e+03
1.968665801362677030e+03
2.127373466178104081e+03
1.997267873339861353e+03
2.209324671264027529e+03
2.052320314451735612e+03
2.121212469364630579e+03
2.001899278525747377e+03
1.885723454516703214e+03
2.190601446053603922e+03
1.960738042345457188e+03
2.296473946063318181e+03
1.933812239444078614e+03
1.994483771129793013e+03
2.132474281816116672e+03
1.984790213187013705e+03
2.170588362818520181e+03
1.963096206387052916e+03
2.215374484961394501e+03
2.053200956570926792e+03
1.978087263608738795e+03
2.135180432785402900e+03
1.929223749693576337e+03
2.188341408738158862e+03
1.949815759725411908e+03
2.167316682642118849e+03
2.099561934604973885e+03
1.954400914423340737e+03
2.147788368730045931e+03
2.033192340678157279e+03
2.238705294370952288e+03
1.954863219034146141e+03
2.168225561044222104e+03
2.106102720365949608e+03
1.924437801790523508e+03
2.186908563308552402e+03
2.003111095507597156e+03
2.268693824103384941e+03
1.958477674486825208e+03
2.133328083293167765e+03
2.028909894303399142e+03
1.984367724515257351e+03
2.145013283477865571e+03
1.979982744757882074e+03
2.154912887151619998e+03
2.047655810854417723e+03
2.037283760063397949e+03
2.089780601104919242e+03
2.033943615967574488e+03
2.283959507374683653e+03
2.004362533532591669e+03
2.252804555399516630e+03
2.033396983611860151e+03
2.092103852293066211e+03
2.133289688597572876e+03
1.875092401115254688e+03
2.122580190180065074e+03
2.048088973901756162e+03
2.248946326134088849e+03
2.004981743767252965e+03
2.017770168309044493e+03
2.164966909018440219e+03
1.888859923138680188e+03
2.279849603771833699e+03
1.944022363250033777e+03
2.127898558157103253e+03
2.046525859845577543e+03
1.987776988569052492e+03
2.204027517901181909e+03
1.917730893018753250e+03
2.276906183967344987e+03
2.011295018854076034e+03
2.134036485285996150e+03
2.105868156500610439e+03
1.942853723655687190e+03
2.168624803882534252e+03
1.974365560874282437e+03
2.336878661241677491e+03
2.118935670210030821e+03
2.044781681281647707e+03
2.120672229673365564e+03
1.975776961744307755e+03
2.233222799251097513e+03
2.023480773946018871e+03
2.101820436076686292e+03
2.120967799958197702e+03
2.024674365577345270e+03
2.157065759579269979e+03
2.083509041246553352e+03
2.216716366906138319e+03
1.973810742736750854e+03
2.173777425444337950e+03
2.078963871373735856e+03
1.968925034500697166e+03
2.187100871684934191e+03
1.937881954532003874e+03
2.251842138408047958e+03
1.998981379664918677e+03
2.143932903889218778e+03
2.105635360343720549e+03
1.976005423871191852e+03
2.144002113189492320e+03
1.964857858060831859e+03
2.288426635911445373e+03
2.006278449904214540e+03
2.075938667608822470e+03
2.148999802681610618e+03
2.030543001080586237e+03
2.172078400845378837e+03
1.985294341175226691e+03
2.220403369397144616e+03
2.070373048019457201e+03
2.077300816849889998e+03
2.119921671780713496e+03
1.976059345334277396e+03
2.122684300344183157e+03
2.035025982652006178e+03
2.224262998509197587e+03
2.114155479165590350e+03
2.021838007830996730e+03
2.066612876235967178e+03
1.956984356570933414e+03
2.210788799473113158e+03
2.056149929854043421e+03
2.152910507834231339e+03
2.169991695154975787e+03
1.894186384903247927e+03
2.222510771863519039e+03
1.959353448732536208e+03
2.292262441594360553e+03
2.028604446786515155e+03
2.048173999083281160e+03
2.104943757613303205e+03
1.986505530825573260e+03
2.175299250624864726e+03
2.011284870865782068e+03
2.282150776036804928e+03
1.969024872000102960e+03
2.055628287708529115e+03
2.125384671793069629e+03
1.887905509453054037e+03
2.186601845149006749e+03
1.934126033094853028e+03
2.252705335909522091e+03
2.019407738851132535e+03
2.033540893524377907e+03
2.125129790866916210e+03
1.963241077677639169e+03
2.169799943205864565e+03
1.945294902830613410e+03
2.129233564377041603e+03
1.975554695544340575e+03
2.003236145964794559e+03
2.254308588512609731e+03
1.890692174889563830e+03
2.174301633090349696e+03
2.083323043172553298e+03
2.225542704222722932e+03
2.063432573825722557e+03
1.966586909107075371e+03
2.212517190716298501e+03
1.875341912333899245e+03
2.210421534464678189e+03
2.007639741686297839e+03
2.018864718994412669e+03
2.140361258862149043e+03
1.910064003591053734e+03
2.176253091423461228e+03
1.971746522510540899e+03
2.176767616359880321e+03
2.001527549941257803e+03
2.054791097275239281e+03
2.151039179177255846e+03
1.888004155972628496e+03
2.156371257829846400e+03
2.037035517368414730e+03
2.194589089736366077e+03
2.011141607944373845e+03
1.908319635479668705e+03
2.105793127666771852e+03
1.930824449113216588e+03
2.169572302825380120e+03
1.988919605150858615e+03
2.145159327579046931e+03
2.080442453054201906e+03
1.999738039368939781e+03
