1.575499619326825950e+03
1.696601978032652141e+03
2.155177345791933021e+03
2.577947395866144234e+03
2.406771994775655912e+03
2.221812336850820884e+03
1.408657670431518454e+03
1.710948013826235865e+03
2.062663943318455495e+03
2.580956266114706068e+03
2.473659097633568308e+03
1.984998145155816701e+03
1.891302884342844891e+03
1.594789105432817678e+03
1.868467927412768859e+03
2.204344498463871787e+03
2.135842584344379702e+03
2.328913086928574103e+03
2.269847116121431554e+03
1.888071145036151620e+03
1.687967654533083532e+03
1.476713780617906650e+03
1.828075048929219520e+03
2.259885813346525993e+03
2.536580287421957564e+03
2.286660666429367666e+03
1.698133209568039547e+03
1.787892431203117212e+03
2.006444488557036721e+03
2.295540184698018948e+03
2.062376496901558312e+03
2.581551477902885836e+03
2.267579891184286225e+03
2.006039362068622495e+03
1.139270444982910249e+03
1.794729972219107140e+03
2.061774183318349969e+03
2.342824146934376131e+03
2.480755028563446103e+03
2.172501494144900789e+03
2.041188618341988331e+03
1.888418289638408169e+03
1.392211271151852998e+03
1.694548189590821494e+03
2.179425616664730114e+03
2.395124943112196888e+03
2.295078701081753934e+03
2.375245174865214267e+03
2.262363616992098287e+03
1.999373189461116681e+03
1.647871998411887944e+03
1.716338917766814575e+03
1.758520115505264130e+03
2.100992515538940552e+03
1.658656469391452447e+03
2.260481742813993151e+03
2.319203343524971388e+03
2.488072047095417020e+03
1.824256652589040641e+03
1.776231406973519142e+03
1.679346381687173107e+03
1.929920877867371473e+03
2.330034557302226858e+03
2.214841062205364324e+03
2.476750036744573663e+03
2.026539987213948280e+03
1.794659524661341266e+03
1.588045985046200485e+03
1.867274881734830615e+03
2.367800229953340022e+03
2.569735225424260989e+03
2.274232417526679910e+03
1.617767274250533546e+03
1.603274083778083650e+03
1.844604214138058751e+03
2.295055765460620478e+03
2.405385052469739549e+03
2.257478756375058765e+03
2.069765300365230360e+03
2.232612547649457611e+03
1.836312636374287877e+03
1.660024180097987710e+03
1.913789827599662658e+03
1.706383623518791183e+03
2.179647947528361783e+03
2.500777393169477364e+03
2.589298154166424411e+03
1.990059929602595048e+03
2.140476760783355530e+03
1.807066105350504131e+03
1.853779049114533564e+03
1.496109612806667656e+03
2.043666051785191712e+03
2.478168420119041912e+03
2.592582620514511746e+03
1.953597578803759916e+03
1.820367738250786942e+03
1.573163742536286009e+03
5.380545090280720615e+02
3.200070547315032854e+03
2.097004055689690631e+03
2.523962081934603702e+03
2.607605755280076664e+03
2.259129567583916469e+03
1.795168912346549860e+03
1.624472046632873344e+03
1.645003501185384266e+03
2.021357564034606185e+03
2.261262236186849350e+03
2.445059509985730074e+03
2.369236290598968480e+03
1.846607467977613624e+03
1.730800158983780420e+03
1.716526058939808536e+03
2.301673786616828693e+03
2.528881371318826496e+03
2.420359674894129512e+03
1.813949678371936670e+03
1.775942760946229100e+03
2.250017967075938486e+03
1.809630071519083003e+03
1.276760500759077559e+03
2.324223756974028674e+03
2.552015074077710324e+03
1.953434256658048525e+03
2.274665331813107514e+03
1.941523056668235085e+03
1.919126983682963328e+03
2.050801705380838939e+03
2.242260119788413249e+03
2.350677753612891593e+03
1.947321557618087127e+03
1.812514433435298997e+03
1.611880465930499440e+03
1.651165859395138341e+03
2.142817336787069053e+03
2.426828345522648760e+03
2.523403932002486272e+03
2.241620435858945712e+03
1.751530640526573507e+03
1.549390268931135097e+03
1.922865588986716148e+03
2.322340221431482405e+03
2.763870299761887054e+03
2.337888817091770306e+03
1.528813724906126708e+03
1.639485670396557452e+03
2.055196982019868301e+03
2.631473464119590062e+03
2.328625189109295206e+03
2.116829891997512732e+03
1.715143915424476972e+03
1.687601479823915270e+03
2.041829944475716957e+03
1.991185396071559580e+03
2.568341586516305597e+03
2.364450831594212559e+03
1.998097222275788909e+03
1.524458356532135440e+03
1.475882178219663956e+03
1.746869958926514528e+03
2.313431761795945931e+03
2.435396334229626973e+03
2.418427481627764791e+03
2.268374150098512473e+03
1.925883877581384468e+03
1.697522249444778481e+03
1.445592066997732672e+03
1.916072475160090335e+03
2.014821109043522029e+03
2.762994116811627464e+03
2.207065544899362976e+03
2.190007357650365975e+03
1.720139989804678407e+03
1.913138561072970106e+03
1.732511476583578997e+03
1.521602601092049781e+03
2.313497970311801055e+03
2.487308566911374328e+03
2.543452531912333143e+03
2.204066690264784029e+03
1.699155296632486397e+03
1.485815688290350181e+03
1.610322912029511826e+03
1.824621820908900872e+03
2.127259215419674092e+03
1.691420599455255115e+03
1.897893236386986700e+03
1.755236077904873355e+03
1.842144948992596028e+03
2.110112124553408648e+03
2.088426302865027992e+03
2.393951465471921892e+03
2.134123414397503893e+03
1.991463254838077773e+03
1.650414172327097049e+03
1.800824854621619806e+03
2.198965881871507918e+03
2.588731177061106337e+03
2.904915219147359039e+03
2.113764306377708181e+03
1.951863111429302535e+03
1.334616430145473942e+03
1.695782845316324256e+03
2.251587047786008952e+03
2.161222011809353262e+03
2.498150298738337824e+03
1.937503058789324768e+03
1.427642537888037850e+03
1.559904385699708882e+03
1.732191783524741595e+03
2.423950342003301557e+03
2.661998970960753468e+03
2.345830555642960462e+03
1.675969667519363156e+03
1.429575327881573230e+03
1.714204089774500744e+03
2.439939658444534871e+03
2.697605737173474154e+03
2.033374353811433593e+03
1.481159384771181294e+03
1.343602998624089423e+03
2.044954399277275343e+03
2.265071245044962780e+03
2.424652506929339324e+03
2.087294511015820262e+03
1.563132653565831561e+03
1.582267465006192651e+03
2.085045390581266929e+03
2.513876172330620193e+03
2.320743071555619281e+03
1.697401047679764588e+03
1.768069012553335142e+03
1.694482663424601924e+03
2.570792647344427678e+03
2.428187011064216676e+03
2.367592515798573913e+03
2.190362373349205882e+03
1.522053101566605392e+03
1.870329124271860110e+03
1.710441483757679634e+03
2.487646335587437079e+03
2.554903902627004300e+03
2.230936511214431903e+03
1.972557279007431589e+03
1.290105605947448794e+03
1.737037415436989249e+03
2.200446047728341910e+03
2.269706540963230964e+03
2.284436338752001120e+03
1.932937667068778410e+03
1.861580802291675582e+03
1.557799800752729880e+03
1.932884750875089367e+03
2.263611557924590670e+03
2.560244940837552804e+03
2.385552333541496409e+03
2.166960771551978723e+03
2.116611424805757906e+03
1.979975286159955431e+03
1.545980644323869910e+03
1.442609980719980740e+03
1.931723216072254900e+03
2.310407775344007860e+03
2.563916997958212505e+03
2.167186471573008930e+03
2.205078829743830283e+03
1.921440382910271865e+03
1.710246055756483656e+03
1.694840520930240245e+03
1.783415022689612215e+03
2.123057862408131768e+03
2.414433578081537235e+03
2.491000423522427354e+03
2.244115384521330270e+03
1.669718773364129675e+03
1.795968297494574472e+03
1.763552049538528081e+03
1.738860499868816078e+03
1.941767674604061085e+03
1.722619836533547868e+03
2.214618296179791741e+03
2.311483937426467946e+03
2.396739537594912235e+03
