2.048642329991924271e+03
2.597114799445338122e+03
1.332079815820672138e+03
2.145527734237379718e+03
2.741424476098640753e+03
1.437477146930004210e+03
2.196874572378622361e+03
2.199887850605184667e+03
1.352856245424246936e+03
2.206766186538902275e+03
2.321116323930999442e+03
1.493985565660442717e+03
2.117235621661830010e+03
2.979153108439126754e+03
1.138153719385640670e+03
2.105546982104287054e+03
1.974802254379283568e+03
2.949287580225595320e+03
7.907511418634506981e+02
3.241966726375284452e+03
5.252406790709200095e+02
2.398535302522815527e+03
3.079603145316526025e+03
5.848103820114341715e+02
1.885245382818092821e+03
2.420882596971213843e+03
1.473209642481331002e+03
2.751014596289328438e+03
1.487075765019013033e+03
2.029343730261353130e+03
2.118786471669864113e+03
1.955320936343437097e+03
2.424490280019381316e+03
1.312007914551082195e+03
2.023176186131616532e+03
2.336672365061643632e+03
1.830543810257244559e+03
1.917509049499933781e+03
2.133520854113704445e+03
2.074220746946059990e+03
1.703236192842547780e+03
2.011673134684733213e+03
2.390517012400053318e+03
1.744698115092657872e+03
1.842905765227315896e+03
2.283106309284300096e+03
2.040989371982038392e+03
1.668242455437205308e+03
2.080838256035663562e+03
2.634251315269460520e+03
1.793050407341919936e+03
1.725223126298261377e+03
2.182216673482975693e+03
2.405882692635541844e+03
1.480456689395741250e+03
1.852708658552139923e+03
2.680967156012368378e+03
1.708289912959374988e+03
1.598055897363800113e+03
2.117049689481775658e+03
2.555257870589680351e+03
1.551705478424166813e+03
1.743975663753433764e+03
2.538840017542282112e+03
1.947570424922981601e+03
1.533021633007662786e+03
2.178112086851763252e+03
2.531960064229818272e+03
1.600196409150555837e+03
1.662948765195487567e+03
2.581343063416480618e+03
1.817910082768272332e+03
1.517379478190787268e+03
2.590507056468635710e+03
2.412877104321160914e+03
1.365251739591660680e+03
1.972926443646477537e+03
2.772297669505437170e+03
2.171234406687669889e+03
1.795591758187027153e+03
1.414622404881105467e+03
1.503008594269844025e+03
2.269399573122629135e+03
2.315472375020453001e+03
1.168727391341565180e+03
2.299787942393993490e+03
2.526403490953402525e+03
1.432164794523311457e+03
2.192166812753581326e+03
2.468924166284662078e+03
1.730387204866800403e+03
1.874818985271435849e+03
2.617245596226472571e+03
2.300881856297831291e+03
1.531207971597786354e+03
1.881699637610883428e+03
2.469714727508455326e+03
2.037391718540821330e+03
5.672179275166936350e+02
2.565000700018465523e+03
2.538397239832565901e+03
1.961503749897040734e+03
1.574335963451104590e+03
2.419275129722370821e+03
2.370599337613058651e+03
1.471002746141462694e+03
1.835726165240732371e+03
2.552012269544656192e+03
1.767519470767224902e+03
1.718412225658524676e+03
2.704947155110677159e+03
2.083439206324268980e+03
1.555833939928682867e+03
2.440813564857849997e+03
2.192868874147369752e+03
1.579609926608734895e+03
1.945626157734444860e+03
2.705844543369226813e+03
1.355828145324247544e+03
2.586406572964947827e+03
2.714162479304398403e+03
1.620470120116199951e+03
1.285717510993457836e+03
2.058325540070625266e+03
2.473568766637796671e+03
1.399001299118709994e+03
2.217317810174723490e+03
2.287246213992751564e+03
2.269144110344959245e+03
1.837291315497380992e+03
1.643880173858325861e+03
2.353771016951286128e+03
1.635369212818218330e+03
1.817401556020796079e+03
2.184075517307552218e+03
2.037783647284444442e+03
1.717166296138470670e+03
2.090760088564634316e+03
2.311599936752714711e+03
1.751282983024472742e+03
2.285664354647083655e+03
2.197338976279128929e+03
1.754740834418483701e+03
2.298600496453349479e+03
2.396057471020600588e+03
1.450698658580032770e+03
2.220013401647291630e+03
2.784477065513570324e+03
1.461919547715006047e+03
1.732871254187447221e+03
2.749723359607902694e+03
1.729215907625558430e+03
1.526481357570475438e+03
2.365587632993910120e+03
2.431234517777496421e+03
1.438532239694798136e+03
2.177442897982688464e+03
2.472111718817103792e+03
1.956412470120137868e+03
1.689972023652229836e+03
1.810749424360849844e+03
1.847056432806868543e+03
1.736968492330852769e+03
1.579348689989152717e+03
1.177150006429882069e+03
2.312439928647935631e+03
1.375141377336873575e+03
2.295463620081895442e+03
2.617066466610653606e+03
1.862982518421752502e+03
1.609049112873798776e+03
2.502394439961168700e+03
2.546412869387827413e+03
1.397308537699308772e+03
2.311794212495927241e+03
2.628766380906006361e+03
1.523300996082242591e+03
2.073010995858264778e+03
2.638371050410117732e+03
1.826389822787285766e+03
1.716531755826385961e+03
2.610364923310352424e+03
2.037423962511730224e+03
1.611943621773132918e+03
2.598375865360672378e+03
1.809754148769221501e+03
1.451569118150104487e+03
2.315209838286426930e+03
2.061303689898554239e+03
1.706425491192921072e+03
1.787774491446675256e+03
2.375768604062132908e+03
2.039240346637787297e+03
1.588742937983178990e+03
2.116180417072808268e+03
2.226700105017708665e+03
1.777600548655494094e+03
1.851049090256360614e+03
2.475123498964768714e+03
1.707693740023904866e+03
1.818543084345710668e+03
2.577669774372806387e+03
1.877790207752457036e+03
1.621886755470289472e+03
1.898330962076986680e+03
2.340330445243377653e+03
2.328897860793541895e+03
2.081593774699918868e+03
1.711750710055592208e+03
1.673546894754504592e+03
2.139518404089508294e+03
1.990180280400918946e+03
1.669267978348653742e+03
2.527728082111912954e+03
1.812490006682363401e+03
1.970043172616221455e+03
2.516090618256433117e+03
1.539600260495838711e+03
2.179277027486406951e+03
2.512616080762255478e+03
1.568562860223708640e+03
2.419795050985934267e+03
2.012349885714755146e+03
1.899812864284728448e+03
3.084087229150949042e+03
1.666461045432009314e+03
1.247728835124626357e+03
1.979681130799806169e+03
1.226687833471961085e+03
1.720632399134609841e+03
8.695111325763142531e+02
3.273542238753985202e+03
9.937790862891413326e+02
2.500136807201713054e+03
2.113802979601702191e+03
1.666202340599343415e+03
2.487625740410923299e+03
1.663811828772387116e+03
2.264850768651242106e+03
1.799773188301549226e+03
2.170360339350616869e+03
2.160039800199940601e+03
1.512813203240583562e+03
2.515998118840878760e+03
1.894556492222733368e+03
1.861749081741922282e+03
1.911491529703600690e+03
2.251928304259103697e+03
2.353670063940133332e+03
2.212339753421536898e+03
1.811231347448255519e+03
1.742741429373331812e+03
2.028558530804907377e+03
2.280938315901739315e+03
1.673336649291193680e+03
2.039791543578685378e+03
2.607255182216390949e+03
1.691421071726955688e+03
1.702511596514777466e+03
2.664961950146981962e+03
2.191805031253262769e+03
1.385134627137434563e+03
2.243090194796986907e+03
2.608792628242644696e+03
1.267325624663763165e+03
2.098008620613393305e+03
2.323818869898441790e+03
1.580203882028574526e+03
2.212137224196711031e+03
2.019727203629142195e+03
1.640002772676244376e+03
2.467209375443705085e+03
1.884024321258808413e+03
1.739715852708904322e+03
2.496523236897153311e+03
1.761149723874472329e+03
1.866120761855313503e+03
2.593800528080590993e+03
1.502406123550510983e+03
1.814899314977219774e+03
2.532280653914731374e+03
1.592095844529382475e+03
1.878310437016435344e+03
2.395557930313033921e+03
