2.037236829311473684e+03
2.552465201601404260e+03
2.269256025422469065e+03
1.721784821764781555e+03
1.732364761450489823e+03
2.251962665026959712e+03
2.681052325876662962e+03
2.062719467054256711e+03
1.607894709446078650e+03
1.855871415256150385e+03
2.557798958833254346e+03
2.494115246082741578e+03
1.804497180799461603e+03
1.733230029318252491e+03
1.952184813223054789e+03
2.607732341522267689e+03
2.301325835610991817e+03
1.769964538874247637e+03
1.598492300912103474e+03
1.857404165639182793e+03
2.676691022227341364e+03
2.362169463519047895e+03
1.589550168420272030e+03
1.570572922420734358e+03
2.353489391535921186e+03
2.728924737458040454e+03
2.271902867619873177e+03
1.662269770789030645e+03
1.847681241015112391e+03
1.986794566713447921e+03
2.294848861303380545e+03
2.141233346085199628e+03
2.070463909430568492e+03
2.223871227371384066e+03
2.200763751072690866e+03
1.877853345766452094e+03
2.039605130164881075e+03
2.425238794103710461e+03
1.913795588099136467e+03
2.021556965555739453e+03
1.842940659474936865e+03
2.358812512103984318e+03
2.201357189595480577e+03
2.359233949968600427e+03
1.979693811901373010e+03
1.741294904679918318e+03
2.141464367792923440e+03
2.708758268788215446e+03
2.016297347269771763e+03
1.640244639398226582e+03
1.813232319066254831e+03
2.706490179918105696e+03
2.384117385111196654e+03
1.629802899475038885e+03
1.720398213039498614e+03
2.622072839579775064e+03
2.580452071468348095e+03
1.767682074711872019e+03
1.609919508166593232e+03
2.250929060437678800e+03
2.708272897576421656e+03
2.036755063683139269e+03
1.502384222415433214e+03
1.836465334693782552e+03
2.682231629561836598e+03
2.729146381259057307e+03
1.817766274426346854e+03
1.610712037105648733e+03
2.104013811777931096e+03
2.364030591494517921e+03
2.340719450935556779e+03
1.732750097596625437e+03
1.851347145486795625e+03
2.032749517002491302e+03
2.472479444116797367e+03
2.029282697399108656e+03
1.762616399087465879e+03
2.049686409134597397e+03
2.287503612776081354e+03
2.281674937789483010e+03
2.280421036319694394e+03
2.716515197473914668e+03
2.305024147807532700e+03
1.706465683336253960e+03
1.469486520294680304e+03
2.192273720972728825e+03
2.486107359077284400e+03
2.380924037903342196e+03
2.035351736817400706e+03
2.032945813249963976e+03
2.054951093838476936e+03
2.309405551079395536e+03
2.034158738760572078e+03
1.531445010186933359e+03
1.803691138942851239e+03
2.329791812744149865e+03
2.511998118536332640e+03
1.802836683292120142e+03
1.026658367793920434e+03
2.488130072189088878e+03
2.485052404254423436e+03
2.523545070486924033e+03
1.126642046584635409e+03
1.982093858903417186e+03
2.414532278730328471e+03
2.786243138183431256e+03
2.116353452845338779e+03
1.637377661680363644e+03
1.989557571577474846e+03
2.603643764811818073e+03
2.524393255231189414e+03
1.596341016001867956e+03
1.723104718601463219e+03
2.338998676498570148e+03
2.550018128094870917e+03
1.663107464593964323e+03
1.560779476254151632e+03
2.407815949069467933e+03
2.753660501884397036e+03
2.036158879354637293e+03
1.668733930832774149e+03
2.068246159897876169e+03
2.517102019443364952e+03
2.425705950637706792e+03
1.979793590207709030e+03
1.556833489463156866e+03
1.989715837704519345e+03
2.198883318122828314e+03
2.511736223109572620e+03
2.446819122643749324e+03
1.626108171558011236e+03
1.874555082734460711e+03
2.089034488290556510e+03
2.426622414691704762e+03
1.789621372741955156e+03
1.368043481537636353e+03
2.086275423547733226e+03
2.350470960203711002e+03
2.409654007343414378e+03
1.555565264803793752e+03
1.740747290721518084e+03
2.578860862402949806e+03
2.644869866481581084e+03
1.821367019878279962e+03
1.614624970858718598e+03
2.539189665732119920e+03
2.787846350720149076e+03
2.190714642899478804e+03
1.580019133128459316e+03
2.034276938373088342e+03
2.841502871445028177e+03
2.454347736002312558e+03
1.673968407840706050e+03
1.474246043902753627e+03
2.149633590433252721e+03
2.719433913098709581e+03
2.339501589762132880e+03
1.437367298615915161e+03
1.551195236743421219e+03
2.530414280509979108e+03
2.769285242960768755e+03
1.971833461408243920e+03
1.290205512214297642e+03
1.969238631847484157e+03
2.769477500605822570e+03
2.484110854467014178e+03
1.615158875243776038e+03
1.683825204746792679e+03
2.185479092946473884e+03
2.470793099739107220e+03
1.932515625124467761e+03
1.839234586505270272e+03
2.056703368036535721e+03
2.476983875555069517e+03
2.237564163543414907e+03
1.805614696564811993e+03
2.109963904393712710e+03
2.220839481251139205e+03
2.461967659402250774e+03
1.818142538818622825e+03
1.888917205757764577e+03
1.919845878011215973e+03
2.297188433322232868e+03
2.131050163844749022e+03
1.969756635356917741e+03
2.105031364373794077e+03
2.282542933354211073e+03
2.139561642090282930e+03
1.525008241667078664e+03
1.536431095056713730e+03
2.373607998747199872e+03
2.551805169785223825e+03
1.714786436006095300e+03
1.506544833524465730e+03
2.073456613544411539e+03
2.753380113131227517e+03
2.259493621673027519e+03
1.634702131011019674e+03
1.858346298356729676e+03
2.603866311411226434e+03
2.674327266327708458e+03
1.929255500877442955e+03
1.734997325104337733e+03
2.094693108945379663e+03
2.673515201220812287e+03
1.991490277103571998e+03
1.805900233805311245e+03
2.168559177327771977e+03
2.188170709043806255e+03
2.127483397623564088e+03
1.893402776831424944e+03
2.378770570509741901e+03
2.520690801893815205e+03
1.630771206063119507e+03
1.815631219439099823e+03
2.436226986031520937e+03
2.798396789364755932e+03
2.061457773603776786e+03
1.565556812274578078e+03
1.934262557048095687e+03
2.842788692115944741e+03
2.412339261083439851e+03
1.615805582329957360e+03
1.857190221208244338e+03
2.076328418430815873e+03
2.510502276207791510e+03
1.872805400229051656e+03
1.333858465096888494e+03
2.473188184572428327e+03
2.409135217164326150e+03
2.194887971430540802e+03
1.766684238683523063e+03
1.786102971726337955e+03
2.309322262014442458e+03
2.175483656872317624e+03
1.872947988699986581e+03
1.751324304043623670e+03
2.296774976417493690e+03
2.598384068452253359e+03
2.441805511281786494e+03
1.972110797325920657e+03
1.775594107675629630e+03
2.228965750768735688e+03
1.981658771613807630e+03
2.298853114451842430e+03
1.981176912715394792e+03
2.116998995937420659e+03
2.492189534299445768e+03
1.985562237741635727e+03
1.787362902045083274e+03
1.881967879456681203e+03
2.399222634524868681e+03
2.059710594141258298e+03
1.623109893026898362e+03
1.784143590029948882e+03
2.537328174940843837e+03
2.711763552318892835e+03
1.945316815226788322e+03
1.516974842035734810e+03
2.244973720837654128e+03
2.755137073806728040e+03
2.092631081465026455e+03
1.594968361193691635e+03
1.849724912048602164e+03
2.621066507375363472e+03
2.622344036139863874e+03
1.812967305460384296e+03
1.656871828981076760e+03
2.182241469311168657e+03
2.665866889856521993e+03
1.998157874548390282e+03
1.706290392295490847e+03
1.941011266638568486e+03
2.640209082747302091e+03
2.217649508347001301e+03
1.874208818381324136e+03
1.962515571422708945e+03
2.221114357118862245e+03
2.489954312114108689e+03
2.065138759208417014e+03
1.976868799313786440e+03
2.371879360671348877e+03
2.164291853899861962e+03
1.918368793394714430e+03
