2.266980313613629278e+03
1.804905577932463757e+03
2.359910027968374379e+03
1.917379430583547219e+03
2.047463986662328580e+03
2.057256386528398252e+03
1.714241789863190206e+03
2.374429036375007399e+03
1.769583255214180099e+03
2.341545656898668767e+03
1.856641880552784869e+03
2.040627169622652445e+03
2.145487346819319100e+03
1.656908908281769527e+03
2.362033644506116616e+03
1.838254993071527451e+03
2.248060754496866593e+03
1.974401407019532371e+03
1.913147762138500184e+03
2.105639298299156508e+03
1.844733257940948533e+03
2.268451354170454124e+03
1.903711721776689728e+03
2.157243182060268282e+03
2.034339959635665764e+03
1.743034426950507168e+03
2.261209679467225669e+03
1.755643504212612470e+03
2.374652423250307038e+03
1.923963480219700159e+03
2.100545898901618784e+03
2.014068742894313800e+03
1.768342157487977829e+03
2.302295349222045843e+03
1.740537242538291366e+03
2.394727131260843635e+03
1.968170159275227206e+03
1.922963099011881468e+03
2.105428473294756259e+03
1.737696430023335324e+03
2.300283132460492197e+03
1.804521990563343707e+03
2.374003503639518385e+03
1.923936969187033128e+03
1.867216686445714231e+03
2.159968176255194066e+03
1.714267790300056504e+03
2.354319844048085088e+03
1.858832658357999890e+03
2.246685116936769646e+03
1.998080845400161934e+03
1.844129815505129272e+03
2.192470272862084585e+03
1.724079939871586021e+03
2.441736157725708381e+03
1.848328691947463540e+03
2.144152776268057551e+03
2.062755183832227885e+03
1.737361235024089410e+03
2.240062030220130509e+03
1.781434346032640406e+03
2.383867379819947473e+03
1.911703255830214630e+03
2.076840322189437302e+03
2.043723619641468076e+03
1.725088205037583521e+03
2.321266451187078474e+03
1.740666349155414991e+03
2.400607625333083433e+03
1.937537860539199528e+03
1.926466482943710389e+03
2.144496290874610622e+03
1.698266549995504192e+03
2.339800889001194719e+03
1.850672122828808824e+03
2.296643634203006059e+03
1.958744252969513127e+03
1.899685915890814613e+03
2.145317176280937019e+03
1.695032111750160766e+03
2.423399097064087982e+03
1.834076866903172686e+03
2.203515215616338992e+03
2.025556452031540175e+03
1.814141889648132747e+03
2.162717631419627651e+03
1.747930312459467359e+03
2.416452886574402783e+03
1.858932419687308993e+03
2.147598896149698703e+03
2.035420654802496301e+03
1.736698200445842986e+03
2.283244084023772757e+03
1.747024557709634337e+03
2.409557047224259804e+03
1.942840931599940632e+03
1.997269099385736581e+03
2.105334921407892125e+03
1.718635781593905676e+03
2.292334576860218931e+03
1.810218794621342113e+03
2.392494058550897535e+03
1.936547671445054220e+03
1.887345537719411368e+03
2.132751152243012257e+03
1.734770710796212143e+03
2.309242016960431101e+03
1.843076633737559632e+03
2.313361383164554809e+03
1.957310798930481042e+03
1.857426337078518372e+03
2.172765673680275086e+03
1.695540917319386608e+03
2.409863615187935920e+03
1.864550251687970785e+03
2.179273668713825828e+03
2.044564900331042963e+03
1.797742097628732381e+03
2.179167424265898262e+03
1.750148364882883016e+03
2.442936284491054266e+03
1.845631277059148260e+03
2.108740804882836073e+03
2.083931569544323338e+03
1.707420876326742928e+03
2.284522790797522703e+03
1.790085894705308419e+03
2.365104789776616144e+03
1.924706008441472932e+03
2.036615302283093797e+03
2.054797094741752517e+03
1.719529545429264545e+03
2.372223110856547919e+03
1.762216463395447818e+03
2.337265410171731219e+03
2.008435849869209960e+03
1.887393218350031475e+03
2.101152892295923721e+03
1.755152891180678807e+03
2.366997532787319415e+03
1.791068173065718156e+03
2.316546956841885731e+03
1.976716466513846626e+03
1.798612909950074936e+03
2.228169304427961379e+03
1.694846426477769000e+03
2.381192756235911020e+03
1.917272495922000871e+03
2.146446440967018589e+03
2.015931678149928302e+03
1.818781720294358820e+03
2.196259118988872615e+03
1.734802610604758002e+03
2.461174908798465367e+03
1.856467029408476492e+03
2.070858286740499352e+03
2.111312077146769752e+03
1.695213060297726088e+03
2.285015573806820157e+03
1.818404812751532518e+03
2.341328022138650795e+03
1.935778030834671881e+03
2.007961659205048818e+03
2.127726614707313274e+03
1.661159249844611622e+03
2.363982358972311886e+03
1.843159039594744854e+03
2.295344950896076625e+03
1.975235383464529605e+03
1.919800077451954394e+03
2.103741206787961801e+03
1.737617226282051888e+03
2.418183506317812771e+03
1.790497398691370336e+03
2.259555209749347796e+03
2.036758788085307287e+03
1.770503529348619850e+03
2.197218676509096440e+03
1.776121417382557638e+03
2.365312666240978615e+03
1.852335388558521572e+03
2.195576270240078884e+03
2.006800359234467123e+03
1.751027589674460842e+03
2.242317089820522142e+03
1.752488614774194730e+03
2.439059457045192630e+03
1.858252894604761423e+03
2.065067942946919175e+03
2.069235774560669142e+03
1.707544994441491781e+03
2.340646079143947190e+03
1.750410916951362651e+03
2.391087125912475130e+03
1.977896401856806506e+03
1.923608291937733838e+03
2.101882495719343297e+03
1.753202241725331305e+03
2.315498221597600150e+03
1.807554248064134072e+03
2.346719437618748088e+03
1.944829311285472158e+03
1.859483728417216980e+03
2.189511111016855466e+03
1.712021234023015268e+03
2.363073151646405677e+03
1.868844365265869101e+03
2.232916763416429603e+03
1.975128745534794916e+03
1.815719637173056071e+03
2.211688373358968875e+03
1.710466340736013535e+03
2.438119929403718743e+03
1.870548091513417830e+03
2.107683532787292734e+03
2.077333587657862608e+03
1.734664736965851262e+03
2.241013755408707311e+03
1.797208683062011460e+03
2.398488597553684940e+03
1.884779060911796932e+03
2.030418704885986244e+03
2.095547840143295616e+03
1.687414019463938303e+03
2.340368272788747618e+03
1.782031918880578132e+03
2.342735845638923820e+03
1.974751852764012710e+03
1.916134112979515521e+03
2.106746926933674331e+03
1.749250390128515392e+03
2.339328627805617089e+03
1.802495343539376790e+03
2.329669902757275850e+03
1.961973508811624242e+03
1.822059935155162066e+03
2.220361304591997396e+03
1.678813486728465477e+03
2.405442445001202486e+03
1.880155674764886726e+03
2.171328040952724677e+03
2.027378488712029821e+03
1.816066078664022825e+03
2.202156546368553791e+03
1.707922269381480419e+03
2.454248584475036296e+03
1.889472311675573792e+03
2.064003023669267805e+03
2.098543056547655851e+03
1.714782071068823598e+03
2.262442409883966320e+03
1.806906778210696757e+03
2.361159953330192820e+03
1.924078253327901166e+03
2.033413850640861710e+03
2.046389250617640982e+03
1.736140069837392048e+03
2.346152872234391452e+03
1.754103162178806542e+03
2.379609994959413598e+03
1.978689939801823130e+03
1.864287572019869913e+03
2.157417806604204088e+03
1.736587166205991252e+03
2.328116456716537868e+03
1.833997967401039432e+03
2.298738300793469989e+03
1.953507132248068501e+03
1.835986969136243260e+03
2.222347404146300960e+03
1.679142124964200093e+03
2.417092253472497760e+03
1.894699206348559983e+03
2.141704635714396318e+03
2.034095234974146706e+03
1.801579209067876945e+03
2.196093551512646627e+03
1.766531685980707152e+03
2.442551516983310648e+03
1.857063850417056301e+03
2.091164871252956345e+03
2.097012484542598941e+03
1.687053199137583533e+03
2.301901483071610983e+03
