1.677700432203384480e+03
1.948649635312027158e+03
2.590836748733565855e+03
1.657917041323452850e+03
1.810398761321098846e+03
2.704220187650224034e+03
1.805503500601223777e+03
1.479540300373168066e+03
2.298861890599976050e+03
2.301906621758490473e+03
1.671181359000544489e+03
2.056023284447251626e+03
2.634052706386259160e+03
1.709806176543933134e+03
1.499679349782648615e+03
2.220971803107228425e+03
2.477863680411275254e+03
1.820763859859094737e+03
1.746578864734009130e+03
2.138769260887342625e+03
2.408618006697709006e+03
1.897305498647331888e+03
1.749017836852921164e+03
1.866544115830346300e+03
2.523006836866151843e+03
2.093722435766344461e+03
1.703732800770794256e+03
1.800237738793385461e+03
2.550401558845266209e+03
2.567203120475925971e+03
1.776103914556778591e+03
1.579135294579339188e+03
1.987186081314290959e+03
2.342605845343035980e+03
2.174325516172473272e+03
1.732865640721261343e+03
1.975453374644954010e+03
2.197174885304342297e+03
2.432977449133251412e+03
2.287564914997024971e+03
1.742611457470919504e+03
1.737485397285177214e+03
2.242220978717785783e+03
2.402769154299242018e+03
1.928314674429563638e+03
1.567211754687518123e+03
1.895809896008380747e+03
2.429723140311744828e+03
2.377424635278636742e+03
1.570377450386262126e+03
1.979118367009884651e+03
2.625343995393177920e+03
2.133373410806942502e+03
1.574847120245084625e+03
1.932717298181019260e+03
2.576185872300362917e+03
1.992654243134194758e+03
1.521142738353110644e+03
1.862063843532099327e+03
1.890105284674644963e+03
2.287513013561827847e+03
1.770673406464227128e+03
1.673273323607774500e+03
2.138588090085120257e+03
2.145995075260134399e+03
1.847201338918600413e+03
1.946158029008917765e+03
2.291050094721923415e+03
2.033177440692079699e+03
1.982526505383826361e+03
2.406677135968034690e+03
2.583863058586537136e+03
1.826588246834293386e+03
1.995369308979836433e+03
2.574905003904810201e+03
1.946692931116421505e+03
1.275509059816595936e+03
2.543251540626837141e+03
2.521630504465642389e+03
1.045525190747406214e+03
1.883920177353814779e+03
2.958297040338436545e+03
1.680643590286614199e+03
1.573634961792856302e+03
2.383208965910407642e+03
2.508161678498211586e+03
1.464685850753802697e+03
1.826797311512682199e+03
2.469713725710064864e+03
2.098831672503093614e+03
1.601095310330938901e+03
1.895889809135196401e+03
2.486588757816054112e+03
2.004000448898305876e+03
1.584642547979981373e+03
1.988234866198800319e+03
2.466108490080979664e+03
1.876909178393738557e+03
1.702578363068952967e+03
2.000955053223950927e+03
2.461627583408238024e+03
2.043401915587889789e+03
1.654250185486027476e+03
1.981283655225628308e+03
2.278250869019041147e+03
2.075678033900895116e+03
1.677402388611727702e+03
1.982671024253143969e+03
2.569685424251747463e+03
2.033646415842515353e+03
1.818491016358602792e+03
1.877239288861662772e+03
2.307726771362476484e+03
2.214562485183558692e+03
1.584054837356913367e+03
2.085912032149354218e+03
2.367716059879003751e+03
1.926768590527739207e+03
1.766844244348975053e+03
2.055642448523369239e+03
2.256916847469602089e+03
2.132943269286472969e+03
1.831314710043007608e+03
1.746168815020278316e+03
2.086155203783113393e+03
2.063919294611213900e+03
1.866871018125227010e+03
1.960580612038648042e+03
2.416371942663813570e+03
1.837629963235295236e+03
1.650700574777023803e+03
2.568517555055414505e+03
2.324222451491193624e+03
1.531883792621425982e+03
2.470100694221436243e+03
2.613352492628918299e+03
1.245361082251533389e+03
2.208218170321418711e+03
2.754381239250201816e+03
1.288611246356895208e+03
1.970381877179034518e+03
2.600902773731117122e+03
1.713461472383796036e+03
1.951506478111264869e+03
2.261809680217236291e+03
1.920436519910667357e+03
1.857581222564636846e+03
2.214163416896373747e+03
2.036894471548580896e+03
1.811590976453928533e+03
1.876697489440106438e+03
2.279874787826398915e+03
1.984633012444897986e+03
1.803600509598712051e+03
1.935000895043843684e+03
2.304133562160836846e+03
2.001369745047358037e+03
1.565188139101841898e+03
2.015295620402146824e+03
2.622654704829858474e+03
1.953858743959851381e+03
1.683405875101069114e+03
2.297940609977616077e+03
2.777499109287196006e+03
1.724417688961631256e+03
1.758943086959403672e+03
2.504262987244903798e+03
2.467754010081684555e+03
1.373602764910488531e+03
1.736287671528962164e+03
2.398541737587631815e+03
2.310920994923447779e+03
1.486688434180383410e+03
1.955209433148424750e+03
2.591409448903082193e+03
2.222413325730658016e+03
1.478882629653189269e+03
1.839617207926649371e+03
2.272823030176564771e+03
1.981618835938757684e+03
1.784892618154794491e+03
2.240416088761297942e+03
2.288870243244763969e+03
1.763046645106044252e+03
1.753029121531983037e+03
2.245442338985742936e+03
2.377609588913340758e+03
1.586556908144468252e+03
1.848563700735139264e+03
2.319804106032696836e+03
2.152569039597924530e+03
1.689138002907128339e+03
2.120262529678913324e+03
2.594639776823135890e+03
2.014919795494235132e+03
1.596422351421777648e+03
2.275385532471625083e+03
2.447747925043546729e+03
1.493494409929752919e+03
1.949485286966368221e+03
2.689358389055901171e+03
1.545161348860551016e+03
1.538131852015197410e+03
2.558137954955656369e+03
1.705359547185446218e+03
1.705890449978398692e+03
2.314349358621650026e+03
2.332243075189463980e+03
1.543546457062527224e+03
2.032750840395786554e+03
2.613522179780225542e+03
1.913812464362705214e+03
1.542186230797826738e+03
2.178786644292049004e+03
2.573671252093928160e+03
1.657964328748174012e+03
1.677580994686871691e+03
2.409439790552678915e+03
2.356143409778454043e+03
1.676044288557287018e+03
1.837194612123938896e+03
2.360909131122356939e+03
2.136401715248421624e+03
1.714028613458889367e+03
1.810541592160505161e+03
2.320528405260402906e+03
1.982655073528376761e+03
1.714452169076516384e+03
2.092396150180597942e+03
2.318443398020014683e+03
1.654088138531825052e+03
1.998867654152188607e+03
2.536522154888366458e+03
1.649781749772552075e+03
1.860549910137167444e+03
1.902965285664443172e+03
2.502556951316989398e+03
1.971817754652870235e+03
1.628090675005590583e+03
2.415361198030076139e+03
2.072825226263129935e+03
1.906372110295216771e+03
2.203385620435305100e+03
2.403408137840849577e+03
1.805991866622798170e+03
1.831349123834637567e+03
2.344434413811578452e+03
2.095859699352316966e+03
1.661879992229928121e+03
2.148295062333021633e+03
2.544202962090436813e+03
1.919929139506855336e+03
1.648968674850692196e+03
2.078233635276483710e+03
2.301081855023765002e+03
1.704200545314170540e+03
1.839815918524265498e+03
2.603698026163292525e+03
2.083579627971683749e+03
1.477903831436451583e+03
2.295337926869617604e+03
2.745551893171035772e+03
1.477371707037974147e+03
1.548309316261952290e+03
2.387600637465547607e+03
2.354565778961441083e+03
1.572691818082892269e+03
1.936514051991513043e+03
2.297435373249536951e+03
1.944208118786316618e+03
1.776649895095409647e+03
2.148857134135379965e+03
2.267401437051843004e+03
1.801491080724615358e+03
1.871340479552981378e+03
2.228772520483294556e+03
2.140812654812541041e+03
1.763654963267967332e+03
1.837142770827155118e+03
2.225709698738766292e+03
1.943348045530660556e+03
1.807687962283491288e+03
2.236746956396129917e+03
2.478135843846254375e+03
1.636282529577821151e+03
