1.979129738473651969e+03
1.552238745911783553e+03
2.168187644618137710e+03
1.902472980658427559e+03
1.968189785228423261e+03
1.824700557243788580e+03
1.549488570641523211e+03
2.066686916498966639e+03
1.524275933193407354e+03
1.987376880315874359e+03
1.914739906894551495e+03
1.939096538080781102e+03
2.036963699213454220e+03
1.994812362646288875e+03
2.066800980178067221e+03
2.031055260006854496e+03
2.042325261356322699e+03
1.961264332410941279e+03
1.867762755408368548e+03
2.155705870687703737e+03
1.832411648065632107e+03
2.115644568469658225e+03
2.093645524313866190e+03
1.903190325615048550e+03
1.930811235952415245e+03
1.974090480830678871e+03
2.151698818391029818e+03
2.077978304077404118e+03
1.931111739062035440e+03
1.849497239336082885e+03
2.040863416878032922e+03
2.129715276883714978e+03
1.890108489207058938e+03
2.055994045132952124e+03
3.074788168489004420e+03
1.758071464664181349e+03
1.558543905982965271e+03
1.865925628588278869e+03
2.090301013593692005e+03
1.987282489827727431e+03
2.066401717584355993e+03
2.135760337844335481e+03
2.080250782340820024e+03
1.926640283679752201e+03
1.955058750100611633e+03
1.978321460925533529e+03
1.886788592610864043e+03
2.015670947053301461e+03
2.044242218764534982e+03
2.103372188156206448e+03
1.822182135309474234e+03
2.005079643031521300e+03
2.164214559734808518e+03
1.733382702394752414e+03
2.026253797868997253e+03
1.909317985040682061e+03
1.969010770064646067e+03
1.827808441850044801e+03
1.696109642955507297e+03
1.902606467144653834e+03
2.116128478758066649e+03
1.960265693304163051e+03
1.815483470620105436e+03
2.020126345222910913e+03
1.960134717615470208e+03
1.906734195021406322e+03
2.062589841810729467e+03
2.132713651008912166e+03
2.119757010905076186e+03
1.933944180769971581e+03
2.103835565084415975e+03
2.045183326472400267e+03
1.797652228865225197e+03
2.068768096529736795e+03
2.084098036412047804e+03
2.252862774955123768e+03
2.041127741883690533e+03
2.081660607184874607e+03
2.303113533668520176e+03
1.903608272762627394e+03
2.020934749973846692e+03
2.037844262033109317e+03
2.116391326167308762e+03
2.156773057481584601e+03
1.998858947520328911e+03
2.185623207480007295e+03
2.086425732655952288e+03
2.076561307001985369e+03
1.990813223586507547e+03
2.001605027952209412e+03
2.246670628540193320e+03
2.006370393498406202e+03
2.047666825462165434e+03
2.051675726919357658e+03
2.426124338572291435e+03
1.902123085701543459e+03
1.899761316085205863e+03
2.232626021967922952e+03
3.678263001155638108e+02
1.691028426193864789e+03
2.407718342678138015e+03
3.039228612854981293e+03
2.147960322425171853e+03
2.409243056667982273e+03
3.033575144685952182e+03
1.175375375569024072e+03
1.768677208679577689e+03
2.099441569144453297e+03
1.648045436832769610e+03
2.542214705318302094e+03
2.425025047840002571e+03
1.429529302415436860e+03
2.155265846790524392e+03
1.918093679760927898e+03
2.056614150549009537e+03
2.086618968438274351e+03
1.878659026468121510e+03
2.232500692843900197e+03
2.322088587100174209e+03
3.066923430817019835e+03
1.698697477092107647e+03
1.765535875000396345e+03
1.905049478737965956e+03
1.961447777021553065e+03
1.987303961116030905e+03
2.154695271564959967e+03
2.006730970011526324e+03
2.066937615135476335e+03
2.022758469819193124e+03
2.036437769294037025e+03
1.958242910053628520e+03
1.879651001014638268e+03
2.024854921614416980e+03
1.962202304997482770e+03
1.873171622238746295e+03
1.887838381206013764e+03
2.029915341381666167e+03
2.129376606907633231e+03
1.933182926194789388e+03
2.305452545158574139e+03
1.815700089262997608e+03
1.833782594163361864e+03
1.972399015724776973e+03
1.866628785736870441e+03
2.029782470082325062e+03
1.924388047401991344e+03
2.135014098955194640e+03
1.731789272041189861e+03
1.894365457549951316e+03
1.926451017929894761e+03
1.921424391380810221e+03
2.175991744648591975e+03
2.019173041959106968e+03
2.026506715806712464e+03
2.099983750104551291e+03
2.017079133119806102e+03
1.888717062850017783e+03
1.869488601204381666e+03
1.972067666168201640e+03
1.980369558981632736e+03
1.952630531209656738e+03
2.161413150744133418e+03
2.072479716943687436e+03
2.163446755903191388e+03
2.257652677313682489e+03
2.142374757940306608e+03
2.097454054873313908e+03
2.586995732622907326e+03
1.493887195892864611e+03
2.285785147443543337e+03
2.044493311570451397e+03
1.860558444439696359e+03
2.031777033972987283e+03
1.720231470708836923e+03
1.884434529445456064e+03
1.940765691379497866e+03
1.826456418311882317e+03
1.974450854561823689e+03
1.921769834758611069e+03
2.060436163932089585e+03
1.934816466524803218e+03
1.841730655404530125e+03
1.889868119466654207e+03
1.935980848834431299e+03
2.032567911431756329e+03
1.979831826666550569e+03
1.851078662806497960e+03
2.021514913020640961e+03
1.868137711909740574e+03
2.131046835426109737e+03
1.982421231901230385e+03
2.117066643728511735e+03
1.993320028290818982e+03
2.232710597103133296e+03
2.025135576091498024e+03
1.948802145794642684e+03
2.267283639124178535e+03
1.960261901442728686e+03
2.240720238505137786e+03
2.030663198352741802e+03
2.197321692334527143e+03
2.026569415026224078e+03
1.849778873739922574e+03
1.982372651032496833e+03
2.055894440222198682e+03
2.188064186794141733e+03
1.934405146074486538e+03
2.162730767942227885e+03
2.177173344851408274e+03
2.218284568007813505e+03
2.049038255976128767e+03
2.113394681630423293e+03
2.157603115516238631e+03
2.103995438509398809e+03
1.979799996675260900e+03
2.090035257865884887e+03
1.746380695982658153e+03
1.894529776393975908e+03
1.878719395398343295e+03
1.916542250470526824e+03
1.707524668468040545e+03
1.803327975525217653e+03
1.915736795610765057e+03
1.795595171560355993e+03
1.302296853807501066e+03
1.281218508563942123e+03
2.470875690320965987e+03
1.933928847629859547e+03
2.510747036315133755e+03
2.224506190578807491e+03
2.230279888730821767e+03
2.052716032337990782e+03
1.978688324524992368e+03
2.308129626418754015e+03
1.847873953614043785e+03
2.099766616053770122e+03
2.404017494171215731e+03
1.713937940603312427e+03
2.496365163571286757e+03
2.099874081471148202e+03
2.245572513575027642e+03
2.191811818507696444e+03
2.104365162476695332e+03
2.336225960776594547e+03
2.141222619148710692e+03
2.626647800386425388e+03
1.732236785438335573e+03
1.747043535492543242e+03
2.045018769982689491e+03
2.101067882107225614e+03
1.882381264731676765e+03
1.857991555950654629e+03
2.057752971111862735e+03
1.874530215609766174e+03
1.841498312455652467e+03
1.853731937640918659e+03
1.886030468166466562e+03
1.746308421566917559e+03
1.680680678263094023e+03
1.767492302787981998e+03
2.806983923467461409e+03
1.719934705530768952e+03
1.729325255695167925e+03
1.900226478450303148e+03
2.064038433161224930e+03
1.874852108188934608e+03
2.117343291361542470e+03
1.781825566145155108e+03
1.879967313275672723e+03
2.104716615141503553e+03
1.804668778014889767e+03
1.921809628284423752e+03
1.826570641003040009e+03
1.975697994071128278e+03
1.947712116181674219e+03
1.904323349406225816e+03
2.158930145389857444e+03
1.921327802837375657e+03
1.890343437109903562e+03
1.941971180156286437e+03
2.281482686559837475e+03
2.030161975641932031e+03
1.922706827381482071e+03
1.980849731784096775e+03
