1.485509703604845754e+03
2.481731241474780290e+03
2.105963977998711471e+03
1.346643610902967566e+03
1.912359813209628783e+03
2.768026799897520050e+03
2.024127319709265521e+03
1.418410574563533601e+03
1.952073859541294951e+03
2.479733796572411393e+03
2.158522301830612378e+03
1.322700842572066222e+03
2.077011804568174739e+03
2.437731936440786740e+03
1.060742769705044338e+03
1.583800051055001632e+03
2.476973132096141853e+03
1.912400694507693288e+03
1.319226358061890323e+03
2.255854305606053003e+03
2.118722145410092708e+03
1.373794914434622569e+03
2.053263174537124087e+03
2.547039765418661318e+03
1.559688772066653428e+03
1.694071597954059825e+03
2.538965510962505505e+03
1.914773411155618760e+03
1.612797938791770093e+03
2.534646403399118753e+03
1.916670340705981971e+03
1.331909821981129880e+03
2.396134041583006820e+03
1.917405444272353179e+03
1.407089866627907440e+03
2.594297862592321508e+03
1.494947168666343941e+03
1.565489305528726391e+03
2.450699868751727081e+03
1.974403057044141406e+03
1.551462338841287874e+03
2.293223201833693111e+03
1.998737124928285539e+03
1.389199800936427891e+03
2.183903736963534811e+03
2.392944348872906630e+03
1.476347946822166477e+03
2.133217651794454923e+03
2.302968523690740312e+03
1.381746087202424860e+03
1.956923630376037636e+03
2.580060516419017404e+03
1.459826788320314563e+03
1.856794232659692398e+03
2.518238618271443556e+03
1.577865134988610180e+03
1.736102295493802785e+03
2.654179484010428951e+03
1.753620429827540192e+03
1.448431280884424950e+03
2.299051254378035537e+03
2.263368138040348185e+03
1.350121784780745202e+03
2.102785073359486432e+03
2.238308059776250957e+03
1.268085958522109195e+03
1.963328996465570526e+03
2.529437588833469817e+03
1.512114145441225901e+03
1.813855321746387062e+03
2.543506429660053982e+03
1.669231074750867492e+03
1.723133189082582248e+03
2.529357802241117042e+03
2.115848198720174878e+03
1.406743036428187452e+03
2.274675882839222595e+03
2.314297718271830945e+03
1.470503149876101361e+03
1.837295127947799074e+03
2.616914002895357953e+03
1.296135523862389846e+03
1.593579871973279751e+03
2.426746908917378732e+03
1.792154697002540388e+03
1.548484798239184329e+03
2.450993836978215768e+03
1.749494069316350306e+03
1.478482032013617072e+03
2.294815998421488985e+03
2.424281381782314384e+03
1.458212253573641874e+03
2.121697198469962586e+03
2.379738905745130523e+03
1.442615612404774083e+03
1.839013978818125224e+03
2.607129913499212762e+03
1.705705084430572470e+03
1.306173738047560619e+03
2.297613085031213814e+03
-7.012060418352828606e+01
3.008982731392618916e+03
2.948504814178960714e+03
2.523968147602843146e+03
2.328348680776370657e+03
1.691366219914205658e+03
2.600730718209181305e+03
2.018102384757951995e+03
1.119901378595438928e+03
3.084033833908060842e+03
1.172706017452884907e+03
2.136675935471703269e+03
2.179638693916430384e+03
2.026263171238304039e+03
2.207824046193220056e+03
1.754842687140605221e+03
2.607244426152665710e+03
1.579676485255865828e+03
2.029758604334020447e+03
3.230615863397373232e+03
1.621186656354391971e+03
1.301647332244568361e+03
2.045724362712862785e+03
2.023256127870014325e+03
1.599714055220017144e+03
2.026780755302083435e+03
2.161899587933639850e+03
1.616668755663208913e+03
1.954288292522050597e+03
2.384934566032115526e+03
1.668345501241009742e+03
1.708924404918766413e+03
2.337045269977684256e+03
1.945778509487523252e+03
1.538404716980847070e+03
2.227992757819711642e+03
2.554679735750082727e+03
1.438108755076583293e+03
1.608798960854084271e+03
2.549972961545034650e+03
1.918640755475652441e+03
1.201906800922364027e+03
2.305447804028688097e+03
2.221482452639995245e+03
1.400919927263799309e+03
1.846496483019580410e+03
2.696823645962253522e+03
1.352080095215071196e+03
1.541957259848977628e+03
2.532309726370865519e+03
1.927917224843268968e+03
1.414099470959618884e+03
2.304168436546834982e+03
2.161483602855404115e+03
1.270542838697535672e+03
2.122793614758367767e+03
2.559780517502308612e+03
1.342044057491897775e+03
1.668992719644698809e+03
2.525435739908785763e+03
1.929675031407788765e+03
1.488528673764829819e+03
1.757277236806675319e+03
2.581854454007966979e+03
1.631923101773353892e+03
1.366971834196002192e+03
2.218234909779325790e+03
2.431183910021986776e+03
1.526434343247036850e+03
1.566785750615292045e+03
2.403672519123472739e+03
1.840463688346789922e+03
1.416066215929934970e+03
1.969759131399518083e+03
2.512836543190476277e+03
1.372671241712707342e+03
1.795619789190732035e+03
2.519673126510137081e+03
1.731400837585652653e+03
1.664693943998551958e+03
2.543340837460332295e+03
2.093575401402080388e+03
1.541801463436328277e+03
1.987575723708473106e+03
2.492499669421874387e+03
2.112308088326610232e+03
1.449388598064210328e+03
1.814841303033960230e+03
2.392327965988904452e+03
1.654387342048601568e+03
1.489933937436534279e+03
2.204168503572438112e+03
2.165043892767369925e+03
1.386688273349202063e+03
1.904605912125081886e+03
2.379063197431352819e+03
1.828666637055860292e+03
1.656232307314186301e+03
2.401145185609825148e+03
2.053446525239035054e+03
1.479243167053887191e+03
2.139968202030460816e+03
2.540695358492028390e+03
1.445965817262423798e+03
1.718834030523108368e+03
2.459508390601215069e+03
1.731210320731417369e+03
1.574574506492922637e+03
2.560624227840514777e+03
2.154091036704194721e+03
1.443044394810319773e+03
1.939625689051747713e+03
2.706531798113003333e+03
1.865314995759639942e+03
9.190925848997901539e+02
2.260902766705988597e+03
2.223946094006651492e+03
1.500584398241194776e+03
2.010771356885246405e+03
2.697810274818863491e+03
1.579365793075704005e+03
1.515676820199021904e+03
2.481666750065247015e+03
2.249023761144774653e+03
-1.713745578907819436e+02
4.172451040351362280e+03
4.018259124062158207e+03
5.928660846799705268e+02
2.723165048289583865e+03
1.682325704558348889e+03
2.657800581408314883e+03
1.506962209997642049e+03
1.663354119963547191e+03
2.956422021977288296e+03
1.489757368449406613e+03
1.972604087227248556e+03
2.068433123819750563e+03
1.882197363498297364e+03
2.246784961342943006e+03
1.319271123759131115e+03
2.584553023238640890e+03
2.020928526992372781e+03
1.634518847850768907e+03
1.954174012291606005e+03
3.413364263027220204e+03
1.257387978435962623e+03
1.304056601819402658e+03
1.874323240458370947e+03
1.989859734475017149e+03
1.651699141852139746e+03
1.936981857527628108e+03
2.149537328613354475e+03
1.967951794744138397e+03
1.840960064111343172e+03
2.081738923660537239e+03
2.226270942531761193e+03
1.797223805533170889e+03
1.801758557491902366e+03
2.270510941821555207e+03
2.004587386293791042e+03
1.662053820451816819e+03
2.115183229702287463e+03
2.102747879404355899e+03
1.602531410090978625e+03
1.937771191082095356e+03
3.000927371131916061e+03
1.417668071719527688e+03
1.341431465465780775e+03
2.182237005343630244e+03
2.643097823316374615e+03
1.697846564011420469e+03
1.304683534177226647e+03
1.970420953757329016e+03
2.546914958798553471e+03
1.928300234853198845e+03
1.243141548047926108e+03
1.879682145714419903e+03
2.410822161463816428e+03
1.886822272870677807e+03
1.455685649685986618e+03
2.118795774344407619e+03
2.269577910581978813e+03
1.320158429323100336e+03
1.828301751513867430e+03
