2.109531981133282898e+03
2.032605663337254100e+03
2.428562756753610302e+03
2.126103815204435250e+03
2.065554049108580330e+03
2.243824876342091102e+03
1.844632639706455848e+03
2.426475755987548382e+03
2.001229300619715104e+03
2.498828991531437623e+03
2.048314803486633991e+03
2.093467537014187201e+03
2.273986636088433897e+03
1.940071593564031446e+03
2.360428172585834545e+03
2.083400033218750650e+03
2.220995960951422148e+03
2.039138408736541805e+03
1.947937882807505048e+03
2.210610442630806119e+03
1.889044766856105525e+03
2.407546030094410071e+03
1.946198203616512501e+03
2.125393452548532878e+03
2.025003995292565605e+03
1.902950258317220914e+03
2.256842963853978745e+03
1.960637592746050359e+03
2.339062645093003539e+03
1.990142219195185589e+03
2.138632988881397068e+03
2.084285851450056725e+03
1.800126751742109263e+03
2.333445890976729970e+03
2.049167158234771250e+03
2.495309175971325658e+03
2.048386936850617531e+03
2.103843702726844185e+03
2.264572919203510992e+03
1.794278228183120291e+03
2.357448244053994131e+03
1.992283943121783295e+03
2.426949064241969609e+03
1.989539424756815833e+03
2.131107016050920720e+03
2.136043275139095840e+03
1.859259683698449635e+03
2.419832238589915505e+03
2.053714612879533888e+03
2.365896218008256710e+03
2.011655550929902347e+03
2.078512756660471041e+03
2.244903417047112725e+03
1.871308271117219419e+03
2.310119070543857561e+03
2.029332422791213503e+03
2.204729833337231412e+03
2.209627929205837972e+03
1.841151781961941651e+03
2.282380361118766359e+03
1.844193651040710165e+03
2.408969530522597779e+03
2.067901198059408216e+03
2.184559787848567339e+03
2.199936737556413391e+03
1.863973812043904672e+03
2.372295979606496530e+03
1.812340649744834991e+03
2.428078101975374466e+03
1.910529872298537612e+03
2.113294771016468530e+03
2.148762371001785596e+03
1.797944077395721024e+03
2.420696102717745362e+03
1.961456714494763673e+03
2.220259148088211532e+03
2.028173113327658712e+03
2.014135816542636576e+03
2.194742546364592272e+03
1.850263848889990868e+03
2.262391660651524035e+03
2.061610731848535124e+03
2.072778699814000902e+03
2.094443047569606733e+03
2.024779816532606219e+03
2.270397658751658128e+03
1.757874549578148162e+03
2.375269024135841846e+03
1.925252993337839143e+03
2.145798461350689649e+03
2.156087415156563111e+03
1.875107896901145523e+03
2.151220022879241697e+03
1.867718647945617022e+03
2.264521527827940645e+03
1.938044552056672273e+03
2.081652454328287149e+03
2.133305081431383769e+03
1.878942472344706857e+03
2.332962652745480227e+03
2.226805559800925494e+03
2.187674764735992085e+03
1.929725102858380069e+03
1.943251448556534569e+03
2.115481021937794594e+03
1.863509954261483017e+03
2.286765989344851278e+03
1.843769648825491231e+03
2.254601394189647635e+03
2.071064685890155488e+03
1.842107507273644387e+03
2.169807551245181003e+03
1.773405608625396326e+03
2.225628823826484677e+03
1.977324885092808472e+03
2.114105276863298968e+03
2.043092982714495292e+03
1.896762874888994702e+03
2.066103803782308205e+03
1.942795817972302984e+03
2.293163904832414119e+03
1.903717524182266516e+03
2.019524212697194116e+03
2.202184990209764692e+03
1.731822805588113397e+03
2.286250113915089514e+03
1.754672223892904185e+03
2.269356459493830698e+03
1.981144008403506405e+03
1.995267722090777397e+03
2.020415194037898800e+03
1.850554073247446468e+03
2.222897606043525684e+03
1.921038032871159430e+03
2.238970553171120628e+03
1.978252119858426113e+03
1.994403170309090456e+03
2.156880851090697433e+03
1.768957309354953850e+03
2.274873791536578665e+03
1.904865926772291459e+03
2.225038384578459954e+03
2.061737980616347159e+03
1.880578207531640146e+03
2.169523648172638332e+03
1.813381481716683311e+03
2.349672116388342602e+03
1.906229541063454917e+03
2.116119881659649764e+03
2.016719025896171161e+03
1.910192098713005635e+03
2.181056492775579954e+03
1.778216302041222434e+03
2.350783400211083062e+03
1.906278672165660510e+03
2.102475614113395295e+03
1.967612469344979900e+03
1.847069321318051379e+03
2.133854637286721299e+03
1.930604978749022393e+03
2.206120748368311524e+03
1.936793533124198348e+03
2.055851093743528054e+03
2.038219890655719382e+03
1.921603157290110403e+03
2.236090560583120350e+03
1.887770764790268686e+03
2.282892937143175004e+03
2.024874354799478397e+03
1.891346795479062621e+03
2.282750506994585521e+03
1.657989003026762930e+03
2.263582253162388952e+03
2.036092621433267823e+03
2.158979830089424468e+03
2.067726846229841158e+03
1.916765228447645768e+03
2.219538025010391721e+03
1.854932616576917781e+03
2.259512030163774398e+03
1.878943791644759131e+03
2.251260427363915824e+03
2.138138985032927394e+03
1.852550352926876485e+03
2.284427920722709132e+03
1.913843620451771358e+03
2.309373558854846578e+03
1.964801266663633669e+03
2.220803736131579626e+03
2.104524415537634013e+03
1.860184761745027117e+03
2.260460227221065452e+03
2.064878455038946868e+03
2.307156119506256346e+03
2.115974515210394202e+03
2.133439912310696400e+03
2.184504630786927009e+03
1.880810857356181259e+03
2.290055541719151734e+03
1.979312870294527784e+03
2.287251272886164315e+03
2.133654478786243544e+03
1.898779850299735699e+03
2.245094494540902815e+03
1.954673198353169028e+03
2.352084884661411706e+03
1.975705794070200909e+03
2.365323158611312465e+03
2.109545915163555037e+03
1.930194553603528448e+03
2.233468729704345606e+03
1.940835385638161597e+03
2.379153755883121903e+03
1.993809766927425926e+03
2.179121815623267594e+03
2.180452564345504470e+03
1.771202029469273612e+03
2.256649077270223643e+03
1.907788886692766710e+03
2.454750025129118967e+03
1.973100662007034771e+03
2.130601873353713017e+03
2.188671516164287823e+03
1.814207004747457859e+03
2.418037807995521689e+03
1.949467987234190559e+03
2.525776609606615239e+03
1.993682742337533682e+03
2.132258349088866453e+03
2.264572405499699471e+03
1.885782107709273532e+03
2.382776509954416269e+03
1.909053688044386263e+03
2.351109668079694529e+03
2.037602344242084882e+03
1.958250375845700319e+03
2.238643080271475355e+03
1.934341039713307737e+03
2.404657668678395567e+03
2.020584072344665628e+03
2.170652976651689187e+03
2.164736929076415890e+03
1.846739721117395220e+03
2.203212005150501227e+03
1.940654916285888703e+03
2.368271827806926012e+03
1.804986814189245706e+03
2.160230039419645436e+03
2.266114713937074612e+03
1.703308002500206840e+03
2.225924983141592293e+03
1.862835700995361549e+03
2.412254852290207964e+03
2.020375732468838578e+03
1.938743872497876282e+03
1.997735004335679605e+03
1.871063321424615879e+03
2.244011451881438006e+03
1.991986571771698664e+03
2.210067980373154569e+03
1.955552805326194402e+03
1.896431639662665475e+03
2.232663848090045576e+03
1.868916577957070103e+03
2.275488905591669663e+03
1.941982956588968136e+03
2.235562851399551164e+03
2.024396769338640752e+03
1.962182942638600252e+03
2.185217234734884642e+03
1.816026382217371747e+03
2.286634417880240562e+03
1.978406365648738074e+03
2.168197087695313257e+03
2.074586914710785550e+03
1.848370737024579057e+03
2.260232356863375117e+03
1.802290411795830096e+03
2.347314318407974042e+03
1.959412145005950833e+03
2.102467083920490950e+03
2.065478339932811195e+03
1.769636538789024826e+03
2.250915957121087558e+03
