2.553229878844207178e+03
2.519501766561925251e+03
1.888599574618842780e+03
1.707914691384585467e+03
1.907550003657899651e+03
2.245741166254082145e+03
2.366783913462840246e+03
1.934001990944783302e+03
1.733579005953559999e+03
1.935996129244126905e+03
2.229404692371282181e+03
2.290866362619975007e+03
1.801532669548644662e+03
1.798956473533716917e+03
2.135016101826835893e+03
2.535559653398672253e+03
2.200830636512271667e+03
1.932638327202438859e+03
1.810049682845717598e+03
1.941340857399645529e+03
2.305888788367737106e+03
2.377242707140486345e+03
2.087442252345274483e+03
1.491994029765166033e+03
1.735300182392290026e+03
2.403727608436057380e+03
2.383581921513514317e+03
1.734180766172800531e+03
1.716944836318217995e+03
2.020046502779193133e+03
2.490770909106038744e+03
2.343712482823679238e+03
1.998954100249158955e+03
1.607068552435517859e+03
1.818408475700575309e+03
2.216669444819282035e+03
2.306818497919116453e+03
2.302713642869701744e+03
2.102388410444445526e+03
1.969721065790705779e+03
1.791265886119888364e+03
1.704930188749883428e+03
1.777727438373585301e+03
1.814486049087668107e+03
1.923827583653711145e+03
1.999861767359146143e+03
2.048056376420533525e+03
2.191374515985662583e+03
2.216571077308224631e+03
2.184867027775167116e+03
2.130910508417263827e+03
1.989405196041830777e+03
1.945937715212793819e+03
1.818810831253176275e+03
1.704378315465768765e+03
1.878114666840073824e+03
2.138845636931617719e+03
2.299235866570221333e+03
2.313807041801293508e+03
2.429516470727293836e+03
2.596080503787597081e+03
2.429320139410707725e+03
1.995772138179102058e+03
1.799157798391675215e+03
1.843110872349294368e+03
1.785482442761474431e+03
1.965277923540489837e+03
2.167499889673707457e+03
2.269157128234021911e+03
2.293362056685029529e+03
2.299372660836435898e+03
2.224324066171254799e+03
2.082035344820626506e+03
2.000738811755846655e+03
1.720222678027198299e+03
2.007298674736069188e+03
2.279956651514036366e+03
2.394830983417962671e+03
2.286149308741881214e+03
2.094562048939284068e+03
1.947762470308666252e+03
1.861831683776225645e+03
1.900569561280996822e+03
1.896100679521735174e+03
1.958439725070327313e+03
2.162808008357269046e+03
2.374498989714357776e+03
2.345230615705450873e+03
1.766830154834086443e+03
1.355767309444856210e+03
1.695961985345597213e+03
2.278999461245361545e+03
2.309021678390971829e+03
2.263109720278778696e+03
1.896636065597493371e+03
1.868989053904668026e+03
1.760872764601432891e+03
1.677274800470237551e+03
1.930666111956867098e+03
2.072106747827635900e+03
2.146138592626649370e+03
8.764079869635312434e+02
2.287312170610817702e+03
2.285547930383067069e+03
1.195179112186633802e+03
2.329179795967817427e+03
1.995765050041090035e+03
2.025864723178233589e+03
2.257058981905555811e+03
2.397785916626625294e+03
1.947026474596195840e+03
2.075265117834355806e+03
2.456874431890046253e+03
1.587201194251679908e+03
2.434753311168496111e+03
1.390429612476808870e+03
2.518710860540318663e+03
2.039692066734331320e+03
1.839748234829444073e+03
2.040488755516136280e+03
2.123220573254989631e+03
2.197447739764887046e+03
2.013190898514324317e+03
1.842506196552155870e+03
1.657112267001377631e+03
1.742165609614461800e+03
1.949002159708583349e+03
2.237098638065781870e+03
2.277524373582488352e+03
2.182923455510704116e+03
1.841451944991574010e+03
1.753460596567958873e+03
1.990054497270069987e+03
2.379470555250967664e+03
2.413987209959565007e+03
1.843132200531277931e+03
1.702987458651683255e+03
2.227317522250647926e+03
2.543054045256699283e+03
2.064571792060158714e+03
1.668240094232126694e+03
1.931503553094189783e+03
2.252189974758782228e+03
2.335892544139887377e+03
2.224978409423679295e+03
2.209170326858317821e+03
2.254358332669978608e+03
1.967367504801251016e+03
1.755146796445477094e+03
1.816221897178700829e+03
2.239012766613665917e+03
2.348917105544625429e+03
2.114487317414197605e+03
2.016632092371870613e+03
1.878079724784667860e+03
1.921802803495281523e+03
2.160501664599472861e+03
2.286493163152179477e+03
2.377900633112310061e+03
2.041302785437516604e+03
1.569189132064375372e+03
1.657201588286341348e+03
2.032203426621793142e+03
2.321792790295130544e+03
2.395968047529742762e+03
2.123534167933200479e+03
1.894517391331203953e+03
1.856540906678219244e+03
1.889111952901480663e+03
1.813756043277517392e+03
1.750195160375811611e+03
1.814554009339580489e+03
1.915456358331688989e+03
1.965221324478031192e+03
2.269620392442231605e+03
2.148737641550762419e+03
2.002376179465370797e+03
1.797330257346447979e+03
1.764764433587067970e+03
1.981257676196865759e+03
2.147981006891672678e+03
2.190982380217901209e+03
2.257987174842380682e+03
2.062994468951206727e+03
1.979989838571199471e+03
2.042240036800312055e+03
1.825093618154128535e+03
1.704276894523790361e+03
1.815903404952666961e+03
1.937471330660011745e+03
2.006761996331867294e+03
2.324284606194042681e+03
2.447852493494062855e+03
2.485219709193682775e+03
2.408530057672331623e+03
2.232091934750594646e+03
2.009046507353836887e+03
1.885552980768304451e+03
1.698746685539924329e+03
1.854469113654922239e+03
1.877697929236930577e+03
2.000799641104602642e+03
2.118034067455151217e+03
2.499899262708340302e+03
2.491577554799649079e+03
2.291665482020579475e+03
1.903110366812406937e+03
1.624307401110331512e+03
1.652470786167025835e+03
1.702451928715581289e+03
2.352278256027362659e+03
2.405391690059572738e+03
2.153475809910447424e+03
1.878577257232325564e+03
1.814708264182580706e+03
2.147157342341072308e+03
2.433574378005437666e+03
2.395351574176012036e+03
1.884714534448734412e+03
1.720340529094242584e+03
2.092219850428798509e+03
2.401013432424758321e+03
2.331244323118481589e+03
1.779765326272591892e+03
2.488205278771119993e+03
1.564644123394086819e+03
2.076679576897597599e+03
2.220471973162412269e+03
1.914086507330421455e+03
1.540136555067574136e+03
1.855790437414843154e+03
2.000408070188463398e+03
1.855788654077437741e+03
2.560229370748862948e+03
1.645149587682912170e+03
2.238240941687960913e+03
1.782802343632419479e+03
2.135472330729241548e+03
2.613417583846725393e+03
1.929912145004832610e+03
2.204193564849197628e+03
1.725193021246918534e+03
1.845377160833042581e+03
2.271888632109949413e+03
2.052888206837184953e+03
1.926599864059257470e+03
1.941281485368118865e+03
1.784028582421892224e+03
1.786888133253379010e+03
2.002415711095818551e+03
2.190837888783692961e+03
2.234395743138091348e+03
2.045002588441143189e+03
1.966989545180757887e+03
1.975321081742764363e+03
1.985726348213856909e+03
2.097348276476191586e+03
2.303345717882080862e+03
2.455102096521414751e+03
2.278886658240743145e+03
1.927339501840468756e+03
1.834716360242888641e+03
1.915793526032364753e+03
2.109711237130959034e+03
2.409224890360599602e+03
2.558774557411632031e+03
2.243654067767621200e+03
1.694093899774785086e+03
1.798200439059813107e+03
1.797463965371558288e+03
2.168836864986920773e+03
2.366481634545751604e+03
2.465564152183312672e+03
2.280296302737908263e+03
1.768610289639894972e+03
1.694542648573194811e+03
2.085795015425470410e+03
2.448970716480871943e+03
2.436667979224868759e+03
1.746615813475712230e+03
1.596200617882647521e+03
1.883276842333234754e+03
2.250607013592321891e+03
2.414574017656251726e+03
