1.666009851169958210e+03
1.740511197749044868e+03
2.311666211714749807e+03
2.527909935073095767e+03
1.618902554320860645e+03
1.916857043890742943e+03
2.366684709645839121e+03
2.575477767546776249e+03
1.507854091229975666e+03
1.782756587994816073e+03
2.181344253933399614e+03
2.199094580401795156e+03
1.764482838583359353e+03
1.849097518340040097e+03
2.287096269825904074e+03
2.163267706473394810e+03
1.812325376971045898e+03
2.044896304838068545e+03
2.834395903581684706e+03
1.362445480182424262e+03
2.027112553864041729e+03
2.794985694431302818e+03
1.861494686347968354e+03
1.565391855180923812e+03
2.720539536439855965e+03
2.511668054055012362e+03
1.296976578603899270e+03
2.157432234207033616e+03
2.348213857607163391e+03
1.221963158340922746e+03
2.251803752259364046e+03
2.366168840563718732e+03
1.620486956490929060e+03
1.831633455278241627e+03
2.842642544640927099e+03
1.446268382256975883e+03
1.738647710855148944e+03
2.114553875442766184e+03
2.143013582994327862e+03
2.724781777150122252e+03
6.180799883260976912e+02
1.785812001414174347e+03
2.053292053609351115e+03
1.435617337206361526e+03
2.102069467351461753e+03
2.554110130077093800e+03
2.287152703731595466e+03
1.939718544591620230e+03
1.958290786903456592e+03
2.332567175582798882e+03
2.554623010241660268e+03
2.329718927611338131e+03
1.585073370331460410e+03
1.906488967898362716e+03
2.592237559393123320e+03
1.816402627642273501e+03
1.171857317122861787e+03
2.648668598412675237e+03
2.514718425150780604e+03
1.756712109572729332e+03
1.746628208186003121e+03
2.178726111043494257e+03
2.678811571775048378e+03
1.036075118190957710e+03
1.941544694348303437e+03
2.415284055836844345e+03
2.647730011658137300e+03
2.498600673573293989e+03
8.137156404123509219e+02
2.273190482660001635e+03
2.775232367702210468e+03
1.409996209392437095e+03
1.501963615053596868e+03
2.575749951475153011e+03
2.658756029691807271e+03
1.059086090383211058e+03
2.195923109093943367e+03
2.401232023206057420e+03
2.459587505241278450e+03
2.372960918880360623e+03
2.265861280758052544e+03
1.214273691663403270e+03
2.071128071767564961e+03
2.497376859277000676e+03
1.990336165862633607e+03
1.809725144813726274e+03
1.878649619787320717e+03
2.592582709331440583e+03
2.527778470853887484e+03
2.014444113049968792e+03
1.565421153904987477e+03
2.224245299217725915e+03
2.830920371754451025e+03
2.194349287760820971e+03
1.307976004172379135e+03
1.804969398988602734e+03
2.711163440236460247e+03
2.501921814881025057e+03
2.128902973753367860e+03
6.062202648682695099e+02
2.292228241305153460e+03
3.673097671849613562e+03
6.390351918137048415e+02
4.424277666872644659e+02
1.800290272421479131e+03
1.536239142708132022e+03
2.277345711355729691e+03
1.566268255049937352e+03
2.005958798011394038e+03
2.458113958463110521e+03
1.813748006057616294e+03
1.902023815385688749e+03
1.992248414845469142e+03
2.325131244504164897e+03
2.111722806801656134e+03
1.462204107343279020e+03
2.281003664239930458e+03
2.480006763536651761e+03
5.295206852130128254e+02
1.215152003786787645e+03
3.418421504289479799e+03
3.275928225197724714e+03
2.627619624836252115e+03
1.530681109709557404e+03
2.056806678721527078e+03
2.647144197280696062e+03
2.008987757195097174e+03
1.555789248364355672e+03
2.088504857718439780e+03
2.562548201412613253e+03
1.569139670641023486e+03
2.040931458306024069e+03
2.434754726527914954e+03
2.379602297565509616e+03
1.772045777235534160e+03
1.618826458562150719e+03
1.891137977802606201e+03
2.326626336151889973e+03
2.043712073958809015e+03
1.395579825809960539e+03
2.485990063533655302e+03
1.654947960490834475e+03
2.150917883777099178e+03
2.330789385157475863e+03
1.815516239057717030e+03
1.962151720293209337e+03
2.544740035457395606e+03
1.951806381592982007e+03
1.678744076493713919e+03
1.931401788184694169e+03
2.185737127722516561e+03
2.244340438684003857e+03
1.646928962687736430e+03
2.068446515024227210e+03
2.266661207137258316e+03
1.855191727489321693e+03
1.791939033012597974e+03
2.320379834704876430e+03
2.221437943331012320e+03
1.924768654197252317e+03
1.700997148467849911e+03
2.753287899351208580e+03
2.277234928890226911e+03
2.435938014204877618e+03
1.955374831562494592e+03
1.211924714208337036e+03
1.421075180631684589e+03
2.313493869215433733e+03
2.375169938662630102e+03
2.227652017959234854e+03
1.713307708025746706e+03
1.495733530855911567e+03
2.105515669354052534e+03
2.671739199303337955e+03
2.528760856143481305e+03
1.903552192531127048e+03
1.694772426114329846e+03
1.668190000732736053e+03
2.183254201541458769e+03
2.627649373397703584e+03
2.266592888623517865e+03
8.364520894574598060e+02
2.059076081550575054e+03
2.480690717740383207e+03
2.508351350503775393e+03
1.917240820382970014e+03
1.792529338470171751e+03
1.634162987054114410e+03
2.463496310056785660e+03
2.160578558790963143e+03
1.630379607051600942e+03
1.630622160628090342e+03
2.154689760277733967e+03
2.555508742619314944e+03
2.625377482279199739e+03
1.513141697042143505e+03
1.553054577705477413e+03
1.899196045798316391e+03
2.738650399949558960e+03
1.289715711833706109e+03
1.780824288661416631e+03
2.372384706399448987e+03
2.380559380115790646e+03
1.690958954946996300e+03
1.951703713061282542e+03
1.753306274044549355e+03
2.134275187539154558e+03
2.448641930418400534e+03
1.908664688271008345e+03
1.292495254666253231e+03
2.516282825182751822e+03
1.809595139539117326e+03
1.963435850772774756e+03
1.925697744056152715e+03
2.197341179656348686e+03
2.538310329850014568e+03
2.563934841164832505e+03
1.393770429470394220e+03
1.977170575862522128e+03
2.635033153607226268e+03
2.050368850975661189e+03
1.296231051212958619e+03
2.925715635314076735e+03
2.206852665222015730e+03
2.582165213490536644e+03
3.545613040324027679e+03
9.621048402088472358e+02
2.331479862344074263e+03
1.008355502935305140e+03
1.101778878624186973e+03
2.364034801051501745e+03
1.553380933988359402e+03
1.743297664772414691e+03
2.382699662207468918e+03
1.691187452729452843e+03
2.133822701178027728e+03
2.389665866556818855e+03
1.812692354496142798e+03
2.013256577330194659e+03
2.158879318148196489e+03
2.130218781466314340e+03
1.621759050007693077e+03
2.341677677066571960e+03
2.327242044694782180e+03
8.366378511589894629e+01
2.458161835960319877e+03
2.767389481578045434e+03
2.208206529241239423e+03
1.954515029336954967e+03
2.767306723579346908e+03
1.764502401246284535e+03
1.858248101921487660e+03
2.441573396734800554e+03
2.358925366378649869e+03
1.933976708277746184e+03
1.566734168402248315e+03
2.455591970118144673e+03
1.941250041162498519e+03
1.702275697263704387e+03
2.122793912125117913e+03
2.468414738229045724e+03
2.013131925831753733e+03
1.420230825370942284e+03
1.989080779213764117e+03
2.488587725973188753e+03
1.451277398912092167e+03
1.505555757885541198e+03
2.659011484768092942e+03
2.544296506295913787e+03
2.030490759123475982e+03
1.492352572467081245e+03
2.799041908212300314e+03
2.466663440937842097e+03
1.760933826907165894e+03
1.483934909236655130e+03
2.599901777745512391e+03
2.775547781600205326e+03
1.312895360374574466e+03
1.555444289537258555e+03
2.816130622807249893e+03
2.643752004858951750e+03
1.117400745619097279e+03
1.861433649205663642e+03
2.900148890704465430e+03
