1.719122119395361551e+03
1.709918584754186668e+03
2.087329948863537538e+03
1.522604226385995162e+03
2.433685251045390942e+03
2.434590119235145266e+03
2.427229560312128797e+03
2.263106250982953043e+03
1.853833240992815035e+03
1.887938252472183876e+03
1.696219196352046765e+03
2.581961407188170142e+03
1.413474802214602278e+03
2.075962066152595980e+03
2.226820563070571552e+03
2.406726742899870715e+03
2.311648756953189604e+03
3.246257730638604357e+02
2.426979226187095264e+03
2.753385456920175329e+03
2.480064118503888039e+03
1.941648682609594061e+03
1.880765540249751439e+03
2.118647593984203922e+03
2.385632956275648667e+03
2.253517056327527371e+03
1.840044588935737693e+03
1.703650017718483241e+03
2.530251262691574084e+03
2.476286456776266732e+03
1.889453437110812047e+03
1.344811058149754672e+03
2.042695345656715062e+03
2.731661232497449873e+03
2.028594218653272264e+03
1.072364604746379655e+03
2.548672245141820895e+03
2.875263164629083349e+03
2.147679304565527673e+03
1.615742538732670482e+03
8.853270819438022272e+02
2.808910917897115269e+03
1.361210614015986948e+03
2.080951439704453605e+03
2.705038342892018136e+03
2.574836606370696700e+03
2.518647821256678071e+03
2.073445861654029613e+03
1.296156287608319644e+03
1.458088614167663764e+03
2.078915596298220862e+03
2.375960493364177637e+03
1.858718549816555878e+03
1.489868412144968488e+03
2.350539402455280197e+03
2.720523049880792769e+03
1.293490901743623908e+03
2.228474448266519175e+03
2.427351672982583750e+03
2.659476167241706207e+03
1.146054317520755376e+03
2.168167261497068466e+03
2.276786787218631616e+03
2.070172244547480204e+03
1.876631334713240904e+03
1.721263554740116660e+03
2.107029979769707552e+03
2.512288952402184350e+03
2.643776499392296046e+03
1.810612262168171355e+03
1.767714589241673366e+03
1.354315026226743612e+03
1.633742623599049011e+03
1.793186628727600919e+03
2.264751501888290022e+03
2.393415988941595970e+03
2.276489795228516414e+03
2.268664460383611640e+03
1.807811039127057484e+03
1.882602766935325235e+03
1.682979669051099108e+03
1.613589143732790262e+03
1.710849516920319502e+03
2.451789663788284088e+03
1.712007873578567796e+03
1.844122130025412844e+03
2.437652482835829687e+03
2.650257940389690702e+03
2.106540343404569285e+03
1.379864626856200175e+03
2.634512046468629251e+03
2.488260183525481352e+03
2.235875615586527147e+03
1.593130136560524306e+03
1.724612247072723221e+03
1.887352036196160498e+03
2.185140536047602382e+03
1.153652242891950891e+03
5.856834347735107258e+02
1.579129059461107772e+03
4.098806558701689937e+03
2.265594235225378725e+03
3.097520192919856981e+03
3.527183384500089232e+03
6.076417028503220763e+02
2.607523753007323648e+03
1.883066556551962094e+03
2.620490174776324693e+03
2.069126890604200526e+03
1.689035502658119412e+03
1.877699013882176587e+03
2.622560246731125517e+03
1.561966487590340193e+03
1.789046670766960005e+03
2.234585056327367511e+03
2.351015732911778741e+03
2.468065857537238571e+03
2.046427699810264130e+03
2.282774254859007215e+03
2.523594936923424029e+03
2.123605062012900817e+03
2.116094636278077814e+03
2.035631215697483185e+03
1.904578081200104862e+03
1.968960936813405624e+03
1.738774472867542499e+03
2.077551236952265299e+03
2.049139732993905000e+03
2.046326596350685122e+03
2.088518319456159134e+03
1.685308485600355425e+03
1.962741411449316502e+03
2.185146197577996190e+03
2.112309060884347673e+03
1.303044271362644395e+03
2.102399190038160668e+03
2.851642194697223658e+03
3.008255803537482279e+03
6.919013729005921505e+02
1.531645690331862625e+03
1.766143839669646468e+03
2.287955243291693023e+03
2.279763891750103085e+03
2.502067753227873254e+03
2.285196256062029533e+03
1.684702505031119927e+03
1.526226346575940852e+03
1.935335305259558254e+03
2.406146427547925214e+03
2.252014882567616496e+03
1.203016574497702777e+03
2.573002778109788323e+03
2.739678921522101518e+03
2.398790662238344794e+03
1.919611366041229076e+03
1.533143331062731022e+03
1.406230501681794749e+03
1.798757371345749107e+03
2.183959685556514160e+03
2.428260397889736851e+03
2.230260514448434151e+03
2.064971655564526372e+03
1.615502278561814592e+03
2.069407813409864502e+03
2.156302518682530717e+03
1.878049607070984621e+03
1.987454332411509995e+03
2.567057216483361572e+03
2.476265708396259015e+03
2.086556123709872281e+03
1.268578017387219006e+03
1.865316257912425954e+03
2.494839312929783773e+03
1.983977284690347233e+03
1.754365496116576878e+03
2.202331248560760287e+03
3.205936869533531535e+03
1.604725496717111582e+03
1.529745490616007146e+03
1.826541828636554101e+03
1.973535801819190738e+03
2.428215435102307765e+03
1.082174369702522199e+03
1.561733641319020762e+03
1.886100761217232503e+03
2.186965928134035948e+03
2.561523581595855376e+03
2.291848449247614553e+03
2.327800237462337918e+03
1.854834549185318565e+03
1.613960455740016641e+03
1.738155511812133454e+03
1.920444884227385955e+03
2.110221255545333861e+03
2.194881607669473397e+03
2.449452987323111302e+03
2.126468104984272941e+03
1.833499938802774977e+03
1.655741572552758271e+03
1.689137668769443735e+03
1.870139197276724417e+03
2.106917952386324032e+03
2.256896418822772375e+03
2.354953615152635393e+03
2.597512754632935412e+03
2.252179070869568477e+03
1.057003099942181734e+03
2.681858003595417813e+03
2.371533549007278907e+03
2.429683654670448959e+03
2.012379111608863695e+03
1.789210374836898154e+03
1.672989888634854196e+03
1.432031928649468909e+03
1.620185125347455369e+03
1.742877397569424829e+03
2.757156990250887247e+03
1.151945182735948947e+03
1.874936812231481554e+03
2.562274498479767317e+03
2.388705707638000604e+03
2.348418593225749191e+03
1.906954254898784029e+03
1.335665095011509720e+03
1.176542487536642057e+03
2.147710475935598424e+03
3.549124906269746589e+03
-2.163017584672845999e+02
2.937220374839572287e+03
3.337673336880571696e+03
3.616645778134923603e+03
1.905557989098979306e+03
2.190255741772004967e+03
2.025956483918715776e+03
2.241215388946796338e+03
1.811098889673174654e+03
2.148575208753555671e+03
2.248272097780154581e+03
2.380402710241198292e+03
1.690524050831938666e+03
2.127075048663337839e+03
1.732764709012573576e+03
1.786366044724863286e+03
1.690997250299634288e+03
2.067937318917877747e+03
2.426819501514706189e+03
2.250462853470921800e+03
1.894369317955540737e+03
1.674334895144233087e+03
1.797876779526980044e+03
1.717216895350616369e+03
2.097740305193052791e+03
2.348402969705857686e+03
2.338201677208264300e+03
1.947517967364095284e+03
1.611932375689475975e+03
2.232408806010073022e+03
1.902225794964281476e+03
1.747052285675247049e+03
1.985648533843916312e+03
2.222695077231328469e+03
2.503591665457500767e+03
2.790787255328024912e+03
2.136838743205569244e+03
1.544560956870665905e+03
1.554380604065849411e+03
1.912381534022762025e+03
2.319953671199615655e+03
1.609777343375990995e+03
1.760276472981600818e+03
1.622580470274162735e+03
1.628480679867996287e+03
2.577758658709982683e+03
2.586685607159158735e+03
2.004322528262270680e+03
1.615017134134265461e+03
1.755571573022461735e+03
1.903554187263890526e+03
2.384217855212007180e+03
2.492654427668301651e+03
1.690675814552430666e+03
1.740095930388401712e+03
1.762796179332240854e+03
1.964100262421012530e+03
