1.433737727848129452e+03
2.270735346906789800e+03
1.449603033877498092e+03
2.029239431296698058e+03
2.301998288450849032e+03
2.453461279938424923e+03
1.543310581510659404e+03
2.428017441020776459e+03
2.590985771583671976e+03
1.449245637311469864e+03
2.505299422098416017e+03
1.769053855217281580e+03
1.860189463473918295e+03
1.995845998009172718e+03
2.128886682742570883e+03
1.737229322363336678e+03
1.894569189009975162e+03
2.187919886294842854e+03
1.608540735042960478e+03
1.876289482698347001e+03
2.527112374721598826e+03
1.495687762070381950e+03
2.028207647147477928e+03
2.228472505135747724e+03
1.850719704747943297e+03
1.780871820000048956e+03
1.734975693977000219e+03
2.371742737277331344e+03
2.309746548013249594e+03
1.378732865883548129e+03
2.474268741639301425e+03
2.150226578646258531e+03
1.940635444417929875e+03
1.734659350125755282e+03
2.481877800812456371e+03
1.874914990096787960e+03
1.764213135244137447e+03
2.567201226856744597e+03
2.261767785816036849e+03
1.883053463691225943e+03
1.563559503849175144e+03
2.895935283819788765e+03
1.964093637592963887e+03
1.960711568470270777e+03
1.806421133851489913e+03
2.564740323260612513e+03
2.118194781188706202e+03
1.804235163903914781e+03
1.726758567764079999e+03
2.511516773779598225e+03
2.191906319808791977e+03
2.251137280685827136e+03
1.403251141750193028e+03
3.256916454370552856e+03
1.630161276703909152e+03
2.132024122876187903e+03
1.407938591804980661e+03
2.279385141791299702e+03
2.425747814554803426e+03
1.614526819601550642e+03
2.144321684584069772e+03
2.248544192236643539e+03
2.223437041897598647e+03
1.711410575137808792e+03
2.100290657558701241e+03
2.083285343529481906e+03
2.234124574577578187e+03
2.262407331489459921e+03
2.122208241414249642e+03
1.821795246461876332e+03
1.763842121453496929e+03
1.847724071537814552e+03
2.069462467947520963e+03
2.435543891955745039e+03
2.380191563075982231e+03
1.987748702549235077e+03
2.005677308232015093e+03
9.954303950542570192e+02
2.993929050302088399e+03
2.513308400974946835e+03
2.486078988043376739e+03
7.778817016290092852e+02
2.425216164423917689e+03
2.143400371927555170e+03
2.593057363642284599e+03
2.290669751719944543e+03
2.323548435283575600e+03
2.749650265145911817e+03
1.414795870114330455e+03
1.717956015391249366e+03
1.635593909198684059e+03
2.014720346111346089e+03
2.165147816698318366e+03
2.225877786008309158e+03
2.285728274227613838e+03
2.240716668732355629e+03
2.096810110151347999e+03
2.362815399699067711e+03
1.316784929262295691e+03
2.505696286245763076e+03
2.407375288441511657e+03
3.519087803449520379e+03
4.599079002901082447e+01
3.359127954786571081e+03
2.018481189649086900e+03
1.175192983768827446e+02
3.597995604253006150e+03
3.093998527318985907e+02
3.861913628995038380e+03
1.245218521099552390e+03
-3.800028395445401941e+01
2.756269706489114924e+03
1.519705888008872080e+03
3.209370459225162904e+03
1.748137517468894885e+03
1.518166873961527244e+03
2.688905039126807878e+03
1.210127637020856810e+03
1.496113217625114657e+03
1.759111973826975600e+03
2.241423723056681865e+03
2.182268941970420656e+03
1.987123594588174456e+03
2.249313291609760654e+03
1.932413812932437622e+03
2.102713486047137394e+03
2.075526483525798540e+03
1.870248721806266076e+03
2.179931775373014261e+03
2.245438183501370986e+03
1.839775586936268837e+03
2.416439882404584750e+03
2.354386917264358544e+03
2.519658467263984676e+03
1.479400392230138550e+03
2.557062052692733687e+03
1.657120266898661612e+03
1.705076976479528867e+03
2.318919356348093970e+03
2.223182628666610071e+03
2.224885317973082692e+03
2.461950538097514709e+03
9.796570322441070857e+02
2.243211036211652754e+03
2.451340747554441350e+03
1.214017170937439232e+03
2.611808170534384772e+03
2.292175904935949802e+03
1.415971472653186765e+03
2.687590501059941744e+03
2.568679473881609738e+03
2.543623738144751769e+03
2.292322259909141394e+03
2.087700058971692215e+03
2.006992938632860614e+03
1.397219695419064692e+03
2.836140338410341883e+03
1.421404650524149019e+03
1.820703795775766366e+03
2.435030809701594990e+03
1.515549607678540951e+03
1.280507461652185384e+03
2.064758204820807350e+03
2.060040551593313921e+03
2.194893325089000427e+03
2.095690814397361009e+03
1.789417110138063663e+03
1.611435500660124717e+03
2.857007860325717502e+03
1.899784543724430932e+03
1.697270335949632226e+03
1.628758738266399405e+03
3.064558529902341888e+03
1.888167597472759553e+03
2.164101968139249493e+03
1.845202523139805862e+03
1.535710347355226304e+03
2.749841149761247380e+03
2.307058887932249490e+03
2.965932400554292144e+03
7.772723745664451371e+02
2.284838326032161604e+03
2.642693916031875233e+03
1.415924347896105701e+03
2.269521415733030153e+03
2.390383464040294712e+03
2.223363052064475596e+03
1.913316882369542100e+03
1.924301994754008774e+03
1.829654436972952453e+03
2.183100066479836187e+03
2.084456073647135781e+03
1.731470674509426544e+03
1.792070074205316132e+03
1.846895482179484134e+03
2.233082814735651482e+03
2.231596888369762382e+03
2.197368294845614400e+03
1.814324608998329495e+03
1.705571115599200766e+03
1.732705193689909493e+03
1.807731791523376160e+03
2.152882103131913027e+03
2.473940993612414331e+03
1.180116101704954417e+03
2.494770673215418810e+03
2.121541625538790868e+03
1.967771657247354824e+03
1.507024296272116771e+03
2.109360669091540785e+03
2.401237414047130187e+03
2.385109508256318350e+03
2.513652673569389663e+03
1.414040376385024047e+03
2.305338641965677652e+03
2.403882271393184055e+03
2.334633229650746216e+03
1.359981116043440579e+03
2.479920613657649483e+03
2.542955405717215854e+03
1.360027178423427131e+03
2.375607705059538148e+03
2.522392946105014289e+03
2.187322065092705543e+03
1.494482192341473592e+03
2.956409500092980579e+03
1.546874013276480582e+03
1.372836008521262102e+03
3.903052875296533784e+03
1.653446715900455274e+03
1.833529009356619326e+03
1.801432185002902997e+03
2.061970928815330808e+03
1.801957388214315188e+03
1.765295942881847623e+03
1.686582106299040561e+03
1.965912127450404569e+03
2.082474499332493906e+03
1.860691111653164853e+03
1.630535380731309033e+03
2.888898744578236347e+03
2.060801159082754111e+03
2.082731187100142506e+03
2.026964773041577928e+03
9.567001168162069007e+02
1.940308086366645739e+03
2.449929656935176808e+03
1.845124218612407276e+03
2.552770046475723120e+03
2.413480832594786079e+03
1.579646960869542681e+03
2.030895059815674131e+03
1.888637726390941225e+03
2.204434003265052525e+03
2.297889798015062297e+03
1.441275095827201312e+03
2.075639449664733093e+03
2.091717542424401927e+03
1.563764419925484617e+03
1.920478577819203110e+03
1.651828057786085992e+03
2.550963652684423778e+03
1.905225312673708004e+03
2.085396898698768382e+03
1.615932174714361963e+03
1.836778062639167274e+03
2.342404365986250923e+03
1.815691689015643306e+03
1.674193155670053329e+03
2.515598080087875132e+03
1.804535309512542881e+03
1.589828409545628347e+03
1.724048763878642148e+03
2.009536012890877373e+03
1.455755696306079699e+03
2.295177962032068535e+03
2.544264395837658412e+03
1.575429675610222148e+03
2.203205827154227791e+03
2.278861062511138243e+03
2.431420284026981790e+03
1.406912714898840932e+03
2.127398013621552764e+03
2.285878634811786469e+03
