2.602873405535014172e+03
2.586315535893128526e+03
1.908037576433536742e+03
1.521049632869160860e+03
1.566461035092693919e+03
2.116739637414490062e+03
2.369019393382851831e+03
2.403867063548460919e+03
1.780226322251699230e+03
1.643204533052181432e+03
1.828642471923521043e+03
2.215784416726553900e+03
2.254482721653308545e+03
2.131869227947420768e+03
1.972570278834768487e+03
1.905658524970340750e+03
1.853151354990289974e+03
1.910255463264103810e+03
2.136951472049373024e+03
2.276473992569825896e+03
2.230309787709623379e+03
1.975239397150918194e+03
1.754768846239653840e+03
1.842884302941149826e+03
2.080486196840330649e+03
2.349728522890587556e+03
2.404690133842801060e+03
2.158731938932547109e+03
1.903214910145933345e+03
1.737872585462740972e+03
1.802832757135189468e+03
2.076041825890975815e+03
2.404803852665440900e+03
2.492506564086825620e+03
2.108189157302373133e+03
1.744222911315082683e+03
1.697862506095781100e+03
1.789433644328005357e+03
1.924116988281327167e+03
1.894336404065205670e+03
2.036208893219094989e+03
2.231223952876799558e+03
2.307050369893548122e+03
2.263061142531312271e+03
2.163334489026310166e+03
2.099967170202684429e+03
1.935607987742528621e+03
1.799652661136421784e+03
1.819267939592066796e+03
1.973560672165235928e+03
2.216684123948869455e+03
2.355761201325341062e+03
2.317063652514034857e+03
2.092839327075063466e+03
1.854982851626879892e+03
1.749321899499332403e+03
1.890690126705406101e+03
2.047117143631340468e+03
2.198821346008465753e+03
2.362672700975966109e+03
2.263365541789627059e+03
1.767114501302014105e+03
1.620520671639090097e+03
1.936988882784227144e+03
2.359652143193137817e+03
2.608152265700781754e+03
2.313423093699176206e+03
1.740194848191963729e+03
1.537333231463617039e+03
1.657455969234150643e+03
1.877594892637919884e+03
2.171081171926471143e+03
2.203893270850823228e+03
2.373603204158044718e+03
2.136074424659117540e+03
1.638088640321610228e+03
1.628947466480194862e+03
2.066691297876825047e+03
2.242217836121004893e+03
2.379742791219956416e+03
2.026464770036406890e+03
1.894109235602965327e+03
2.044738481584965257e+03
2.124056423982357956e+03
2.262702325161950284e+03
2.321627940274736829e+03
2.217531769262589478e+03
1.867325471895591363e+03
1.715705948134944947e+03
1.907184109915323688e+03
2.194537931128319997e+03
2.368891813118536447e+03
2.453828122369318407e+03
2.362936314200624565e+03
2.110979372300741488e+03
1.779980073262375072e+03
1.608830803216758795e+03
1.785051379597760160e+03
2.135692514886570734e+03
2.420630704113527827e+03
2.502181858460826788e+03
1.676567529760443904e+03
2.454100055718013664e+03
1.308643192454944483e+03
1.515021169947088538e+03
1.720818839588066112e+03
2.041885854812177513e+03
2.633962571825865780e+03
2.412034619500750068e+03
2.096002341892294680e+03
2.003952630554434108e+03
1.411581767717304274e+03
2.187258757012237766e+03
1.903938355923282415e+03
2.219958986003766313e+03
2.137387843685461576e+03
2.229484713963402555e+03
1.854714896578286925e+03
1.799169585422998352e+03
1.658381262588256959e+03
1.439036768980821762e+03
2.410929478940377066e+03
2.462428885861979779e+03
2.169217841169502663e+03
1.822467608087497865e+03
1.936415462007236556e+03
1.971419154299603179e+03
1.985961240994325863e+03
2.001440331678973052e+03
2.011645018565712462e+03
2.015405702577681268e+03
1.698276774740552582e+03
1.813706863261452554e+03
2.141333848311723159e+03
2.476062516929056983e+03
2.074899437146339551e+03
1.608914186483065123e+03
1.773426633513791785e+03
2.186509759725821823e+03
2.558886155200973917e+03
2.315132625539870787e+03
1.794601891634257299e+03
1.678517269747237606e+03
1.791340926704408275e+03
1.816471281343964392e+03
1.755988729069402325e+03
1.696043292074669125e+03
2.101057636274762444e+03
2.442834953954868070e+03
1.946642573533539007e+03
1.525916779217518979e+03
1.982381971577060312e+03
2.517627364532970660e+03
2.137462533244752649e+03
1.645210876357010648e+03
1.735791699128242726e+03
2.102727437269872098e+03
2.336493836078924232e+03
2.319976851504210572e+03
1.992924333780832740e+03
1.720699105019274157e+03
1.691415819901754503e+03
1.985194050578713359e+03
2.274175284999183077e+03
2.289777088237080989e+03
2.007453837521075229e+03
1.872485306872410320e+03
1.851925377927965883e+03
1.901982377280329047e+03
1.988993441755950471e+03
2.119725954031597212e+03
2.279571115614804967e+03
2.531337410742754400e+03
2.351708409638509693e+03
2.073374698923940741e+03
1.825374588331241966e+03
1.843700683066633019e+03
2.064324130262118160e+03
2.349607737290363730e+03
2.430392746718681337e+03
2.226032265844230551e+03
1.847610551605140927e+03
1.780085725974978459e+03
1.600288600305757200e+03
1.786479394397405940e+03
1.910338124500401591e+03
1.990751128299893026e+03
2.190852561049298401e+03
2.236654791588576245e+03
2.043570698354262504e+03
1.817700844005576073e+03
1.752274551756027449e+03
1.929597663608274843e+03
2.259862756696606994e+03
2.531117931401922760e+03
2.326983753644564786e+03
1.881866970766503528e+03
1.692866544335539629e+03
1.701091516476539027e+03
1.966886537722122284e+03
2.145668767447630671e+03
2.327779416024565307e+03
2.373967180786936296e+03
1.775330086234062492e+03
1.499153748352455523e+03
1.968509114166323116e+03
2.528133740862980630e+03
2.644354506923301415e+03
1.946767204144231755e+03
1.427536566479609064e+03
1.750056809269813812e+03
2.043040546769653474e+03
2.303608117211776971e+03
2.169219723223372966e+03
2.150399710956565741e+03
2.184620578006555206e+03
2.222045130197050185e+03
2.274746337064906129e+03
1.987583735732021296e+03
1.708470992178178676e+03
1.660724425181972720e+03
2.244947884904595867e+03
2.541607747802290305e+03
1.818157867699222606e+03
1.709667385724117139e+03
1.796938228457005380e+03
1.907661453555602975e+03
2.346142150669962120e+03
2.161109971650158968e+03
2.154461794275915508e+03
2.274014410515331292e+03
1.644765906253936691e+03
1.825345075311486653e+03
1.915374849025348567e+03
2.148443936103594297e+03
2.528854503647620731e+03
1.940562752480432209e+03
1.948213703564921389e+03
1.841291012665266862e+03
2.054302136630856694e+03
2.268177014395633250e+03
2.231961620200551351e+03
2.273711457549019542e+03
1.903995492685183990e+03
1.952007723751633648e+03
1.478077270426496852e+03
1.964106933054828005e+03
2.473460554904952915e+03
2.526107700040983673e+03
1.997292809513906604e+03
1.768330778980541709e+03
1.760499213473971395e+03
1.768291165429631747e+03
1.857162674048858889e+03
1.908808337958958191e+03
2.078161316412971246e+03
2.190432126403048642e+03
2.226720347816752565e+03
2.238389962299556373e+03
2.320667864675649071e+03
2.292901736106061435e+03
2.038906363803266458e+03
1.765202656640782379e+03
1.684012827012119715e+03
1.728607719244270584e+03
1.832337501392724107e+03
2.004290877671231556e+03
2.235821936507510145e+03
2.478292363828698399e+03
2.547011725334773928e+03
2.283778678465867415e+03
2.072921073781761606e+03
1.785649077084950704e+03
1.498598307400307021e+03
1.592234394500368353e+03
1.795984643439656338e+03
2.103702382348678839e+03
2.258475465830248140e+03
2.248072442852943368e+03
2.033586998821959696e+03
1.670983973530171397e+03
1.695429085321160983e+03
1.969384547243486850e+03
2.122001049883289852e+03
