2.490347147127284188e+03
2.443453039868021733e+03
2.095602153203739363e+03
1.582822060555289454e+03
1.768128498934396475e+03
1.647813796964324865e+03
2.003197278698767150e+03
1.830347751588675919e+03
2.208231295724782285e+03
2.276470354421233878e+03
2.354554410444830410e+03
2.273864768151539465e+03
1.940658933880599079e+03
2.264763650887327003e+03
2.287361733291594192e+03
2.202229314423553660e+03
1.869871194310004967e+03
1.649860197767048930e+03
2.144913917803059121e+03
2.150331366639899898e+03
2.806263663730783719e+03
2.280129636047667645e+03
2.172978130000668443e+03
1.838469332747202770e+03
1.347392950461910914e+03
1.637648610141517111e+03
1.562925225595467282e+03
2.034093229957681388e+03
2.216112104298395479e+03
2.534880741352536916e+03
2.351283856141758406e+03
1.775015420800990341e+03
1.904511586971937504e+03
1.477669565663918547e+03
1.826525825926918969e+03
2.020694958090797854e+03
2.221743272605375751e+03
2.460156675679116233e+03
1.817139362671469826e+03
1.757678282060701122e+03
1.809637786374689540e+03
2.159278442625652588e+03
2.513939828642720840e+03
2.221418125053200583e+03
2.254323653576592733e+03
1.975442962414757403e+03
1.968207132291021708e+03
1.759003157864513469e+03
1.671620418651614045e+03
1.991895897674723528e+03
1.821912337213698265e+03
2.190715042222080228e+03
2.299573223007887464e+03
2.481165237935434106e+03
2.336034739714365060e+03
1.868167402881939097e+03
1.434071949235345983e+03
1.633369662750563975e+03
2.012888670257471858e+03
2.380318877085821441e+03
2.620792307748514759e+03
1.949336409039926821e+03
1.636024234076157654e+03
1.663713125316845435e+03
1.821554515748051472e+03
2.302880603503430848e+03
2.188445125476548583e+03
2.278935610928618644e+03
2.143824786586370010e+03
2.107717224189339959e+03
2.102129098623167465e+03
1.975347830435193146e+03
2.067602039521896586e+03
1.739886625172131289e+03
1.894274351385205819e+03
2.089873562044893333e+03
2.195797958173970983e+03
2.526844673851136577e+03
2.067594256293612489e+03
2.155700036876407012e+03
1.644066426382385544e+03
1.838934426854260437e+03
1.825465535063820425e+03
1.509323020099753876e+03
1.776761403524293428e+03
1.533697817822078832e+03
2.099828893268133470e+03
2.034792552412092164e+03
2.149003294919623841e+03
2.336418678986067334e+03
2.266025080576370328e+03
2.520950931780633255e+03
2.335185803347447745e+03
2.573592295216503317e+03
2.126361851849709637e+03
1.899044490624431091e+03
1.866694497792918355e+03
1.565788564971441701e+03
2.267770715741532513e+03
1.500707662562297173e+03
2.707312997265518334e+03
1.653190777262887195e+03
2.389893970228411490e+03
2.018027739344790461e+03
1.521421774554779631e+03
2.958727237124305702e+03
1.310315899487257639e+03
2.459304586255543200e+03
2.120310407291026422e+03
1.319285493605118063e+03
2.918235400992925406e+03
1.477880434034299242e+03
2.383494739046146606e+03
1.753330672491223368e+03
2.333981038874153910e+03
1.980756398405042773e+03
1.733179017821668140e+03
2.188778228385908733e+03
1.742835116026476499e+03
1.867928755182763780e+03
2.194887090890679247e+03
2.125432407348655488e+03
2.108317457247504990e+03
1.987330742654918595e+03
2.090660757693201049e+03
1.911244497215819592e+03
2.172094580094939829e+03
2.276116841380530332e+03
2.057013149737131243e+03
2.023298965902458121e+03
1.671072692208163062e+03
1.809961000529033527e+03
1.551131397874349204e+03
2.113887044263691678e+03
2.265462037157074519e+03
2.082791184139532561e+03
2.307743004056415430e+03
2.101526288451981600e+03
2.720605221829708171e+03
2.264917847937459555e+03
1.974990218314314689e+03
1.626571992508417907e+03
1.449123634319865232e+03
2.024773088537476497e+03
2.283269775826197929e+03
2.757888107875220157e+03
1.906456445257511859e+03
1.649836365131698130e+03
1.707785792081991076e+03
1.954819883256652474e+03
2.607768090350920829e+03
2.287051261465231619e+03
2.348656131308325712e+03
1.700916095222771673e+03
1.722962125880314943e+03
1.857409281417678358e+03
1.916961925936764146e+03
2.279470027027523884e+03
2.153297740433683430e+03
2.261953127746154223e+03
2.161506236062924017e+03
2.216664360363186461e+03
2.210575530841506861e+03
1.971194601732617912e+03
2.138919907656355008e+03
1.781511589041058414e+03
1.976395427292309250e+03
1.613166807565862655e+03
1.464799866652808305e+03
1.977608473297332011e+03
1.996180573595905571e+03
2.798071710975370479e+03
2.152309509816895570e+03
2.448438393948712928e+03
2.242101792416556691e+03
2.183303794822732470e+03
2.137844003642876942e+03
1.644536334924845050e+03
1.887730344073920605e+03
1.862990447469570199e+03
1.736222932087541039e+03
1.596363943327731477e+03
1.750683019085337037e+03
2.438558017823796945e+03
2.467065019314672099e+03
2.581529507874442515e+03
1.652209107018851910e+03
1.575767770189327166e+03
1.779615476810409746e+03
1.638970188251342051e+03
2.254553895886127975e+03
2.194692857080281556e+03
2.497996696654549396e+03
2.136882243731683047e+03
1.922491656747170055e+03
1.771933535268927471e+03
1.723703498086758373e+03
2.033299959162928872e+03
1.983625197571680474e+03
2.174982673487120792e+03
2.130466344736130395e+03
2.251687570597929152e+03
2.538534379909699055e+03
2.031520928467185513e+03
2.042482753385020942e+03
1.765973262979752462e+03
1.882768628475537071e+03
1.866867049904635905e+03
1.977631995868265903e+03
2.296780604500007939e+03
2.177871823211716219e+03
2.221371116402167900e+03
1.711983976996207048e+03
1.814079266603596352e+03
1.997141254161371535e+03
2.075249163975328884e+03
2.448324665373077096e+03
2.286919103361716680e+03
2.303048683679563965e+03
2.255825618244315137e+03
1.858641571226332417e+03
1.504099815073310310e+03
1.568044972374613280e+03
2.332379471201888464e+03
2.176976853331631446e+03
2.265555156975476621e+03
1.892118546762369533e+03
2.219295805399291112e+03
4.322880008682670336e+02
2.886396324702066522e+03
2.667442314811993128e+03
3.720463090795954599e+02
3.472226451973549047e+03
9.732383015845255159e+02
3.206193652980135539e+03
1.777931852731122490e+03
1.266336179488363086e+03
3.227094079752517700e+03
1.452395758285835200e+03
2.776162672876950182e+03
8.834547791386863764e+02
2.745162290182140168e+03
9.749821802514197771e+02
2.482988617056656949e+03
1.435747080410181525e+03
2.151332747822621059e+03
2.376853971940181054e+03
2.277933283433144879e+03
2.155750685601944951e+03
2.038772546036348785e+03
1.975783295517250281e+03
2.000832310690964732e+03
1.941930469113260642e+03
1.824105591997648162e+03
2.075802969020627188e+03
2.100978378304416765e+03
2.167080270596278297e+03
2.112152842755343499e+03
2.102346706761572477e+03
2.074872076361648851e+03
1.907595219439953553e+03
1.905291460651936859e+03
1.615419033779066467e+03
1.879971241456160669e+03
1.890210597005930140e+03
2.192716785684825481e+03
2.296248832631171354e+03
1.899408174006393438e+03
1.885610689852670475e+03
1.650865151739344128e+03
2.221230824466949798e+03
1.889533711507644512e+03
1.943159285540323026e+03
2.091881792675529141e+03
2.270854885176456264e+03
2.516939092513272499e+03
2.094234498766906654e+03
1.934812133859911683e+03
1.778670763278575350e+03
2.027003763205686710e+03
1.972913426106953921e+03
1.606846778034878753e+03
1.857359936633828966e+03
1.665430534059637239e+03
