3.003180513592316402e+03
1.782752408157149375e+03
1.735241193017217938e+03
2.212966339183875789e+03
2.686226649470157554e+03
1.842621779136853320e+03
1.631996791962990073e+03
2.123051977185105443e+03
2.370467106136131861e+03
1.925652976427928252e+03
1.564159235256108104e+03
1.876980226497123340e+03
2.213365841202648426e+03
1.784592111776348474e+03
1.980883615148172794e+03
2.301477161736846028e+03
2.315864545256541987e+03
1.944943290569184910e+03
2.290421462406185583e+03
2.862314910084344319e+03
2.227473695589771523e+03
1.702068591749245343e+03
1.693450949912320311e+03
2.368429584541701388e+03
2.254090911128433163e+03
1.582897759087701615e+03
1.835457983310482632e+03
2.017720165869044877e+03
2.312775858790543680e+03
2.163845707435099484e+03
1.699333624292688000e+03
2.310787399950437248e+03
2.657284783167837759e+03
1.903859424606930361e+03
1.487199642083585331e+03
2.103143999907537818e+03
2.936111002826374261e+03
2.036556169599807390e+03
1.338559203602902244e+03
2.248880402902384503e+03
2.876063933830006135e+03
2.006230886106652406e+03
1.192273816674646241e+03
1.735744227474035370e+03
2.109834127446465118e+03
2.458225507248669601e+03
1.960220403483116570e+03
2.040111897674616557e+03
2.767851998832188201e+03
2.497803631805391433e+03
1.741279418905399780e+03
1.528546058341397611e+03
2.378459072082500825e+03
2.574949384325993833e+03
1.636342265363449769e+03
1.615842278803834461e+03
2.056419103407919920e+03
2.558986839710829827e+03
1.708312540469079522e+03
1.549602909482226096e+03
2.636036375367052187e+03
2.747958048267359118e+03
1.925604722045981589e+03
1.278894595602998606e+03
2.080666717753055764e+03
2.651697899947969745e+03
2.115607421639767381e+03
1.616675236597840239e+03
1.562986501769449205e+03
2.159255864578537512e+03
2.322463914969357575e+03
2.186785348965057892e+03
1.789192618539139630e+03
1.846304841882550591e+03
1.761024981759802358e+03
1.601888165778597795e+03
2.014682805345712495e+03
2.683769481296547838e+03
1.790967883147377961e+03
1.618707717585095907e+03
2.112591932218138936e+03
2.666319080371805740e+03
2.471555576118147201e+03
2.385701524596039690e+03
1.808995201320706428e+03
2.245580666681913044e+03
2.693462332847109792e+03
2.487266145080248862e+03
1.899392240691088773e+03
1.693283258325123370e+03
1.474830192735263608e+03
1.978972833836877726e+03
2.351388023698058987e+03
1.689891502979153074e+03
1.740913632784058109e+03
2.239391444326520741e+03
2.516738770570465931e+03
2.431190339153552941e+03
1.467528045378848674e+03
1.957757434826324470e+03
2.605686334545314821e+03
2.484372169751281490e+03
2.259046589351494276e+03
1.775547791328263202e+03
1.835454832726545874e+03
9.035194827204348940e+02
1.789802713548324164e+03
1.542429094316332339e+03
2.218390512677525749e+03
2.381168098215292048e+03
1.998871269162214730e+03
2.209970884112200110e+03
2.462886021693792372e+03
2.437422852019135007e+03
2.054200787154143200e+03
1.660087913198131901e+03
1.782399834135223273e+03
2.125655335043444211e+03
2.297422753650494087e+03
1.806678537692636155e+03
1.776920983682103042e+03
1.842819992194244605e+03
2.447820897647237871e+03
2.402039180654949178e+03
1.882018002399611532e+03
1.606293190078653652e+03
2.550933388507411564e+03
2.758212021589965389e+03
1.137248026130978360e+03
1.396435917053930780e+03
2.627091837768308324e+03
3.153874794600526002e+03
2.335541671121510262e+03
1.151902022814107795e+03
1.235710383777155812e+03
2.353103351260065665e+03
2.628145805850218949e+03
2.271920426613854943e+03
1.303167974548633310e+03
1.958240127173148267e+03
2.584769130371232677e+03
1.635179563292641433e+03
1.595431360140412608e+03
2.294760561689911356e+03
2.679182645990493711e+03
1.702114831295253680e+03
1.311935859942467914e+03
1.768526759438381987e+03
2.176292562151927996e+03
2.431604265443649638e+03
2.035624210710442640e+03
1.890492343229567041e+03
1.934722885494140883e+03
2.378322854493252635e+03
2.385324412720206965e+03
1.894087349414694700e+03
1.913122310169411321e+03
2.073284735678459128e+03
2.021972518765757059e+03
2.090039801915762382e+03
2.231119513328576886e+03
2.334511545830064733e+03
2.164386440249996213e+03
1.870757574511380199e+03
2.235124627711415542e+03
2.757484564158719877e+03
2.113185192790252586e+03
1.557370736890859234e+03
1.950910931199108973e+03
2.391138998486742366e+03
2.553308927964155373e+03
1.893191995153216340e+03
1.400858727412445887e+03
1.627682440504461965e+03
2.240518993037077507e+03
2.503204147498061957e+03
2.114433302356144850e+03
1.422607861820569042e+03
1.405834082408839095e+03
1.823587723294508123e+03
2.648899482574333888e+03
2.758745042606356037e+03
1.800469821622583822e+03
2.096943666423288050e+03
2.501749229955495593e+03
2.346645977517968277e+03
1.874987960938419064e+03
1.820459528741964732e+03
1.459518413369294876e+03
1.157980727542401610e+03
1.402995014226615240e+03
1.987241749864894018e+03
2.595666160392807797e+03
2.444938339843814902e+03
1.821473338147312006e+03
2.070696654947173556e+03
2.237026751195124234e+03
2.621923260924528677e+03
2.029781078680384780e+03
1.723075950312532768e+03
2.240603745671165598e+03
2.344066332259393675e+03
2.225133300982836317e+03
1.719630090125719335e+03
1.658679096657107038e+03
2.245414333578107744e+03
1.957566055531337270e+03
1.541993055009938644e+03
1.924724071743512013e+03
2.660710369839208852e+03
2.565905534527482359e+03
1.566583582390825541e+03
1.596512081817665376e+03
2.313725453658774768e+03
2.481846261702070478e+03
2.130516840600805153e+03
1.750961474815065003e+03
2.340360918025663523e+03
2.714293786472302145e+03
1.858069468481415925e+03
1.204146628274298564e+03
1.823393759963577622e+03
2.566750406974072575e+03
2.594689941719883336e+03
1.666730792760908571e+03
1.266813271358421161e+03
2.304524874315713078e+03
1.729943890948616399e+03
1.522435899678338046e+03
1.441141886320461936e+03
2.620440272197395643e+03
2.234471687763638784e+03
1.932076882085409125e+03
1.901162283826201246e+03
2.095407879688363664e+03
2.345955959133871602e+03
2.115534380870740733e+03
1.943894076204036992e+03
2.061109209018652564e+03
2.291645311083420893e+03
2.452636650504231056e+03
1.798906522834392263e+03
1.676593048103093224e+03
1.834862921098929064e+03
3.012407547687973874e+03
2.087252890410733926e+03
1.489157239196191540e+03
1.849075318978652376e+03
2.631503130241824238e+03
2.298911789772179418e+03
1.358210673404575800e+03
1.692697431774663755e+03
2.215197632083448752e+03
2.623530074281317411e+03
1.776503545371385599e+03
1.308337535691181074e+03
1.835270917143753650e+03
2.227863541664196418e+03
2.257376653442018778e+03
2.322871089626783487e+03
1.714597251467544311e+03
1.695357138090084618e+03
2.505755052731877640e+03
2.447405134999346046e+03
1.779657030028872896e+03
1.640945193020632814e+03
1.972206506704839057e+03
2.283852602296470195e+03
2.092256758522355995e+03
1.675771274474617940e+03
1.850950537391513990e+03
2.520422394868303400e+03
2.790140757531301460e+03
1.882057830145804928e+03
1.626039164587911728e+03
1.929747956197010126e+03
2.184723252908838276e+03
2.501096353305650155e+03
1.677207143421169803e+03
1.394251245549623945e+03
2.175362896527642079e+03
2.454144503000296481e+03
2.007751060784735046e+03
1.570277291303282254e+03
