2.577521053601497442e+03
2.233839169414445678e+03
2.083627444502541493e+03
1.821425744296462881e+03
1.654120065858953694e+03
1.539889729217066360e+03
2.174360020210317543e+03
2.390118985912828521e+03
1.956075721198503516e+03
1.038465295542555168e+03
8.076204345042146997e+02
2.130592160660723039e+03
2.422953094792290813e+03
2.821136506910597291e+03
2.569411941633859897e+03
1.606100904527266948e+03
9.526684477464553993e+02
2.563061679822982569e+03
2.381255258151943963e+03
1.229659600592869083e+03
3.222109507380627747e+03
2.737196248055877732e+03
9.040124727916626171e+02
1.464542163558541461e+03
2.146619647482904838e+03
2.724458940810981403e+03
3.086170126606501526e+03
2.813155994099280178e+03
1.201555724706193587e+03
1.243910144470361502e+03
2.398786295816425536e+03
1.433417766424736328e+03
2.017823480107475007e+03
2.423476021999193108e+03
2.327020293882841997e+03
1.999982346080126263e+03
1.994802880830244021e+03
2.729574031221251516e+03
1.225699975119542160e+03
1.304787378492834932e+03
3.203667830724774376e+03
1.600306706058591089e+03
1.313969531740254979e+03
2.494425491408630933e+03
2.403137316291492880e+03
2.192969830526288661e+03
1.710852881306802146e+03
2.069068807594289865e+03
2.306633992495451366e+03
1.310061752055637953e+03
1.962615996843194580e+03
2.211776847457509575e+03
1.954864280027291898e+03
1.984583238316994994e+03
2.370585080186716823e+03
2.629706537805458993e+03
2.198368221543273648e+03
7.594668679666299340e+02
2.027458157420968746e+03
2.370791777758922308e+03
2.101749392581088159e+03
1.832478689433033423e+03
2.137693289155126422e+03
2.859023370216930289e+03
1.243303081110043195e+03
1.637186717736605715e+03
3.011876464770531129e+03
1.347848319637337454e+03
1.597156732237205460e+03
2.102910718193262710e+03
2.758637803558292944e+03
3.106093039938207312e+03
7.486692115957790747e+02
1.620322314554744025e+03
3.466438168295072046e+03
1.037953854826411543e+03
1.338314514947168391e+03
2.608658158460207687e+03
2.754795110987745829e+03
2.138899823613368881e+03
1.432232824852108251e+03
1.360007487918466268e+03
2.187441862455908449e+03
2.187586726744174939e+03
1.867382294808912320e+03
1.902710172403319120e+03
1.996568581172964059e+03
2.301759905939162309e+03
2.480317600674187361e+03
1.422530367288860816e+03
1.521206951634165080e+03
1.970827627398005006e+03
2.584470651639089738e+03
2.818526975559704624e+03
2.006970190842527700e+03
1.127959866726499513e+03
1.920347134159018424e+03
2.706568757005410589e+03
2.316394382227289498e+03
2.134722332448145607e+03
1.665992213991734616e+03
2.257988874061791194e+03
3.192204163523558236e+03
1.217364245686933828e+03
2.621157850720906026e+03
1.668468581684288438e+03
3.348297901620387051e+02
3.044337661799600482e+03
1.860817047851662210e+03
2.614710734802290972e+03
1.769367389593954385e+03
2.233227603771820213e+03
2.062911264175741508e+03
1.692857336495849268e+03
1.960056271300413528e+03
2.156132395163520414e+03
2.008982856210158388e+03
2.009183840174064699e+03
2.118976133796661543e+03
2.489475225692573531e+03
2.594148456220742901e+03
1.686124995571412910e+03
7.972189563155588985e+02
1.889754549870577648e+03
2.235973148939689963e+03
2.508910085843394882e+03
2.444462160970440436e+03
1.698305781739707072e+03
1.370572022807461963e+03
2.674129642487255296e+03
1.674341561139241549e+03
1.509757552451632819e+03
2.393189597709273130e+03
2.119216947993194026e+03
1.838288676816733641e+03
1.865122826145614454e+03
1.906939773127992112e+03
2.179823982012993838e+03
2.160167846107299738e+03
1.678278960936070462e+03
1.867184767436474885e+03
2.408414120311567331e+03
2.018195987024843362e+03
1.314092902939531541e+03
2.172654677057958907e+03
2.683895667314235197e+03
3.192388566093314239e+03
2.584320614335841128e+03
1.177772728861739779e+03
1.646262709052675064e+03
2.455275881948692131e+03
2.169304686241586296e+03
1.902720833446476945e+03
1.775610125208666886e+03
1.604869508104693523e+03
2.295584897821290269e+03
1.978468030457214127e+03
1.057680001506979579e+03
2.169092783673836038e+03
2.394774979622411593e+03
1.711841241299254307e+03
2.127757919649784526e+03
2.359024644736849041e+03
2.827881060722474558e+03
2.388396030458953192e+03
1.241750377022021894e+03
1.666862029714552818e+03
2.298643276216022059e+03
2.802822774992887389e+03
2.104191069693526515e+03
1.307067268915662225e+03
1.296314675212743850e+03
1.898199671524974974e+03
2.295554715076489174e+03
2.151099819990362903e+03
1.865478650758393314e+03
1.903148588133347403e+03
2.627140034873058084e+03
2.032166601433178130e+03
1.484257201349652860e+03
2.491777794101675681e+03
2.973663417601223045e+03
2.828552689254370762e+03
1.016795918385393861e+03
1.303781321880530186e+03
2.781269026397453672e+03
2.254995767742804219e+03
1.441294771262404311e+03
1.465133220097259027e+03
2.044954838423209139e+03
2.337258855078880515e+03
1.730174102597656656e+03
1.629701924918196028e+03
2.102769945718588588e+03
2.301807377164115678e+03
2.233264884331817029e+03
2.120100153181745554e+03
1.759878077090850638e+03
1.668023682319491400e+03
2.179425646490343297e+03
2.272880124321536641e+03
2.272240950300417808e+03
1.910979092802280093e+03
2.482235647418403005e+03
2.255047538656020606e+03
1.373146985593328054e+03
2.390282489335755145e+03
2.290482305378332512e+03
1.742352661473546050e+03
1.811930981800937616e+03
2.128729331620654648e+03
2.136145436831099232e+03
1.994898288909403391e+03
2.271173051837348794e+03
1.311815640415667758e+03
1.817791124027246042e+03
2.369050602099795015e+03
1.849677469385831046e+03
1.975335585789280458e+03
2.500383634561157123e+03
3.224028423063339687e+03
2.401548324783124826e+03
1.084272760471485071e+03
2.477249884924681737e+03
2.523159301090650843e+03
1.711932751553482603e+03
1.217816619142152149e+03
4.172689758951672729e+02
3.134138207361123932e+03
7.407318099608601187e+02
2.725483762357473097e+03
2.211800180685891064e+03
5.032762842199237525e+02
2.883656810707531349e+03
1.342447079890870100e+03
1.919396124283321569e+03
2.532872689069092758e+03
2.006299646273587769e+03
2.726545926964289265e+03
1.374410950673782281e+03
2.649349408878299982e+03
1.835313828650214191e+03
1.744781155305349102e+03
1.858321962931229109e+03
2.482281281943029171e+03
2.178498284511627389e+03
2.098804175063645289e+03
1.720977067524964923e+03
1.964617206154595351e+03
2.023497683634956502e+03
1.724609534227580298e+03
2.046426289383032326e+03
2.171359723537004811e+03
2.590580998691084005e+03
1.786581180058188238e+03
1.412173991673535511e+03
2.076281906365104987e+03
2.647762357758433609e+03
2.476073027023242958e+03
1.130736053940135434e+03
1.463424167623691801e+03
2.513483489417815690e+03
1.844761320106119456e+03
1.549799244315988744e+03
2.093683153656406375e+03
2.845823656704314544e+03
1.717757397154469800e+03
1.050639556475755171e+03
2.066057527898129592e+03
2.509217703735977921e+03
2.654886588484333515e+03
2.020879825862745065e+03
1.407282653575218546e+03
2.396290761664548427e+03
2.403629112954487027e+03
1.129684146067487063e+03
1.899207678325506777e+03
2.295814433752243076e+03
2.442521045767246960e+03
2.361930266075731197e+03
1.819570153528575020e+03
1.790427824318944431e+03
3.166561170842206138e+03
1.359013068536077071e+03
