1.729513118357196845e+03
2.263553582440872106e+03
1.649906956698002205e+03
2.324997195213872146e+03
2.010560247491612245e+03
2.226859244095502618e+03
1.998428637643455886e+03
2.085108944684831840e+03
2.149430465780078976e+03
1.693157956757583179e+03
2.416559690025163036e+03
2.098471710271421671e+03
2.047495206518462282e+03
1.977278524481394015e+03
1.931789405862380818e+03
2.111187905456392855e+03
1.896505264242727662e+03
2.467426689583841380e+03
1.912313183567496253e+03
2.180883947202578383e+03
2.135628361864551152e+03
1.718645815476569396e+03
2.412312946912489679e+03
1.896617231165626208e+03
2.247744324158726613e+03
2.220532462578966715e+03
1.898214392423361687e+03
2.112121611606483384e+03
1.981601018910585253e+03
2.242777684147199579e+03
1.883474876365027058e+03
2.475715029453252100e+03
1.942444535644995995e+03
1.817060173488594955e+03
2.326389155726421450e+03
1.542903655527641149e+03
2.410069499098803135e+03
2.055914352002939268e+03
2.292731890042248779e+03
1.946644770875015638e+03
2.029914674594848066e+03
2.149188343042580527e+03
1.698396110512342148e+03
2.525754550079560886e+03
1.863324970798005552e+03
2.239349214836114697e+03
2.209395175135585760e+03
1.639227048950413973e+03
2.490094296960079646e+03
1.701680703152025444e+03
2.331144527413204742e+03
2.004123455823699260e+03
2.168763403813315563e+03
2.063301068889830276e+03
1.794691203619523094e+03
2.483097454762603320e+03
1.742631214365008191e+03
2.451695023664428845e+03
2.118174530384605532e+03
2.029423775001776221e+03
2.237424152291770042e+03
1.503682670149100204e+03
2.572960172268366478e+03
1.775563661271476349e+03
2.304349219374010318e+03
2.173001932352737640e+03
1.862807983021291420e+03
2.128322569473078602e+03
1.801968286317044203e+03
2.571450845563538223e+03
1.721647112357086371e+03
2.173105808221559073e+03
2.128208409568198022e+03
1.840877974300218739e+03
2.195718007308253618e+03
2.016104449599515419e+03
2.289404791145064792e+03
1.950043303993098561e+03
2.254844308913629447e+03
2.139475858533889095e+03
1.764571574327753751e+03
2.323859181091712799e+03
1.861333370229844832e+03
2.205498556035484398e+03
2.160216777175577135e+03
1.960117127099606932e+03
2.102019455288274912e+03
2.006300723325701028e+03
2.231358707495454837e+03
1.848946751529979565e+03
2.518762475383618948e+03
1.929916373076929176e+03
1.749145605057655757e+03
2.446915637922518727e+03
1.639042418959900488e+03
2.414628400523578875e+03
2.054039865703833129e+03
2.118833488010048313e+03
2.104241429256228457e+03
2.096195200285735154e+03
2.191846869686647096e+03
1.502828406578341401e+03
2.682360060653036271e+03
1.927570670867647777e+03
2.168698587524705999e+03
2.287550942735048920e+03
1.698172427060806967e+03
2.060658760741477636e+03
2.024233168012055785e+03
2.301091265989527528e+03
1.955225456849037073e+03
2.188943234852129535e+03
2.080539906199584948e+03
1.709862747496900965e+03
2.319622470384895223e+03
1.946123983670549705e+03
2.234749612758148032e+03
1.991238797877712841e+03
2.176127652018718436e+03
2.001555217316771177e+03
1.809497126153949694e+03
2.429174466741664673e+03
1.894758909582717934e+03
2.274760144086461878e+03
1.872484134598495984e+03
1.835955789669231308e+03
2.184178360125755262e+03
1.731227190774086012e+03
2.244736451704857700e+03
1.949112805421447320e+03
2.287028899558285502e+03
1.984335064274587694e+03
1.971949808106146975e+03
2.309650596320861496e+03
1.774382382294811805e+03
2.470137942772880251e+03
2.038268335705820391e+03
2.191331171934657959e+03
1.989980830204979156e+03
1.855624372034389808e+03
2.265378496094657748e+03
1.740279292527503458e+03
2.273043652894072693e+03
2.059339010701915868e+03
1.982162786524613011e+03
2.220381549484315201e+03
1.798429324935717432e+03
2.190288955427864494e+03
2.040915567637968934e+03
2.456190386774266699e+03
1.796786984834209989e+03
2.055368468185952224e+03
2.227255997858398587e+03
1.618465980095788836e+03
2.250557363824029835e+03
1.955470958028711266e+03
2.332874556107530225e+03
1.962015897622239436e+03
2.015046888094598671e+03
2.184315527992921943e+03
1.659832911400602597e+03
2.623827481210134010e+03
1.942652667860810197e+03
2.290304289213820994e+03
1.966535222783111976e+03
1.745632447451454254e+03
2.215271986392061990e+03
1.754112592335879754e+03
2.251084714721232103e+03
1.962975883692631214e+03
2.273394806236839486e+03
1.986769463220105763e+03
2.031208175716879168e+03
2.343967615031071091e+03
1.759413845351821465e+03
2.476320016485783071e+03
2.081124456677618582e+03
1.998424850126017873e+03
1.945064293465562969e+03
1.732295680779423265e+03
2.386579509063293699e+03
1.865663301860338152e+03
2.408792620644762792e+03
2.047393532607289671e+03
2.120757025766286461e+03
2.163840061591663471e+03
1.646399684273495268e+03
2.560816598424652057e+03
1.767437446297926954e+03
2.316802531201075908e+03
2.136467827776280046e+03
1.854068786006549772e+03
2.116685090681527072e+03
1.902038391593107917e+03
2.380364894914776869e+03
1.850269112640672802e+03
2.275171642044555938e+03
2.115167020553943530e+03
1.820605084939991912e+03
2.105206794731224818e+03
1.824570303160679259e+03
2.250691359035435653e+03
1.886093347048287569e+03
2.120999345788800838e+03
2.152316669717670720e+03
1.789334733188765313e+03
2.382606923073214148e+03
1.890520029551715652e+03
2.471283896314920185e+03
1.933907426902416091e+03
2.185925531115291051e+03
2.090531884786411410e+03
1.678012065664134980e+03
2.500582285907701589e+03
1.893194263110797920e+03
2.242572720080987438e+03
1.924804929767021349e+03
2.078161729738182203e+03
2.004452357131465078e+03
1.877120155163968093e+03
2.375099849294377691e+03
1.779762500860077353e+03
2.200093972493009915e+03
2.074041047521905057e+03
1.826430335475029096e+03
2.153857121516222833e+03
1.885967947507293047e+03
2.323753291914147667e+03
2.039972171397144166e+03
2.141041880559441779e+03
2.157318037230073514e+03
1.833428607614535167e+03
2.249916291042231023e+03
1.884556361686035871e+03
2.280580635630794859e+03
1.903745471382744199e+03
2.151365431289116259e+03
2.062161399089795395e+03
1.786290552672875037e+03
2.371173054508431051e+03
1.825834893556434281e+03
2.275176681965205717e+03
2.104995731498787791e+03
1.983278386332687205e+03
2.041016769513679037e+03
1.935204012995448238e+03
2.239406084023235508e+03
1.757179521013303884e+03
2.497423529918402892e+03
1.893692613712676348e+03
1.882178984972465969e+03
2.269292602738689311e+03
1.772089906588910026e+03
2.210468786917110720e+03
2.012762238217925415e+03
2.129367129713096347e+03
1.874514383568075345e+03
1.806229393355953334e+03
2.252902529078895896e+03
1.829915353321472594e+03
2.288365722204358008e+03
2.031764642268899252e+03
2.205908453923279922e+03
2.046351925308742693e+03
1.949848028712280211e+03
2.281358207901639162e+03
1.831155759668498376e+03
2.483408316532583285e+03
2.005818942897425813e+03
2.055211025552121100e+03
1.984276489431336813e+03
1.888012601846969119e+03
2.305384120630532379e+03
1.788977562236361564e+03
2.213762039355575780e+03
2.048666217091199542e+03
2.039813818778638733e+03
2.047512317668151354e+03
1.749405720825749086e+03
2.411486235641979420e+03
1.909465422899870873e+03
2.246992078455820320e+03
2.063210989515653637e+03
1.997645832584753407e+03
