1.771239669897339809e+03
2.536037340059133385e+03
2.123496221336969938e+03
1.625202830344532231e+03
2.452596452250011225e+03
1.601838329382673919e+03
2.059829200983905594e+03
2.763298646444738552e+03
1.496025572956638143e+03
2.278083728676405826e+03
1.754582976202515738e+03
1.774341700909735437e+03
2.736620705753718994e+03
1.460973229703684638e+03
2.698475154174956060e+03
1.531667920746346226e+03
2.037379452510463125e+03
2.410006763476798824e+03
1.480900649829864733e+03
2.718719277751066784e+03
1.574654326881682891e+03
1.933524834548155923e+03
2.672795948562858939e+03
1.397021711282879096e+03
2.476727801155484030e+03
1.889016326667146814e+03
1.610144024367030852e+03
2.724488346686417117e+03
1.874477523436640467e+03
1.633554588095979398e+03
2.573636302067580800e+03
2.054129815399143354e+03
1.515932404573890608e+03
2.145617770431731969e+03
2.327847165338207560e+03
1.494367065084017668e+03
2.373994784753083422e+03
2.299573105648600631e+03
1.472124145652940115e+03
2.715612097975937559e+03
1.890004929818403070e+03
1.673885912927175468e+03
2.765845754098535053e+03
1.667956288112839275e+03
1.821879706857012252e+03
2.682306977830689448e+03
1.385249386299456773e+03
2.311753716905323472e+03
2.434864691003226199e+03
1.458578053063528159e+03
2.578338482213781845e+03
2.029001012272551861e+03
1.583235196261415012e+03
2.614106186527181762e+03
1.512524164399953861e+03
2.202871900506706424e+03
2.197831356610028251e+03
1.369512436185172874e+03
2.819526264483141858e+03
1.879914480542442334e+03
1.813706433841806529e+03
2.749137468612261728e+03
1.321314010828825985e+03
2.101278703699296329e+03
2.468051273240307637e+03
1.601869799465190226e+03
2.179394609451863744e+03
2.118336842514210730e+03
1.752471916593854530e+03
2.420420502747855153e+03
1.767832918047055273e+03
1.897283576052944227e+03
2.558942111543396095e+03
1.748310861477914386e+03
2.110129828632235785e+03
2.181718131556589924e+03
1.692248088538505954e+03
2.539288138544354297e+03
1.748922966168558787e+03
1.617435685820595836e+03
2.574305594756287519e+03
1.649807532175706910e+03
1.849931480007926439e+03
2.484093711094621995e+03
1.766637723046325846e+03
2.118608771360697574e+03
2.399661646773150551e+03
1.582140360235516937e+03
2.277413615748062057e+03
2.205400961354459014e+03
1.616639692740995542e+03
2.437142496819231837e+03
2.157178148097572830e+03
1.719378309799051067e+03
2.429961388484485269e+03
1.946878087931511800e+03
1.729368776198823298e+03
2.613038696791859820e+03
1.574560489513103448e+03
1.785299201717299184e+03
2.637871024122843664e+03
8.292628960260620943e+02
9.974634519993442154e+02
3.812261361309912445e+03
1.221453200110837315e+03
2.230926166100314276e+03
2.900614057572105594e+03
1.446348156031431699e+03
2.679821755768469302e+03
1.977982326528781869e+03
1.556085434068918175e+03
2.672013962291831831e+03
1.811932294702216723e+03
1.792093198950798296e+03
2.447913951986189204e+03
1.706854638207526477e+03
2.051813370360739555e+03
2.441875591168961819e+03
1.616904050121605451e+03
2.260272985232632436e+03
2.217518712909399255e+03
1.546470809106594061e+03
2.319038101216520772e+03
1.891225315639624569e+03
1.807320796925721652e+03
2.801188164077095280e+03
1.473282453602678515e+03
1.981931744766973452e+03
2.479575275582880749e+03
1.609962684167352108e+03
2.060841494793242418e+03
2.219444665734987666e+03
1.678963463059246806e+03
2.251567213877677204e+03
2.176594063001331051e+03
1.566586746610081946e+03
2.495027932147722822e+03
1.945655940360049499e+03
1.726975689820423895e+03
2.555629826580703593e+03
1.691932231923214658e+03
1.970742762835636313e+03
2.549181541114884112e+03
1.568603088174873847e+03
2.172240001489522001e+03
2.279330375693905808e+03
1.659009364429571860e+03
2.292210670639809450e+03
2.066937947747758699e+03
1.690235506876617592e+03
2.445544495287796963e+03
1.891753894840332578e+03
1.769663994926109581e+03
2.498212446039558927e+03
1.851029005376463374e+03
1.767599940781512259e+03
2.546604168861217204e+03
1.754991041621875183e+03
1.892399259615788878e+03
2.481157026386080815e+03
1.691591648306922707e+03
2.071380233488159320e+03
2.470686276196547169e+03
1.700135212472939884e+03
1.782010993541520520e+03
2.517199913547080541e+03
1.733665754018624057e+03
1.945187723217499524e+03
2.398431160900621762e+03
1.683446640066675400e+03
2.227846016927016535e+03
2.079539823461231663e+03
1.692444025692976766e+03
2.448810732882337106e+03
1.939030760327899998e+03
1.767969737598638176e+03
2.464760526803329867e+03
1.790495810470284368e+03
1.916023742962378492e+03
2.526758335261629327e+03
1.603222070610976061e+03
2.107249292282980150e+03
2.407649522209525458e+03
1.533512895752666509e+03
2.188010818030549672e+03
2.329260047653092442e+03
1.718619112255341406e+03
2.205118849488704655e+03
2.099989710637678400e+03
1.694249950639308736e+03
2.239618992691095173e+03
2.049546271342980162e+03
1.694323916634303032e+03
2.441216192828263502e+03
1.969584794138023881e+03
1.924381659175749519e+03
2.562842754803746175e+03
1.638883433573240154e+03
2.028997383812749376e+03
2.683054781996565907e+03
1.321670411831792080e+03
2.165937393308973242e+03
2.458154917860234036e+03
1.473342923791840121e+03
2.353750633685454432e+03
1.824385965257413091e+03
1.862104477348683758e+03
2.763950231481242554e+03
1.773553114359665187e+03
1.521391394256979765e+03
2.782827878539214908e+03
1.598875663124382982e+03
2.064942967439581025e+03
2.464460991319498135e+03
1.429043024561968650e+03
2.583189569839985779e+03
2.112281983639693863e+03
1.523929122448047110e+03
2.593016919901931033e+03
1.630561549902022762e+03
2.048755485695618972e+03
2.383845950183037985e+03
1.557287602122550652e+03
2.459927826398558864e+03
1.959387360924881932e+03
1.778137436743807939e+03
2.482991660686536761e+03
1.276940963196846724e+03
1.573595176719984920e+03
2.700463717073462703e+03
1.814375788161675246e+03
2.321922686343812984e+03
1.933778354487027855e+03
1.722480492836160010e+03
2.891763766550628588e+03
1.766595719706075670e+03
1.831672646635156070e+03
2.141413246326641001e+03
1.606186727815589848e+03
2.490613211405947823e+03
1.985439459260187277e+03
2.333439627598343122e+03
2.089264963016481488e+03
1.709522794398034193e+03
2.781906902973500110e+03
1.728170653885318188e+03
2.303985086387273896e+03
1.637170591873136118e+03
1.851778654224040338e+03
2.436421128379456604e+03
1.604054824056127245e+03
2.558457483422383120e+03
1.674993410375698886e+03
1.986561605673903387e+03
2.490470172933565209e+03
1.580836448057639927e+03
2.370430622485828735e+03
1.937452087731822530e+03
1.808802942556442531e+03
2.553221604898025817e+03
1.595577952166577688e+03
2.217746211000137464e+03
2.256291017881510015e+03
1.574396683303415784e+03
2.530874109583522113e+03
1.831848277531387339e+03
1.876297422343626977e+03
2.524753070632093568e+03
1.600435855369583805e+03
2.135937815964085075e+03
2.452518477682167031e+03
1.541682431104130728e+03
2.115494751291002103e+03
2.361518016263376467e+03
1.734874104172988154e+03
2.145471036887123319e+03
2.131514627673600444e+03
1.547032978116688582e+03
2.352624728991232587e+03
2.226077613176737032e+03
1.703625355818893695e+03
2.345288724729021396e+03
1.844978988765875101e+03
1.914451289161437671e+03
