2.393152259933131518e+03
2.274507718221324922e+03
1.505968014163550379e+03
1.680227362980665475e+03
2.390113329448874993e+03
2.508972208589338152e+03
1.489481131885531795e+03
1.732964891952868584e+03
2.395173190920265824e+03
2.382864384775254166e+03
1.374545126475066581e+03
1.674082674965441583e+03
2.787454364689001522e+03
1.827062785340302071e+03
1.331566755528577005e+03
2.358868471572912767e+03
2.728721739855643136e+03
1.532059111868834179e+03
1.547801632682412901e+03
2.458469345190121658e+03
2.681012199340073948e+03
2.001972198538107932e+03
1.599522274653104887e+03
1.832494632416172635e+03
2.022863638919024879e+03
2.251100087186607652e+03
2.319285890732694497e+03
2.075100976164780150e+03
1.670049288134589233e+03
1.826877399757852118e+03
2.226862933917405371e+03
2.512092199173251174e+03
1.924658487739467773e+03
1.623828262743467576e+03
1.609668565452789380e+03
2.383771986444151025e+03
2.576939228976184040e+03
1.891996367528357723e+03
1.507374322831326936e+03
1.809801496289461284e+03
2.554842099605832118e+03
2.537939146677578265e+03
1.952303840726647877e+03
1.447337331223234060e+03
1.759676917026743922e+03
1.900812460891579121e+03
2.222097888173193951e+03
2.415772825557876331e+03
2.301365336418023162e+03
1.960704274740156961e+03
1.643836170144569678e+03
1.833907790621960885e+03
1.985872341421985539e+03
2.279003117593168099e+03
2.411329778041499594e+03
2.212255533627902878e+03
1.730267280379684735e+03
1.644848009704413471e+03
1.856496436284849551e+03
2.204302084288817241e+03
2.447289545038649521e+03
2.169291379678475550e+03
1.753649192303301334e+03
1.569664260042551405e+03
2.031935130949988661e+03
2.471514698125871291e+03
2.354008926807909120e+03
1.685908685567013436e+03
1.685668478913509034e+03
1.902578482982761898e+03
2.224892308282272552e+03
2.401051955038803499e+03
2.238558802490262678e+03
1.927566562906006766e+03
1.544905267509396481e+03
1.806587854144679568e+03
2.082155196500355032e+03
2.399640877863617334e+03
2.254436784444178556e+03
2.194097759017054159e+03
2.239046798382941233e+03
2.283254194491877115e+03
2.363439082053059337e+03
2.274438294440318714e+03
2.021673165425071147e+03
1.475828004535375385e+03
1.581124832942050716e+03
1.977870985249091291e+03
2.262331694558068193e+03
2.240430847313933555e+03
2.318401205589568690e+03
2.316722291020065768e+03
2.369239931696369695e+03
2.343346847547508332e+03
2.424065571931598697e+03
2.413029935230353658e+03
2.299495809216762154e+03
2.289664627042526263e+03
1.915732599230112100e+03
1.640803243795599883e+03
1.671509028369054704e+03
1.596866315958535097e+03
1.737842936362217642e+03
2.254857808370182738e+03
2.581225489081586147e+03
2.426303268556137482e+03
1.746639352114281792e+03
1.546733183830997405e+03
1.702394440612104290e+03
2.426677392818718090e+03
2.462226936854386167e+03
2.224562009361678065e+03
1.502793237905870683e+03
1.865110919669385794e+03
2.322939468447421405e+03
2.377766594737154264e+03
1.771187165846494509e+03
1.664233297701984384e+03
2.032941502013707350e+03
2.397704369583901098e+03
2.182023550876115678e+03
1.835179660763253878e+03
1.666995041093215150e+03
1.858828981093353605e+03
2.252847534070067468e+03
2.465505442685635444e+03
2.064626938708050147e+03
1.642530110948312768e+03
1.771137042657729353e+03
2.035875539712346836e+03
2.408866911235539646e+03
2.336878960475559325e+03
1.908548889421452031e+03
1.561727976513164549e+03
1.916540089373795126e+03
2.330759918968743023e+03
2.306360430318220551e+03
1.740066884527278035e+03
1.725270226033801919e+03
2.006174255699705327e+03
2.418739420506496572e+03
2.349061621044215372e+03
1.813197174504893383e+03
1.667798391205933285e+03
2.210321580275450742e+03
2.459201362367562069e+03
2.055619539001859721e+03
1.570457291814336259e+03
1.835466105225761339e+03
2.328712506648985709e+03
2.426588926858765262e+03
2.090791879128091296e+03
1.660967266924141086e+03
1.818429598650300932e+03
1.959589445078579502e+03
2.177829047655029171e+03
2.367328111911831911e+03
2.253860138750542774e+03
2.091453951787765163e+03
1.914809509977138987e+03
1.767203260091880111e+03
1.763321874482659041e+03
1.971525511939141325e+03
1.927853886897245275e+03
1.894264169225145679e+03
1.956506476288090653e+03
1.791376247958770591e+03
1.678111645081178722e+03
1.735725260779156542e+03
1.668380757179379088e+03
1.923654995716515941e+03
2.267718683507413516e+03
2.528281446235107069e+03
2.608199948178613340e+03
2.516390618093648300e+03
2.504666505672379571e+03
2.420794867366871131e+03
1.917668905816207143e+03
1.481816103712616268e+03
1.636525740001205577e+03
1.811070847727335149e+03
2.113191169368778901e+03
2.441820461705607613e+03
2.365381262625802719e+03
1.784260145140880923e+03
1.479486289680678055e+03
2.022016479615055005e+03
2.217599187136229830e+03
2.532794210463261152e+03
2.076066527205845432e+03
1.702874029169459845e+03
1.571181286434354433e+03
2.058212271482128472e+03
2.490470078796181951e+03
2.466676248266296170e+03
1.563874706227768229e+03
1.609228239263747810e+03
2.056819961838986274e+03
2.456624751003536403e+03
2.386413636718850285e+03
1.912400972156371836e+03
1.635254236510561668e+03
1.666427882381030031e+03
2.310111206964917983e+03
2.534927922294293239e+03
2.362455744665595830e+03
1.848962100121161484e+03
1.650751595993977162e+03
1.752059242163304361e+03
1.977122191365779372e+03
2.482270329707740075e+03
2.276931761901872960e+03
1.926073653656370652e+03
1.525420388389344907e+03
1.750723814666173439e+03
2.162733764774149222e+03
2.509373458288720940e+03
2.018517225531922804e+03
1.506861935410461911e+03
1.826927715608822155e+03
2.168302957857749334e+03
2.609530160705734488e+03
2.246951179517621767e+03
1.878126397398777044e+03
1.647317355352732420e+03
1.764536142688016298e+03
2.049496351389079791e+03
2.240342439233735604e+03
2.272245897425723342e+03
2.053592878511647086e+03
1.794388461676811858e+03
1.695841553198991960e+03
2.018117516683326585e+03
2.426179840128034812e+03
2.489102059317942803e+03
2.076223533326034612e+03
1.692927569820009467e+03
1.646702395211210842e+03
1.940632065776839227e+03
2.428161696820682664e+03
2.476357990960784264e+03
2.008176806110310963e+03
1.387822240397037831e+03
1.854150515004651197e+03
2.309508007068615370e+03
2.594739641872261473e+03
1.966844622645312711e+03
1.613335969347439004e+03
1.677309218077159130e+03
2.150638076075408662e+03
2.484486420267299764e+03
2.403739126533372655e+03
2.154473941603609092e+03
1.722709201447713440e+03
1.622708226367031102e+03
1.717207988781546192e+03
1.800753794447089604e+03
2.016758855703790005e+03
2.246023962575924998e+03
2.388181519204892538e+03
2.336670126346630241e+03
2.083192437620502460e+03
1.968581463120990293e+03
1.687988505807081765e+03
1.713397018502095762e+03
1.778787770472807551e+03
1.785064038532436825e+03
1.950707287724404978e+03
1.977048802568676138e+03
2.012763167219324487e+03
2.081091438979208760e+03
2.003162162769807082e+03
1.837561448790710529e+03
1.846483976154216180e+03
1.765379111376310448e+03
1.544151231563414967e+03
1.842078390050315193e+03
2.266964691158200367e+03
2.493417750393385177e+03
2.040548062942288425e+03
1.855129989507614710e+03
1.738168634187497219e+03
1.726879005431145288e+03
2.213497183169741675e+03
