1.056436956243772556e+03
2.123226568919220426e+03
2.629356365565451142e+03
1.781807870989433923e+03
1.548147875989404383e+03
2.394549735821391550e+03
2.425169952798257782e+03
1.769281684170033714e+03
1.707634113519205584e+03
2.197964319558938769e+03
2.330434802501385548e+03
2.092780021753182154e+03
1.554900463969609518e+03
2.299938007342224864e+03
1.582766695068634363e+03
1.762222072218889025e+03
2.621499390753926946e+03
1.547134791113699293e+03
1.819828496627291997e+03
2.651091139820031003e+03
1.904729205048996846e+03
1.522629362632539824e+03
2.864872398347390572e+03
1.546714200527820140e+03
1.734191790751560802e+03
3.017537025960120900e+03
1.798842908533574246e+03
1.546738271965178456e+03
2.574155873464141223e+03
2.864558655080219523e+03
1.747552889024812657e+03
1.458991196649414178e+03
1.451260175740853356e+03
1.548206434699912279e+03
2.314622596405096829e+03
2.644893810000616213e+03
2.042614207210564246e+03
1.354448075682309309e+03
2.186286719005956002e+03
2.588001318187994457e+03
1.655698276310680058e+03
1.402800351114939303e+03
1.941652510880570844e+03
2.116242158940513946e+03
2.602110239356242346e+03
2.103346797172263905e+03
1.627803545932884390e+03
1.818207394970806945e+03
2.595519787394171090e+03
2.417622209735699471e+03
1.860327117887600934e+03
1.571669770704203074e+03
1.565598226403598801e+03
2.078694490289680743e+03
2.456425232195084845e+03
2.746122293132943469e+03
1.957160476797953834e+03
1.264476975994187796e+03
1.513395168709869267e+03
2.130871541429954505e+03
2.297245821358406374e+03
2.420885554819042682e+03
2.324968238334219677e+03
1.588604964665383704e+03
1.627529390202287004e+03
2.179673545563186508e+03
2.136916851953237710e+03
3.091285788039773706e+03
1.883006508926478773e+03
1.344702949494171662e+03
1.270974094549148731e+03
1.757753567349518789e+03
2.225027626767631773e+03
2.263355639775002601e+03
2.108227080741103237e+03
1.800867568345648806e+03
1.943960566080293120e+03
2.456362424256293707e+03
2.327615386180226778e+03
2.295394624250538982e+03
1.282958723464992318e+03
2.030214058198739849e+03
1.647246813454301673e+03
1.978538077383143900e+03
1.876042475268913904e+03
2.454747659540724726e+03
2.783332761946578557e+03
1.809450986786116346e+03
1.370730156898210453e+03
1.462563492177996523e+03
2.308654469998168679e+03
2.652195174019029764e+03
2.638380827745692386e+03
2.327258661583062803e+03
1.475418430747598904e+03
1.437062701860493917e+03
1.939756249377524000e+03
2.689681479387731088e+03
2.947711124683328308e+03
2.370046258940980351e+03
2.847128186715274865e+02
7.592704599334838349e+02
1.805247742733372206e+03
2.378119071668812012e+03
2.983085562106004090e+03
2.054478483632236475e+03
1.527462958749819791e+03
1.781280990781770697e+03
1.719440894005296286e+03
1.862302800435139261e+03
2.347536694556703878e+03
2.595578108805264037e+03
1.849396790175835122e+03
1.488088315068240718e+03
2.084127744633944531e+03
2.199889115175296411e+03
2.186237917056226706e+03
2.299075324868303596e+03
1.454820839621529331e+03
1.821217501611311718e+03
2.172885734463327935e+03
2.772501185747725231e+03
2.234974698436734798e+03
1.430192039716675026e+03
1.258860155039076062e+03
1.940079798228619438e+03
2.310889906655574123e+03
2.427748852633040315e+03
2.286553441547763668e+03
1.960417703338279125e+03
1.862207486659249298e+03
1.822399474065518234e+03
2.149622716024166948e+03
1.623784509234936422e+03
1.806192496712008506e+03
2.196232013565030229e+03
2.692568086364058217e+03
9.758679725278819888e+02
2.261054517785170503e+02
6.743826437007196546e+02
2.740193288533931536e+03
2.237340905498357643e+03
2.196742706572461884e+03
2.152216010328896118e+03
2.152377643336557412e+03
2.188466615392398580e+03
1.999593938980956864e+03
1.989741109948116900e+03
2.042911394112926018e+03
2.316201276483183392e+03
2.332519487839022077e+03
1.710156717552456257e+03
2.275589912969679972e+03
1.976044238146615498e+03
1.766596613282078806e+03
1.743694133688316697e+03
2.153721000250157431e+03
2.254707446292045915e+03
1.722325402281718198e+03
1.500558302367813667e+03
1.886410182997526135e+03
2.358249136143918349e+03
2.079135393400989415e+03
2.342116991476470048e+03
1.721569009759230767e+03
1.725949908067411570e+03
2.723011584816110826e+03
2.681894443533913545e+03
2.153319435026176507e+03
1.479839882327612713e+03
1.382285994088354073e+03
1.343225677953147624e+03
1.826923681133832361e+03
2.540003084215368744e+03
2.813264674085384740e+03
2.063186146488246322e+03
1.099853145783880336e+03
2.131949000736303333e+03
2.854063809005875100e+03
1.613161276692992942e+03
1.303780128950633525e+03
2.502997152045975326e+03
2.771986195177391437e+03
1.688576346908774667e+03
1.645538169967465592e+03
2.162182921885294036e+03
2.202013705446101085e+03
2.183565487518355894e+03
2.000693885767864458e+03
1.977368438891005553e+03
1.744925790276481393e+03
2.030316023478871784e+03
2.709631312924429494e+03
1.902666734687241387e+03
1.479009681545372359e+03
1.457200921651590079e+03
2.391166863661092520e+03
3.008027638741776627e+03
2.333348871794983097e+03
1.277289314082941473e+03
1.441370861945717252e+03
2.421549494369286549e+03
2.379657519032456548e+03
2.432302907069577486e+03
1.629891962422441338e+03
1.721744711037877323e+03
1.855712880495537320e+03
2.164769896822592273e+03
2.196280757606295538e+03
2.147201634174100491e+03
1.949242844486421973e+03
1.785488374244376246e+03
2.117017509375844384e+03
2.127101956661031636e+03
1.371357508521701220e+03
2.878111899065109810e+03
2.442805863671463158e+03
3.323728521777717560e+03
1.891359306297410285e+03
1.530077252519337662e+03
2.163690318007490987e+03
1.667061046325286270e+03
1.830302648334142305e+03
2.176379642745088404e+03
2.904251545277760670e+03
2.005346867486913879e+03
1.264829380634080735e+03
2.230729770119492514e+03
2.073341762077429394e+03
1.717621229747581310e+03
2.328430525684217173e+03
2.005793610967578616e+03
1.596199082268586835e+03
2.591968361413538787e+03
1.787289613547632143e+03
2.196737552483803029e+03
1.780258923893560450e+03
2.287915833437388756e+03
2.309735099132032701e+03
1.631578533375498182e+03
2.037879976446613000e+03
2.131840463508139692e+03
3.212544458675070928e+03
2.370887203089696868e+03
1.417524439339001219e+03
1.997355367669014186e+03
1.648103247688521151e+03
1.625353762925120691e+03
1.811309674576516727e+03
2.065913725142273961e+03
2.390618931899455674e+03
1.788046591899314762e+03
1.728321869892473387e+03
2.764708231794800213e+03
1.973997056816354188e+03
1.339486397082159556e+03
2.267292694818807377e+03
3.028862543067139995e+03
1.495278932377815636e+03
1.199826573170307483e+03
2.650015983970172329e+03
3.043383325555030297e+03
1.576106952991853632e+03
1.403969829921436940e+03
1.810967732868789426e+03
2.421410925737548951e+03
2.180108302510790963e+03
1.936131580624833532e+03
1.750220049614456002e+03
1.547912528417884232e+03
2.130170433048626364e+03
2.165857526530706764e+03
2.478153879478215458e+03
1.732463800624785563e+03
1.920313891293099459e+03
1.938472175701923788e+03
2.086987636594419200e+03
2.764241882445664487e+03
2.004705966457866907e+03
1.376655050443099526e+03
2.219325782582372995e+03
2.893652502602075401e+03
1.880387334826843244e+03
1.189308903324787025e+03
