1.663309270871379795e+03
2.063907147908091247e+03
2.367587479135664580e+03
1.555448789239779671e+03
2.571967688193783488e+03
1.693650802738047787e+03
1.974467324664359921e+03
2.457151667209768675e+03
1.501951780106382330e+03
2.532661201955068918e+03
1.705451443145801477e+03
1.994988876466774855e+03
2.477097407863400804e+03
1.500893976270313942e+03
2.537920018074863947e+03
1.712682431192815557e+03
1.981378598649318974e+03
2.476426565375505561e+03
1.507406431096392680e+03
2.384048074656322569e+03
1.918138755399963657e+03
1.762970987025075829e+03
2.566917556105064250e+03
1.561645655536628055e+03
2.145075669434653264e+03
2.254608921350116361e+03
1.601291507255217084e+03
2.458319045017353346e+03
1.801587681938355900e+03
1.871953003023468000e+03
2.542027954612375197e+03
1.515898281016824058e+03
2.402971029368984546e+03
1.948303333317140869e+03
1.729238950213284397e+03
2.625372780699573013e+03
1.541211368317701272e+03
2.251537230216120406e+03
2.215394295294230687e+03
1.619879291223002610e+03
2.482218424330892958e+03
1.792338147624707517e+03
1.835217503486251189e+03
2.547459569913386076e+03
1.541776549252615723e+03
2.230454283597119229e+03
2.117469826755696431e+03
1.696176783311129157e+03
2.514472295814018253e+03
1.752231023625722628e+03
1.824164487940370464e+03
2.559580974231522305e+03
1.555960445321012230e+03
2.195565817634306768e+03
2.139712444474933818e+03
1.641403943480887619e+03
2.580833974753842995e+03
1.670725738936710968e+03
1.943320814422783542e+03
2.472564457443916126e+03
1.565920496330903461e+03
2.435179925612174884e+03
1.950991426370364252e+03
1.701085724425007356e+03
2.564029537579661337e+03
1.662405179438640744e+03
1.981343797729211246e+03
2.430749956276214107e+03
1.593910975635565592e+03
2.176107001148645395e+03
2.229731685917387495e+03
1.645373020942293806e+03
2.387945828321112913e+03
1.887083492557388809e+03
1.836165928217659712e+03
2.650108413377165107e+03
1.464499604567233291e+03
2.123483314542524113e+03
2.415793146626559519e+03
1.516316962172676995e+03
2.023154636759593359e+03
2.446475406020776518e+03
1.517962534305852387e+03
2.163914078355690435e+03
2.301342639408439936e+03
1.641609034498712163e+03
2.349704413765346089e+03
1.957363878684477868e+03
1.731637802299687792e+03
2.693773672160079059e+03
1.579206416540729606e+03
2.123005320755190951e+03
2.355110574749423904e+03
1.552604881512888824e+03
2.525116474573113919e+03
1.754219936818000406e+03
1.784451218870320872e+03
2.677128348984896093e+03
1.370185804542838468e+03
2.593636340917656071e+03
1.782293063844439075e+03
2.220426414563227809e+03
2.621422143970667548e+03
8.224080058393960826e+02
2.998792345574327555e+03
1.970135406845829948e+03
1.136503114495826594e+03
3.202246806605676738e+03
1.376543923124334469e+03
2.550187953260168342e+03
2.038782476982835306e+03
1.544823356513588578e+03
2.604257961184977830e+03
1.567728939333771677e+03
2.057383225765257066e+03
2.476179108553240894e+03
1.701697144932531273e+03
2.318417677725646627e+03
1.908759913884453681e+03
1.792773939843285461e+03
2.637195910819564688e+03
1.561494682778635479e+03
2.236938880866626278e+03
2.083416552319682069e+03
1.649152686610505043e+03
2.635584934863350554e+03
1.595935372422814453e+03
2.083608606722737932e+03
2.342410796806341295e+03
1.529154392911626928e+03
2.550950045589874208e+03
1.758896046012901934e+03
1.887444283660829797e+03
2.573172041091462688e+03
1.522924261074528886e+03
2.198761199517667592e+03
2.221130477817378960e+03
1.618345464656636750e+03
2.456191591249555131e+03
1.688573168390986893e+03
1.963315278328070690e+03
2.432490401297354765e+03
1.555231887875880375e+03
2.363642709206466861e+03
1.885512297392504479e+03
1.791482136381973305e+03
2.556072972037756244e+03
1.606152484786855211e+03
2.033538789123048900e+03
2.343899872210524791e+03
1.666257832831175847e+03
2.257888342931802072e+03
2.016581804738553046e+03
1.764317616490269756e+03
2.543769584532863973e+03
1.724321971060637907e+03
1.994651996518499118e+03
2.537383050350554640e+03
1.462877912595208500e+03
2.328704519932532548e+03
2.043833559438533484e+03
1.638897257515122874e+03
2.572276881320944995e+03
1.969863497413404275e+03
1.661763992257355540e+03
2.437570802658415687e+03
1.878984386402853033e+03
1.720553203935195370e+03
2.607160852621898357e+03
1.650839825818671216e+03
2.038867828485964765e+03
2.513900713738013110e+03
1.501834791183402558e+03
2.429942813304089668e+03
1.980997966161683507e+03
1.682454758352658473e+03
2.655801979456432036e+03
1.496910865515434352e+03
2.245162828492386325e+03
2.194950702952041866e+03
1.544438112833272953e+03
2.674046452328975647e+03
1.510960340334531566e+03
2.145174993076573628e+03
2.269788558250293590e+03
1.508066291422708673e+03
2.657373928290876393e+03
1.594176550457051235e+03
1.993168528664365567e+03
2.571429346402454030e+03
1.413465554352986828e+03
2.392921459841543765e+03
2.080603303601420976e+03
1.556131373433628823e+03
2.658036436481620058e+03
1.549008927230394647e+03
2.022752102504210825e+03
2.473866566831640739e+03
1.443799963608552844e+03
2.420971646550238802e+03
2.008740518542947484e+03
1.607950967164301801e+03
2.712491341787337205e+03
1.440330781897154793e+03
2.280545202841791706e+03
2.260716579245920911e+03
1.499452025757071851e+03
2.665682611776829162e+03
1.523562639851277481e+03
2.106613342807437220e+03
2.379520806333745895e+03
1.459369344072052627e+03
2.655749996769104655e+03
1.585293365707064822e+03
1.978871488943435679e+03
2.586151775589001318e+03
1.387026344783020932e+03
2.390961495560337880e+03
1.967099688923984786e+03
1.644468825530490221e+03
2.746070540737107422e+03
1.516741937199443782e+03
2.099989641457364542e+03
2.450115004441529436e+03
1.448520325220185669e+03
2.553062473935249272e+03
1.780008417403377507e+03
1.590369999209335447e+03
3.062528189893159833e+03
1.184422903165671869e+03
2.440701227144297263e+03
2.055140398478182306e+03
1.484374486448206426e+03
2.876701630272267721e+03
1.440933295101110616e+03
2.095038354096013336e+03
2.291162795974448727e+03
1.468285523219416518e+03
2.655683772115584361e+03
1.640197313315734164e+03
2.094114579320723806e+03
2.329830475867157020e+03
1.524470611622293973e+03
2.430774390829482400e+03
1.785481736220384619e+03
1.959287143886034528e+03
2.344007537245805906e+03
1.684422121296671321e+03
2.268859868006818488e+03
1.902145584349212413e+03
1.873865680460157591e+03
2.552869185029698201e+03
1.555904092804363700e+03
2.155244980394653794e+03
2.296427722631978213e+03
1.505445699995173300e+03
2.636417660351655741e+03
1.512432909958008622e+03
2.106178219210822135e+03
2.427237786126780975e+03
1.456901202217195305e+03
2.678130842974196639e+03
1.586216849187177559e+03
1.951680265715584710e+03
2.380869493207738742e+03
1.535754856104075088e+03
2.730194929188316110e+03
1.454467769974201929e+03
2.203726167640254971e+03
2.197148968308184521e+03
1.574785989303918768e+03
2.717920678388372835e+03
1.483276189149019274e+03
2.132155522549306170e+03
2.319817948734591482e+03
1.504912190981954609e+03
2.606825022469728083e+03
1.529434303761941010e+03
2.121157061120607068e+03
2.334126195875544454e+03
1.505492022411204744e+03
2.655136590968007113e+03
1.538701254970257651e+03
2.097001704644292658e+03
