1.238549584493953716e+03
1.762354496695014859e+03
1.956545444774435964e+03
2.195727832536374990e+03
2.616389250283507408e+03
1.838494221279489238e+03
1.609901323976059075e+03
1.679942430640879820e+03
2.115211147837099816e+03
2.683545400493714624e+03
2.261139447714927883e+03
2.022472950185889886e+03
1.564437676148950459e+03
1.493027688262907759e+03
2.570832632371294039e+03
2.278295609674965817e+03
1.865730182742524903e+03
1.690268951862733729e+03
1.833827097800732190e+03
2.306419237567171422e+03
2.243652918336869789e+03
1.991009357790153899e+03
1.690803854853022131e+03
1.716877215978993945e+03
2.139096085317096367e+03
2.361005781665293398e+03
2.308666724143575266e+03
1.840776122895045091e+03
1.545950106287888275e+03
2.108733889800142606e+03
2.422522192201317921e+03
2.100605940605706110e+03
1.600338645453503432e+03
1.866540879789953578e+03
2.297068490262651721e+03
2.668378660030802166e+03
2.390007232941005441e+03
1.811179632180597537e+03
1.193937993785206118e+03
2.200880132535739904e+03
2.654066251587853458e+03
2.219597322475395686e+03
1.494940293751549007e+03
1.868344824361104429e+03
2.433707084479761306e+03
2.553171669545326949e+03
2.210972152299143090e+03
1.320771691614442034e+03
1.665442640995681131e+03
2.032237446582256325e+03
2.402650465635773344e+03
2.417196904439080299e+03
1.615594085426506808e+03
1.875743651399130613e+03
2.123132792545557550e+03
2.429588679205910466e+03
2.250347160566283947e+03
1.906962347693687434e+03
1.828469866232834420e+03
1.597556930208080530e+03
1.711604516013760986e+03
2.207255004849877423e+03
2.527521476871339473e+03
2.447698045273275511e+03
1.858953439871080946e+03
1.388707567878121608e+03
1.811187337793587631e+03
2.355919010086528033e+03
2.529351087060000737e+03
2.485392057662851130e+03
1.908835117380815063e+03
1.839600727422169030e+03
1.587405526238843095e+03
1.620652329375313457e+03
2.284990608700156827e+03
2.405729238875407646e+03
2.387171837419935855e+03
2.094987469499555573e+03
1.549205234997960133e+03
1.585440700194319561e+03
1.953535997131786417e+03
2.129528764574738489e+03
2.252723951274650517e+03
2.302990338620363218e+03
2.103572858774547967e+03
1.640420054517943527e+03
1.855977505531881434e+03
1.881554108377428747e+03
2.046168305201741305e+03
2.507182263404556124e+03
2.777387577255529777e+03
2.540959253601859018e+03
1.696646833410618456e+03
1.146830433149909368e+03
1.637049758457247208e+03
2.423833551833306501e+03
2.933898595986079727e+03
2.396705963206395154e+03
1.234473032101326226e+03
1.643720363840963046e+03
2.221308369910440888e+03
3.040711860893611174e+03
2.253449223594610430e+03
1.664304571920209582e+03
1.874375821099806672e+03
1.572971326920014917e+03
1.984777074205578174e+03
2.229125384707878311e+03
1.969305483953124849e+03
2.032143435649710682e+03
1.642236416746176474e+03
2.011053860082812207e+03
2.284562009017970013e+03
2.147648341243987943e+03
2.213791766132269458e+03
1.657402914219359218e+03
1.740126265347617391e+03
2.357061292140273508e+03
2.357413229801332818e+03
1.919810687137943887e+03
1.700473361937555183e+03
1.833153558388778265e+03
2.401103590095551226e+03
2.760285029523738103e+03
2.313466353669827186e+03
1.364868030616050646e+03
1.473197207389410778e+03
2.609552609472861604e+03
2.823518373263764715e+03
2.235412383902398233e+03
1.730551358663438577e+03
1.525414816419405042e+03
1.728412418814942384e+03
1.882344826233750609e+03
1.976599320545445380e+03
2.391999391085568732e+03
2.076192611685120937e+03
1.524216305572172132e+03
1.845738970091071906e+03
2.075225060232192845e+03
2.264360020167098810e+03
2.414737908325354510e+03
2.101351631941369305e+03
1.993924727992201269e+03
1.784411985681106671e+03
1.639911877407941574e+03
1.995017316409873274e+03
2.195659545149414043e+03
2.339000855033208154e+03
2.501569591248794950e+03
2.075205680564818522e+03
1.536088879230052953e+03
1.737919851151260900e+03
1.828226138944152581e+03
2.148780706620873389e+03
2.599995357371531554e+03
2.122535697261909718e+03
1.997769598697595484e+03
1.739591767773128595e+03
1.551819191008096368e+03
1.783260359530264623e+03
2.094205112739531614e+03
2.394092349478122742e+03
2.547154988380123086e+03
1.603631573384101102e+03
1.440726157815413217e+03
2.172432927248865781e+03
2.391724927078186738e+03
2.313219976204596151e+03
1.981264874423464562e+03
1.848203461060853897e+03
2.034540162009214100e+03
2.368914705976734240e+03
2.492603298327118409e+03
1.612847555301241300e+03
1.442903685911161574e+03
2.092678224616628086e+03
2.590048573192929780e+03
2.595462430184037657e+03
2.224598176747892467e+03
1.951257297702348069e+03
1.702948852052505345e+03
1.556103995770277606e+03
2.325405272772480657e+03
2.505796118134306198e+03
2.156392527229830193e+03
1.785141877002897672e+03
1.651092951363169504e+03
1.596362422330343179e+03
1.844003183750922290e+03
2.192667948709023676e+03
2.520988759648483665e+03
1.691899580643301078e+03
1.554145796369044092e+03
2.362339348370214793e+03
2.606361410116685875e+03
1.759554370902386154e+03
1.556902672099547772e+03
2.234767292127059136e+03
2.562481273428295481e+03
2.561430854345239368e+03
1.927099177266585684e+03
1.392122178105138573e+03
1.841436244176369655e+03
2.614193563793422072e+03
2.481315406932481437e+03
1.364300166560767366e+03
1.685838230615727298e+03
2.334980226296693218e+03
2.611743246030685896e+03
2.562527017472281386e+03
1.764149539019448639e+03
1.369179957297720648e+03
2.071298862062465560e+03
2.469741787343024498e+03
2.562709631670666113e+03
2.080501995317710225e+03
1.222687618421129628e+03
1.879728652896915492e+03
2.457949816091694174e+03
2.586127648427586792e+03
1.675457331283613712e+03
1.573607726131275285e+03
2.105227314512821067e+03
2.577145203410673275e+03
2.525740887384410144e+03
1.828800505057934060e+03
1.503152073970243691e+03
2.023466346300232772e+03
2.175349166094184966e+03
2.513337004203362085e+03
2.143890036351648178e+03
1.296083167085996138e+03
2.061621508436302520e+03
1.868663723019609279e+03
2.213920947831863032e+03
2.569845061069854637e+03
2.207649626687286400e+03
2.300541474489013581e+03
1.283682230718813344e+03
1.681505288088811994e+03
1.974960079925547689e+03
2.143634080806724342e+03
2.355010698604074150e+03
2.238214314933291917e+03
1.700279758326346382e+03
1.716839702884387634e+03
2.110239984642743366e+03
2.340623510542139229e+03
2.551746351220243469e+03
1.970266632787585195e+03
1.852720241207998015e+03
1.575166452592978885e+03
1.628750649654790323e+03
2.108752841908846221e+03
2.394517838656440290e+03
2.549320278761337704e+03
2.224430738897389801e+03
1.527727419114452005e+03
1.674709925576243677e+03
1.881988934511932484e+03
1.973964623665615591e+03
2.481992222044846585e+03
2.441986105478643367e+03
2.258277900685815894e+03
1.744254925260057462e+03
1.356579263768191140e+03
1.856848184453051317e+03
2.396884369643990794e+03
2.614386906212107533e+03
2.507422393915325756e+03
1.149364433729940174e+03
1.714905873490495651e+03
2.664001570046824327e+03
2.585610480498777179e+03
1.767181592811879682e+03
1.375454087215619666e+03
2.015171829361795290e+03
2.535834550722971471e+03
2.501693478838531973e+03
1.972842852859917457e+03
1.493088574436407953e+03
2.069655669787471652e+03
2.391543587253268015e+03
