2.465693256331754128e+03
2.321670186188980551e+03
2.125594537012929777e+03
1.929336290795591140e+03
1.598802838193977550e+03
1.708407859420514114e+03
1.992721967838861701e+03
2.198468912051368989e+03
2.337218686700859962e+03
2.354019310318417411e+03
2.176959740127116220e+03
1.614575130861495381e+03
1.511856444606654804e+03
2.000450787716343257e+03
2.693119716410069486e+03
2.328369184354418394e+03
1.567404905290194620e+03
1.787947695875205227e+03
2.475770101464725030e+03
2.501759696337755940e+03
2.257782933215483808e+03
1.770353505044299254e+03
1.540710666799495357e+03
2.134249983781736773e+03
2.749654742917777639e+03
2.306406314108681727e+03
1.660107516102697446e+03
1.411084665833353711e+03
1.689785587540313145e+03
2.470912453139847912e+03
2.528064642175003883e+03
2.002253821142933020e+03
1.540238112945726016e+03
1.468048771341831298e+03
2.189268719366044934e+03
2.875594946977240852e+03
2.206131599323765840e+03
1.734340723261845824e+03
1.579499618994078901e+03
1.828127104947056978e+03
2.306277364355489226e+03
2.464508705709808510e+03
2.347350064731184375e+03
2.074057378143727874e+03
1.547296839441646398e+03
1.538690379356525227e+03
1.933313661665730478e+03
2.331876084792281745e+03
2.435088763974324138e+03
2.297408886523210185e+03
1.939980273810512244e+03
1.549248593631021777e+03
1.647696498540009998e+03
2.024155645437063413e+03
2.269558661694310103e+03
2.559659162878518600e+03
2.161996101006174740e+03
1.790380421748213621e+03
1.861026259206978011e+03
1.897680072753167678e+03
1.595914372567450300e+03
1.724714947396934122e+03
2.577227104017983038e+03
1.814498015822983234e+03
1.475712200023748210e+03
2.099473359053061358e+03
2.519273294159900615e+03
2.572061540572866761e+03
2.364081964883977889e+03
1.975374543975835877e+03
1.643771484349311322e+03
1.612255092049791301e+03
1.729819998076854290e+03
1.777417258058929519e+03
2.034669270904289533e+03
2.302549177358606357e+03
2.370613109542420261e+03
2.309741847484089249e+03
2.404880146548120138e+03
2.259958305222541185e+03
1.856592690201516461e+03
1.592899440466677561e+03
1.550921834162162440e+03
1.935822470955274184e+03
2.241773581179319990e+03
2.412634314591661223e+03
2.572948738387989124e+03
2.404095884384557394e+03
2.108486403723883996e+03
1.757609153514054924e+03
1.587671424679181200e+03
1.636199033227077280e+03
1.661922231789685156e+03
1.954420228723313130e+03
2.273268428249800763e+03
2.474773191163715182e+03
2.488577975156233151e+03
2.296733844981265065e+03
1.798868181085551441e+03
1.597341325899692265e+03
1.719178376332391963e+03
1.909689815080576182e+03
2.187964798417078782e+03
2.197493216708390719e+03
2.356844097223288827e+03
2.669618580800789459e+03
1.313898321616067506e+03
2.278515422576102537e+03
1.361490692595391920e+03
1.790280700437396263e+03
2.865834763705129717e+03
1.805336006719933039e+03
2.698743325337738497e+03
1.787071423031736231e+03
1.716892188458193004e+03
2.069451839164883040e+03
1.346205065722020208e+03
2.152011744398505925e+03
2.194424105888524082e+03
2.176916191519780114e+03
2.139162047357117899e+03
2.475502222143935342e+03
2.538734261915523803e+03
2.147545056109830512e+03
1.260196164671124507e+03
1.669238222575773079e+03
2.582461412532002214e+03
2.606119707105545331e+03
2.136342552622342282e+03
1.902374287599888476e+03
1.571595572354318392e+03
1.461890262995219928e+03
1.726065386168576879e+03
2.350382090696917203e+03
2.788489036634730383e+03
2.567906501673900493e+03
1.445770527311626665e+03
1.137672795291513467e+03
2.510573757013670274e+03
2.779647936648245377e+03
2.235239597601914738e+03
1.365416862716496325e+03
1.643053715976231842e+03
2.485816723498773626e+03
2.561046249279716903e+03
1.792525446268666883e+03
1.628718959609256217e+03
1.660911817808514570e+03
1.843703744948962367e+03
2.349465788781245919e+03
2.230961691973021971e+03
1.812698685980868959e+03
1.778635750807451586e+03
1.802694195700552882e+03
1.945305695948962921e+03
2.006150452128915958e+03
2.072263582606901764e+03
2.176193549944864571e+03
2.161896724317369717e+03
2.134214054279068023e+03
2.077632999753096556e+03
2.119008245638667177e+03
2.229489737898377825e+03
2.218003081720607952e+03
2.020591751449544063e+03
1.638898011394481045e+03
1.790811276822785430e+03
2.071306642618948899e+03
2.401659599013505158e+03
2.572760555325603036e+03
2.479424785393448019e+03
2.395195168790226489e+03
2.104606715029918178e+03
1.801350694467305175e+03
1.579801064758462644e+03
1.829730422862251089e+03
1.703829839028700917e+03
1.877946110405724539e+03
2.236336306506825622e+03
2.358782874213435662e+03
2.446421508626813647e+03
2.137357910423412250e+03
1.485541047218341646e+03
1.699709747290173027e+03
2.233402882302426860e+03
2.533204941438485548e+03
2.492541736582550129e+03
2.313957773146974887e+03
1.795541555049484714e+03
1.641808387434116639e+03
1.856972368679309966e+03
1.619309471768935964e+03
1.682071894381087759e+03
2.153717831102442688e+03
2.354099314518615756e+03
2.614139592804745007e+03
2.376782063510427179e+03
2.042421313454410893e+03
1.480148986232466768e+03
1.345783462214565134e+03
1.561031567975226380e+03
2.135639275954538789e+03
2.419937087663808597e+03
2.479527033692048008e+03
2.359680483190255927e+03
1.698949370899010773e+03
1.702447605132261288e+03
2.170246640294041754e+03
2.621324407171303392e+03
2.849182792162318037e+03
2.237686012598844172e+03
1.509158851545785637e+03
1.371049439648305452e+03
1.747445061441952930e+03
1.767291467276805406e+03
2.282794720396769662e+03
2.539135237851990951e+03
2.044642973711242348e+03
1.790216835178041720e+03
1.839036799944907443e+03
1.580549146957986977e+03
1.731953157562481010e+03
2.079152805197029920e+03
2.318476375687901054e+03
2.372036243293056486e+03
2.314541435531194566e+03
1.822934009334875782e+03
1.796890452970962315e+03
2.856476090955870404e+03
1.672445580498680101e+03
1.572663590353342670e+03
3.000000469426369364e+03
7.537354673216867695e+02
2.257835139415126832e+03
1.724429246533358537e+03
1.945438592709655040e+03
2.508860043990205213e+03
1.819782509436866121e+03
2.531992170813287885e+03
1.685910882878166831e+03
1.560016244927776597e+03
2.583616686326016861e+03
1.692446087592469439e+03
2.263235445308958788e+03
2.043885882768218380e+03
1.908837063614484350e+03
1.979963635867572975e+03
1.983397382718366771e+03
2.186880013771642552e+03
2.188447838099762976e+03
2.059282078397130590e+03
2.009690764068178396e+03
1.967139711701402348e+03
1.676931136007388204e+03
1.684701490494368045e+03
1.961486287171378990e+03
2.369712123498173696e+03
2.457126855853293364e+03
2.330161397476604179e+03
2.122443708867128407e+03
1.730033356504903850e+03
1.746139873162840104e+03
1.802095075263405533e+03
1.884379873300495092e+03
2.018739447290640328e+03
2.477995700448731895e+03
2.397739478502992824e+03
2.410604410197121069e+03
2.305450732109869023e+03
1.989687676602124384e+03
1.631414176009523089e+03
1.438043408369527469e+03
1.771590698517137980e+03
2.299055768735325273e+03
2.562985221494353482e+03
2.647901150125293043e+03
2.172141179597670543e+03
1.667457133756814073e+03
1.410775361389307363e+03
1.905753300641456917e+03
2.410152245047096585e+03
2.495300897601839097e+03
2.098621097375431873e+03
1.336951073435574017e+03
