8.875957962425550249e+02
1.342320174215540419e+03
2.558888583077299700e+03
2.012399351285176408e+03
2.056287770806932258e+03
1.620728048356073487e+03
3.262276043448432574e+03
2.747397109217423804e+03
2.371605504947094687e+03
2.303000275969800896e+03
7.890248328646790696e+02
1.225667637357028980e+03
2.370704158002718032e+03
1.951641376971707587e+03
1.988884988934495823e+03
2.476899242661250355e+03
2.247242845846614273e+03
2.454933859153042249e+03
2.058001180550735171e+03
2.341639032841402695e+03
2.545752155878272788e+03
2.110114565856456920e+03
1.544171529485832025e+03
1.247198649597244639e+03
2.184705346046614068e+03
1.678824243042705120e+03
2.268862188606830841e+03
2.046601985394246867e+03
3.139992638935909326e+03
2.961020694907243069e+03
2.237520143725909747e+03
1.431947340243709505e+03
2.192936295798881019e+03
2.167428049171994189e+03
1.597054011288832271e+03
1.966266554799694632e+03
2.480295095706018401e+03
2.775867445101618614e+03
2.472260490687440324e+03
2.065019093623412118e+03
2.115021843392281880e+03
2.376932675234968883e+03
2.212528559815326389e+03
1.303120617758044773e+03
1.458183196213576821e+03
2.709166900647589500e+03
1.615960543637848104e+03
2.181589013032093135e+03
1.898018690594822147e+03
2.446813979893050600e+03
2.725625327008011936e+03
1.862558847354758200e+03
1.681577067893276080e+03
2.369813385075255155e+03
1.645734696671444226e+03
8.834933213472911575e+02
2.160064998215373180e+03
2.756571923785452327e+03
2.871234174593035732e+03
2.664230979241218847e+03
2.653527571357847592e+03
2.377273714982619822e+03
1.925048508710743135e+03
1.286398312130149861e+03
2.146980747997886738e+03
1.700919446025746311e+03
1.735987032063236029e+03
1.814699196186821382e+03
2.611915438038074626e+03
2.517072166125532021e+03
2.086349141397201038e+03
1.739667351983151775e+03
2.236868762526127739e+03
1.789260894530278847e+03
1.407314310776543834e+03
1.633428864863825083e+03
1.418143148428397353e+03
9.432687903217146186e+02
2.120071911181621999e+03
2.507580769059984505e+03
3.215689128107704619e+03
2.562233763530989108e+03
1.775177603069688530e+03
2.010752621715720579e+03
2.363482993458408146e+03
2.200360816832510409e+03
1.989730917383469659e+03
2.499247944621555234e+03
2.371765506049477153e+03
2.223964619024304739e+03
1.880820023598533680e+03
2.560013553604339904e+03
2.332241338851066303e+03
1.792204239764606655e+03
1.298045240202402056e+03
2.257456950550947568e+03
1.847165089706511253e+03
9.700585464282588646e+02
1.350003434006183852e+03
4.185674232952725106e+03
1.098648395295243290e+03
2.764411144866254290e+03
2.546591428328590609e+03
3.512045512494439663e+03
1.789937641446728094e+03
8.861206451055260231e+02
1.575505730747140888e+03
3.310332456760301284e+03
3.755336764122020554e+01
2.768040316296842320e+03
1.067386849043129814e+03
1.737484285606189133e+03
2.389387987680007882e+03
2.151021111647542511e+03
1.983828627488604297e+03
1.392983064488865466e+03
3.463819391949990404e+03
2.685163045749536650e+03
3.544531667383533659e+03
-1.121187358051239045e+02
2.675910947484792814e+03
2.756209466418344164e+03
2.169520577378518738e+03
2.378474200339373965e+03
2.097897148562289658e+03
2.113881708577406698e+03
2.131247538359970804e+03
1.980131664867395330e+03
2.262167230565570208e+03
2.353829128727317766e+03
2.153495383756969204e+03
1.884794481552451771e+03
1.835939391679573191e+03
1.621622956073823161e+03
1.728097287300280414e+03
2.407860056736462866e+03
2.133275146117339773e+03
2.095789450436461721e+03
1.450082769036819400e+03
1.921965751916315867e+03
2.971043019164671932e+03
2.430815786379114797e+03
2.079948220171455432e+03
1.536321523878786365e+03
2.876781312072739638e+03
1.923191490434514435e+03
1.829270528206316158e+03
1.239644081270862671e+03
2.298202374520719331e+03
1.888352540214153123e+03
1.488224917228728373e+03
1.894911007732660210e+03
2.636662042998315883e+03
2.480545409914747779e+03
1.963263707565772165e+03
1.963691846270340420e+03
2.984665336005985409e+03
2.325362265259241667e+03
1.677659933272299213e+03
8.334921515388992930e+02
1.738195533734457740e+03
1.066981141606249537e+02
2.180155205192809262e+03
2.601902882594910352e+03
2.437772855334299038e+03
2.659754371701821128e+03
1.663233575128081611e+03
2.633926010399914048e+03
2.030043368144626811e+03
1.570249666909647203e+03
6.783206086216086987e+02
1.671107913276137424e+03
1.966022030020257262e+03
2.067225196323612636e+03
1.783477444903147443e+03
4.080792336350078585e+03
3.466754653451108652e+02
2.553740261691229989e+03
1.909545569440950430e+03
3.392370149389249491e+03
2.416061534887248399e+03
1.632970486516921937e+03
1.378563891583982240e+03
2.120591503062476477e+03
2.551346812224758196e+03
1.853009550517555226e+03
1.556538629911999578e+03
1.905495019070114722e+03
2.285752803874617712e+03
2.267805059025572064e+03
1.929629834725976480e+03
1.962254314599219697e+03
2.337744650952962729e+03
1.943661155281179617e+03
1.547687843975345004e+03
1.695493303916482546e+03
2.802013799654327158e+03
2.054989359951681308e+03
1.507610118878995536e+03
2.139939304075301152e+03
2.959436513244860180e+03
3.059728029715126013e+03
1.319036602336540909e+03
1.009607633592008824e+03
1.695368292402804400e+03
2.402569797400376956e+03
2.213929464878332055e+03
1.952280898021463145e+03
1.682411241498141635e+03
1.890157579615116447e+03
2.723019009384666333e+03
1.980357890381916604e+03
2.117665473483039023e+03
2.407347720944638695e+03
2.257156721153821763e+03
2.037759373756608738e+03
2.260401613827880283e+03
2.466666686275003030e+03
1.578022629119242538e+03
1.168709037533391665e+03
1.612323361369170243e+03
2.486324541320836033e+03
2.328692995987308677e+03
2.140391055025506375e+03
2.329597525261759529e+03
3.445955753648858263e+03
2.799610110898780931e+03
3.986209390112073379e+03
3.542859388853580640e+02
4.157675491493414484e+03
7.544234995745824790e+02
8.865202899190608150e+02
1.730129757679064824e+02
3.620078281638129880e+01
3.925366593988311706e+03
2.010143168357322338e+03
6.980220521032567831e+02
2.012672552433984038e+03
2.031656652342838015e+03
1.517346172279090752e+03
1.795401518630547798e+03
2.402603711154053144e+03
2.914954269827837379e+03
3.093110435342719029e+03
4.275589784621768530e+01
2.223011948277266129e+03
3.100021643155488619e+03
2.572800454085459933e+03
3.385209012629991776e+03
2.441400008686868205e+03
1.742985943291237845e+03
1.445802459904664374e+03
2.036715892771226663e+03
1.924188422837473126e+03
2.045901591894682952e+03
1.989204379632152040e+03
2.278488470152699847e+03
2.305725755523984844e+03
2.234216236912314343e+03
1.808773125680182829e+03
2.548760218948082638e+03
2.331934683014208531e+03
1.926304410809503679e+03
1.282496848006697974e+03
1.910622575770188405e+03
1.374163025939874160e+03
1.739814224033145138e+03
1.869019639765760530e+03
2.359357341329558949e+03
2.761878879334712565e+03
2.413170201903045836e+03
2.019624029623322485e+03
1.595560018425195722e+03
2.298360219009638968e+03
2.264364615091994438e+03
1.831703933502833706e+03
1.538762270369460111e+03
1.596304895270823408e+03
2.434050868524406724e+03
2.616618836416193517e+03
2.468990947207325007e+03
1.727671810600478238e+03
1.922159354134597834e+03
2.702148216310584303e+03
