1.624585604934116873e+03
2.038199781716979487e+03
2.476967153161529495e+03
2.265827501714548362e+03
1.596097103562011398e+03
1.952873335058643534e+03
2.431287398904998554e+03
1.785566321926951559e+03
1.764128334320099839e+03
2.027492667301950178e+03
2.436929268458278784e+03
2.574263291955562636e+03
1.721975342702047783e+03
1.927782887635672751e+03
2.600449887251419568e+03
2.413395051537356721e+03
2.187557439906470790e+03
1.904494400319138549e+03
1.546402489521686448e+03
1.634473700076710657e+03
2.125566620800219425e+03
2.129415197342939791e+03
1.510999598011901526e+03
1.671108993866202582e+03
2.135832957271089526e+03
2.527863582536811464e+03
2.155246720610026841e+03
1.712187400180465829e+03
1.808241048386826378e+03
2.089725691788777112e+03
2.418520867512920631e+03
2.587079619412958436e+03
2.399010701357512517e+03
1.746609427948230177e+03
1.435599329379818755e+03
1.851638589127716386e+03
2.228878087587440859e+03
2.323567304218338450e+03
1.946547578751345100e+03
1.841368714350917344e+03
2.229960588465697583e+03
2.380136514059814090e+03
1.999840293337615776e+03
1.959065820783330309e+03
1.857517833403298710e+03
2.041675833526501265e+03
2.561609895287981999e+03
2.014224456267192181e+03
1.801258927530039955e+03
1.916234435848543853e+03
2.189599290558384837e+03
2.591219467090912076e+03
2.039990173525445698e+03
1.625133708226746421e+03
1.912828601447280789e+03
2.315900434718293127e+03
2.573452822525012380e+03
1.882270174628993573e+03
1.612152113411110122e+03
1.832286034751999068e+03
2.244459387273669563e+03
2.554686530981033684e+03
2.345828355230290526e+03
1.750607395023827621e+03
1.561046247368211652e+03
1.771661276635801642e+03
1.901125920041529753e+03
2.410638164316360417e+03
2.351447000302035576e+03
1.460497009275675737e+03
1.678979347706511362e+03
2.129088975815749563e+03
2.495597297281299234e+03
2.243896486561503025e+03
1.715603023182403149e+03
1.699830170546100135e+03
2.064884925654683684e+03
2.133889173567265516e+03
2.077944388385246384e+03
1.975051519426144296e+03
2.020391939355329441e+03
2.136203381642992554e+03
1.838089956029292352e+03
1.601558150388870217e+03
1.738551729745940520e+03
1.989967452753240195e+03
2.457019922911655613e+03
2.144277658030561724e+03
1.707361335381263189e+03
1.850152230189578404e+03
2.229282910084439663e+03
2.582281990155095627e+03
2.684433870566836504e+03
2.321263630174893024e+03
1.603053209726483601e+03
1.623285856393094946e+03
1.982261690799520011e+03
2.467578283230426678e+03
2.154528773112318959e+03
2.642304195428268486e+03
2.175650503199031391e+03
1.979037167479192476e+03
1.533425124011683465e+03
1.882944930192380298e+03
2.378141155720617917e+03
1.192842921547385004e+03
1.487326377142175033e+03
1.513898070863034263e+03
1.916533350566365243e+03
2.234637530601524304e+03
2.432987909114954164e+03
2.114904542356044658e+03
1.753631783715792835e+03
1.705690002811764316e+03
1.880811319868671490e+03
2.260340970869270222e+03
2.422064871647383370e+03
1.968644583357703596e+03
1.163617569432515893e+03
2.421360414417559696e+03
3.158681253681190810e+03
2.603917145094356783e+03
2.668680127405252279e+03
2.685641234188751241e+03
1.640043171655711149e+03
1.351151481664216362e+03
1.998841179495067991e+03
2.001974410256924330e+03
1.656446194054328316e+03
1.803242120636271238e+03
2.353433677936060576e+03
2.294543993081942972e+03
1.670138838179654385e+03
1.902918981335512854e+03
2.433294494527710413e+03
2.666749368047937423e+03
2.357407854440293249e+03
1.601682358032747516e+03
1.964515639156762973e+03
2.638214102354088027e+03
1.747842884097125761e+03
1.519486834675748469e+03
1.865913435328697688e+03
2.363788798956464234e+03
2.501913979972103789e+03
2.159817754437406165e+03
1.793468878870946810e+03
1.689636257213848921e+03
1.782478028729338348e+03
1.686178700153198179e+03
1.886716318408454526e+03
2.421193605344045864e+03
2.285001554488549118e+03
1.590565107340911709e+03
1.646327193693994104e+03
1.991772416799453822e+03
2.293501441921955120e+03
2.530157368614474308e+03
2.497651178292000168e+03
2.112899522379624159e+03
1.836708075455663902e+03
1.795775762111096128e+03
1.778066958935109142e+03
1.693909042349270294e+03
1.815567030533058869e+03
1.854516416224955265e+03
1.921968102251962591e+03
2.131615106817856031e+03
2.328703399396517852e+03
2.478087212953536891e+03
2.400503755864162486e+03
2.123144406997815622e+03
2.075325333927677548e+03
2.042067361262083750e+03
2.041377371397762317e+03
1.914713643681129270e+03
1.821225323345707238e+03
1.896370994739655544e+03
1.921774524898396521e+03
2.042387755904636606e+03
2.161792028658296658e+03
2.126460457542683343e+03
2.141389247738406993e+03
2.354974764266419243e+03
2.099423087507512719e+03
1.788055341423973005e+03
1.415039547647792006e+03
1.573624103977573895e+03
1.956016012682005112e+03
2.199670786605642206e+03
2.438824425644892472e+03
2.100863836938020086e+03
1.833357785819999435e+03
1.870338788945181477e+03
1.889154884831229538e+03
2.188131932901668733e+03
2.578555157071683425e+03
2.333278356771925246e+03
2.011499336103509222e+03
1.972004098657631403e+03
1.935894394962901742e+03
1.856739348659568350e+03
2.030018026332349791e+03
2.501031257067933893e+03
2.124169665561802503e+03
1.790769920675936191e+03
1.687711347746596630e+03
1.954433588294284846e+03
1.898755924272104949e+03
2.161646836321617684e+03
2.322929697897330243e+03
2.163671506307421168e+03
2.166189990623266112e+03
2.156762116237214286e+03
1.706633019400094327e+03
1.562821966839097513e+03
1.960994187170241730e+03
2.223017107733943249e+03
1.711095735539201996e+03
1.714616819488743204e+03
2.088960269587051698e+03
2.461218272013526530e+03
1.818728783074799594e+03
1.506990577219925626e+03
3.383898176658474313e+03
2.029338424638324113e+03
2.315898384729625832e+03
2.809984640315750312e+03
1.900495559333196297e+03
1.615316409506542414e+03
1.661514272210393301e+03
1.994065674408866244e+03
2.106148415960526563e+03
2.161129977346418400e+03
1.773357249271246246e+03
1.926800643132351297e+03
2.165369193462426210e+03
2.346697000357276011e+03
1.991164566662274410e+03
1.895895630776401958e+03
1.968569873332792440e+03
2.351055522582000776e+03
2.398799424687542796e+03
1.659033544120112765e+03
3.938181439451332722e+02
1.723684353637544291e+03
3.298159694281071097e+03
2.214050908876227822e+03
2.377065246806922005e+03
2.140829340250526457e+03
2.071044938788494164e+03
2.329323449451512261e+03
2.406026344676830831e+03
2.034723002716314340e+03
1.583198030377156556e+03
1.767343313695979077e+03
2.151846892613977161e+03
2.394295230433601319e+03
2.425670285535872608e+03
1.936631966554850123e+03
1.685589281295544424e+03
1.924047595243987871e+03
2.244401784816077907e+03
2.507894805985657058e+03
2.405600311489883097e+03
2.154973039454578156e+03
1.763837214448860777e+03
1.847264651896841997e+03
2.285020616103014618e+03
2.263066662969391018e+03
2.112949620924035116e+03
1.746571454282247487e+03
1.944141319514217685e+03
2.547078286447507253e+03
1.837896812368752308e+03
1.514100114101097006e+03
2.050617341665011736e+03
2.565293017603580211e+03
2.209401771548930355e+03
1.692947055297704992e+03
2.033239522005673052e+03
2.451371808316425358e+03
2.200421154495411429e+03
1.881043733024289395e+03
1.995129632844345679e+03
