2.298168051472363004e+03
2.345473352482286373e+03
1.909015031449912840e+03
7.343385958341447122e+02
1.935965300846735772e+03
4.081218868658375413e+03
4.048572042498949941e+03
3.768477997347592009e+03
3.486977796707650668e+03
2.486127012804904098e+03
2.108038462746505502e+03
2.926929417658078819e+03
2.656343853898209090e+03
1.686816607053949156e+03
1.688184522958501020e+03
2.195636739798354938e+03
1.825764295357342917e+03
1.913025414467461133e+03
2.318313425322779949e+03
2.228906451413842206e+03
1.834009793860592936e+03
1.801188706227766488e+03
2.471381812874291427e+03
2.461591259490519406e+03
1.464745177876128309e+03
1.814134792321992791e+03
2.137143204584606337e+03
2.256739458190574624e+03
1.974228242805677155e+03
1.789375453669785202e+03
2.154567686462780330e+03
1.600914359056786907e+03
1.985559854913070922e+03
2.650059919936949427e+03
2.032113321408923639e+03
1.582048335671203859e+03
1.818499681351984236e+03
2.604496906227540876e+03
1.985393106833331103e+03
1.874115142712388206e+03
2.251890400653025154e+03
2.100980468540376478e+03
1.883382622714791069e+03
2.438985142545281178e+03
2.101450563207943105e+03
2.047267000559730604e+03
1.552270201773949793e+03
2.651240885078729207e+03
2.422195559872751346e+03
1.592665141883747310e+03
1.785043572051955380e+03
2.235319548520998069e+03
2.126408853220615583e+03
1.990365533356321293e+03
2.091253825933626558e+03
2.177583858885033806e+03
1.814885689834581854e+03
1.922439623713713672e+03
1.823486081645676222e+03
2.435246839242573515e+03
2.263711555078303718e+03
1.555714468618490855e+03
1.763036985158115840e+03
2.264102001003567693e+03
1.910345147324719846e+03
1.933850850963498033e+03
2.160995754316968032e+03
2.167999671716788271e+03
1.809802459716629073e+03
1.863598490012698221e+03
2.645417842378503337e+03
2.027038211075060417e+03
1.790196001393179358e+03
2.020705856137706633e+03
2.500817697405298986e+03
2.443473471094595880e+03
1.860609896192369888e+03
2.051108465873496698e+03
2.043285538666023058e+03
1.930993832695066885e+03
2.516727637721728570e+03
1.920576182007551324e+03
2.398424155627437813e+03
1.778645365507717770e+03
1.715867222714825175e+03
2.420562004126615648e+03
2.300977053975641866e+03
1.876270124720522745e+03
1.454006975832204944e+03
2.494652756826824316e+03
2.394523361967778328e+03
1.651584857895036293e+03
1.898722172599468877e+03
2.282092924161815972e+03
2.192150121265917733e+03
1.751216990946415308e+03
2.280513120364409133e+03
2.160403025873377828e+03
1.707085084878474845e+03
2.723302897444680184e+03
2.020795101808079380e+03
3.579359583486529573e+03
-7.427267074893111953e+01
1.213652138352359998e+03
2.615703733958036992e+03
1.905861920682966002e+03
1.964819546872515502e+03
2.095485607487239577e+03
2.109980979622348059e+03
2.130019843510527608e+03
1.925017897434446013e+03
2.033365927355790518e+03
2.169903134913052327e+03
2.024912472910202723e+03
1.748103189056496831e+03
2.445795064896154599e+03
2.075480092757580223e+03
1.601703372620792379e+03
2.043603861340226558e+03
2.195189246284622641e+03
2.433104649943948971e+03
2.080836329414154989e+03
2.046410251998360536e+03
2.090068847766296130e+03
2.099291635040724941e+03
1.984103037057096572e+03
2.367015262617766439e+03
1.778983918474044685e+03
2.129431764660138924e+03
1.989411590841785255e+03
1.468794911733950357e+03
2.588578026503334513e+03
2.224056328742903133e+03
1.665821038416035208e+03
1.751567486331915688e+03
2.207420503009321692e+03
2.714104433766856801e+03
1.803327433760729264e+03
1.756558820533968628e+03
2.105096607298345589e+03
1.780119870041969989e+03
2.364980220475635178e+03
2.249119559765014856e+03
2.108861116248467169e+03
1.802082600634971413e+03
1.861674499120807468e+03
2.424659714668896413e+03
1.953676850825963356e+03
2.143330280588112601e+03
2.236519172281368355e+03
2.213612679863359972e+03
1.736861610984142089e+03
1.855569056235746075e+03
2.453090073713460242e+03
2.187982264526595827e+03
1.679973420298029396e+03
1.847484126481208250e+03
2.268936798891409126e+03
1.690595950965292332e+03
1.945747261612840475e+03
2.236938775271182749e+03
1.778989773396025384e+03
1.904691562730162786e+03
2.729157575295259448e+03
1.883950232461343376e+03
2.073036671225050668e+03
1.852651725378451374e+03
1.743066932267029870e+03
2.140844218993138838e+03
2.671870813843302585e+03
1.906648040994933581e+03
1.854796567892991561e+03
2.079611142557595485e+03
2.361616906088909218e+03
2.220581828199718984e+03
1.938800300716671245e+03
1.926077640615292239e+03
2.437298107118342614e+03
2.075289865029891644e+03
2.064983684035549231e+03
2.005638556385817992e+03
2.420679149620203589e+03
2.103949448505707551e+03
1.826228202481348490e+03
2.302008349260912837e+03
1.994327064659599273e+03
2.059246974704622517e+03
2.207145888232512789e+03
1.454923619774349618e+03
2.263236367299749418e+03
2.369714344724725379e+03
1.879074545767642576e+03
1.634806921610005702e+03
1.835290957107501981e+03
2.415391382869720019e+03
2.186220108066045213e+03
1.579791816355280162e+03
2.022325623565684054e+03
2.355990322260191533e+03
1.911905409497670007e+03
2.176425671706284447e+03
2.051863787413904902e+03
2.346745647872855898e+03
1.756774416166103265e+03
1.811428091328374421e+03
2.745946672759318517e+03
2.410123213332738942e+03
1.641159220274998461e+03
1.891930996726330477e+03
2.253236217571056841e+03
2.061024975553251807e+03
1.749204407903672745e+03
2.184644669148300181e+03
2.171203226737914974e+03
1.882257558334356190e+03
2.019156301774768735e+03
3.385745044685744688e+03
2.196824178792967359e+03
1.298504691996290376e+03
1.488165572769574510e+03
1.752220655180358790e+03
2.326365752633500051e+03
1.736412229481054283e+03
2.113164405236152106e+03
2.229797271892082790e+03
2.159933501472367425e+03
3.351900526747426738e+03
1.937760364027810056e+03
-7.075040273346722586e+01
9.585242694736679141e+02
2.634192619303052652e+03
1.750552155639861894e+03
2.459124757798113023e+03
2.170311774451883593e+03
2.179077229411440385e+03
2.070043833224676746e+03
2.080942586297567232e+03
2.761012400715766489e+03
1.873334727280395782e+03
1.764703179192106290e+03
2.290841684650074058e+03
2.172126652694013501e+03
2.351729747556385973e+03
2.053183409064834905e+03
1.395829042631169159e+03
2.134117690928212596e+03
1.955143886029457462e+03
2.342496167970275110e+03
2.873596126717584866e+03
2.021874148230075889e+03
1.784264804517262974e+03
2.293519170752389527e+03
2.200977481759787224e+03
2.106950152765622533e+03
1.805749894932322604e+03
1.764306873853824527e+03
2.428966210386034618e+03
1.628019104537288740e+03
2.539083302998310046e+03
2.569709787661802238e+03
1.645815185199209054e+03
1.645625589270273167e+03
2.053223529773661994e+03
2.302108136805753929e+03
2.034943185074723033e+03
2.082569683768173491e+03
2.127503244456814173e+03
1.897509189053338559e+03
1.822649060286406211e+03
2.251366943058179459e+03
2.448499676052847917e+03
2.258800935120394115e+03
1.955651430364176576e+03
1.640064866446261476e+03
1.930792786858605268e+03
2.548268601845359171e+03
1.712100921986898584e+03
1.760781894537380822e+03
2.251587229702352943e+03
1.488610981445037396e+03
2.057733476395407251e+03
2.417215989328718479e+03
2.194665425389684970e+03
1.766221434228705220e+03
