4.055554460331244627e+03
2.777726634733859555e+03
3.057702614220111670e+01
9.613798773816417906e+02
1.534866456061838562e+03
2.323417994337553864e+03
2.336206407324434622e+03
1.464105357844193577e+03
1.893508736334885725e+03
2.195175200898353069e+03
1.849914527828140763e+03
2.563937918985539000e+03
1.796208352170938042e+03
2.116996744010620660e+03
1.958735890870465937e+03
1.898190252268665063e+03
2.458556553726505626e+03
1.649168301989426709e+03
1.890112069087565715e+03
2.451210739686688612e+03
1.726884739953961116e+03
2.123906378984098410e+03
1.509642419016158328e+03
2.282529474064956048e+03
2.550180254770487409e+03
8.708842815850620127e+02
2.499491895064571054e+03
1.618453382430317106e+03
2.636454291277805169e+03
2.019993891451157424e+03
7.640147563936474171e+02
2.635416053042626572e+03
2.361048171328623084e+03
1.795534931773297785e+03
1.747771797896410362e+03
1.655309156140509003e+03
2.844177099684761288e+03
1.603411957185553547e+03
1.342663326891560473e+03
2.313690523811692856e+03
1.700986447699844348e+03
2.702458302831576020e+03
1.874130065520559128e+03
1.620701797145861747e+03
2.275205786159253876e+03
1.951482236226212763e+03
2.490961059842644318e+03
1.593125187668904118e+03
1.805780438983946851e+03
2.565960726274604440e+03
2.127853532512319362e+03
1.621060968980877988e+03
1.786569570678214177e+03
2.152373542595134495e+03
2.743127331977537779e+03
1.281883144189669792e+03
2.227029558870615801e+03
2.076450850612636259e+03
2.399831728310750805e+03
1.621011247300302330e+03
1.481405888028401250e+03
2.506277510772958067e+03
2.098313000921214552e+03
1.507454556371649915e+03
1.979647190764191464e+03
1.636312049827525243e+03
2.966984779653108490e+03
1.699224830252679112e+03
1.361064380177415387e+03
2.305230053359593057e+03
2.226791125154589281e+03
2.171284613142148828e+03
1.410829797650682622e+03
1.753561528043753469e+03
2.829021069913425436e+03
2.120795234121480007e+03
1.705921964190519702e+03
1.641552280830200743e+03
2.087736073132659840e+03
2.548951421797215062e+03
1.579419892329635104e+03
2.038865370966226010e+03
1.408409855940137049e+03
2.949629690374367328e+03
1.663872839731015119e+03
1.342066826624671194e+03
2.150212561072104563e+03
1.902194259226947224e+03
3.161144554151898319e+03
1.312688287480008285e+03
1.910728596450918076e+03
1.719878660696503857e+03
2.695505561432423747e+03
2.123542103049366688e+03
1.366034221642788680e+03
2.398755080444987016e+03
2.198325804023916135e+03
2.408094993295577751e+03
1.478279487590948520e+03
2.376742096954847966e+03
2.225660809536754641e+03
8.786350504329635669e+02
2.068497635042280308e+03
1.462384984164756361e+03
2.246550084539587715e+03
2.006152777936943266e+03
1.608357378635396117e+03
2.372976228327524041e+03
1.753534086673418642e+03
2.993339077284292671e+03
1.117609490078078352e+03
2.147404676454034870e+03
2.023413348755519792e+03
2.341176584448332960e+03
1.941923340048340378e+03
1.527746194099688864e+03
2.332486823436855957e+03
1.791314853849296696e+03
1.983267965496829902e+03
1.393726710038981764e+03
1.946914931750294954e+03
2.449131900308940658e+03
1.329261348658977568e+03
2.158403365297047003e+03
1.900499786959313269e+03
2.384334228645809617e+03
2.035453272804892094e+03
1.275999592664832107e+03
2.484792296899942357e+03
1.802558149541963076e+03
2.348308567312035848e+03
1.876256604938533656e+03
1.257626014944489498e+03
2.388018133362236767e+03
2.197390676434084071e+03
1.816729666874461145e+03
1.982079296545528905e+03
1.416255271063451573e+03
2.444324166262051222e+03
2.358898364600780042e+03
1.617155159179378870e+03
2.164106357509457212e+03
1.428610694544386661e+03
2.707925653269239774e+03
2.081239210684495447e+03
1.442443179808129571e+03
1.923695918256887353e+03
1.571946899009529488e+03
2.890421622328352896e+03
2.153025710186300330e+03
1.459207450265006855e+03
1.817212296423103908e+03
1.840878068238124570e+03
3.156182756223377964e+03
1.560709614424398751e+03
1.936569649971748277e+03
1.554579410671079359e+03
2.542269828764023714e+03
2.341516275112062885e+03
1.233845278229044425e+03
2.312049311999713154e+03
1.650922689003137066e+03
2.584002235786085294e+03
1.892804982324116281e+03
1.405058722616873411e+03
2.432662429644047279e+03
2.032156083834765923e+03
1.949284069717787361e+03
1.659644849514879752e+03
1.706142825255980142e+03
2.976707789397680244e+03
1.808803144898302662e+03
1.417201258848924454e+03
2.041404774951170339e+03
2.183003265101816851e+03
2.454813672234033220e+03
1.275105337712530400e+03
2.038309309265441016e+03
2.905288973515007001e+03
1.258458215872140045e+03
1.713952550123720357e+03
2.305768858479501887e+03
2.303323420273037755e+03
1.974795591652395842e+03
1.355168406812637841e+03
1.885635086575591458e+03
2.931054376297433919e+03
2.136692180113069753e+03
1.220970563502452933e+03
2.304692827958734142e+03
2.246237012085352944e+03
2.367104357502509174e+03
1.461763435689725839e+03
1.703492059935551879e+03
2.987011093509467173e+03
1.755177460665872786e+03
1.438803462057891693e+03
2.516484930156529117e+03
2.208613053967443193e+03
1.721312092775128804e+03
1.848805019532120014e+03
1.775277114346095232e+03
2.919265934570973059e+03
1.978973386035113663e+03
1.432078133123351336e+03
2.253631206846398527e+03
1.794970669134102309e+03
2.296798451172214300e+03
2.154600485181879776e+03
2.010049681205731758e+03
2.353363224975637877e+03
1.397598420589974467e+03
1.585547671672753268e+03
2.847257460165273187e+03
2.170263310270017882e+03
1.219008318288742885e+03
2.139164810920980472e+03
1.708516724958846453e+03
3.323786553150091095e+03
1.327259673767746790e+03
1.359904779704577777e+03
2.447779776802771721e+03
1.974879397641383093e+03
3.273395109220260110e+03
4.462119235672803370e+02
1.746366073881636567e+03
3.139743043166929056e+03
1.429463258396213405e+03
2.007058992512751729e+03
2.262922131239309692e+03
1.818991112507348362e+03
2.768313667809464278e+03
1.297496011522198842e+03
2.249713662014638885e+03
2.429608205427427492e+03
1.738475402964894784e+03
2.038849857916102337e+03
1.747952265320319839e+03
2.448699546425929384e+03
2.323836838490496120e+03
1.508247852853495488e+03
2.369430644604124154e+03
2.032526518180475477e+03
1.927735383833208061e+03
2.361653816801989706e+03
1.219433620976796874e+03
1.978487280532479190e+03
2.483987889025565437e+03
1.391869697914083417e+03
2.186141277269527109e+03
1.828734606291401406e+03
2.308328320443664325e+03
1.906359979531299814e+03
1.487772491196389865e+03
2.197047641356910844e+03
2.196241191337262080e+03
2.193372570946759424e+03
1.965919846296684682e+03
1.464197167897877080e+03
2.259977090787051111e+03
2.272879059391224473e+03
1.392047691339333824e+03
2.255245371330560829e+03
1.747265331289131154e+03
3.016836312297930363e+03
1.302631463903123858e+03
1.624973157595289194e+03
2.721210230426445833e+03
2.014494654862565312e+03
1.954761389453819220e+03
1.642943589441852055e+03
2.047865607984941107e+03
2.506209264197233097e+03
1.345806034320288290e+03
2.196065696862535333e+03
1.831984986437540783e+03
2.709560805402596088e+03
1.422197121012441812e+03
1.504607024142690307e+03
2.350992245845526213e+03
1.673315661923882089e+03
2.811761496959182750e+03
1.278327001179146691e+03
1.662740761480856463e+03
