2.862603100374498808e+03
2.267442183218084665e+03
1.626056346452210619e+03
1.968406272140741976e+03
2.345417193726895221e+03
2.043820318737494972e+03
1.610716266057412213e+03
1.626447373773423578e+03
2.278851517368369514e+03
1.755475211403484536e+03
1.918838034780284488e+03
1.410517449268010751e+03
2.513108748320270934e+03
2.133564561186987248e+03
1.489895615813041331e+03
2.270319665402356350e+03
2.652321789456033457e+03
2.457633523019224867e+03
1.752044186561148308e+03
2.176063185828461883e+03
2.076654097086910951e+03
1.887486499547108224e+03
1.320968337622748322e+03
2.391584208964049139e+03
1.707762640848028468e+03
1.776353283077159176e+03
1.893888122387313160e+03
1.963371910553323005e+03
1.837916562166270523e+03
1.770048807929701752e+03
2.389779494510674795e+03
2.470453343220269744e+03
2.047886071258262518e+03
1.690249335035370223e+03
2.092339561530882293e+03
2.262870269360699240e+03
1.158625350795420673e+03
2.611418075420771402e+03
1.811086728299679635e+03
1.627382199324878229e+03
1.627625764775490779e+03
1.834014549553291772e+03
1.444704534213765328e+03
1.441797628896875494e+03
1.494110179274096936e+03
2.499924419969388509e+03
1.168236812941109292e+03
2.576058169443682345e+03
2.547837045469592340e+03
2.002809545469546720e+03
1.845822159420639764e+03
2.315145088469931579e+03
2.126846544872094000e+03
1.893303578565480848e+03
1.922052141118059353e+03
2.707232065728397629e+03
1.832593545486286075e+03
2.756222916098947280e+03
2.438264712293756020e+03
2.336828885892050494e+03
2.063051545918365719e+03
2.479121583171599468e+03
2.115096084292234082e+03
1.301611295298375580e+03
1.731429087629458991e+03
1.856818670983004040e+03
1.882916407408065879e+03
1.008712556681002070e+03
2.856107849684966368e+03
1.678255002864725157e+03
2.245514050062637125e+03
2.038510498054461777e+03
2.839366397721836165e+03
1.754346127245209118e+03
2.126889384596406217e+03
2.054798941818033200e+03
2.325802544955301983e+03
1.997134744106764629e+03
2.400347015390500474e+03
2.372960533925679556e+03
1.785909446036160261e+03
1.470059631819095785e+03
2.024586018220233655e+03
1.873758277827892925e+03
1.064381156166049550e+03
1.771703149942456321e+03
2.186114780349272223e+03
2.082632387889904294e+03
1.541695556067292500e+03
2.020516587435525935e+03
2.509627021592314122e+03
1.521524998138073443e+03
1.627008032511676902e+03
2.361851580788568754e+03
2.243504954541157531e+03
1.662694122189588825e+03
2.428327273644031720e+03
2.154767987157386415e+03
2.006183168693625248e+03
2.186864674230318997e+03
2.371841558808640912e+03
2.109440197486507714e+03
1.792006645279165923e+03
2.384109666094556360e+03
2.286638152048556094e+03
1.300378944409684891e+03
1.785467649988102949e+03
2.300601626433605361e+03
1.633412737837284340e+03
1.049769038100565467e+03
2.189817334835373913e+03
1.897429256667249092e+03
1.739866345706338279e+03
1.230088199620059640e+03
2.464077714908095004e+03
1.983576799518844155e+03
2.008891087255212369e+03
1.399369392615031302e+03
2.263406992822026950e+03
1.759092476865026129e+03
1.780073439095197045e+03
1.251465559075124247e+03
2.312681827700385384e+03
1.691695467974786197e+03
1.763445346240941944e+03
1.621208345712469281e+03
2.357753901044387021e+03
1.558161559078035907e+03
1.634401410920948365e+03
1.512636856748479886e+03
2.230064641662912891e+03
1.648840393369239337e+03
1.670838119079633771e+03
1.235878536598869459e+03
2.360793159032953554e+03
1.695310896615287220e+03
1.891707065369898601e+03
1.230362625356650369e+03
2.524386461806496300e+03
1.802443959425100047e+03
1.929090815734004309e+03
1.531190726561347219e+03
2.594886278124369255e+03
1.861426967484879924e+03
2.184001566249399730e+03
2.050590765865593312e+03
2.576020830078955896e+03
1.550586873440835461e+03
2.378782291586465817e+03
2.285913789876465216e+03
2.552805672199605397e+03
1.790664971890678089e+03
2.555935394012978122e+03
2.443753237400164835e+03
2.021336081415018725e+03
2.061662758659445444e+03
2.329737622891673709e+03
2.003374007523193995e+03
1.686447009326115449e+03
2.510801301002280979e+03
2.227568201304376998e+03
1.344256125114093493e+03
1.885102832676527896e+03
2.054407881863249258e+03
1.565451348235372961e+03
1.374715652253533563e+03
1.964251306076765559e+03
2.139248272145658120e+03
1.208968110233237439e+03
2.092362753848734428e+03
1.962932906868383952e+03
2.004524119370947574e+03
1.611350332385884712e+03
2.013813823110564044e+03
2.186841970243565811e+03
1.557393523650689303e+03
1.855252387881654840e+03
2.012944398791559252e+03
1.795691003669134034e+03
1.719240029438991087e+03
1.818982213351369182e+03
2.175762644727979932e+03
1.174623837707518760e+03
2.053732003352287393e+03
2.050315602737736754e+03
2.117571611218560065e+03
1.344983998974124461e+03
1.846202657491287937e+03
2.307306956797458042e+03
1.396306802961113590e+03
1.779904674470313466e+03
1.663585659938226399e+03
2.241475938936998318e+03
1.198311782914732476e+03
2.422012932441709381e+03
1.776030798429240349e+03
1.875500274015039167e+03
1.405733136828241868e+03
2.518971056717964984e+03
1.280896327356066422e+03
2.023106933213853836e+03
1.630548288451293502e+03
2.337199312637927051e+03
1.178737000590022262e+03
2.637910761384243870e+03
1.941604492944983576e+03
2.309630398806136327e+03
1.522487132970280754e+03
2.806056998866346930e+03
2.159373288504869834e+03
2.307804777138881946e+03
1.601015595775149450e+03
2.801189165703086928e+03
2.123764689295259814e+03
2.196838942242459780e+03
1.609884245980046444e+03
2.683033356588969582e+03
2.202113344737954776e+03
2.260038870865035733e+03
1.866848685604981256e+03
2.683516020548321649e+03
2.273870339244709157e+03
2.085038799611962077e+03
1.763876912675616950e+03
2.390689404589375044e+03
2.448989462551382985e+03
1.700050739703108547e+03
2.132430078127227262e+03
2.388096104611887313e+03
2.062890512414932800e+03
1.350040636111216145e+03
2.392784666551345254e+03
2.028735907878662601e+03
1.861114495726952555e+03
1.663109286026199470e+03
2.307752950595220682e+03
1.726640847142307621e+03
1.668164248035398032e+03
1.655152854150025632e+03
2.312606713919398771e+03
1.618253755604454227e+03
1.857606165727897178e+03
1.860695233696668993e+03
2.373012352416107205e+03
9.806113882418281946e+02
2.137088231567065122e+03
1.753782704216164120e+03
2.441209222610095367e+03
7.877693981817566282e+02
2.265557764782402501e+03
1.549936410236427946e+03
2.396129742237367282e+03
8.106854801581509946e+02
2.365087578408310037e+03
1.535452630212294252e+03
1.909115114078103261e+03
1.366482382992694056e+03
2.350156582793677444e+03
1.355085814527663842e+03
1.978010711738322925e+03
1.706748755062440978e+03
2.321397194213155672e+03
1.360621016475068245e+03
2.170657630413091283e+03
1.828855219882186248e+03
2.126445884387314891e+03
1.553319438518353536e+03
2.383102919586085136e+03
1.688134449632727183e+03
2.225645515736081506e+03
1.037054218201932144e+03
2.168686468542026887e+03
1.816414903452819317e+03
2.438221717454473037e+03
1.425958142447373348e+03
1.980711099864223115e+03
1.293595468957262710e+03
2.450801474088174473e+03
1.699788005998264907e+03
2.088777050356279688e+03
1.259335957083299490e+03
2.007262306980469020e+03
1.941820862162021740e+03
2.283450026951979908e+03
