2.074753115376700862e+03
2.820608105056177919e+03
2.664826566066131818e+03
2.225803874742317021e+03
1.428481383386902280e+03
1.760965383776999715e+03
2.677075103975752427e+03
2.946118794715117474e+03
2.597324809257927882e+03
1.688330351716782616e+03
1.092234286287455006e+03
1.583458520225910434e+03
2.023282529188843455e+03
2.415429801467042580e+03
2.319383106055029657e+03
1.994780368888518524e+03
1.491265051134703072e+03
1.629211782479001840e+03
1.950492718733790298e+03
1.793916315396368418e+03
1.909891235947834502e+03
2.404693523152996931e+03
2.145215535942516453e+03
2.159775803624638229e+03
2.349859986309403666e+03
2.172902379397145978e+03
2.006277949557672400e+03
2.192922775103990261e+03
2.139415641334490829e+03
1.931033171907991573e+03
1.647204804547621052e+03
1.924514101638303373e+03
2.386518986648343343e+03
2.264559575777040664e+03
1.979124713676019610e+03
2.322647671002850984e+03
2.160081785318918719e+03
2.019644818346327838e+03
1.791958109653980500e+03
1.743075276234133753e+03
1.816813208902256520e+03
1.850584787133727787e+03
2.221108443295028792e+03
2.365339349115341065e+03
2.203742045830903862e+03
2.204586293129012574e+03
2.101229047861352228e+03
1.762905983721092753e+03
1.624907442453029489e+03
1.484754871122366467e+03
2.002772012770387164e+03
2.403867180872723566e+03
2.444437932579382959e+03
2.694824346054168018e+03
2.208766157818087322e+03
1.797043286026771511e+03
1.458188074829374273e+03
1.660327219038163094e+03
1.742745057432392741e+03
1.908989473832857357e+03
1.763921369827856552e+03
2.267904219214016848e+03
2.146066817606876157e+03
2.078949682548133296e+03
1.866715451763139981e+03
1.819858657532366124e+03
1.564356744461347489e+03
1.311637564174781801e+03
1.358297472601438585e+03
1.755436268334651913e+03
2.398417160884111581e+03
2.351373215265325598e+03
2.366958408873224016e+03
2.470162104918968907e+03
2.379495591262588277e+03
1.943475466450361182e+03
1.905586078699511745e+03
1.652215611883610336e+03
1.877915113499367180e+03
1.871514680496710071e+03
1.839216697105805451e+03
2.276740199186627251e+03
2.613855512906582589e+03
2.416977587059102007e+03
2.434146347752788643e+03
2.403725648545025251e+03
1.916960215727025798e+03
1.877862078053114828e+03
1.802929729007544211e+03
1.867443987969564887e+03
1.737608540409348507e+03
1.608615685140086953e+03
1.852371304363578020e+03
1.754827597312746093e+03
1.923988176276043987e+03
2.028212388998391361e+03
2.574053314811651035e+03
2.710090002444861511e+03
2.244665317578444956e+03
2.137291893189641883e+02
3.854149635538370148e+03
9.222602221997954075e+02
2.466675819203599531e+03
1.840836537488181420e+03
1.205912534156794663e+03
1.858411068451287292e+03
2.462739539247922039e+03
2.140916495149922412e+03
1.912488818082822490e+03
2.499564204013415747e+03
2.647249880197987295e+03
1.990985101240725498e+03
2.302899463062482482e+03
1.728143659740854673e+03
1.414562996809589777e+03
1.598822265746314542e+03
1.906113969755557036e+03
1.871416791989573994e+03
2.027280419032556665e+03
3.153840927047627702e+03
1.206616850163437221e+03
1.205931682484879502e+03
1.674329886965309470e+03
1.732994133596141182e+03
1.862272507427675237e+03
1.945789640411040864e+03
2.020917602363755577e+03
2.068117016125728242e+03
2.027828458893492780e+03
2.158602687919598793e+03
2.333571643623743512e+03
2.334595720550255010e+03
2.456995310161997168e+03
2.281846657371718720e+03
2.097208351275176483e+03
1.982349474198136704e+03
1.828410037625352288e+03
1.842539316374168948e+03
1.717258412473572889e+03
1.513015483890370433e+03
1.451269380793456776e+03
1.728242264298472264e+03
1.894949361412651115e+03
1.896286842991949470e+03
2.236763220888241449e+03
2.139665855993095192e+03
2.014701008012330021e+03
2.050560448887677467e+03
2.189622899579649584e+03
2.141141490980406161e+03
2.107019818761537863e+03
2.150726935831119590e+03
1.976534526494792317e+03
2.090469680497822992e+03
2.074058813898903281e+03
1.975623605275209002e+03
1.877010397357856164e+03
2.075132315754711271e+03
1.948848461847204362e+03
1.894760037739388281e+03
2.069053455112204574e+03
2.126515703434653915e+03
1.946569315845320489e+03
1.984386040134956147e+03
2.233028317357023298e+03
2.391791715019756339e+03
2.352572627899847248e+03
2.384124609606453760e+03
2.256133005279682493e+03
2.232514026476053914e+03
2.069834263408152765e+03
1.937370204469475539e+03
1.915374328179735357e+03
1.820477593835957350e+03
1.696452459536484184e+03
1.624196777137294930e+03
1.836509655574125645e+03
1.977817734558312623e+03
1.918269565346910895e+03
2.045126539541288594e+03
1.987555361502209280e+03
2.063150462049578891e+03
2.160559761126864032e+03
2.318940073457410563e+03
2.273363671323936160e+03
2.033734854500971551e+03
1.870237872948152017e+03
1.711533103433323959e+03
1.729141293064792308e+03
1.555584295993434353e+03
1.634280166262835110e+03
1.746991597490353342e+03
1.535089422335762492e+03
1.472484537885959071e+03
1.666768361451554938e+03
1.959679092828865123e+03
1.891521232625051653e+03
1.645148592408027753e+03
1.983327235362385863e+03
1.897247187578659577e+03
1.972542599531074529e+03
2.234592554916473546e+03
2.415329908853363122e+03
2.062000207452444101e+03
1.786187526225737201e+03
1.877629836111193526e+03
1.973941595334411886e+03
1.820300170955531712e+03
1.937276406286706560e+03
2.067944467105061904e+03
1.882486431618174265e+03
1.656074112934005825e+03
1.768255551852538019e+03
2.040329200350953897e+03
2.011023704554043661e+03
2.163453680919580165e+03
2.577278010868121783e+03
2.587597181940272094e+03
2.312920039448763418e+03
2.111644322078470850e+03
1.915454690148028476e+03
1.559839945527503460e+03
1.682829502111815145e+03
1.128300194807189200e+03
1.458631398348003813e+03
2.977050716722339530e+03
3.167802230809545108e+03
1.990523133213698202e+03
2.907291802930900758e+03
2.443810165736987528e+03
1.655717424163729220e+03
2.083539966749029645e+03
1.881043392180464934e+03
2.026862822210345939e+03
1.613898560011055451e+03
1.459985705276491672e+03
2.186702526509090148e+03
1.498659778905186386e+03
2.075199544565174165e+03
2.082736028957951021e+03
2.096649607731680589e+03
2.099075552424495982e+03
2.196384475051475420e+03
2.671993352870787021e+03
2.397153313091704149e+03
2.088345481188656322e+03
1.959689487468602920e+03
1.835487601181188893e+03
2.033565937895511297e+03
2.001123732985771539e+03
1.962205228378629272e+03
1.810183796992297403e+03
1.870567283495798392e+03
1.846810117463717688e+03
1.969127015129888377e+03
2.089871229887075970e+03
2.068997895203793632e+03
2.065148261841896328e+03
1.932540913733301977e+03
1.772636082160517162e+03
1.595888029030239295e+03
1.620731618199594777e+03
1.814660982985865758e+03
1.735890684930226826e+03
1.885790120953219230e+03
2.246203238367545509e+03
2.525174767102683745e+03
2.471302862297188312e+03
2.530944747649904002e+03
2.426425006549127374e+03
2.326124476585969660e+03
1.680759626754535475e+03
1.495860067523962243e+03
1.921076385839423210e+03
1.736500266262664809e+03
1.929314405570267354e+03
2.267779976685239490e+03
2.233679984278916436e+03
2.407699195375458658e+03
2.462769980205707270e+03
2.302910334013393367e+03
2.274491047354279090e+03
2.159752854582371583e+03
1.737428622782449338e+03
