3.327868050990945449e+03
1.173452000833139437e+03
4.484709694589711262e+02
6.034381159816440459e+02
1.313923814246111306e+03
1.872362120912382807e+03
1.753334187598352173e+03
3.152394617104805548e+03
3.647775442253456731e+03
2.540876224082194312e+03
2.084437737647452195e+03
1.324024093913877550e+03
6.071506687125257713e+02
1.693940699205284773e+03
2.670232295563610478e+03
2.736030676372984090e+03
2.206828409133395780e+03
2.058905393453649594e+03
1.974782943576307844e+03
2.016689376829302773e+03
1.977625633407928717e+03
1.984559583109371033e+03
2.121786868257919195e+03
2.019428063885861320e+03
2.416791514275972531e+03
2.690538922757851651e+03
8.209510285562834042e+02
1.703861148611431190e+03
3.628298931607088434e+03
1.275542796392149285e+03
1.204217919757666550e+03
3.865875960384574682e+03
1.905366876724819122e+03
3.227790376227226261e+02
2.705623744137899394e+03
3.422430991289630128e+03
8.147332980956920210e+02
1.824632805892499391e+03
2.761661003538881232e+03
1.395985848416843510e+03
2.029632913853376067e+03
2.490299596527084304e+03
1.557660162659011803e+03
2.216694544455441246e+03
2.173196994262467342e+03
1.546352692732946025e+03
2.465791658412153538e+03
2.086022044704102427e+03
1.484662207291898994e+03
2.601314270785378540e+03
1.750660576725552346e+03
1.669818381046524109e+03
2.973585014506246807e+03
1.871077739194685364e+03
1.347437386563746031e+03
2.948107101104656977e+03
1.956637814363583402e+03
8.861073924469540088e+02
3.349697304062977310e+03
2.978521805825026604e+03
1.160015808452305919e+03
1.432931279665808688e+03
2.859707499530154564e+03
1.317357803625033512e+03
1.090266149215027554e+03
2.751338821686297251e+03
2.298353545476913041e+03
1.264840742774764067e+03
2.181521944076374439e+03
2.395521581917090316e+03
1.126709867113511109e+03
2.247895739477444749e+03
2.741474763814180733e+03
1.235136055434818900e+03
2.404321057487641610e+03
3.273712704342485267e+03
1.463811504972212788e+03
1.423747728012044490e+03
3.724589441652814457e+03
2.361023208082471683e+03
1.193082828620532609e+03
1.774441446137280082e+03
1.711715278548592551e+03
2.884799286508750356e+03
1.870986548632555696e+03
1.401979408148036100e+03
2.532877472306051459e+03
2.176042286587418403e+03
1.329831624142850387e+03
2.505102111848664663e+03
2.253891674115931437e+03
1.196164833348961565e+03
2.722713285180894673e+03
2.606943399662937281e+03
1.085560547410645540e+03
2.726815392077058277e+03
2.462440297934517275e+03
9.686833307127402577e+02
2.568615332477343145e+03
3.422374164104078773e+03
7.100967968914538915e+02
1.886388380382298010e+03
2.838901203513888504e+03
1.111485471187597796e+03
2.194047117141140461e+03
2.601498569997954746e+03
1.214056726301447043e+03
2.279118365515665573e+03
2.349734135101165521e+03
1.311840728494336645e+03
2.922807170657993993e+03
2.422243935705334025e+03
1.059792927360942258e+03
1.585559422487051961e+03
1.885961365686895078e+03
3.424884777737298919e+03
1.359377797137861990e+03
1.650418973303929306e+03
3.303454071853504047e+03
1.332074974354681217e+03
2.279542656409244046e+03
3.996042491616107782e+03
4.082720592401107751e+03
1.033553337842429528e+03
2.941525064343716735e+02
5.520474970783975550e+02
1.578029604340524656e+03
3.336906191791069887e+03
1.740143009202874964e+03
8.984421329157058835e+02
1.949922426255810706e+03
3.389094200046510196e+03
2.652525680362758067e+03
2.135785662543999933e+03
2.012004374535741363e+03
2.004155630719027158e+03
2.041679910428388666e+03
7.804200738856836779e+02
1.015470213022095663e+03
3.040693573780812585e+03
1.941650881996263024e+03
1.403980356404659460e+03
2.565252024489754604e+03
1.918344105356622549e+03
1.561279606297365262e+03
2.574988758264385979e+03
1.951537787932636547e+03
1.559717994605091462e+03
3.095530206508299671e+03
2.160136281257130577e+03
1.232366720721535785e+03
2.639430684838946036e+03
2.594958739076106212e+03
1.241275571093889994e+03
2.021337405127035254e+03
3.036978304306402151e+03
1.481012573833223996e+03
1.513012740587573262e+03
2.999789523799297513e+03
1.819582620564572380e+03
1.296554850228649229e+03
2.871195319051086244e+03
2.624005015633666062e+03
1.026275119413431867e+03
2.050061573337006848e+03
3.096399337103798189e+03
1.288047874490801178e+03
1.763852008602034630e+03
3.053144597064408117e+03
1.531462601315592110e+03
1.838208418060529766e+03
2.817552701407447785e+03
1.213011479556418408e+03
1.822122759526335358e+03
2.674868769828922268e+03
1.294241578181937257e+03
2.277043718082586111e+03
2.554210953584866729e+03
1.247990215971651196e+03
2.360961239117134937e+03
2.591465708519372583e+03
1.266470318676986381e+03
2.497555752513991592e+03
3.744266196281855628e+03
1.060794443519518381e+03
1.375032544278813475e+03
3.074198926119766384e+03
1.367318897759722631e+03
1.503626315751834909e+03
3.146319922453998515e+03
1.293774906523233767e+03
1.826252669316548008e+03
2.882467182161042729e+03
1.373804017076807668e+03
1.674435523033971549e+03
2.840768213849012682e+03
1.595542580831659052e+03
1.486507568689688924e+03
2.857911866592215574e+03
1.896814372861352240e+03
1.264479398938393615e+03
2.827336966848092288e+03
2.967227638339630630e+03
9.898161372677864165e+02
2.631929107888036015e+03
3.378342368111167616e+03
2.010240013350848585e+03
1.265701608551003119e+03
1.196013681067112884e+03
1.241220787245562633e+03
3.422621702693011230e+03
3.546617772595619499e+03
3.517595966614917415e+03
1.799150634278852749e+03
1.527814183847164941e+03
1.956681150201401124e+03
2.347754387116569433e+03
3.895620615656321775e+02
8.647759223386110250e+01
1.805852241568320323e+03
3.532977461127978131e+03
3.724533453515191468e+03
2.553687186237018068e+03
1.190189653323053562e+03
9.626965425335946236e+01
1.098021383195097940e+02
2.488270786095408312e+03
2.267011641762463114e+03
2.158265345873660408e+03
1.786364317716785763e+03
1.211008772339165262e+03
1.358480020970587702e+03
2.790745427737517730e+03
3.790141431487527370e+03
1.695509174403618090e+03
1.445158094977790142e+03
1.794341069147114240e+03
2.067198185142303373e+03
2.763604052187781690e+03
1.396911493750091040e+03
2.316565145881126682e+03
1.992933858051366315e+03
1.918477046884734591e+03
2.839663385296756132e+03
1.684008979720822254e+03
2.469902876469376679e+03
3.780474819352264603e+03
4.052881118917249751e+03
4.118690810808354399e+03
1.471503793922264549e+03
3.980563205782414684e+02
7.797937177636146089e+02
8.384731442569969886e+02
1.214457023322167288e+03
1.391662214532515236e+03
1.402516720827558174e+03
1.588612230177564925e+03
1.696614534863484778e+03
1.647416509229446547e+03
1.688396648617722349e+03
1.728772506190258127e+03
1.441823941768170243e+03
-4.301160945650699574e+01
7.802225743567589689e+01
5.809038347591095999e+02
1.517394647187447390e+03
2.005525204830370740e+03
2.921253379532890449e+03
3.439682630467018498e+03
3.460645325602078174e+03
3.551690416858094977e+03
2.525111046503972830e+03
-6.130591817239657360e+01
7.369675027074434581e+01
8.466764910892771923e+02
2.471783431286644827e+03
3.156256903495995175e+03
2.491453912560302797e+03
2.356642550950479290e+03
2.356788573509198613e+03
2.291601993835034136e+03
1.334273129797041747e+03
2.008789083074689870e+03
3.406106806003369911e+03
