2.883268460625407442e+03
1.328051940662716333e+03
1.236264174053618035e+03
2.380823964150766187e+03
3.424967201219705657e+03
1.515709239918490766e+03
1.263717925116824972e+03
1.419719325786501940e+03
2.947085182391069338e+03
2.898891025447208449e+03
1.093481639446498093e+03
1.314638605527496793e+03
3.101281470161384277e+03
2.336411679585924048e+03
1.120227374875845271e+03
1.344832486713449043e+03
2.455490064962531960e+03
3.722496674358746986e+03
1.148923557447575377e+03
1.173833030512736059e+03
2.860710510889081434e+03
3.069208836739803246e+03
9.468518821963399432e+02
1.009068791605518868e+03
2.573426093943727210e+03
3.491914842261231570e+03
8.269157870920378173e+02
1.025452222696018680e+03
2.761380643882273489e+03
3.480505117841679748e+03
8.344119270984149352e+02
8.359541326462812094e+02
2.666103486237284869e+03
3.586407229933559393e+03
9.705152237586804631e+02
8.860802951338747562e+02
2.482387480576999224e+03
3.092318476339135486e+03
1.197619185115325536e+03
9.618312774486428225e+02
2.805614722654971047e+03
3.021918177660460969e+03
9.220455387801828238e+02
1.212177977429945031e+03
3.004491046381064734e+03
2.460241907338124747e+03
1.086131167650557018e+03
1.515878277242254626e+03
3.226713180270424800e+03
1.577923896794619168e+03
1.112733591678728544e+03
2.387816402910454599e+03
3.335103952862122242e+03
1.221404042846194670e+03
9.251096819810090892e+02
1.887632379986031992e+03
3.888150801820650031e+03
1.952643413624198729e+03
9.115794743702107326e+02
1.625454270257387634e+03
1.615677083428594187e+03
1.547251085167585870e+03
3.458875368422476186e+03
2.435312626238103803e+03
1.001427609100068025e+03
1.723266223243336981e+03
3.825996909471464278e+03
1.864574640541031158e+03
7.648732365917365996e+02
1.552118576586699646e+03
3.494968646259310844e+03
2.349627726315688506e+03
5.622125275445104080e+02
1.252031574418198488e+03
3.796080366198963929e+03
2.596778339238469016e+03
6.299354490608320702e+02
6.167681043725282279e+02
2.671762043070602886e+03
3.695995690347705477e+03
1.024362507691199198e+03
5.588863352501849704e+02
2.405428319046330671e+03
3.314722825344886587e+03
9.585354543467735766e+02
1.055621977586687308e+03
2.826181734364065505e+03
3.030301821417835981e+03
1.106837542130324437e+03
1.072131926133565457e+03
2.667160654329769841e+03
3.841583674537733714e+03
9.616976331640411217e+02
8.229718027633238080e+02
2.347776858067452395e+03
3.809597269047085774e+03
1.328127660697721240e+03
9.605364485501557965e+02
1.752489868461324704e+03
3.857003541742182733e+03
1.536977896233147931e+03
1.553899024049611853e+03
9.869765589863433206e+02
1.448820950089513644e+03
4.099430867324189421e+03
1.074574799612637435e+03
8.753546712502542277e+02
2.092972998958652170e+03
4.018748776001665192e+03
1.349640321486765743e+03
8.958484727605188027e+02
2.348483995307590249e+03
3.929046822060587601e+03
9.786709601787771362e+02
7.709302830940029025e+02
2.414245425401395551e+03
3.968329342093195010e+03
7.758929169201328477e+02
7.658431108391810085e+02
1.728044942488277911e+03
3.840976376749022165e+03
1.785105585589179327e+03
8.620328403977164271e+02
1.318076871809319073e+03
3.748244348093367080e+03
2.126528886490693367e+03
7.311883616206890792e+02
1.234506815527496428e+03
2.325269242188544922e+03
4.116626430832807273e+03
1.313031389660849527e+03
8.060876062370443833e+02
1.395358198804133508e+03
3.767733507925840968e+03
2.726336513365216433e+03
5.896291847909462831e+02
1.076045905121905662e+03
2.151545176655304658e+03
4.112706602395368463e+03
1.262287141878123748e+03
7.170835795980003695e+02
1.323312449275937979e+03
1.973356324345500525e+03
1.788538524071285565e+03
1.875728882625004871e+03
4.114080502528090619e+03
1.602292246396575138e+03
8.741216813508218593e+02
2.254090679164168250e+03
3.887694665212766267e+03
1.162762856853233416e+03
8.934934352336905476e+02
2.330560406569180486e+03
2.990465066347121592e+03
9.734529379279481418e+02
1.504942544280238280e+03
3.505221444989217616e+03
1.884913110891241104e+03
8.287903215108901804e+02
1.610442317824159772e+03
3.365308387941902765e+03
2.487622171185210391e+03
8.108078055253211005e+02
1.031722128734159014e+03
2.457958956957149439e+03
3.866615839080559908e+03
1.065098492444934209e+03
8.942139894010697390e+02
2.290274859291566827e+03
3.496206111439374126e+03
1.102131285859419904e+03
1.020623999795084160e+03
2.657268463273359430e+03
3.833246260646194969e+03
1.044822869723498798e+03
6.962476192980719816e+02
1.984480257491172551e+03
3.835434323044587018e+03
1.327677431486221622e+03
8.679161461387677718e+02
2.180387817642664686e+03
3.527351858925143461e+03
1.037141602554356723e+03
1.032531367372774184e+03
1.428559653745485321e+03
1.661001354989726678e+03
2.144975212101880061e+03
4.155738556369581602e+03
1.609712039129595269e+03
9.016289473211381846e+02
2.609595267824457551e+03
3.405800155242361143e+03
8.519881494362675767e+02
9.084905170157418297e+02
3.223518034373909813e+03
3.567738989215461515e+03
4.789423872127378559e+02
8.105109965059259594e+02
2.917581917114875523e+03
2.762974781238007836e+03
7.186257088480659831e+02
1.438159514026338684e+03
3.452518908999810719e+03
2.605742349305122843e+03
1.393697469766936820e+03
1.445736442976841317e+03
8.319976640021437788e+02
2.967901582631920519e+03
1.428159070881033131e+03
1.143714027210574386e+03
2.168340554737367256e+03
3.751960100270026942e+03
1.522968376307880362e+03
1.016683856942283455e+03
1.505396647102750421e+03
2.847762134629703269e+03
2.151496258822005530e+03
1.471004726141754645e+03
1.633228910153841298e+03
2.997392544092292155e+03
2.827184325775277102e+03
1.271825510419230568e+03
1.309649761169049725e+03
1.848595258407332722e+03
3.387240051895870693e+03
2.802229571335476066e+03
1.091477558604189653e+03
1.133647663443967986e+03
2.555308220448182510e+03
3.872431797315629865e+03
1.072182156413770599e+03
9.318980320332696010e+02
2.687582416554585961e+03
3.100418307676948189e+03
8.094129441030115686e+02
9.877097683399219932e+02
2.459350253891545890e+03
3.587418985072817577e+03
1.081166609536906662e+03
8.825028444005962456e+02
2.085622481987272749e+03
3.624943524497378348e+03
1.280879982779315924e+03
1.013943986595294746e+03
1.936570730451372356e+03
3.830228020174661651e+03
1.710994207508985028e+03
8.697865542144566007e+02
1.443089688329555656e+03
3.192781306759863128e+03
2.370377466278733209e+03
9.243809675417767266e+02
1.194570525632206682e+03
2.815190677102890731e+03
2.928563416652191336e+03
1.018474096399613927e+03
1.256489558453952668e+03
2.876876093043592846e+03
2.534614902393979719e+03
1.078911424953907499e+03
1.300823127199556211e+03
2.788708335843718942e+03
3.411836360273117862e+03
1.171790703810861032e+03
9.172183088532101465e+02
1.855145256592977830e+03
3.884285426533778718e+03
1.744823834887075009e+03
6.976246571524128512e+02
1.347173702550291409e+03
3.215044141121802113e+03
3.083865438034923500e+03
6.734077007253329157e+02
1.060882120937058062e+03
1.859196526421348835e+03
3.798429301799300447e+03
1.878230353788152570e+03
8.244798440235089174e+02
1.388816387372413601e+03
3.133028915013540427e+03
3.020615263198500088e+03
1.100351969638011042e+03
1.085907459110409036e+03
1.569917788563609747e+03
