1.960032370762769233e+03
1.946115883940463391e+03
1.809436072379210600e+03
1.769622035606511872e+03
2.131491125807507615e+03
2.036303045846088480e+03
1.923186166581751422e+03
1.961594756319739645e+03
2.209774567973307057e+03
2.319926155242906589e+03
1.642925192994377539e+03
1.802463960384521442e+03
1.828996346474625170e+03
2.209121251349469730e+03
1.961594961701331840e+03
1.795254382016067211e+03
1.929489132391297517e+03
2.307558725064662667e+03
1.913124190174266232e+03
1.710646919019769030e+03
1.862719439786845896e+03
2.331073652326769206e+03
1.976139424519807790e+03
1.718876350890028107e+03
1.896827715732246361e+03
2.379791933091200008e+03
1.717054100263847204e+03
1.746228360098310532e+03
1.888713028134254955e+03
2.334402540420993319e+03
1.865910545340827412e+03
1.708275331256881373e+03
1.857421288520093185e+03
2.312808683452346941e+03
2.034739168194335434e+03
1.654222914055997535e+03
1.822457179072609961e+03
2.539917854281167820e+03
1.765768289302550102e+03
1.790769607861011991e+03
2.220892807018904932e+03
1.923461525711445574e+03
1.747859411233109086e+03
2.008342360692199918e+03
2.275317548174973126e+03
1.636217168385279365e+03
1.831690216680933645e+03
2.162709097585267955e+03
2.239527603524615188e+03
1.673466305392762251e+03
1.812432180241693231e+03
2.332247075084610515e+03
1.987305975159307991e+03
1.742774371158414624e+03
2.078902080487127023e+03
2.240577405382703546e+03
1.670838415326899394e+03
1.818079971214942134e+03
1.907521009490477581e+03
2.302679286992317884e+03
1.946254178110648581e+03
1.780624344123417359e+03
1.918117586988392077e+03
2.051244187681855692e+03
2.283984000360457230e+03
1.797056926048382365e+03
1.822882439928692065e+03
2.230389265792406604e+03
1.935836471656642061e+03
1.838454237627138582e+03
1.839763744479263096e+03
2.218514640886250618e+03
1.915107468272607093e+03
1.801414036807441107e+03
1.720851901584225971e+03
2.264893121837243143e+03
2.018841303621409224e+03
1.822761363668322474e+03
1.984658659802252487e+03
2.396266804387137199e+03
1.642761892110715053e+03
1.700246836143449173e+03
2.040297681168399549e+03
2.397649674137027432e+03
1.582520151610765652e+03
1.775949049464359177e+03
2.367952368226141971e+03
1.960850217344852581e+03
1.680352219591057974e+03
1.819706288538052604e+03
2.394657956090044536e+03
1.827195833172749872e+03
1.756473309614872278e+03
2.022657166223436661e+03
2.292740147230115326e+03
1.689078427961667785e+03
1.808804653312041410e+03
2.155123790768854178e+03
2.053121748817442949e+03
1.778414057155638147e+03
1.967021819971886089e+03
2.119846525530952931e+03
2.173411594442373371e+03
1.690070427956277399e+03
1.838211880906934539e+03
2.421459016191492537e+03
2.213812630636661197e+03
1.581484410698438069e+03
1.842649453128836967e+03
2.530845000637360499e+03
1.681798940146576342e+03
1.620335851990804258e+03
1.895166426130203035e+03
2.468125108338543214e+03
1.683242220536826153e+03
1.640849282269243758e+03
1.876087923990304489e+03
2.471997238060293512e+03
1.817283806760543030e+03
1.903412346663178823e+03
2.116139018812306404e+03
2.070245538468434916e+03
1.782030495620281272e+03
1.810247402355130589e+03
2.236723886228426636e+03
2.005645633247893102e+03
1.817338124628857258e+03
1.808468946049110627e+03
2.219190681363514159e+03
2.012528253288482802e+03
1.813634326871606163e+03
1.851275644889084333e+03
2.124092843714784976e+03
2.115357045176038355e+03
1.836905016433538549e+03
1.851462221414810074e+03
2.157242326783956742e+03
2.090277654907072247e+03
1.825433630208726981e+03
1.838174636311433005e+03
2.152069080932975794e+03
2.186956225633785380e+03
1.775336292434640882e+03
1.874798103681775501e+03
2.072308235900536602e+03
2.208053423258320436e+03
1.818135897411300903e+03
1.791222747228704065e+03
2.239539748568518462e+03
2.033921027884463911e+03
1.766425146496936122e+03
1.788207911537092741e+03
2.255519415824396674e+03
2.295795591808525842e+03
1.706462026424667101e+03
1.728172595335669712e+03
2.202462595587193846e+03
2.161749721468335792e+03
1.768952012201995558e+03
1.762374641318091562e+03
2.183669907860562489e+03
2.236360251007693478e+03
1.938405059990889413e+03
1.725944511541171323e+03
1.823474630602128173e+03
2.457477219161458834e+03
1.605632624576446915e+03
1.784965461739797320e+03
2.142515467972475108e+03
2.221353032242681820e+03
1.696959104276212202e+03
1.807213130739322196e+03
2.316892089344119086e+03
1.961753434979805888e+03
1.791717276873657966e+03
1.852156489972094505e+03
2.230570671351561032e+03
2.028583746005942658e+03
1.788458475879470598e+03
1.848781314952256253e+03
2.279364418906866376e+03
1.987703698759220970e+03
1.781108272234617061e+03
2.179361161162771168e+03
2.192757997751401035e+03
1.789631555566005318e+03
1.867070372956967276e+03
1.794694424526183866e+03
1.872224215280809403e+03
2.236411772325626771e+03
1.932933139625705962e+03
1.819014722822441627e+03
1.871110710742333595e+03
2.248817585742134725e+03
1.859894656904952171e+03
1.834570238366853118e+03
1.904374349610022819e+03
2.076500390125431750e+03
2.103420924096249109e+03
1.830960828258847187e+03
1.885870025310370238e+03
2.120289103914994030e+03
2.040086858758421840e+03
1.858807962711928894e+03
1.940005022008755986e+03
2.171048882967215377e+03
2.308151036656681754e+03
1.596390848967827196e+03
1.786953952443118851e+03
2.382822665332967972e+03
1.994205109145819279e+03
1.680399299388823238e+03
1.803905872517963644e+03
2.050253947728583626e+03
2.333848309411952869e+03
1.728982245389125865e+03
1.814114544954913526e+03
1.852276132832493431e+03
2.313528205704365973e+03
1.988704014388449423e+03
1.773984616960231961e+03
1.851869957995424556e+03
1.965630676271751781e+03
2.310902331830689945e+03
1.774062168688497650e+03
1.747657122078662496e+03
1.843406430018787887e+03
2.307279673957426439e+03
2.163205311838371472e+03
1.722236158862460115e+03
1.759419179686896314e+03
2.426909152973546497e+03
1.941415305193404038e+03
1.721300403186183985e+03
1.853565535787082354e+03
2.269697872466892932e+03
2.108593832403194028e+03
1.656182979032897265e+03
1.817201762164002730e+03
2.288675025115532208e+03
1.940909863439208266e+03
1.746856011468080624e+03
1.885245919863540848e+03
2.356216026060043077e+03
1.745666266718699490e+03
1.894311845664376733e+03
1.896992198847558484e+03
2.566022132753564165e+03
1.535461242110315425e+03
1.770870681869476812e+03
2.064888532215728446e+03
2.409792891087499811e+03
1.627334399310599110e+03
1.689481885833920842e+03
2.240395683552659648e+03
2.209003950722957597e+03
1.642328938788321011e+03
1.793515158557180712e+03
2.265553459683389519e+03
2.140152809162316771e+03
1.659346497870693383e+03
1.817342689590422424e+03
2.413963309209992076e+03
1.873005768032421201e+03
1.693466616955092604e+03
1.842505502286207275e+03
2.405822164285239978e+03
1.740468392819567953e+03
1.838860055832886474e+03
1.567298329191759876e+03
1.579804862597724195e+03
3.170653586620237093e+03
1.658239970322645377e+03
2.087659202675626148e+03
2.040118078605992196e+03
1.965359824137390433e+03
1.943662830996019238e+03
1.960645001670060765e+03
1.660486194249816208e+03
1.902310275740661154e+03
1.884689205476103325e+03
1.921241622523224123e+03
1.966271972594479166e+03
1.984630328906666136e+03
