1.802189427961373667e+03
3.865436151578920089e+03
1.786688543568063778e+03
2.660190254694496161e+02
1.029216124410293332e+03
2.127546131411821079e+03
3.637950144515366901e+03
8.796848352613070574e+02
7.741456519075101141e+02
1.361603635548423881e+03
2.815515004955003860e+03
3.285483458147117290e+03
3.788732187638787536e+02
7.624283773946413021e+02
1.275415590334449462e+03
2.906522346535023644e+03
3.124381876913153974e+03
3.840676805438322390e+02
7.564741018373504176e+02
2.184307389726980546e+03
3.535893848045011964e+03
8.844970024691613162e+02
7.749162938673529197e+02
1.287405773537433333e+03
2.899775822414930190e+03
2.984941744885721164e+03
7.131902969088259852e+02
9.070556367923401240e+02
1.865483659530252226e+03
3.651723516768135596e+03
8.064224976804341622e+02
8.638141746571429849e+02
1.287195506837971379e+03
2.572907633790227010e+03
2.102532391386571362e+03
8.855897478795855022e+02
3.002152457156109449e+03
3.548587600844959979e+03
5.853199678586414620e+02
6.386978356108817252e+02
1.089132439792494779e+03
3.215523631294546703e+03
2.158281034495938457e+03
6.275072814744646621e+02
9.395624846086652724e+02
2.560176431882513498e+03
2.830700552776615496e+03
6.708968515000880188e+02
1.289519059578424276e+03
1.448298826212101858e+03
3.271250060619069245e+03
1.369713648471865099e+03
9.289268076391041404e+02
1.319917145202452275e+03
1.753659157591590201e+03
3.029897570595358047e+03
3.017767693874717679e+03
9.152828025691161429e+02
1.248375790672168705e+03
1.398948630707499660e+03
1.262449275687757108e+03
3.084969487241532079e+03
2.407916823150531400e+03
3.813613843437043442e+02
6.890377902348840280e+02
2.988265553130386252e+03
3.072006394756514965e+03
6.563626858130365918e+02
1.125759641083559927e+03
1.481323695289032912e+03
3.436448330573586190e+03
2.003832499288801955e+03
9.124494151311646419e+02
1.100230334570399691e+03
1.315980152584992538e+03
3.317790982673457620e+03
1.818707881866789648e+03
7.228128668888149377e+02
1.320345642778723686e+03
7.433551854701355524e+02
3.373949505597119696e+03
2.679689644157076600e+03
5.104887671605295054e+02
9.244709573984057442e+02
2.107640010556450761e+03
3.519866074226015371e+03
6.634683881128074745e+02
8.125163935053169553e+02
3.013574116744764524e+03
3.014998815026269767e+03
3.522379081726875825e+02
6.310364556842657748e+02
2.066889639876789261e+03
3.715093520756993257e+03
4.133222761261593519e+02
7.178467169267869394e+02
2.229108654819723597e+03
3.545099773083886248e+03
3.015002639596050926e+02
1.541187231360112037e+03
3.792398347710603048e+03
7.104517564826878697e+02
5.664081210412437031e+02
9.545414623186743484e+02
3.416871569948259094e+03
2.703280029217758965e+03
3.395002394065176077e+02
9.325997839753968037e+02
1.375011849057778363e+03
3.598971342445659957e+03
2.123556203571598871e+03
7.304340998280958956e+02
1.022740859000435648e+03
2.514355881057953411e+03
3.277808288723667374e+03
5.369026242154556030e+02
8.937212743188900959e+02
3.088795309196792459e+03
3.621579734535659099e+03
2.581849516685640538e+02
4.779190668496518128e+02
2.356559781893372929e+03
2.110448638460327402e+03
9.231548156882312242e+02
1.333740661854846849e+03
3.714234965239877056e+03
2.238698795973787128e+03
2.997617398352321061e+02
9.741747461547173543e+02
4.161709661024829984e+03
1.739533610778274124e+03
2.394852397748814496e+02
6.060636441546149626e+02
1.244131943612047053e+03
1.258044477831616177e+03
1.421804782714769090e+03
2.659950841450471216e+03
3.283262629345636924e+03
7.424754855835082026e+02
9.446177051368827051e+02
3.064339111304192102e+03
2.089532794467185340e+03
1.027675357451997343e+03
1.482089650891768997e+03
1.234117453368556426e+03
2.353438092314635469e+03
3.610048246466165438e+03
9.775929484676192942e+02
6.658595211666824980e+02
1.622812682616418670e+03
3.675259873757891000e+03
2.177930688747271688e+03
5.038579007557893874e+02
6.468220258166817302e+02
1.262004359741160442e+03
3.630726976065262079e+03
2.800299438854139680e+03
4.929631372824770779e+02
7.343015869814232701e+02
1.279052400165931431e+03
3.661958595230583796e+03
2.721577498691803157e+03
3.706094840309399956e+02
9.433516929210449007e+02
8.264081383719724272e+02
2.817542730920018585e+03
3.843654832359835837e+03
5.451578313939594409e+02
4.427189706902173043e+02
1.438379407405355323e+03
3.949123085042454477e+03
7.849352745429620200e+02
6.196742646747087520e+02
1.240789054368445704e+03
3.441226018898108123e+03
3.309463363632057280e+03
1.021296798252761029e+01
6.874511748703654348e+02
1.598921067614632420e+03
4.171696293408741440e+03
1.062580525248932872e+03
3.573149341877005440e+02
2.374900947919761620e+03
3.873899771657027941e+03
2.573239771552826483e+01
4.117312941889018134e+02
1.185304479082572698e+03
2.730224220515210163e+03
3.540121895546479664e+03
5.217384204458402337e+02
1.297969890755533470e+03
3.130505998145677950e+03
9.570560071094093928e+02
1.042621377176333226e+03
2.364860650190908473e+03
2.851772416694203002e+03
9.864627458774211846e+02
1.102672581239592319e+03
3.443224650587824726e+03
3.885673792090255120e+03
-6.248185991091743574e+01
1.205195199569925109e+02
8.312574078618472413e+02
2.830962026491718461e+03
4.146110266981266250e+03
1.230599835226787036e+03
5.898074157309138172e+02
2.031657650519728122e+03
3.605015217866186958e+03
2.949307193885251309e+03
-7.655076483648939245e+01
-4.470180682243428905e+00
4.309570949969180447e+02
1.081591596974513777e+03
1.687536524796405956e+03
4.086228170449574009e+03
2.002662097682282820e+03
1.230904399029033584e+03
6.301782140703804771e+02
7.919272220287435857e+02
1.076651985139334101e+03
1.458055434602723381e+03
1.526140799793900669e+03
1.643331089331056546e+03
2.129196990666820057e+03
2.061507691189481648e+03
1.716594816767806833e+03
2.099551021986957494e+03
1.968468107762166483e+03
2.012743010659902666e+03
2.019373277491111139e+03
2.622111873268388081e+03
1.562538737776206744e+03
1.477111991741014435e+03
1.685164880186567416e+03
1.713656578018853679e+03
2.705317556558556134e+03
2.414526888365156083e+03
8.307215650631899280e+02
1.579991975618727793e+03
4.103197425175121680e+03
1.193802581649652211e+03
2.750039427349141192e+02
1.883491777842547890e+03
3.706085854944034054e+03
1.487029445829711221e+03
1.644835348758801388e+02
3.556069377849815965e+02
3.080405185185155005e+03
3.052119412605485650e+03
2.998648748037456926e+02
5.956218669169135183e+02
3.171263859065977613e+03
2.467780437335508850e+03
4.729669015486201147e+02
8.552578221286964890e+02
3.282337243091195432e+03
2.099209359026245238e+03
2.987274322725525622e+02
1.052149294337657693e+03
2.349279798167990975e+03
2.661089267913542699e+03
9.960268883515922198e+02
1.341159532555668648e+03
3.391908177382130816e+03
2.003070076902686424e+03
4.711269578967960001e+02
3.150911712269985401e+03
3.313266596502959146e+03
-3.165475556358387621e+01
3.803544407310020574e+02
1.301685044292645216e+03
2.702723153725076372e+03
1.640957590388423114e+03
1.194574184613873740e+03
1.411134517944711888e+03
1.685749131686759483e+03
2.101453916675875462e+03
3.883795208549112431e+03
1.345110917590473719e+03
9.434335622372507260e+02
1.244148000973285207e+03
1.627271597123769425e+03
2.168545240552930409e+03
