1.933595515282077486e+03
2.266891669228520186e+03
3.464308228941897141e+03
1.119731500831238009e+03
1.265324043147758630e+03
1.755839511674867481e+03
3.556341261726826815e+03
1.700093237795941604e+03
1.291067920816603191e+03
1.839735817047482442e+03
3.525202259023928036e+03
2.099250539831678452e+03
1.114574125477451844e+03
1.691804464148487796e+03
2.348099743060513447e+03
3.512593332553738037e+03
1.309045182641023075e+03
1.449290289860341545e+03
1.749498574295488879e+03
3.279049737595607439e+03
1.460486535964676932e+03
1.390307543291288766e+03
2.006673085919983123e+03
3.333385081469413308e+03
1.274513255583164209e+03
1.298560677483390009e+03
2.221810546964012701e+03
3.347145107275558530e+03
1.037702940819604009e+03
1.519363855546803961e+03
1.867681163838114799e+03
3.646096570748235990e+03
1.782354946531376527e+03
1.049902160387032836e+03
1.556810337458475260e+03
3.915020001387646971e+03
2.505633366999313694e+03
8.565433839730761747e+02
1.460635489425965261e+03
3.716607892876174446e+03
2.388093333165864351e+03
7.917195147960053419e+02
1.851469943134177811e+03
3.755178092429076514e+03
8.151064379941140032e+02
1.374189945332273282e+03
3.563635069954352730e+03
1.899730840031958905e+03
8.815408713334148842e+02
1.906674654651894116e+03
3.740949185354589645e+03
7.355030551980134987e+02
1.435844290177021094e+03
2.450239722472655558e+03
3.380332062595487514e+03
9.120806986479628904e+02
1.398501440813903400e+03
3.544212647355533591e+03
1.930716542599518107e+03
1.767114455337034997e+03
1.085669915209766259e+03
2.182573776379982974e+03
3.447950888786683663e+03
6.883207816196678550e+02
1.528997701321864270e+03
2.235347286753956723e+03
3.597554553686504732e+03
1.061657849604779813e+03
1.526254573439706292e+03
1.924600852955544951e+03
3.319885020061837167e+03
2.138601491154765426e+03
1.001898554879619837e+03
1.726332167465914836e+03
3.666530954155436120e+03
1.277295227258904333e+03
1.277036518368072848e+03
2.246511642532463611e+03
3.506741889340991293e+03
1.015644514591083293e+03
1.209058020625126346e+03
3.669515700424060014e+03
2.236812289251894526e+03
7.701685311598959061e+02
2.347704891971639427e+03
3.445016136461311817e+03
7.231834509925359953e+02
1.478045697630600671e+03
3.632884402940721884e+03
1.768776867454435205e+03
1.109254863677944741e+03
2.069847263462652791e+03
3.620827610912855107e+03
9.077943235783363889e+02
1.272613408957466390e+03
2.259702424482294191e+03
3.310250376814272840e+03
8.954124898846400811e+02
1.644188769694286975e+03
2.908144596625917075e+03
3.061376375042314066e+03
7.517703370655881372e+02
1.591718822084590329e+03
3.408117666982159335e+03
1.920417726862516474e+03
1.042253144145283613e+03
1.912468815691502414e+03
3.514283572044445918e+03
9.954938954411666145e+02
1.547631716580505099e+03
2.567527285018898510e+03
3.326653381962252297e+03
9.173530634771775567e+02
1.487355389205830761e+03
2.446814482313864119e+03
3.080026751447976949e+03
8.909491654067956006e+02
1.656909456628550515e+03
2.082443015096464478e+03
3.691118139007630361e+03
2.401036434259761791e+03
2.551478270518749468e+03
8.439794331177693039e+02
1.103384105815479643e+03
1.874814454520833806e+03
1.744697781057547445e+03
3.507053218314252263e+03
1.578457639624533385e+03
1.763367439818602406e+03
1.805662326551353772e+03
1.744242611990383466e+03
2.163871576780009036e+03
3.485212832341097510e+03
1.155470141462925085e+03
1.558142763726902558e+03
1.778136338470090550e+03
3.239090162158247495e+03
2.078464218890745542e+03
1.189931599911179319e+03
1.738828749908100008e+03
3.508201129976878292e+03
1.717700315312891917e+03
1.424613047868689364e+03
1.703242954430398186e+03
2.611038708582763320e+03
3.060620121535111139e+03
8.855428708277528358e+02
1.671559309828695405e+03
2.719429053620348441e+03
2.989358675001946722e+03
9.636333459897310831e+02
1.588195183791315458e+03
2.776654318923683149e+03
3.099922435132919873e+03
9.203756356560327276e+02
1.537426415223797676e+03
3.439390142489158279e+03
2.154540159571377899e+03
1.017001761083766837e+03
1.687659742779780572e+03
3.004378526520880314e+03
3.062972914676245637e+03
8.403815284858657151e+02
1.525532111278245793e+03
2.385927887239961819e+03
3.831844274868365574e+03
7.306284441030262542e+02
1.283293031863660190e+03
3.527399247782705970e+03
2.453233135035164196e+03
7.011238715001120454e+02
1.547974828911511395e+03
3.640190136786589392e+03
1.748808648737329577e+03
1.025718604052132378e+03
1.905950677645033920e+03
3.575455242481787081e+03
1.149003810871903170e+03
1.342318285826285546e+03
3.182432047460288231e+03
2.575542794871654223e+03
9.255903417566378266e+02
1.677427433492985074e+03
3.571495805816658049e+03
2.494618464409665648e+03
8.868469228140207861e+02
1.511201008647218941e+03
3.112377047876520010e+03
2.945654408408327527e+03
9.815148967966985083e+02
1.430511452191473836e+03
1.961827029143429399e+03
3.676245391309839306e+03
1.261730361636229645e+03
1.129966452227233276e+03
2.037208918360845018e+03
3.552728641857195271e+03
9.933045108542653452e+02
1.277529496588534357e+03
2.173039123234057570e+03
3.624890522440377026e+03
1.123513838822007983e+03
1.132408050795288318e+03
1.719289869810409755e+03
3.931103585350878348e+03
3.653936406466338667e+03
7.948577784921093325e+02
7.220504704731353058e+02
1.565957910799030515e+03
3.937404826122813120e+03
1.233859229916580261e+03
1.029086432723096550e+03
1.774155414848223245e+03
3.507880939895177562e+03
1.791717572382220396e+03
1.136552713664728344e+03
1.763746562518526844e+03
3.500384551420516800e+03
1.372716526074423655e+03
1.527609792668454702e+03
1.815246418330991446e+03
3.556940519015473001e+03
1.981239834308251602e+03
1.050638497634375199e+03
1.689658003072615884e+03
2.862898488324122354e+03
3.309989207530543808e+03
8.497488939804420625e+02
1.526572735355367968e+03
2.457076556368150705e+03
3.422954703810149567e+03
7.719882043859402074e+02
1.269400154994222930e+03
2.610032482115120729e+03
3.395273719413487470e+03
8.879737738305541370e+02
1.530641037805181213e+03
2.052526025442335140e+03
3.924895310126979439e+03
1.453542604031577866e+03
8.497691032529339736e+02
1.779038187075563428e+03
3.967904851890375994e+03
1.528033251152061212e+03
8.523009255567737910e+02
1.742514312979458282e+03
3.777019813985331893e+03
1.589796863768975982e+03
9.812363391525583438e+02
1.910110051630775615e+03
2.639129925204072606e+03
3.289381669597972177e+03
8.079123632746016028e+02
1.352975234890084266e+03
2.876911284717607032e+03
3.197766212479446040e+03
4.830553719434444702e+02
1.425206228341375436e+03
3.458412997303341399e+03
2.634732776221973836e+03
8.017338018455075144e+02
1.527217735999829983e+03
3.819719499080376863e+03
1.701689536014983560e+03
1.042920586823664735e+03
1.768121456375939943e+03
3.675030461809937151e+03
2.084262216549230743e+03
8.014905524658620379e+02
1.842063705353612932e+03
3.801575327308918986e+03
2.957803327932631873e+03
1.309961215784049728e+03
9.070932388493066583e+02
1.280248997324749098e+03
1.903984188726170260e+03
2.068882346430746566e+03
3.125751444306327357e+03
2.010475561936925942e+03
1.324368948914973998e+03
1.838465065615196409e+03
2.003973769578122983e+03
3.290032082329816603e+03
1.556177731268589241e+03
