3.579265674770935220e+03
2.988191255562604510e+03
1.246767880336157077e+03
1.065694519492093150e+03
1.416716225583583537e+03
1.521477778915595763e+03
3.078357445135152830e+03
3.833095347485706043e+03
1.601846762635471578e+03
1.177529082419295491e+03
1.065297371249497928e+03
2.010760440436226418e+03
4.066734521767799379e+03
2.092864916062310385e+03
1.637737816759571842e+03
1.117057406618797359e+03
1.255576947778260774e+03
1.669377405470319218e+03
1.665943725711612160e+03
3.528265415607856994e+03
2.234752825299960932e+03
1.176759884646883393e+03
1.479459061030845305e+03
1.638209797366108432e+03
3.242449360315849844e+03
2.065035030726994592e+03
1.360497298935201115e+03
1.640046444481156414e+03
2.020780019562609596e+03
2.379775218215200766e+03
1.906801308070449295e+03
1.410611358236438264e+03
1.775768457530383102e+03
2.600555767502083199e+03
3.090261541232994205e+03
1.431994327092413641e+03
1.209369830025882038e+03
1.710366274657311806e+03
1.841556607344409713e+03
1.823702262298404094e+03
3.144600674715004061e+03
2.079529241280706628e+03
1.744307728425822688e+03
1.850556384902836953e+03
1.753288400638727353e+03
2.902872267506918433e+03
1.908200921588227402e+03
1.489737465033339731e+03
1.787457381582047446e+03
2.559427496156674351e+03
3.494150333292986488e+03
1.266522526335954581e+03
1.055022094586634466e+03
1.442318215281317862e+03
2.803805682928839815e+03
3.051730511113886223e+03
7.903285130794025690e+02
8.266520381403175861e+02
1.666338151561037648e+03
4.045979549206185311e+03
2.970900173922449540e+03
6.527177454857395560e+02
6.416661781698145433e+02
2.340634804674005409e+03
4.154064409207817334e+03
1.887250955507643312e+03
3.202175143418666607e+02
6.421762310648826997e+02
2.828455380530701859e+03
4.109105180510786340e+03
1.013689703280943377e+03
5.374367749829999639e+02
9.118573897687383578e+02
2.287760532448597587e+03
4.115759717612504573e+03
1.411094766786236278e+03
5.516782373391266674e+02
1.432721803598996985e+03
3.505626895289547974e+03
1.964335147969555010e+03
1.285052543118602216e+03
1.029449924106525714e+03
3.546634355296264857e+03
2.507751892070855320e+03
5.891520581048763461e+02
1.053344859586020675e+03
3.343554998100163630e+03
2.734458463797380318e+03
1.277675812138493256e+03
6.637266515519670520e+02
2.899913262662752913e+03
3.551903844298342847e+03
6.635021682365140805e+02
8.933315247114079511e+02
1.330840795452126258e+03
3.642139329836146317e+03
2.078165622391062698e+03
8.163955871297007434e+02
1.214603546097280059e+03
4.009213591793533396e+03
2.338019029145601507e+03
1.899368298580440296e+03
1.469661730331057015e+03
4.250578742324896666e+02
1.159344148658032509e+03
3.758804094563826766e+03
2.047709439145327451e+03
8.665523077684720192e+02
8.114129643605343745e+02
3.373851852521760520e+03
3.336865781472919025e+03
1.088674184108226655e+03
8.790323006153113283e+02
1.126711933689333364e+03
3.358871781044246291e+03
3.061973469072159332e+03
1.124709864184302887e+03
9.829268569183668660e+02
1.273856795215521061e+03
3.222454115735551568e+03
3.803898783438342434e+03
1.022294348709547876e+03
7.522024265871028774e+02
1.151200339627058383e+03
3.012989923517936859e+03
3.995942155817524053e+03
1.305907130009537696e+03
8.412195236656751831e+02
1.261686787700438799e+03
1.344639222453426100e+03
2.038007599371316701e+03
3.997259260666975024e+03
2.708452202019822835e+03
1.350784964240644740e+03
1.298250330762736439e+03
1.378847222731838883e+03
1.456309847504045592e+03
2.187607572159423853e+03
3.879113211040841179e+03
2.165929814941536279e+03
1.056611553106418341e+03
1.444097995724192060e+03
1.457005859001715407e+03
1.643570736818435307e+03
2.483873562952357133e+03
3.823185292481665329e+03
1.624635757079153791e+03
1.047787891124564567e+03
1.224628144324721006e+03
2.397389911609849150e+03
3.841925971908156043e+03
1.436696347702856428e+03
8.762947505581821588e+02
1.103607414819430005e+03
3.202501886820159598e+03
3.461329364244185399e+03
1.266558572942788032e+03
8.429536433035420941e+02
1.578102406835511374e+03
3.859870464604418430e+03
2.201764091442863901e+03
7.136370356203318579e+02
6.755012336547541736e+02
2.848257063517324696e+03
3.609791975549232120e+03
1.053853401740498612e+03
1.120709438244109606e+03
1.299119284783269450e+03
3.252837480140183743e+03
3.072700528509566993e+03
1.008260962664083877e+03
9.220735689518411391e+02
2.077316096379699502e+03
3.492457523621591463e+03
1.500863880238767024e+03
1.014380611364800757e+03
1.547852684275992942e+03
3.762609063072721256e+03
1.610767290530084892e+03
1.077935681797412144e+03
9.135363036125760345e+02
2.236838491806113325e+03
4.110972154426634006e+03
1.241590259935910353e+03
7.776958867560292674e+02
1.200534105545269313e+03
3.325121086264116002e+03
3.320248090187297294e+03
1.278085765638983275e+03
9.693974992158542818e+02
1.308079873197005099e+03
3.364820505285802028e+03
2.966237324865273422e+03
9.657621072330179004e+02
8.449221056044832494e+02
1.565618522020436330e+03
3.802628817453882675e+03
2.041756488379409348e+03
9.398777345063872417e+02
7.678217942086295125e+02
3.116224918775772949e+03
3.622106315299749440e+03
7.869107213485683587e+02
8.107457001366556142e+02
3.073163096296578260e+03
2.948273068987106853e+03
8.647777564926957439e+02
8.085993850682865514e+02
1.775318912480150630e+03
3.839614095398802419e+03
1.931038105718018187e+03
9.109513789272987196e+02
9.994800173643690187e+02
1.527058035406119870e+03
3.516619555946075252e+03
3.103565342899566076e+03
1.467473723137079332e+03
1.147215844022206966e+03
1.193013042695435388e+03
1.624174233271328376e+03
2.875127417998361125e+03
3.807557768113015300e+03
1.568395809225668700e+03
8.809815056700790592e+02
1.337705549729267204e+03
3.195717640665399358e+03
2.561723861422517530e+03
1.156870613827326451e+03
1.120117478878451038e+03
2.145224100348102638e+03
3.535158135069629225e+03
1.934864220433272976e+03
9.644647290847392469e+02
9.690592741290898857e+02
2.534219086608478847e+03
3.764294322283927613e+03
1.403432475160645026e+03
1.058264679075082768e+03
1.314298383556089448e+03
3.381248254049647585e+03
2.617976657119907941e+03
8.410790912595500686e+02
9.840738329432884939e+02
2.977733188528732626e+03
2.874267305490525814e+03
1.116878936496880442e+03
1.046381049773350469e+03
1.530726856881172353e+03
3.734783285958596480e+03
2.663625602144878940e+03
1.055451806065437950e+03
9.290073081225921214e+02
2.626349164615193331e+03
3.714423407491568014e+03
1.109147777886583526e+03
8.365128494002883599e+02
1.333909293502673108e+03
3.408990540726516883e+03
2.784395637445507418e+03
8.510531435324671747e+02
7.897155682007226005e+02
2.339152969627390121e+03
3.509026987750152330e+03
1.385054941490956026e+03
8.937219252191581518e+02
9.243849659155806648e+02
3.319366949343477245e+03
3.258851961410720378e+03
6.843352748338684250e+02
7.755316372813642829e+02
2.490648326075395289e+03
3.869347809085106746e+03
1.222055698093205365e+03
6.470216967195613051e+02
1.343950103566673988e+03
3.639455554856122035e+03
2.632008876132033492e+03
9.097016879400467815e+02
8.408553334756873028e+02
2.392277202330337786e+03
4.124901605420086526e+03
1.453333159904822651e+03
7.897326082445753173e+02
9.621030008782831828e+02
