1.293739729164151868e+03
8.524514082502629435e+02
8.499475281313621053e+02
2.303863386163091036e+03
3.904705278319245735e+03
3.369123946537369193e+03
1.279356505408517933e+03
7.745780969081000649e+02
9.563833383336012730e+02
2.539938657014811724e+03
3.752353566978688832e+03
2.917150974347710871e+03
1.236166251387393913e+03
5.843023843857570228e+02
1.063215975545667561e+03
3.623410745111918459e+03
2.856014442416404108e+03
1.213664404697817190e+03
7.408846832959770836e+02
5.170091770818510213e+02
2.017739161388007005e+03
3.463085003701964979e+03
1.555575120427496586e+03
7.945160485749501049e+02
8.637926543370614354e+02
2.237392803621905841e+03
3.407961307445762486e+03
1.714152227482389662e+03
1.003855598956673589e+03
1.164095055988852437e+03
3.335687194716615068e+03
3.485334156218510088e+03
1.762513491826342033e+03
1.171499913390603979e+03
1.195097279003304038e+03
3.759767252421517242e+03
3.415197206400403502e+03
1.087973424107524579e+03
8.872467515377157952e+02
1.883366111331124330e+03
3.336508985749319436e+03
2.529426610246840482e+03
1.708587174808519649e+03
1.365702605332764506e+03
2.466428780640404511e+03
3.280857456831247418e+03
1.846822287384058200e+03
9.189724161443975845e+02
9.048316003933831553e+02
2.793433086540927889e+03
2.800276868573144839e+03
1.186980897390413702e+03
5.108943218685387819e+02
1.128453127978459634e+03
3.200054751239554662e+03
2.639970506913324243e+03
1.390668363445735167e+03
8.712346216390304789e+02
3.046760854635766464e+03
3.053898862679431204e+03
1.358362874773883732e+03
5.977442490210314645e+02
2.439568134186775296e+03
3.174175276727051823e+03
1.374699450942351859e+03
8.042331178532016338e+02
2.033611783070705314e+03
3.511128364581987626e+03
1.921750579883664841e+03
9.816995232763428021e+02
1.470852837326969166e+03
3.349480069802541493e+03
2.680772533749445756e+03
1.207184984482417804e+03
1.011805375479418331e+03
2.826728741331337460e+03
2.932522163716618707e+03
1.367889001846980136e+03
1.063836362359282475e+03
1.379931645437257657e+03
2.833197534497627203e+03
2.747854415180544038e+03
1.770905766236430054e+03
1.289622622045762000e+03
3.065927905338204255e+03
3.046688578826108824e+03
1.490733713242206022e+03
1.232608393662885646e+03
3.030376777049504199e+03
2.582273675829864715e+03
8.933431791213770339e+02
5.002445448399567454e+02
2.727859429698164149e+03
2.900722502030670512e+03
1.237961392147320794e+03
6.842941359421286052e+02
2.605634264177336263e+03
3.346730253877428368e+03
1.007832462116481679e+03
6.200765421390159418e+02
3.639913692235365488e+03
3.080215582271877338e+03
1.157153633878155460e+03
6.922154444992509070e+02
1.532473940549082272e+03
3.594502529900125410e+03
1.913024683804895176e+03
1.011124174268161028e+03
8.961121813448819466e+02
2.706133713797542896e+03
3.384896764343781797e+03
1.654084567816540584e+03
1.010954606229659248e+03
1.516756123811246653e+03
3.386682936966392390e+03
2.426872902922131743e+03
1.304372830029594525e+03
1.168762579730715288e+03
3.031373343968393783e+03
3.699956283165330206e+03
1.668129799957538808e+03
9.591602533210489128e+02
8.533518381931190788e+02
2.098757513936579926e+03
3.738523504945864715e+03
2.316712365414274700e+03
1.157501576325699716e+03
9.084826627505434544e+02
1.197965239397013420e+03
3.054932597909641117e+03
4.090750955230011641e+03
3.457915213024455625e+03
1.593568051435229336e+03
5.701751621554882377e+02
4.116029164067548436e+02
1.188000997466203671e+03
2.841951196947363314e+03
3.383627569090018369e+03
1.432986248296473377e+03
6.219757336458131931e+02
9.498940878854230050e+02
2.765486990322334350e+03
2.723244979381440771e+03
1.444044732258763361e+03
8.438271864010170020e+02
1.990442049634368004e+03
3.281273071396134128e+03
1.813715470431998710e+03
9.014486284951378821e+02
2.134067442815367031e+03
3.405385877854858336e+03
2.029356246806026320e+03
1.417465397922373313e+03
1.124112048311584886e+03
2.792026517612694533e+03
3.283904300281701580e+03
1.571651827451080408e+03
9.534236687272010613e+02
2.022441330489539041e+03
3.780514095428765813e+03
2.156602989502389846e+03
8.478052748090154864e+02
8.344197411148841184e+02
3.054530342012962137e+03
3.037366968711883601e+03
1.375139749072719496e+03
1.062544559975910261e+03
2.764121749240448935e+03
2.991993791007763775e+03
1.398097780185840975e+03
4.883833608090080247e+02
2.014768816417472635e+03
3.351767686349542601e+03
1.855079585938200808e+03
1.100953938472148138e+03
1.083357288791918791e+03
2.917919027476221800e+03
2.879448821711681376e+03
1.489299067132032633e+03
8.554690358441365561e+02
2.533841207773957194e+03
3.438024732702092024e+03
1.729902692671514387e+03
5.708374137905451562e+02
7.505466769298107010e+02
2.010900766012529630e+03
3.794672349719095109e+03
1.588230711510059564e+03
8.653818733761393105e+02
1.849891504840054040e+03
3.942470203967500311e+03
2.435734147827746710e+03
1.031684301175108885e+03
1.079304236541033561e+03
3.378778743219072567e+03
2.435558689004977623e+03
1.157768977254351512e+03
1.150602681355291907e+03
3.432453263743684602e+03
3.117915054377821889e+03
1.350963657517917909e+03
6.783100229626616056e+02
2.212303127128342567e+03
4.106024795255442768e+03
4.044869482812255228e+03
4.115042713635762084e+03
1.962892732835175138e+03
2.432435543898580743e+00
1.755043779202791088e+00
-6.125285510189001914e-02
2.597201731149061388e-01
-9.641134564119594685e+00
3.122823022859755042e+02
1.554136594288811239e+03
2.751558292411652474e+03
2.023763574885978869e+03
1.481377419724252377e+03
1.285921772906669730e+03
1.366256743940854903e+03
1.695829527859376412e+03
3.137778244593325326e+03
4.075859044873073799e+03
2.492441204392530835e+03
1.410034095918956609e+03
1.109296744208893415e+03
1.408694672406198606e+03
3.244762039289315453e+03
2.943533413089413443e+03
1.916498841913457227e+03
1.423602447261233237e+03
1.198768123935406720e+03
2.774185884967756920e+03
3.616432106407730316e+03
1.951651952796933301e+03
1.116922973359482739e+03
1.090804113490329200e+03
2.524020158530705885e+03
2.931124384095666301e+03
1.780501697907812968e+03
1.275855180117988766e+03
1.432353044037619384e+03
3.038622009099911338e+03
2.315559033850629930e+03
1.506444080568284335e+03
1.159360450996329519e+03
2.629886937392651816e+03
3.631346657916637469e+03
2.074519417384104145e+03
1.196996078799577162e+03
2.275333104752975032e+03
3.133312301208081408e+03
1.982293218333790264e+03
1.400716161587632769e+03
1.328807441334380201e+03
2.811305587982766156e+03
2.412723770810082442e+03
1.277937560993750139e+03
1.117146518226558783e+03
2.532389381923551809e+03
2.302232824105577038e+03
1.147823371223675849e+03
8.167833003100324731e+02
2.564981482514482650e+03
3.124059717708578319e+03
1.958351730432683098e+03
1.248944373594052877e+03
1.382595969621867425e+03
3.492187131637904713e+03
3.301933063633465736e+03
9.096428222869607225e+02
3.715180759859973705e+02
5.318672319558093022e+02
1.574392157840355594e+03
3.279079423711864820e+03
2.797700443583128617e+03
1.304998401978969696e+03
9.050223360540447857e+02
1.116320882858178038e+03
2.933851012570999956e+03
4.030123533735118599e+03
2.117426358902720040e+03
1.013674032680493269e+03
7.230863736495649619e+02
1.456669607459508597e+03
