2.304158767208188237e+03
2.641952492615529536e+03
5.770665668746016763e+02
2.208803778474613409e+03
2.730269943873073771e+03
7.852285951767397592e+02
1.665724578424205447e+03
2.682836660753106571e+03
7.114407976340764890e+02
2.486555482690430381e+03
1.680485856671930151e+03
1.165636478780741299e+03
2.854380288786206165e+03
9.194122144398351111e+02
2.223961914040412012e+03
2.123264385872286766e+03
9.241286742771447962e+02
2.705985475460315683e+03
1.353189724991983439e+03
2.196831406014356162e+03
1.590582083978435776e+03
1.420795067500639107e+03
2.456997755662753207e+03
1.528708945323913440e+03
1.931819850212025813e+03
1.721736383352396160e+03
1.202614753842210348e+03
2.234761012771393780e+03
1.345789659174166445e+03
2.781365010376455757e+03
7.607118193250688591e+02
2.311510539233479903e+03
1.288554723555830151e+03
1.939745280239764497e+03
1.880303761483864946e+03
9.802767380914748401e+02
3.011522289099227692e+03
8.332167376514423722e+02
3.081197662789858896e+03
1.501073914694615041e+03
1.094108796926474952e+03
3.286807674673076235e+03
6.830318615060444927e+02
1.908652906738839647e+03
2.043058622862330367e+03
7.623061247686256365e+02
2.649007193748055670e+03
1.208448578585882387e+03
1.702774826567310811e+03
2.192688530822197208e+03
9.132140155605418386e+02
2.732918604093107660e+03
1.377917825864847146e+03
1.114870760849446924e+03
3.241898948699751145e+03
8.103197566290367604e+02
1.484190374259381315e+03
2.974213470717538712e+03
5.429346947795856977e+02
2.256524075613886453e+03
2.429649457787366373e+03
9.843918936610177752e+02
2.592801826114819960e+03
1.395434325355059400e+03
1.045820799857569455e+03
2.940636327050881391e+03
9.143707507343877978e+02
1.813318075329431622e+03
2.440904118940651642e+03
9.973831907553094425e+02
2.128987090398549299e+03
2.137712260848815731e+03
8.889665852400518133e+02
2.702375776472680627e+03
1.084564421493235159e+03
1.732984768736245314e+03
2.149421437642658020e+03
5.362230250069952717e+02
3.185501712281061373e+03
5.760650176569557743e+02
2.841803323782735788e+03
1.832745975081095139e+03
1.295119297981155114e+03
3.122923101854378729e+03
4.118139187691260759e+02
2.481068863115559907e+03
1.675979140147342150e+03
8.742784754794910214e+02
2.917239058409224526e+03
7.733143656358540738e+02
3.044409036653954445e+03
1.053018395754187623e+03
9.790870639181888464e+02
2.743347110491079548e+03
8.071569203369850811e+02
2.547947920495110338e+03
1.662368840570624343e+03
3.048311118167294467e+02
2.538694959578617727e+03
7.650436908752922136e+02
2.023071757710639531e+03
2.325414160750890915e+03
1.051315554157164343e+03
2.996047814951825330e+03
1.239855066205044068e+03
1.903199655182272181e+03
1.992068942042487606e+03
1.135035334595358336e+03
3.198366414476403861e+03
8.808511257268947929e+02
1.828436077734124638e+03
2.369311532276693924e+03
8.019886312944935298e+02
3.335440476978565584e+03
1.005543763398140300e+03
1.678999984972708489e+03
2.070212210849559597e+03
9.869631858168349936e+02
2.551428486169912048e+03
9.143181522258335008e+02
2.057611474703995100e+03
2.766930435475447666e+03
1.260201743585913164e+03
1.619595830066743702e+03
1.124398142681767240e+03
3.387007166801292897e+03
7.642522062931781193e+02
1.007663468040009548e+03
2.992326168765836428e+03
1.620542127648361657e+03
6.950202125357076284e+02
2.477779578908950043e+03
2.264255569202302013e+03
5.816367868670665757e+02
2.546808576210195497e+03
1.683348774445737945e+03
1.151418786964934725e+03
3.437827869187254691e+03
3.908852082498629898e+03
-1.641600411702281690e+02
9.304648732799487334e+02
3.033370854015632176e+03
7.906833118870231374e+02
1.402803345297784745e+03
2.917297045661499851e+03
1.032937291510588238e+03
1.303700684550944288e+03
2.808732028766376970e+03
1.135666245144136155e+03
1.972756840750179890e+03
1.671299272624166633e+03
1.567533701405624015e+03
2.531369696866485810e+03
8.590356832736129036e+02
3.140561577241067880e+03
6.515046418865622400e+02
2.032644371139969962e+03
2.658984767177727008e+03
3.033872346078188116e+02
3.528791250190218761e+03
1.692512901140852648e+02
2.518520238503467226e+03
1.162311483940624385e+03
5.795720112981888406e+02
3.848351302956948985e+03
9.483751651517534356e+02
2.741363207673215129e+03
1.110588949824366864e+03
2.201955390802248530e+03
1.545636700234932277e+03
9.389147516561256452e+02
3.039297633531622523e+03
7.892892750757002887e+02
2.828194231608004884e+03
7.292613108213420219e+02
2.666011528734755302e+03
1.061572360728139302e+03
1.361946126547640915e+03
2.956904521632936849e+03
5.969267628080972372e+02
3.083357859302083398e+03
2.897909005325372789e+01
2.521073199437250423e+03
1.201189199376982288e+03
8.354864565006381554e+02
3.200845387292972191e+03
1.563790070627994282e+03
1.958911869814324064e+03
1.449763048150521627e+03
2.226061914042990793e+03
2.267857183170678127e+03
7.138478012489924822e+02
2.948604702184652979e+03
3.768533941993850931e+02
3.218014872919177833e+03
7.541745204725742724e+02
2.112154185395383138e+03
2.713497130304912389e+03
8.758195949987203903e+02
2.043800267642187237e+03
2.388703532752072533e+03
8.787680552441922828e+02
2.546616336999186387e+03
2.845785612443136870e+03
1.477233636625351437e+03
4.739608251621878594e+02
1.205698086173635602e+03
3.512413418181817633e+03
5.360592745238801626e+02
1.123885388196616304e+03
3.564816554049412389e+03
6.394102091699097627e+02
1.401700923407013761e+03
3.291978484599576859e+03
4.679772680729323042e+02
2.033342049247738942e+03
2.532973682762353747e+03
7.496773567637640099e+02
2.327053839510283524e+03
2.420517337381288598e+03
6.683410102720837358e+02
2.212520721334110021e+03
3.435033394264931758e+03
-7.630908802375176947e+01
1.933742460536288490e+03
1.994755475218864149e+03
1.054030882790206306e+03
2.699468610599497424e+03
1.174576170863769903e+03
2.773700181345751844e+03
1.169239610256244077e+03
2.524420687608208482e+03
1.252392969311228399e+03
1.736671620086709027e+03
2.677299724751053873e+03
8.054893143360169461e+02
2.393526864673954606e+03
1.500422628340061465e+03
1.279301502487543530e+03
2.950453107795990036e+03
1.005116345472379180e+03
1.519386088277825138e+03
2.612612573527850600e+03
1.099131642504288720e+03
1.690104727007609426e+03
3.066267275253626849e+03
7.456077972450652851e+02
1.722789147866658368e+03
2.794514789728433698e+03
1.210720835629766270e+03
2.415414819502805130e+03
1.484587268843023821e+03
1.464165342451188735e+03
2.105470638722827516e+03
1.248161706648890231e+03
2.738141541480873911e+03
8.082819792365598914e+02
2.520477788209156188e+03
1.460243163934135055e+03
1.052670139848051349e+03
2.775778794539804039e+03
7.489059807557803197e+02
2.726396665724240847e+03
8.702899134212251511e+02
1.894414078250206103e+03
1.700122233494857255e+03
9.290126422049919483e+02
2.945331617793669921e+03
8.586231766487163668e+02
1.765329830347807729e+03
2.736650022171603268e+03
6.511109927252855414e+02
2.335565333360810655e+03
2.158401956493925354e+03
8.526062916741051367e+02
2.708202632458604967e+03
1.831458274614010634e+03
9.049091100168139974e+02
2.745529292684082066e+03
1.646853173789027096e+03
7.285198442153229053e+02
3.103996962132686349e+03
1.403610638600604716e+03
7.719667157894757565e+02
