1.604903903990625849e+03
1.770557432497438867e+03
1.911468925346178366e+03
2.546952746705449954e+03
2.363132805487921360e+03
1.471442131373992652e+03
1.867150907286509664e+03
1.909120543151223956e+03
2.711769414419842178e+03
1.649258343451045221e+03
1.544748353716597649e+03
1.737250019614019038e+03
1.920203309181166333e+03
2.259815184502234843e+03
2.497966792866659034e+03
1.557795139224855120e+03
1.718494406312152250e+03
1.873277614686201559e+03
1.863774974585445989e+03
2.647961950046098991e+03
1.801444926085513316e+03
1.645790893666000784e+03
1.763369027348436475e+03
1.903145279927234242e+03
2.578142483151760189e+03
2.389117243015682106e+03
1.460073911569091479e+03
1.660266194006750538e+03
1.836148448831375163e+03
2.556932529859845999e+03
2.524895058670515937e+03
1.379415084804630169e+03
1.642183438191030973e+03
1.740393400707950832e+03
2.575697695308107996e+03
2.438411248954818348e+03
1.355014147640126794e+03
1.745934997658624525e+03
1.788872656343730569e+03
2.369806468418425993e+03
2.719489425659406606e+03
1.409608573405857669e+03
1.571424006290215857e+03
1.710270347655492969e+03
2.571020207597798162e+03
2.452312913080314047e+03
1.495344617157598805e+03
1.681739449784780163e+03
1.835442289395346961e+03
2.491978924876388646e+03
2.445250939254845434e+03
1.389965948865333530e+03
1.703268412237873235e+03
1.821756715706125533e+03
2.566935318804983126e+03
2.402895151246402747e+03
1.392217985781783909e+03
1.827092827832491139e+03
1.776501226500607572e+03
2.353734423834235258e+03
2.510773355734227607e+03
1.509941656973926683e+03
1.772102974056842186e+03
1.751889214550912584e+03
2.087758449896595266e+03
2.603367110942692761e+03
1.666981700992136894e+03
1.664250512675474965e+03
1.697456040725702451e+03
2.300332713614496242e+03
2.600613354456382240e+03
1.478619302791076962e+03
1.664275874384916733e+03
1.738759879718745879e+03
2.525377040706123353e+03
2.612141137446651555e+03
1.220228129055517002e+03
1.578287401816590091e+03
1.924616436033388482e+03
2.738649918441005411e+03
1.902684955040307386e+03
1.488965933591359999e+03
1.496657941351145610e+03
2.859173965204392061e+03
2.611540534696788654e+03
1.316968528162075927e+03
1.534059494412784943e+03
2.366856304899721181e+03
2.729033712676185132e+03
1.169188216527045597e+03
1.551726895313737259e+03
2.049889579878594759e+03
2.836732923730668062e+03
1.495167024892276231e+03
1.448844816180208909e+03
1.773325331357390723e+03
2.803371460655166175e+03
2.422621422395880018e+03
1.113159460249818494e+03
1.504040143939036625e+03
2.559862601899933452e+03
2.771147551818523425e+03
1.331678515549352369e+03
1.520568950206414229e+03
1.636483437320785697e+03
2.830934529401234158e+03
2.543592634096854454e+03
1.289797875557521820e+03
1.513034479213369877e+03
2.001565657878832099e+03
2.805989624488456684e+03
1.694778448758830336e+03
1.480929957703910759e+03
1.648506198952992918e+03
2.894927568968997548e+03
2.033708498499135203e+03
1.348612216958565796e+03
1.584276770973150633e+03
2.531940887254035260e+03
2.900164321342163930e+03
1.206325869624933375e+03
1.873093108417226631e+03
1.970122124667547496e+03
1.457942184621041406e+03
2.119637606919195150e+03
2.942850033538638854e+03
1.534043090832505641e+03
1.396120006337513587e+03
1.643126024747594329e+03
2.408858114219357503e+03
2.855679149429745394e+03
1.235276976769578596e+03
1.509755443264024962e+03
1.764646735931010198e+03
2.842380962283217741e+03
2.327253913783977168e+03
1.328123628139998345e+03
1.557369882230258099e+03
2.426219199234422831e+03
2.638883706531299595e+03
1.417995442530312175e+03
1.660512412621138310e+03
1.726353071018080982e+03
2.002854735796492832e+03
2.758676382162202572e+03
2.021558107365430487e+03
1.463468309697306495e+03
1.636408970039291489e+03
2.145391839642929881e+03
2.715186212867065024e+03
1.608521005221425639e+03
1.594985058491131440e+03
1.685691053078443019e+03
2.081982743348677104e+03
2.663089796478521293e+03
1.752325277901001300e+03
1.560843343207402540e+03
1.672283612637194665e+03
1.849718249325919942e+03
2.969793352093547128e+03
2.485197897116963759e+03
1.201707775092170550e+03
1.628378371536686473e+03
1.679252888502018322e+03
1.850720931685551705e+03
2.715844938969521991e+03
2.204829083195654675e+03
1.555675641201021108e+03
1.537656694895070814e+03
2.022295017265473007e+03
2.654509674508108674e+03
1.743985976716884352e+03
1.614085141544619091e+03
1.536617944528688440e+03
2.477235453431868791e+03
2.685081984398829263e+03
1.296548301461400570e+03
1.645656447052473368e+03
1.740782163833868935e+03
2.729894484362440835e+03
2.494186795063620139e+03
1.189807672004836377e+03
1.639372648350446980e+03
2.787999727980650277e+03
2.367769476471380585e+03
1.307915996177149282e+03
1.695080561413531996e+03
2.246013686681219951e+03
2.784339217250663296e+03
1.385131262373109394e+03
1.470645972972735080e+03
1.714725162374233832e+03
2.787623128847823409e+03
2.597114282607167297e+03
1.284324731246403417e+03
1.491352891175891500e+03
2.009874108189239678e+03
2.829868161603458248e+03
1.553818330566247823e+03
1.521182490497968956e+03
1.617712776384112885e+03
2.790760549764354437e+03
2.515890513826578172e+03
1.194811773730935784e+03
1.640966287625424911e+03
2.124508620222928130e+03
2.793395036052652813e+03
1.526365216230316946e+03
1.369642427348121828e+03
1.714463540398335681e+03
2.718941025832751620e+03
2.397223517439072566e+03
1.397104741847174637e+03
1.616262064549864135e+03
1.836423095099750526e+03
2.802071625017601036e+03
2.151096515953757262e+03
1.298098799071651001e+03
1.558447371934596958e+03
2.550154255055679641e+03
2.966713428041419775e+03
1.220883035349160764e+03
1.430925977045055106e+03
1.709278261701272640e+03
2.718969591590858727e+03
2.412002042058062671e+03
1.323935900210198042e+03
1.551560026150285466e+03
2.081705243995815181e+03
2.792600584602120762e+03
1.693582634240154903e+03
1.419272366663696175e+03
1.632228878355843790e+03
2.894783454291801718e+03
2.212710244435369987e+03
1.301902051180061790e+03
1.565852020995163457e+03
2.778183949231197857e+03
2.698085275483369060e+03
1.164278822515430647e+03
1.459068155852509108e+03
2.281325306922283289e+03
2.881084941246095241e+03
1.288863536911947449e+03
1.376740575981664961e+03
1.762279676967436899e+03
2.925851382755083250e+03
1.932885001537351854e+03
1.290465408745334571e+03
1.735150337019945255e+03
2.793890464440922642e+03
1.384212516425516469e+03
3.272673657858382285e+03
1.882723412034266403e+03
1.315173987788798513e+03
1.475211590407569929e+03
2.292304150264923919e+03
2.849720050625508975e+03
1.339094317160226183e+03
1.463824224267424142e+03
1.659623856688479691e+03
2.959828694683384128e+03
2.003170000733994584e+03
1.396725719947615062e+03
1.495339891377691401e+03
2.810986112523132761e+03
2.689737506816548375e+03
1.009830266566763498e+03
1.545123415080322957e+03
1.789759213592216383e+03
2.855696906034300355e+03
2.657884284112056775e+03
1.246210806551186351e+03
1.563510585416060167e+03
1.771382945391260591e+03
2.794477273544186119e+03
2.637750526294058091e+03
1.222553450149320952e+03
1.576969205659258023e+03
1.911512672540310177e+03
2.862954753898794934e+03
1.817707424162886127e+03
1.977857719927765629e+03
1.902909759925262279e+03
