1.971962735783404014e+03
1.800297871285023348e+03
1.512005854064343339e+03
1.673440905925920788e+03
1.941583813187310398e+03
1.792387248961317482e+03
1.549762477897644885e+03
1.698130246484211511e+03
1.934298840878954934e+03
1.752563077483494681e+03
1.582215331890176003e+03
1.723186726087596071e+03
1.927055262406791144e+03
1.629101162103296247e+03
1.583645983585191743e+03
1.882818032841701552e+03
1.878138204065558512e+03
1.543582608247068947e+03
1.643141223713490490e+03
1.908101528156294080e+03
1.805822819818970856e+03
1.588690147109951567e+03
1.662680173148953827e+03
1.882669043307134871e+03
1.674348514288044271e+03
1.616956005987556182e+03
1.721551365539836070e+03
1.888447247355982654e+03
1.618759261928162687e+03
1.626554713805011716e+03
1.771417032011568836e+03
1.874348284705818060e+03
1.603105708535151507e+03
1.629148066428371976e+03
1.862792778459899864e+03
1.819784854512805623e+03
1.590691323401961426e+03
1.674900728497854288e+03
1.767523800082921525e+03
1.673458563555459023e+03
1.794521459103519419e+03
1.875552837125677570e+03
1.609537412023427578e+03
1.588639201411632712e+03
1.865783223836382831e+03
1.821336902461456248e+03
1.616956348536379664e+03
1.595292344050387328e+03
1.875016576573557586e+03
1.783394520536862501e+03
1.579827944145552692e+03
1.691415083462598432e+03
1.797074658515010015e+03
1.641361734961505363e+03
1.642809245636660989e+03
1.796036578511033440e+03
1.903551080841836438e+03
1.613643368551444382e+03
1.570302992642983554e+03
1.805646468050858857e+03
1.859809408092579361e+03
1.613288763881181012e+03
1.622375857240783262e+03
1.884773484874133828e+03
1.838336297330581147e+03
1.583374245313838173e+03
1.629779881122383813e+03
1.924195918069513482e+03
1.769232004847758617e+03
1.580248120467028230e+03
1.638410863926978209e+03
1.942721053229536437e+03
1.737084107842897993e+03
1.611939112875901174e+03
1.669776815180090807e+03
1.917480442764536065e+03
1.606047938450599531e+03
1.589224907808553098e+03
1.913960379135555741e+03
1.786695051066677706e+03
1.573529347103597502e+03
1.661782981594555622e+03
1.789466792378948185e+03
1.907264284138949051e+03
1.560814385854132524e+03
1.667415920921646375e+03
1.887660247478004067e+03
1.843639837046446473e+03
1.590609151597535856e+03
1.640923361490537900e+03
1.873252847568505786e+03
1.867575626286952911e+03
1.593522885848682790e+03
1.607632465214798003e+03
1.849493690628892637e+03
1.860144375154566433e+03
1.557740958280084214e+03
1.688827438992809675e+03
1.955255585791530166e+03
1.743953526357960527e+03
1.546097518367031853e+03
1.689785685138909457e+03
1.902002835026361026e+03
1.841818706531775888e+03
1.574103279537080425e+03
1.648685730292479093e+03
1.900866644025670666e+03
1.823221567210038756e+03
1.578059689554322631e+03
1.629583761698152784e+03
1.900179471653935025e+03
1.837240988164256123e+03
1.571335555395060283e+03
1.631498188764301176e+03
1.894227381961531592e+03
1.889792464212799132e+03
1.552268670629103099e+03
1.628771618120935727e+03
1.685732107209355490e+03
2.008824429626603660e+03
1.740508018845522201e+03
1.642960422978859924e+03
1.715056066506664138e+03
1.503156836749137256e+03
1.690876408265126656e+03
1.991937768554805871e+03
1.688482532817643460e+03
1.554079734719972294e+03
1.693337507342092294e+03
1.934229860139578250e+03
1.847336698098452644e+03
1.516273490888896276e+03
1.653918979196701912e+03
1.771949833163565017e+03
1.889437970262590852e+03
1.664025983178357592e+03
1.573785884861703380e+03
1.973918951904747018e+03
1.822104947663701523e+03
1.869046792404671351e+03
1.778290653032423734e+03
1.490180282228582200e+03
1.537664072657155884e+03
1.623337731310782374e+03
1.681063868632110371e+03
1.691900228612084220e+03
1.890768462442660848e+03
1.666278794432190580e+03
1.694717247407837021e+03
1.699359939360959515e+03
1.745783377023958337e+03
1.881670760636490513e+03
1.612852899734929679e+03
1.694164703461673753e+03
1.685581657227066671e+03
1.919882217537604902e+03
1.704966033200731545e+03
1.602618740369972784e+03
1.670043945439528898e+03
1.932438703593158152e+03
1.753602592381856766e+03
1.567695568066235637e+03
1.675326356902068937e+03
1.920905871656626459e+03
1.745601521263513632e+03
1.638309167155446175e+03
1.656061682971096161e+03
1.914064133876156120e+03
1.719993888066512227e+03
1.604430114170326078e+03
1.724386661511830198e+03
1.892523475809466390e+03
1.677910563214122931e+03
1.584003319839776395e+03
1.828601095073897341e+03
1.865509234291624352e+03
1.601967490775325587e+03
1.659560014856330326e+03
1.832629287676784770e+03
1.859429639445900420e+03
1.589034046344060243e+03
1.584993745738858024e+03
1.933540426772312685e+03
1.861210424342167016e+03
1.522361066136930276e+03
1.640554778868462563e+03
1.912007119320885977e+03
1.824255582389565006e+03
1.586701527293065965e+03
1.690891791977136791e+03
1.936545500091594022e+03
1.614087781508004355e+03
1.617814658021309469e+03
1.762416679762007789e+03
1.878077243264212939e+03
1.624213655735808743e+03
1.623628651220416941e+03
1.861125757401570581e+03
1.851499115459023415e+03
1.565107475171985925e+03
1.633479689548895294e+03
1.902071559872117177e+03
1.734995471972931909e+03
1.539578697347297066e+03
1.824064573841374795e+03
1.924746289170228692e+03
1.539047427943811044e+03
1.579961739385290912e+03
1.807161494520146562e+03
1.909947635631857338e+03
1.588257833450813678e+03
1.647915419022207971e+03
1.736202882187966452e+03
1.716078271102498547e+03
1.636782937693822078e+03
1.962007040853232411e+03
1.773597360207111024e+03
1.508593470433812399e+03
1.696827913246350590e+03
1.947252398461275334e+03
1.687977584276837888e+03
1.541993305179309118e+03
1.759962374563217509e+03
1.917229494599077043e+03
1.559477702360699368e+03
1.605085327399612879e+03
1.980994420176626363e+03
1.685621709397983750e+03
1.557808280883596126e+03
1.791886637470564210e+03
1.898449832624485680e+03
1.542477662577283581e+03
1.606642613724223111e+03
1.907227314334723133e+03
1.853564496140572146e+03
1.538271959796722740e+03
1.639065296856297209e+03
1.910804638005452716e+03
1.800885546756647727e+03
1.563271090762422546e+03
1.677227954738067410e+03
1.924619574008842164e+03
1.700298825487686372e+03
1.597689882530603199e+03
1.684074694230444038e+03
1.921441163509426133e+03
1.809529594307591879e+03
1.518693258135652513e+03
1.685159360822615099e+03
1.902879624382877864e+03
1.753867887517884355e+03
1.590163823566137808e+03
1.690386474992352532e+03
1.897254614637821078e+03
1.678625248174432045e+03
1.567656004910709498e+03
1.759813439304972235e+03
1.879730254291987421e+03
1.661048747873564707e+03
1.581905039569086966e+03
1.780809211270172909e+03
1.877025265267120631e+03
1.838460113871366957e+03
1.466874584756455079e+03
1.621647757735383493e+03
1.763864808727079208e+03
1.977067713540380737e+03
1.902345160628505482e+03
1.449784151175618263e+03
1.565343714519796094e+03
1.727832736416996568e+03
1.987423862966914612e+03
1.721816681800595461e+03
1.535019044942072242e+03
1.705597984525270249e+03
1.944902460509770435e+03
1.879041636870827915e+03
1.534399834620536240e+03
1.632550011156329219e+03
1.747011193957801424e+03
1.921023697215472566e+03
1.655216898666377801e+03
1.598659375824784320e+03
1.658388603998108465e+03
