1.954581054127222387e+03
2.236813280915009273e+03
2.103247017251926081e+03
1.771709922586153880e+03
1.917353643071202669e+03
1.979209991924686165e+03
2.333639424462980060e+03
1.776831573359306503e+03
1.822133904738460842e+03
1.957474834609736490e+03
1.970431469959943342e+03
2.157946150085055706e+03
2.015021741664091678e+03
1.890894710303644615e+03
1.972103594053770621e+03
1.951400799522249145e+03
1.963581896730319613e+03
1.928954037696050818e+03
1.953566740222326871e+03
2.086701837954373786e+03
2.112416156728028909e+03
1.877441595005922409e+03
1.884883191599333941e+03
2.167268347714066294e+03
2.222312380456421579e+03
1.792250627560132216e+03
1.836223891823294935e+03
1.995565053902071213e+03
2.261299546930812539e+03
2.074921897121908842e+03
1.716659071041051675e+03
1.857444145674268384e+03
2.405560808787387487e+03
1.948662528028284896e+03
1.716605610578395499e+03
1.880273712390316177e+03
2.374783539687060056e+03
2.047055878517005567e+03
1.720590322268693626e+03
1.878600113164745835e+03
1.935937934456685753e+03
2.272794940052162019e+03
2.027396268331508736e+03
1.748606295539738994e+03
1.874723903243531367e+03
2.106363931936104109e+03
2.294961707261809352e+03
1.747723761575060507e+03
1.847078627606882719e+03
2.090342577720784902e+03
2.316302912027088951e+03
1.717099148512855436e+03
1.771148094198928675e+03
2.090774059528906037e+03
2.292521365227770730e+03
1.771278335614412981e+03
1.820191678773973535e+03
2.216640985546735465e+03
2.260929391444353314e+03
1.763483125022325794e+03
1.856000907067230628e+03
2.013683781241193856e+03
2.326863647868813132e+03
1.763343602615562077e+03
1.794700877285532215e+03
1.921253610980254052e+03
2.298175505129074281e+03
2.014441273209068868e+03
1.736040366700775394e+03
1.906222079266953870e+03
2.315610187087536360e+03
2.047613527465528705e+03
1.745469002868787129e+03
1.837844649807264886e+03
2.179008125328514325e+03
2.315601604150871481e+03
1.687253347236005766e+03
1.855961736255792403e+03
1.954155901146061296e+03
2.258436975405195426e+03
1.899919687516231534e+03
1.843819666893015210e+03
1.947600384002632154e+03
2.235047657444314154e+03
2.062813850975289370e+03
1.759896801760014341e+03
1.902300026974719913e+03
2.022453941495457912e+03
2.256967715728738767e+03
1.836695920060654089e+03
1.804664208586987570e+03
1.929589040744224576e+03
2.210213306878297317e+03
2.101156108270578443e+03
1.774017650151333328e+03
1.930530710737163645e+03
2.277398302277988023e+03
2.015702531010502298e+03
1.739641084462761000e+03
1.936183470896992048e+03
2.333939678642343551e+03
1.900547021978629800e+03
1.810921792175223800e+03
1.892797572706118444e+03
2.231872048452493345e+03
2.156267291160216701e+03
1.686328159471089066e+03
1.909769657995403350e+03
2.200235962620055943e+03
2.225735607853516740e+03
1.725366760210943994e+03
1.830183969871144654e+03
2.244444117623493639e+03
2.210270460801717491e+03
1.776447092209933999e+03
1.855114806448243826e+03
2.065073667841810675e+03
2.261101173428915899e+03
1.752150319465899202e+03
1.808788053511750149e+03
2.110796108774529330e+03
2.314003939316994547e+03
1.703641314195517225e+03
1.800974138883209889e+03
2.034165113919712667e+03
2.311475273891679080e+03
1.895577720004772800e+03
1.786464214297963053e+03
1.851692573558485492e+03
2.131334551378589822e+03
2.311491346280706694e+03
1.763944636842656109e+03
1.828263888816144117e+03
1.891341207830810617e+03
2.260004012187256649e+03
2.104518767215339267e+03
1.802506813839424240e+03
1.887730009807127772e+03
1.999168969293403961e+03
2.286061202090223560e+03
1.888765301208285791e+03
1.816799687745358824e+03
1.945234012520137867e+03
2.086789859114698174e+03
2.286681439396857513e+03
1.762246108099492176e+03
1.847443084374892123e+03
1.903778805006610355e+03
2.140455152729321071e+03
2.263926253307909974e+03
1.733506448413415910e+03
1.862849683421529789e+03
1.966198567248741711e+03
2.229842945285203768e+03
1.960950893130070881e+03
1.786004401393852959e+03
1.934254489207493634e+03
2.192194661434914451e+03
2.196661928100947534e+03
1.755086894374159783e+03
1.826986528288702402e+03
2.027136150280091442e+03
2.201497266442336240e+03
1.970686753550548474e+03
1.825455708366156159e+03
1.952580379886342598e+03
2.234393715490141858e+03
1.836408234160412349e+03
1.820343777921458241e+03
1.923043524745708055e+03
2.266908826836987828e+03
2.088955923486560550e+03
1.703795986919092911e+03
1.891846619931920031e+03
2.270406439064213828e+03
2.032086990953057239e+03
1.667701881040142325e+03
2.040833420155304339e+03
2.324685637928136202e+03
1.729515947792044926e+03
1.779845356857670595e+03
2.078035123983788708e+03
2.355509340662690192e+03
1.847931980557561928e+03
1.702469739772158619e+03
1.888171280148864753e+03
2.282263122630707130e+03
2.138665343130927340e+03
1.724096914228048490e+03
1.818840708553487048e+03
2.295857886228683128e+03
2.130307078403758624e+03
1.634664055554591869e+03
1.953473965021537879e+03
2.329216972020288267e+03
1.871830552964463777e+03
1.766915038600225444e+03
2.015699512682331260e+03
2.362485403492091336e+03
1.779066979416566255e+03
1.774047344824174843e+03
1.923054242333185130e+03
2.279011835356336633e+03
2.208291814224672180e+03
1.719022901353553152e+03
1.888946040840233309e+03
1.999243398212967350e+03
1.976383878747863946e+03
1.900462533016991983e+03
2.289607024517973059e+03
2.249560869525076214e+03
1.648025348393489594e+03
1.883276577073489534e+03
2.164970371929398880e+03
2.263535946794439951e+03
1.732820274539789580e+03
1.852575723716996436e+03
2.009800856824574566e+03
2.337163503270493038e+03
1.884020838484526166e+03
1.750755149853745706e+03
1.890353474250598083e+03
2.212928915663965654e+03
2.248612146529037545e+03
1.694383849425923245e+03
1.861781760816709266e+03
2.276948227325308380e+03
2.077197717386964541e+03
1.791311007656735001e+03
1.860484598537394504e+03
2.221444632735333926e+03
2.161384126457754974e+03
1.669596520196909069e+03
1.912276855705709522e+03
2.276793000203565498e+03
2.114464884138171783e+03
1.768882611933692942e+03
1.869690094877579213e+03
2.261967426722361779e+03
2.099559655600278802e+03
1.726501129112224135e+03
1.828843391034752813e+03
2.157678346873606642e+03
2.325006480708754680e+03
1.695718539487346561e+03
1.806424048549403324e+03
2.067231624639872734e+03
2.292696222754847440e+03
1.778078182761196786e+03
1.909236392618614673e+03
2.014351965204040880e+03
2.278223840716528684e+03
1.791780146055938758e+03
1.800782805135124818e+03
1.886735665574804443e+03
2.187443796513329744e+03
2.319526483552602713e+03
1.751353362587385845e+03
1.825248114307469450e+03
2.110030622132452208e+03
2.243320161197280868e+03
1.703615815120303523e+03
1.845416526742413225e+03
2.041686051793325532e+03
2.313427344065542002e+03
1.744982535396448156e+03
1.780809432815833588e+03
2.173830622388323263e+03
2.306703965716140829e+03
1.675473897854579945e+03
1.841782228278739012e+03
2.055172972336703424e+03
2.351370452248670063e+03
1.662240862188709571e+03
1.799672532867441760e+03
2.181398555240749374e+03
2.330365582347760665e+03
1.757028107987776821e+03
1.858130233232556748e+03
1.845651746824057909e+03
2.179706188463412673e+03
2.330655326340669490e+03
1.677950718386851577e+03
1.801693422158233261e+03
