2.174803445581904725e+03
3.153822581589653964e+03
3.007149544490181597e+03
1.010585939029093424e+03
1.221562081763792094e+03
1.487612747140384727e+03
2.034447993080909782e+03
3.124864886864794698e+03
3.990986636633334001e+03
1.421158275787028060e+03
5.275863877564307813e+02
1.011758098263626948e+03
1.749743333579827095e+03
2.543074029372109635e+03
2.557751885073363155e+03
1.706768721365786632e+03
1.871530204889716970e+03
1.670327252002522528e+03
1.902415626456816653e+03
2.885404071616496822e+03
2.547830108615494282e+03
1.217515695527596108e+03
1.383684828120614384e+03
1.535531867871503209e+03
2.214117879200978223e+03
3.267249539098709647e+03
2.459272995628269200e+03
1.029163084255822696e+03
9.924666322045216020e+02
1.923406075334847174e+03
3.318045780047446897e+03
3.104554828827271194e+03
1.009401864852068570e+03
1.069489786039704313e+03
1.138106340308838298e+03
2.130134321726330199e+03
3.543985203919055493e+03
3.161956934487127910e+03
1.129609480520947272e+03
1.043180619988321041e+03
1.343766245266487886e+03
2.560826118335794490e+03
3.465796254206253707e+03
1.087563977607628431e+03
1.003051183708620101e+03
1.263860289894149901e+03
2.463611870374445061e+03
3.642261060527032441e+03
1.302423845028230062e+03
1.046185012895267846e+03
1.301231290083545446e+03
2.666466480120172037e+03
3.659833293652321572e+03
1.410499593973900119e+03
9.764809586093416556e+02
1.023429552125757709e+03
2.817432980244986538e+03
4.087380464599796596e+03
4.068900171965714435e+03
2.654070213882331245e+03
1.741244217900267088e+01
-8.570306758827406668e+00
3.523351433922520073e+02
9.311876449541656484e+02
1.218965149338966739e+03
1.636030101585271041e+03
2.023998829141159604e+03
2.626875816417224996e+03
1.771440037967214948e+03
1.497110767732664499e+03
1.611908112921990551e+03
2.294447746727961203e+03
2.477272508952998123e+03
1.785932396665860779e+03
1.731104193931975033e+03
1.889963973838533320e+03
1.973038218522797251e+03
1.670090772404009840e+03
1.572874373379976987e+03
3.154862456716224642e+03
3.081185173204522016e+03
1.389627468950182674e+03
9.545230623097204443e+02
1.497647863958913376e+03
2.522582639299981565e+03
3.414544951962126561e+03
1.797746207091828410e+03
1.318243788140635388e+03
1.550424747336800465e+03
2.448190873589975581e+03
3.287034237734609633e+03
1.581783762496192139e+03
1.137239553209681389e+03
1.541825019149697482e+03
2.371120784548310894e+03
3.445204833451168270e+03
1.749752396128251121e+03
4.771852141187057441e+02
9.680775499292635686e+02
2.954724246362353369e+03
4.120285098860512335e+03
1.454987219800599405e+03
5.442508542954076347e+02
8.375699807458322539e+02
1.542395287200396297e+03
3.445863460359893452e+03
3.971208152845728364e+03
1.495284230676852758e+03
6.538184214559159955e+02
8.253513925676458030e+02
1.142261673929467634e+03
2.386159054808117617e+03
4.005334782152219304e+03
2.720618131500883010e+03
7.409253956388288316e+02
8.769345655642511019e+02
1.426560773578707540e+03
1.916582890508040236e+03
2.042638242295588952e+03
1.418932605455481962e+03
2.107941830551577823e+03
4.017912420580466005e+03
3.942739237171657805e+03
8.101651655220767907e+02
6.848839353945818402e+02
6.729346507621387445e+02
1.307614673616781829e+03
2.385655787946600867e+03
3.808782115193976551e+03
2.338928587512065405e+03
9.034688113027792724e+02
9.614690668188677591e+02
1.603636557542814444e+03
2.918481154750171299e+03
3.223319088185769942e+03
1.521060421127228665e+03
1.256826210720652398e+03
1.320866931365192386e+03
2.324570867825600544e+03
3.232937976915353374e+03
2.529629192589434297e+03
1.319026388376766135e+03
1.315904570507055496e+03
1.448253523077145246e+03
2.059659976017219378e+03
3.171919987275988660e+03
3.398458634535317742e+03
1.272795304766808158e+03
1.103845787790755594e+03
1.349906179106058062e+03
1.691174862341637890e+03
2.828721436779164833e+03
3.306338733977057927e+03
1.043017658898033233e+03
8.636311945045898710e+02
1.380061432175950813e+03
2.222683864978996553e+03
3.735463936633831054e+03
2.215026719139584657e+03
1.426493350309177913e+03
1.172408475564680657e+03
8.023198238125938815e+02
1.844943461450432551e+03
4.080476297097206952e+03
2.366730444820987941e+03
7.926160137108817025e+02
9.483074567611001839e+02
1.187745540303505095e+03
2.416019563537568047e+03
3.999044755559294572e+03
1.833262122534317996e+03
6.176592438626489638e+02
9.071367574935222819e+02
1.483367683050027154e+03
3.528735326477622948e+03
3.423164930803334755e+03
8.417259071019200292e+02
1.044510913999004060e+03
1.619185433266723294e+03
2.964439425533304529e+03
3.179170053238088258e+03
6.028473755855120544e+02
4.692418091687950437e+02
2.309174307257692362e+03
4.168850640965361890e+03
1.751664150754399998e+03
3.273503118020123566e+02
6.192153231546217285e+02
1.584494423250477439e+03
3.921764606314079174e+03
3.846220447029691513e+03
5.854701012559776245e+02
4.477592988954639850e+02
1.003993924494698376e+03
2.409365926276976097e+03
4.152558462996932576e+03
1.887558130635057296e+03
6.963236208635449884e+02
1.066473647770402067e+03
1.610431862857131819e+03
2.331602117684940822e+03
4.131426054203438980e+03
1.433846792186482162e+03
6.135999669305566613e+02
1.152515732149937321e+03
1.711272026983363276e+03
2.467223588305058001e+03
2.871007758728555473e+03
1.573331657430064752e+03
1.319811437500523652e+03
1.604606055735135669e+03
2.800047625382686419e+03
4.145808458228202653e+03
2.156144410472281834e+03
5.525022936203881727e+02
1.047165295919766777e+03
1.453555608373616678e+03
2.359175882977009678e+03
3.499703596734617349e+03
2.887656572665574913e+03
5.920156435010984524e+02
6.962094926395642460e+02
1.316188426397470039e+03
2.055519234397590481e+03
3.298943159844826368e+03
2.717934417560233214e+03
1.148677159073840812e+03
1.090460081499389162e+03
1.838923393271629948e+03
3.192700218115401640e+03
2.001123598201868163e+03
1.068377560108770695e+03
1.137655723557990768e+03
1.970086843699616793e+03
3.361349414039089424e+03
2.575926174746367451e+03
1.026659075186570362e+03
1.295192736198910552e+03
1.754353693361988917e+03
2.858664217806407123e+03
3.054512726478951663e+03
1.221598822622382158e+03
1.070740629727648638e+03
1.381775180757307680e+03
2.584778370424358400e+03
4.032691888832289351e+03
2.399819821963808408e+03
7.488854583831067657e+02
1.022095881787690359e+03
1.275971854439383378e+03
2.008551727909042938e+03
3.608290728905516517e+03
2.938855215325209429e+03
7.364958798194018073e+02
9.668405871078342670e+02
1.775903689241842358e+03
3.305935297950681161e+03
2.487059097963640852e+03
7.948035210313437346e+02
1.063676136960020813e+03
2.352508680033264227e+03
4.003693487054964862e+03
1.929435897010636381e+03
4.370206170791889804e+02
7.592455027786570554e+02
1.489167909483488529e+03
3.220095496260911659e+03
3.691753027513313555e+03
2.568050468468440613e+03
1.827578708830874916e+02
5.569078439519026915e+02
1.138968716363863678e+03
1.512852396757007682e+03
1.898996858673453062e+03
2.814951138099247146e+03
2.934160815347760945e+03
1.309368842113702840e+03
1.302858791770704556e+03
1.793887026534997403e+03
3.019830605613215084e+03
3.379347231320248738e+03
1.308052550420792841e+03
9.230155796978129956e+02
1.255008840472516340e+03
