1.446276276730579411e+03
1.312039137710332170e+03
1.634109669730675705e+03
2.197997254732328656e+03
1.947035578481618586e+03
1.306338363177834253e+03
1.579215672420617921e+03
1.916846385184974224e+03
2.330077667365149864e+03
1.246564420179129456e+03
1.448914036283948235e+03
1.665961373248795326e+03
2.388028912963710354e+03
1.418768730226328216e+03
1.416051212616988096e+03
1.634715795356926492e+03
2.388496556258468445e+03
1.781077792646332227e+03
1.471662811965556330e+03
1.503751521051695590e+03
1.807003592742863248e+03
2.286801868722840027e+03
1.458969438063032158e+03
1.434902386933769321e+03
1.568979098856478686e+03
2.198664369599052861e+03
1.972284730163895347e+03
1.412463900706842878e+03
1.478869336300151417e+03
1.704141832463176343e+03
2.315590290331791493e+03
1.502411878164597056e+03
1.446982123190536868e+03
1.607487840329932624e+03
1.658568970313084037e+03
2.425567401269761831e+03
1.543715272987548815e+03
1.405503369138727521e+03
1.580911602739049840e+03
2.178412593360164465e+03
1.880283510561987214e+03
1.434090600516728728e+03
1.551364596734739735e+03
2.125689494590287268e+03
1.938148889307831041e+03
1.403376135278639595e+03
1.499650170240995976e+03
1.709386364868662895e+03
2.271323558209003295e+03
1.519595326865371817e+03
1.435762888914315681e+03
1.547930391224572077e+03
2.293235286724492653e+03
1.825119658990479138e+03
1.386463287802135483e+03
1.475572027884372801e+03
1.820838110914393837e+03
1.741699346338494024e+03
2.450917008652559161e+03
1.311994970912994631e+03
1.533874274415264836e+03
1.607023966822952616e+03
2.276547759803218469e+03
1.665150095738359823e+03
1.402259395202156156e+03
1.473262730745303770e+03
2.330218808125766827e+03
2.140131340074100535e+03
1.233537418276089511e+03
1.416990584090930270e+03
1.877214056468914578e+03
2.390793600502337540e+03
1.334085537012177610e+03
1.345638408217396091e+03
1.560153747543137342e+03
2.340280645671343791e+03
1.894763077924420941e+03
1.227667199250461863e+03
1.480951513191811046e+03
2.227856259536807102e+03
2.045461746850078725e+03
1.334704735346236703e+03
1.516528258742441039e+03
2.010320792180505123e+03
2.087942868948083287e+03
1.377890344612103718e+03
1.539160676938856113e+03
1.604560513955469105e+03
2.321982099443288917e+03
1.669642473390940950e+03
1.414817494414586690e+03
1.578659276212874147e+03
2.150048926302847121e+03
1.898362602901390801e+03
1.413256718059001969e+03
1.575750936019717528e+03
2.025058713685916246e+03
2.322234018145571554e+03
1.307829745976103140e+03
1.380451520816160155e+03
1.479315558959423015e+03
2.300708201721957721e+03
1.692148187541607285e+03
1.402576957825741601e+03
1.657177337719607976e+03
2.250620532794954670e+03
1.640288512077601354e+03
1.415094281907218829e+03
1.539727853648161044e+03
2.301812012439690534e+03
1.666499391547421510e+03
1.411317268144711761e+03
1.531670835056200303e+03
2.351957024036609710e+03
1.559277522888255135e+03
1.401119688184742245e+03
1.614605460036992554e+03
2.311663022122754683e+03
1.627226607074751428e+03
1.413687498928881496e+03
1.963584221084251794e+03
2.289921045576500546e+03
1.297481116411007861e+03
1.400453069807849033e+03
1.812377421350396389e+03
2.399065932894011439e+03
1.420818434260047979e+03
1.315571355097967626e+03
1.596043383620138229e+03
2.293400687419437418e+03
1.990376701908716313e+03
1.219176441448721107e+03
1.549380676549411646e+03
1.640262372803561220e+03
2.408640472561698061e+03
1.918262088662881297e+03
1.175179323334206629e+03
1.497568109754102579e+03
2.326415970747782922e+03
2.132902627498065158e+03
1.292991914977666511e+03
1.457070789318326888e+03
1.948993127423770829e+03
2.216141751944675889e+03
1.391332809004948558e+03
1.494539389813515072e+03
1.551834163527713372e+03
2.252365969992104510e+03
1.934022531647248570e+03
1.342603597722723862e+03
1.481988682696540081e+03
2.155188750533518032e+03
2.044536568608884863e+03
1.325703262078519401e+03
1.525746398961158775e+03
1.743621562155780111e+03
2.276118972537767604e+03
1.549541064130346513e+03
1.379279510349218299e+03
1.596496626475196308e+03
2.154172039952480645e+03
1.844422866008694882e+03
1.420862914983215887e+03
1.533156165945756811e+03
2.369971577518183494e+03
1.701984802557649346e+03
1.418918112971972960e+03
1.564037594173610614e+03
2.358724444095338185e+03
1.494347138782526827e+03
1.407953424411238984e+03
1.404679027360552027e+03
2.494970894955131826e+03
1.650947762789242915e+03
1.263243240636069913e+03
1.481548534974264840e+03
2.404133047706822254e+03
1.694254239101192979e+03
1.273991964277260649e+03
1.575859080454754348e+03
2.420254995234735816e+03
1.437919696863375975e+03
1.326747615790322698e+03
2.296248521529189929e+03
1.869718392943210574e+03
1.281042651214133684e+03
1.508051346573033015e+03
2.124453206667653376e+03
2.173817997047672179e+03
1.293720019241518003e+03
1.460606724645435634e+03
2.036940529703651464e+03
2.207976232407650969e+03
1.288344199389070582e+03
1.510792378313782137e+03
1.689707130284538835e+03
2.371622430550405170e+03
1.889416322877703124e+03
1.282405967408510833e+03
1.520249105830678445e+03
2.102782927069270499e+03
2.143590700205393659e+03
1.310806081174321434e+03
1.393442824941103027e+03
2.299239440312436273e+03
2.119214388354260791e+03
1.234044131374534118e+03
1.404219015052632813e+03
1.684991502068962291e+03
2.422807234515152686e+03
1.541380509020934369e+03
1.375385345197633342e+03
1.573755495435891135e+03
2.368726963641717248e+03
2.232103561753314807e+03
1.188180720132729675e+03
1.395438414465922961e+03
1.575260919204805305e+03
2.338181193874697328e+03
1.852737051400884866e+03
1.281950288790779041e+03
1.579809786433669387e+03
1.908089880744734046e+03
2.256891864491523393e+03
1.315397106701810117e+03
1.492850819103224694e+03
1.669153068289929706e+03
2.365274957806336261e+03
1.564862816789726821e+03
1.412012105102706300e+03
1.556681853022922269e+03
2.288835302067772773e+03
1.849679061924705820e+03
1.323188932641618749e+03
1.587595835400330543e+03
2.125958669437829485e+03
1.992231872929279461e+03
1.332116481519165291e+03
1.594478783418758894e+03
1.793394799479792482e+03
2.308830121624888307e+03
1.345695264879901060e+03
1.471949996439009738e+03
1.704909122785292311e+03
1.854425642984590695e+03
2.350002092762029406e+03
1.467321180332268568e+03
1.419104888869020442e+03
1.528030178045073171e+03
2.013518772469759597e+03
2.302284143041074003e+03
1.313395274637421380e+03
1.387852676257160056e+03
1.786420068672825437e+03
2.331523405546832691e+03
1.376429254327749504e+03
1.399146017267388288e+03
1.695184791232180260e+03
2.311518169795556787e+03
1.542176935953798875e+03
1.334632871266042912e+03
1.560035814468138824e+03
2.157236225548404036e+03
2.136141983095340493e+03
1.281473805685926209e+03
1.515379474626697856e+03
1.942187851282267957e+03
2.326431257586822539e+03
1.328653774574862837e+03
1.349775430565337956e+03
1.637840249202110499e+03
2.221653620622435483e+03
2.228661146091547835e+03
1.177290411418867507e+03
1.454153874715349275e+03
1.713605511220417839e+03
2.364556094909594776e+03
1.468290614828785465e+03
1.357231696910957680e+03
1.649883342765052021e+03
2.370037252259821798e+03
1.418381248150031070e+03
1.402481415088894209e+03
1.740400586961558702e+03
