1.937075915984840549e+03
2.424491386078400410e+03
2.349391983162803626e+03
1.162598857821458523e+03
1.843235307653956852e+03
1.989881235541720343e+03
1.938933798182293003e+03
2.343238055615679514e+03
2.173870148075945053e+03
2.170131251197919937e+03
2.201481377116361273e+03
1.622467089866867809e+03
1.496974767891285637e+03
1.836767624677991989e+03
1.969758253341653699e+03
1.925597579544441487e+03
1.938557503876715828e+03
2.039076824649271202e+03
2.015579274316326973e+03
1.954778874149672674e+03
2.006446529748398007e+03
1.931621517160623853e+03
1.949736937967358699e+03
1.997111590229982767e+03
1.950509774816669278e+03
2.028480014240580886e+03
1.884206875766047688e+03
1.970322476058487837e+03
1.972952652441113287e+03
2.037928564793835903e+03
2.221211978760858528e+03
1.595327863486611477e+03
1.970924344174321050e+03
2.207377225372347311e+03
1.776315825355204197e+03
1.736829519750564259e+03
1.953231682535589016e+03
1.971660619066813297e+03
1.984511317279906734e+03
1.968054081343369944e+03
1.966369925910707025e+03
1.939197816614770545e+03
1.962875376639852902e+03
1.968079210632114609e+03
1.970014710988464913e+03
1.925979066504876300e+03
1.925116537085412347e+03
2.160941720196251026e+03
2.343216431628494774e+03
1.526378379271066933e+03
1.815052387664927664e+03
1.823420007013566419e+03
2.513664014005064018e+03
1.565113187520666770e+03
1.662485471415998290e+03
1.977198778469855597e+03
2.502953054374293515e+03
1.473484083745997623e+03
2.026417228154966097e+03
1.823537245997800937e+03
1.957383533909338666e+03
1.976673814340492072e+03
1.958473338576575998e+03
1.956423816585111808e+03
1.955363453265339786e+03
2.381867743985068500e+03
1.778159909421442990e+03
1.847946588674138638e+03
1.894031549511512821e+03
1.906040130616019042e+03
1.924075241270292281e+03
2.510015933745406983e+03
2.391778780066547370e+03
1.808348552057591178e+03
1.314480107585268570e+03
1.433815478885402172e+03
1.996605093425570658e+03
2.243553914006467494e+03
2.308825135712980682e+03
1.828067132282759303e+03
1.910814993239702062e+03
1.925968750983712198e+03
1.964868744657965635e+03
1.974318760474514647e+03
1.951127871658985669e+03
1.961288967363975644e+03
1.986264798105890804e+03
1.964512788258283308e+03
1.996057227363283573e+03
1.713452862826842875e+03
2.584162555257955319e+03
1.617709603806027644e+03
1.890992665306780054e+03
1.886588155457842504e+03
1.923136248978691128e+03
2.353544841508235550e+03
1.663513145140070492e+03
1.834202315903118460e+03
1.955875307682409584e+03
1.723097555319288404e+03
2.314698845461232395e+03
2.134651657783815608e+03
1.707224680043246508e+03
1.872508844135297068e+03
2.512328795327009630e+03
1.586969106246437150e+03
1.852520155774185696e+03
1.892386999452531882e+03
1.929440794626319530e+03
1.971926680452017536e+03
2.390236679210941929e+03
1.607154040786586165e+03
1.870071074734169542e+03
1.959113585596136772e+03
2.621525056810323804e+03
1.449564908505395124e+03
1.647566100051071089e+03
1.817714822763843586e+03
1.986105228367589461e+03
2.104290547541109390e+03
2.374717518578139789e+03
1.735403380849583755e+03
1.721555301754641050e+03
1.948978342476953912e+03
1.964865416557693152e+03
2.003753683559353021e+03
2.483268323034906643e+03
2.314054086525396542e+03
1.832860057030831967e+03
2.298004125694918912e+03
2.094867723388118975e+03
1.627611822024805178e+03
1.708996491204272388e+03
1.369222418706543522e+03
1.594039944724372162e+03
1.788827154953978379e+03
1.953068639120580883e+03
1.849230060188820289e+03
2.059452375047126225e+03
2.020494809867359209e+03
2.049378663523039904e+03
2.027426210952819929e+03
1.992739951307224146e+03
2.024135974399635870e+03
2.021454997851040844e+03
1.996681975516587499e+03
1.986238910723733852e+03
1.988152795536604117e+03
1.996651402138334106e+03
2.492348749158287774e+03
1.963604764686844419e+03
1.675379803318474842e+03
1.880938894856590196e+03
1.899292834184722778e+03
1.656948999106495421e+03
2.048606641373819457e+03
2.425490053572217221e+03
1.530323637173121369e+03
1.917919048359130556e+03
1.992655991880160627e+03
2.001742164830654247e+03
1.939842752764673833e+03
1.979950563938105688e+03
1.957971149361174184e+03
1.981743669310783844e+03
1.978034939795691116e+03
1.967162042552942012e+03
1.982831173551252505e+03
1.964421676463784252e+03
1.945461407548129955e+03
2.396916943676596020e+03
1.896596393506655204e+03
1.570299258897484833e+03
1.919303271265739568e+03
2.001964029237591831e+03
2.468832035381476544e+03
1.529227822490674725e+03
1.760915162545162048e+03
1.887587479780213016e+03
2.431506148290830879e+03
1.998530635804592521e+03
1.562652405782851474e+03
1.851585536922969595e+03
2.065902285302042856e+03
2.467335926238394222e+03
1.561206588018035291e+03
1.845822731712996983e+03
1.892118939451986080e+03
1.936409815435556766e+03
1.879908372372598933e+03
2.326893754094188807e+03
2.274857823623453896e+03
1.585512124919080406e+03
2.008202473441122947e+03
1.924303510389440362e+03
1.943418917062639366e+03
2.265210121096647072e+03
2.171406019360851587e+03
1.773202176714562256e+03
1.695829157171136330e+03
1.883853388699265452e+03
2.421477215291628909e+03
2.151533843760703803e+03
1.585425564579927368e+03
1.775855751091915408e+03
2.435794900532458996e+03
1.961434127703358627e+03
1.571645226176908182e+03
1.937620268834400122e+03
1.949800649808188837e+03
2.000064873736961999e+03
2.012697559068490591e+03
1.969190128024250498e+03
2.114771180886786624e+03
2.452538555685416213e+03
1.853291277920062612e+03
1.433974698529293619e+03
1.698372982291983135e+03
1.977526858999812248e+03
2.009525455704186243e+03
2.020541614042411766e+03
2.013111754924476600e+03
1.971592336625425105e+03
1.932382541348328459e+03
1.980129960389861253e+03
2.143904741708073288e+03
2.250988832370514046e+03
1.705658468633529992e+03
1.867776188303958179e+03
1.951805726884160777e+03
1.982402488373021470e+03
1.928677146744647871e+03
1.964032272297983127e+03
1.947890893805714313e+03
1.947051189769471875e+03
1.981058285089460469e+03
1.954812955788383078e+03
1.933316614130048038e+03
1.966544249285825799e+03
1.976266009444110750e+03
1.938043479155190653e+03
2.284391077512114407e+03
1.734254531722854608e+03
1.869190760088121351e+03
1.918293990594228035e+03
1.934229943051322152e+03
2.347080068853638295e+03
2.144716522730623637e+03
1.628553673313720310e+03
1.824438626765682784e+03
1.865112157146449135e+03
2.231299112409730697e+03
2.228890982679032732e+03
1.577497350386247490e+03
2.002000350803160245e+03
2.226763670819971594e+03
1.678607894249996662e+03
1.873345387486641357e+03
2.232703348458333039e+03
1.996175083118925613e+03
1.721027713768681679e+03
1.842603268229940568e+03
2.420618522562655926e+03
1.700493305282295523e+03
1.717372587219923616e+03
1.913458386674551321e+03
1.917591731968746444e+03
2.068002150190019165e+03
1.877682367680976768e+03
1.878609591239915289e+03
2.015621069329317606e+03
1.896278813988094498e+03
2.383012502083807249e+03
1.828998875848972375e+03
2.258374504578417600e+03
1.536272650801197642e+03
2.086875596738839249e+03
1.678482057459076032e+03
1.927370127722545931e+03
2.302550590859907970e+03
2.255733392137281953e+03
1.586052548981094333e+03
1.891713723325032788e+03
1.931475929003419651e+03
