1.708089676898907101e+03
1.900100309833687106e+03
2.460983840066057383e+03
2.621106239684746924e+03
1.682913079810112549e+03
1.416117464185770359e+03
1.695187483310288371e+03
1.929604637129260254e+03
2.772041088731229593e+03
2.374120932914289824e+03
1.415374749405305693e+03
1.609909240498824374e+03
1.784725439323110550e+03
1.982021952109295853e+03
2.676419930838588698e+03
2.319263365843259180e+03
1.499229668947400796e+03
1.634481768932070054e+03
1.796617001926721287e+03
1.913833403092500248e+03
2.619524879914506528e+03
2.124057104647300093e+03
1.579045235126131274e+03
1.722937441587444482e+03
1.821597061926663400e+03
2.242682211407296563e+03
2.573531203381503019e+03
1.541810392076871722e+03
1.622618359855038079e+03
1.810085602036574301e+03
2.031288966810077909e+03
2.628705469469814034e+03
1.707468652139242977e+03
1.594193876848609079e+03
1.909430919150262753e+03
1.818758096157741875e+03
2.471306349824189510e+03
2.593646498328509097e+03
1.330231020813850591e+03
1.723047326847436352e+03
1.832627565642182390e+03
2.576111328979262453e+03
2.330107036068002799e+03
1.511121821083054556e+03
1.713305068761377925e+03
1.758228565563553502e+03
2.619371091971217538e+03
1.978700659396472929e+03
1.668750914288175636e+03
1.687639496988703513e+03
2.279870644187981270e+03
2.408288205891445614e+03
1.499051651089433108e+03
1.738935560521714933e+03
1.916623090214882495e+03
2.047078918794225501e+03
2.666659078741422945e+03
1.496980746639583685e+03
1.636075421041556183e+03
1.921754558886688073e+03
1.746576587020218767e+03
1.970124733150868906e+03
2.770365164744351659e+03
2.103651825404472220e+03
1.544779408491204322e+03
1.777043180165286003e+03
1.821927599173371618e+03
2.152642231339375030e+03
2.591903180250491459e+03
1.675161354107486204e+03
1.573732561212184009e+03
1.804256685190699045e+03
1.839597427878605913e+03
2.165259278279896080e+03
2.665233645383925250e+03
1.642877135418678563e+03
1.524443039249064896e+03
1.722493485804279317e+03
2.142703488741625733e+03
2.600703707002433021e+03
1.714330772098202488e+03
1.603341849787141655e+03
1.759036425665298339e+03
1.844464298817300914e+03
2.758419448875626586e+03
2.141391483651073031e+03
1.472200214222244767e+03
1.721381160667011500e+03
1.975566316330732434e+03
2.732624818517164385e+03
1.769317539155297709e+03
1.589656692797019105e+03
1.592384468648720940e+03
1.957453348504034238e+03
2.760289609050115814e+03
1.972132037310772830e+03
1.567070089272104497e+03
1.567722289484338717e+03
2.339931011392799519e+03
2.713380815732259634e+03
1.210723569101445037e+03
1.720207559770713715e+03
1.870029588807598657e+03
2.802115028424675529e+03
2.074162197076951998e+03
1.502261537820181047e+03
1.771551296110324756e+03
1.808314991537325113e+03
2.670591523664338638e+03
2.252492808079943643e+03
1.435345391607278771e+03
1.695077238238147402e+03
1.881373450506623158e+03
2.747704210009546387e+03
2.215240438641954825e+03
1.543107923690789676e+03
1.671707028243000423e+03
1.723899457353555363e+03
2.652202201532501022e+03
2.218758667618245454e+03
1.477075883005543574e+03
1.680613671828998577e+03
1.889484252147962934e+03
2.763221770120634119e+03
2.244367380729910110e+03
1.482291424776723488e+03
1.601593695727079194e+03
1.805909625076098791e+03
2.590705038893094752e+03
2.429369749765641700e+03
1.476631702497108790e+03
1.749969917043636997e+03
1.753524882174369623e+03
1.883685667004802781e+03
2.648364719671103558e+03
2.216883419389620940e+03
1.517151338946253873e+03
1.679950864403773267e+03
1.845265721708422916e+03
2.076361651568184243e+03
2.719239823857869396e+03
2.091242580302696297e+03
1.431244700302245064e+03
1.783837291917952598e+03
1.970089183885506372e+03
1.886718908029395152e+03
2.608373119809675245e+03
2.304090080899261011e+03
1.517852257788679253e+03
1.717187197993855079e+03
1.798493636573148251e+03
2.455258481446289807e+03
2.313056875191092331e+03
1.577975995151923144e+03
1.662825295238829540e+03
1.853551872270553531e+03
2.631398131234998345e+03
2.026342099416576275e+03
1.537854820985237893e+03
1.735774877573831645e+03
1.688516137632593427e+03
2.735685678234041006e+03
2.325353815217807551e+03
1.392896670108294302e+03
1.754016646740736633e+03
1.699550677324811886e+03
2.548687141269792846e+03
2.337039339382451999e+03
1.493837666552471319e+03
1.590229428414256290e+03
2.460976897927318987e+03
2.404506381016336945e+03
1.588199341825767533e+03
1.639486848169011864e+03
2.281196790115860495e+03
2.489679477469958329e+03
1.509528054811713901e+03
1.582234263345782665e+03
1.737648077823184622e+03
2.743287325959370719e+03
2.321650260015062941e+03
1.465149044189196502e+03
1.606319738179767228e+03
2.078364062274373282e+03
2.127710233642791081e+03
2.183170798453332736e+03
1.861453422179836480e+03
1.482055106992423589e+03
1.887626217592488956e+03
2.870161844841026323e+03
1.753527986308255777e+03
1.543340720917658700e+03
1.614504815932021756e+03
2.353852893930360096e+03
2.566427954628114549e+03
1.496240121412361759e+03
1.659084298263667279e+03
1.681165050367225376e+03
2.667993536167332422e+03
2.444595996089008622e+03
1.369144286867412802e+03
1.645566284705569842e+03
1.648367230242491360e+03
2.724506994763514285e+03
2.475744526046798001e+03
1.373490747654883762e+03
1.626300375342490270e+03
1.780846246238092135e+03
1.989412643903153366e+03
2.665362909742861575e+03
2.016852684928814824e+03
1.504191738016269937e+03
1.659049346167311796e+03
1.907065613101582358e+03
2.796404180746764723e+03
2.400060726103158686e+03
1.393434334116296668e+03
1.701870593048864066e+03
1.708158410990522270e+03
1.919101661186645060e+03
2.508772762856728150e+03
2.380745699689250159e+03
1.537165189453318362e+03
1.747244815166199260e+03
1.706983860782338979e+03
2.261827204153418734e+03
2.604063636530562690e+03
1.531799148899268175e+03
1.720150542623441424e+03
1.723123363726035222e+03
1.996182529904825060e+03
2.656175813755862691e+03
1.985494234040533229e+03
1.537153814684969802e+03
1.763891370556799075e+03
1.932000696638983982e+03
2.486376476270311286e+03
2.387804785484584499e+03
1.470203547651371309e+03
1.715704390683784368e+03
1.803171324865360248e+03
1.924158245295505594e+03
2.650901407968999592e+03
2.011055174909606421e+03
1.524147391408460180e+03
1.657201931829783916e+03
2.234654578500508705e+03
2.583029246086177409e+03
1.568955658463086820e+03
1.594900261386726925e+03
1.777080097655041300e+03
2.096209451701802209e+03
1.970973103677652944e+03
2.647777103068162432e+03
1.634492014841501032e+03
1.616600393224008258e+03
1.707393886538193328e+03
2.221943848994278596e+03
2.594815961236542080e+03
1.555270622796628686e+03
1.586612418345536980e+03
1.786718406729998151e+03
1.932651612149404627e+03
2.813321976154014919e+03
2.097005532681992463e+03
1.467242429875492917e+03
1.557985552809710498e+03
2.012783307037917211e+03
2.816850071977636162e+03
2.212111283866971007e+03
1.506409634605036672e+03
1.603651111867991176e+03
1.679494090406283021e+03
2.763559355342449180e+03
2.382881684294728984e+03
1.617091176832079555e+03
1.599515802761098257e+03
1.702386258363429306e+03
1.863524351680121754e+03
2.762278121461903538e+03
2.207212017686303170e+03
1.545742917874911200e+03
1.613522887115467938e+03
1.694246600195630890e+03
