3.492135511380816752e+03
2.762279959627764129e+03
8.181669139022076251e+02
1.259131599515769494e+03
1.698190171678106935e+03
2.652092342117388398e+03
3.433533540629304298e+03
1.286275384476881300e+03
1.003290342548426224e+03
1.614437381109570879e+03
1.894815912861881316e+03
3.218157192180374295e+03
2.753563529122759974e+03
7.680591827965124594e+02
1.367742366156581056e+03
1.855994203698087404e+03
2.429017965248143810e+03
3.244009078263250558e+03
1.235030556670012402e+03
1.252395592220707385e+03
1.807652716658014015e+03
2.159260892217409946e+03
3.340499026090195457e+03
1.515912330453850018e+03
1.188140849288382469e+03
1.676657368776406429e+03
1.844852402421652414e+03
2.303576864730299803e+03
3.256214315431093382e+03
1.164323243494645340e+03
1.342293287402561418e+03
1.712088792018552112e+03
3.117986943164591139e+03
2.578210517642828108e+03
9.682258545721088012e+02
1.289338861465912487e+03
2.467844109925467365e+03
3.257038507377510086e+03
1.308128675785544146e+03
1.285358684458382186e+03
1.656300981032180516e+03
3.064005182232294374e+03
2.429301200212596086e+03
1.016177191080525290e+03
1.590141817693131770e+03
2.003228112855604650e+03
3.199851521413223509e+03
1.286352413279270195e+03
1.287688915866468960e+03
1.883420321522629138e+03
2.904764454451582424e+03
2.204964869154597636e+03
1.159230365126486504e+03
1.624022583773877841e+03
2.455380939800739725e+03
3.007926289963023464e+03
1.120434705324615607e+03
1.196192582011000923e+03
2.197687417383352113e+03
3.481614469907422517e+03
2.272089196740631905e+03
1.037786020316336135e+03
1.176246267984305859e+03
1.843562434193981744e+03
3.093002460282813900e+03
2.181243817259324715e+03
1.304487841397431566e+03
1.375936852605842887e+03
1.538936882406369477e+03
2.448915413543526483e+03
2.743210792136663713e+03
1.692628382219393643e+03
1.696073536781551411e+03
1.893673329007229313e+03
1.883099238280977488e+03
2.695920135873157506e+03
1.755859701678412648e+03
1.822993946789275014e+03
9.549478448549034511e+02
8.645957570647524335e+02
3.170134280269885949e+03
3.187340088557639319e+03
8.706146854148022385e+02
1.021507420556102488e+03
2.007376431732566516e+03
3.735590096012681897e+03
1.582556486659829716e+03
9.932569982318318580e+02
1.528905231799556077e+03
1.794163509573970032e+03
3.702383168242489774e+03
1.683901718072639824e+03
1.017852872802120032e+03
1.623317984892220466e+03
2.960240900579391109e+03
2.933665218198266302e+03
1.033057230982978353e+03
1.287723460758551255e+03
1.616356711852609351e+03
2.282945997158702085e+03
3.361516582811662829e+03
1.821116080308853270e+03
1.201472422102146311e+03
1.415761697730718879e+03
2.446484843010640361e+03
3.051507923762592782e+03
1.197888730424304185e+03
1.315232967821784769e+03
1.714549907462595456e+03
2.882863233961627429e+03
3.006784614814931047e+03
1.216391664644994535e+03
1.315999283099777813e+03
1.562254829057000961e+03
2.045837186682300853e+03
2.878694295602685543e+03
1.945779246851483549e+03
1.066085431008932119e+03
1.820266396199660221e+03
1.684042143066188373e+03
1.933322637117152681e+03
3.413552155706117446e+03
2.870209342679586825e+03
5.914866441471416465e+02
1.182868015510430041e+03
1.896547447938270352e+03
1.992370041737300880e+03
3.455248912155059770e+03
2.516552596993942643e+03
8.256863283043122692e+02
1.294123660993958083e+03
1.792682783402948871e+03
2.299575822777933354e+03
3.437697380033188892e+03
1.850013649759230930e+03
1.109952428002845181e+03
1.583811004416456399e+03
1.825598293089399249e+03
1.969684989834191128e+03
2.448261152532209962e+03
3.312207736959825525e+03
1.643889572610451978e+03
9.567204080983231052e+02
1.604326025066028933e+03
2.549240340497631223e+03
3.196637124543751270e+03
1.678283549494457930e+03
1.302429808054510431e+03
1.710288079617760104e+03
1.604705863937707363e+03
2.145367429892564360e+03
3.075980772265236737e+03
1.996805074308817666e+03
1.376338000835642333e+03
1.568892191168360341e+03
1.542104135576125827e+03
2.849369646856712279e+03
2.339012319125530212e+03
1.314017694091316343e+03
1.696797326948180853e+03
1.765200163167855862e+03
1.901752011681804561e+03
9.408890991764935734e+02
1.482632427975726387e+03
3.832912640308371920e+03
2.568629937024115861e+03
1.067501623235117677e+03
1.342387826691924147e+03
1.709265398506743395e+03
3.641581796030724036e+03
1.959765235365082390e+03
9.884776192097131116e+02
1.424118002928689066e+03
2.050673456728221026e+03
3.644999543678218743e+03
1.292935923962819970e+03
1.102366925227165893e+03
1.876249759341713343e+03
2.998759981853751469e+03
2.762251922530854699e+03
1.035483120525121876e+03
1.254863870893982266e+03
1.925203108665157970e+03
3.276379362975777440e+03
2.076667948237468408e+03
1.031519673207449159e+03
1.662706904347350701e+03
2.046586484670066056e+03
3.186675613869682820e+03
1.877649637947952669e+03
1.013726781638460011e+03
1.556233237489106841e+03
2.046739254885619175e+03
3.173899063994592325e+03
2.003476724574455829e+03
1.190827973511849450e+03
1.571133239154702551e+03
1.773104670961248530e+03
2.219653245504542610e+03
3.020070647248873229e+03
1.758201003132556025e+03
1.276139142410977684e+03
1.647883527790988637e+03
2.173753923912277514e+03
3.275632535397598076e+03
1.637187995467593510e+03
9.291236588889033783e+02
1.548571390164201148e+03
1.885805577323869102e+03
2.307847474459186287e+03
3.177952599467789696e+03
1.369243632682553880e+03
1.195184475829819121e+03
1.736219113172157677e+03
2.044427162179325933e+03
2.572266116459854857e+03
2.813117414261964768e+03
1.052376269186670697e+03
1.419293982292016381e+03
1.908834443057444787e+03
2.047110346283160879e+03
2.401165151563467589e+03
3.229656787120924491e+03
1.214599266167042970e+03
1.318798242866749888e+03
1.745574873352881468e+03
1.958867452479547865e+03
2.344574047110349511e+03
3.221104264072655951e+03
1.898845636164362304e+03
9.201779445287730823e+02
1.307962031398265026e+03
1.744249987248982734e+03
3.114929630507464481e+03
2.919567438594295254e+03
9.763783111338153731e+02
1.359496519915811859e+03
1.730852547156403944e+03
2.556661596757496682e+03
2.868647982795493135e+03
1.144000273040209549e+03
1.520905367747014907e+03
1.795895272817798286e+03
2.568218225629657809e+03
2.977044573018506981e+03
1.046896919292213852e+03
1.184775777851632029e+03
1.820204353566880172e+03
3.316108063010423848e+03
2.437307020110166377e+03
1.011387872262913561e+03
1.448518203333859219e+03
2.270506242627520805e+03
3.143424753458793475e+03
1.486435213585500151e+03
9.589291646953207646e+02
1.457448127719588456e+03
2.468716183359058505e+03
3.270581696129562715e+03
1.174336322677168482e+03
1.346321068574519359e+03
1.706739616203950163e+03
2.040616426695426298e+03
3.214891782486252851e+03
1.457426006891768111e+03
1.338876333675574642e+03
1.744321898364261415e+03
2.141829364616972725e+03
3.051625706050072040e+03
1.823651299777890927e+03
1.183032460560372101e+03
1.659314818626012311e+03
1.947251269582573514e+03
2.678654168674621815e+03
3.144276393402515168e+03
9.570649743185922489e+02
1.287301520839197792e+03
1.697407253182763498e+03
2.202739951735575232e+03
3.105948513609237580e+03
1.583112761191712707e+03
1.207882913951056707e+03
1.618927574042158994e+03
1.924670181619559571e+03
