1.994075739176579418e+02
4.911337227423759373e+02
2.511233654410256349e+03
3.681894270858308118e+03
1.161120245597949634e+03
5.973173056585065979e+02
8.219486608138241763e+02
2.606351506795527712e+03
2.491483999391059569e+03
2.260653213221325586e+03
1.788114702749302296e+03
1.434578968762864179e+03
1.322955703604313612e+03
2.850455513204727140e+03
4.144622364779387681e+03
1.942678898195584452e+03
8.055634533783101006e+02
9.574083048920638248e+02
2.465253861316654366e+03
3.504921759200520228e+03
1.443134613780241352e+03
1.114591575166888788e+03
3.508898792984170541e+03
3.160841901482206140e+03
7.371814507008981536e+02
5.478793618705350355e+02
2.970625154294027652e+03
3.110227454322227004e+03
8.093092814247321485e+02
6.316850564603038265e+02
3.225136460893366802e+03
3.414900179670100442e+03
6.318048752261846630e+02
7.761882100894943051e+02
3.302857811253450109e+03
1.464388682549603118e+03
1.007217913068605185e+03
2.791925083526356502e+03
2.666538977210607754e+03
1.093327557040261127e+03
2.043246091866553343e+03
3.819760588103734790e+03
1.461048134068485751e+03
1.295318498382029702e+03
3.854300869482874532e+03
1.121475225218793184e+03
5.281108376200052135e+02
2.940121571573194160e+03
2.317002075932610296e+03
5.737877047544955076e+02
1.345457584956073333e+03
3.854095326863003265e+03
1.123711970923870240e+03
5.279301015557188066e+02
2.624795400220180909e+03
2.592100240961037798e+03
6.651808905895596808e+02
1.784378188480402741e+03
3.699052118935951967e+03
1.125730921973592558e+03
8.396241126152862080e+02
3.263943156240456119e+03
2.926887555058761336e+03
1.014249804858586685e+03
1.061560635559867251e+03
3.501168531005297154e+03
1.879506358680692074e+03
6.349492197122186781e+02
1.407804502297708723e+03
4.129967166680249647e+03
1.558069722801216358e+03
5.533530599938079604e+02
1.869549875428594987e+03
4.095768962058697525e+03
1.305701290933218615e+03
5.558954353801165098e+02
2.702809984409397657e+03
-1.120604904952920577e+02
4.298890959366560310e+03
1.946392917333799460e+03
1.414399300273792960e+03
1.868156289198364902e+03
3.472916301029583337e+03
1.878569667701181061e+03
6.946796640269832324e+02
2.071570114248087975e+03
2.904482775948030394e+03
8.685692204523610371e+02
9.791884730956337535e+02
3.278322107879636860e+03
1.870790435313552052e+03
9.050402588004996005e+02
2.228661747780280166e+03
2.735741873755860524e+03
1.058866617400762834e+03
2.057314937151189952e+03
3.785753083210096065e+03
8.916015900724772791e+02
6.509059752040842568e+02
6.345509233848542863e+02
1.869139377707944504e+03
1.594646846981511089e+03
1.242964774218518414e+03
2.273499581907229640e+03
3.861805520683897157e+03
1.745381622546039807e+03
1.325999404296854209e+03
3.277781106867282688e+03
2.537786422845929337e+03
1.053699020641299057e+03
1.868801683913901115e+03
3.104245552871046584e+03
1.058439798689234976e+03
1.415811830783650976e+03
3.551730868399076826e+03
1.882471336176134173e+03
9.175231243019675276e+02
2.383739888016498298e+03
2.797623353713071992e+03
1.493793907768912050e+03
2.294413998616742447e+03
4.094297680733218840e+03
1.532673422549871475e+03
3.804951894437982673e+02
2.525311656846147798e+03
2.478155755956025132e+03
1.082686303600035671e+03
1.267722198802857747e+03
3.777226976991105857e+03
3.740265641712218439e+03
3.699095771074378263e+02
1.857279615740750600e+01
5.153151692383491991e+02
2.963882356497650107e+03
2.228169268079075664e+03
9.810317196096939369e+02
9.475174234665432778e+02
2.654894372158660644e+03
2.491243030558691316e+03
1.227000946158213537e+03
1.829403567322274739e+03
3.989029629544677391e+03
2.137345894811676771e+03
1.027097708187450053e+03
1.297197399121223498e+03
3.455902312207068462e+03
3.211596428630890841e+03
8.626055128843885313e+02
6.082721671294438011e+02
2.446337277992071449e+03
4.179704493711500618e+03
1.373732796806223405e+03
1.881181140935369740e+02
7.017321592488291344e+02
3.283361543619945223e+03
2.222035995404282403e+03
7.018290863472902856e+02
9.540999577413742827e+02
3.208881131054073194e+03
2.299074116315309766e+03
8.412535380378716354e+02
1.599957261999173625e+03
3.998093466485594945e+03
1.879616977671637869e+03
6.846866819080704545e+02
1.161436564496945493e+03
3.475052185168830874e+03
1.854133042491131846e+03
9.789822911157988301e+02
2.169989561296160900e+03
3.433634042870674421e+03
1.126024543445776999e+03
1.046832335940337316e+03
2.864814936718990339e+03
1.814166527609510695e+03
1.094534502143437066e+03
2.667189995607094716e+03
3.811914919683897097e+03
1.002199065204125986e+03
9.415643772108195435e+02
3.136198843020570166e+03
2.067350035060381288e+03
7.739857796871505116e+02
1.249952512800865406e+03
3.786502858709484372e+03
2.728792511885146268e+03
1.812730325456832588e+03
1.131513188794434427e+03
4.768071292093705438e+02
2.147891338289983196e+03
3.237916296011379018e+03
8.352666325779559884e+02
1.381807233272093526e+03
3.445160688320337613e+03
2.081032444508741264e+03
1.164219962294626157e+03
2.671657944080002835e+03
1.795547723433406873e+03
9.753702520352193233e+02
2.960017474960561685e+03
1.935305883096887101e+03
8.738699175472809202e+02
2.346578259864433676e+03
4.120084977306980363e+03
1.119966677367603324e+03
4.239855595372077346e+02
2.271509932320265762e+03
3.233874010301713497e+03
6.368947906803368824e+02
8.607653360605560238e+02
3.426548026853398824e+03
2.495677720384877375e+03
6.834022826370188568e+02
1.290364988624713988e+03
3.761935149217747494e+03
1.572090637689549112e+03
7.110576733312254873e+02
2.148135857707653940e+03
4.185987635268298618e+03
1.372744580655375330e+03
4.220555537980804388e+02
2.051279893992375037e+03
3.099024772106859018e+03
8.055175419421291281e+02
8.626940753213259541e+02
3.392143286229494606e+03
1.830855634542323514e+03
8.568325159848144494e+02
2.312399423844259672e+03
4.032001443582284082e+03
1.126841670744840485e+03
6.510806706981745720e+02
3.331218605084950013e+03
4.156592085948433123e+03
9.154437162272668047e+02
-4.382285093602965276e+01
8.503880684511599384e+02
3.217892873278020943e+03
1.078008342052311491e+03
8.868527418829879707e+02
3.615135470132649061e+03
2.093391705796658698e+03
6.474283550642949194e+02
1.509908341595325965e+03
3.237280245779272263e+03
1.250141838886331016e+03
1.717222423344336221e+03
3.980523569086336465e+03
2.605614931498723308e+03
1.503432787854111893e+03
6.094371198601629658e+02
2.167023668334416925e+03
2.705147054948904952e+03
8.827158319303146072e+02
1.086237655108864828e+03
3.633114229003187575e+03
1.796333326270830867e+03
7.472028669260396327e+02
2.618415664399632533e+03
2.517090575391657239e+03
9.548527998283368561e+02
2.117279756099929727e+03
3.561355510977504764e+03
1.141108673343928103e+03
1.135086591019634170e+03
3.323220322056825353e+03
4.085227287242786133e+03
2.906154845001383364e+03
1.374045648424459110e+01
-1.225176674436983504e+01
6.372341975076833478e+02
3.054820566975530255e+03
1.228610949210245280e+03
6.195662458328757793e+02
1.661989049106985931e+03
3.749622243242756667e+03
1.781018512684560164e+03
9.313744967449533760e+02
1.144972320366807708e+03
3.352683565137052028e+03
3.970310383906653442e+03
1.127555356348156465e+03
6.671970540381165620e+02
1.284154742764900448e+03
