7.153692558556009544e+02
1.157067953973690010e+03
2.552081691681015855e+03
4.196050423228657564e+03
9.679526407396679133e+02
7.056104024178744112e+02
1.664115006837969986e+03
1.920434850697377669e+03
1.678926892438913683e+03
1.976486056291130126e+03
3.703347104430341005e+03
2.618729530471314774e+03
6.562591683954200334e+02
1.453790010397426840e+03
2.905787948165344915e+03
2.992087268613765445e+03
1.064319152550457375e+03
1.443330605967342763e+03
2.952011044973606204e+03
3.337003159488296660e+03
9.321199528099366489e+02
1.274458871082500764e+03
1.900602594328930763e+03
3.224366356375822761e+03
1.998975333575676132e+03
1.282051506185105836e+03
1.644795083627025406e+03
2.246170601047423133e+03
3.152381119363450125e+03
2.218433656872942265e+03
1.079453536290111288e+03
1.502140601804353082e+03
2.615301695434200610e+03
3.370366672862164705e+03
1.219118460461548011e+03
1.281587307760976046e+03
1.731549299474575946e+03
3.091481456177586551e+03
3.504095369455970740e+03
8.131378701936173456e+02
1.160046526729777952e+03
1.967031028563481641e+03
3.302711829411295639e+03
2.457891558320875902e+03
9.418413493392541795e+02
1.329675887074213506e+03
2.753422720004058647e+03
3.398742808137244538e+03
1.119291098039346480e+03
1.106756503803586838e+03
2.792903249262204099e+03
3.390712814250631254e+03
1.017390890827645990e+03
1.057078694115604776e+03
2.514495688969432649e+03
3.441644445137102593e+03
1.097464420878370447e+03
1.092319525196663335e+03
2.267658021256786924e+03
3.394686394040595133e+03
1.528049511719728798e+03
1.165329256945701218e+03
1.505883637852329684e+03
2.525645659002700540e+03
3.310241129137553799e+03
2.458022529824731009e+03
9.552232576319205464e+02
1.330176687605316602e+03
2.437043674152375843e+03
3.129912861312419864e+03
2.382599504449045071e+03
1.031281092819980813e+03
1.216666254262472421e+03
2.600674803742017048e+03
3.516700116118017831e+03
1.928298338754102815e+03
8.885462028109815265e+02
1.255772579566802051e+03
2.324983996876062520e+03
3.666894965395739746e+03
1.805866032057756229e+03
9.051907070138163363e+02
1.436400523558676014e+03
3.082265789121122452e+03
3.311343980942893722e+03
1.045274288356934903e+03
1.061863544283332885e+03
2.036088143183851798e+03
3.357623533429079089e+03
2.208024533263606827e+03
8.936468837427370318e+02
1.394477996113502059e+03
3.345206342367803700e+03
3.140975001895044443e+03
6.902165166645602312e+02
1.219479382937855007e+03
2.824195464867232658e+03
3.550804185449361285e+03
1.085858699083852798e+03
1.015702386777660536e+03
1.739096937644344735e+03
3.597374646408872195e+03
2.937091758900677178e+03
6.624728077083157132e+02
1.226998291464280101e+03
2.573470534924927961e+03
3.524612883077317292e+03
1.409087537163389925e+03
8.635018758487266268e+02
1.894176922802211493e+03
3.656382629312641257e+03
1.430623061012931657e+03
9.696137881974800621e+02
1.933310441399116598e+03
3.623888148441319572e+03
1.728847564212650241e+03
9.062477834497069580e+02
1.499677638415219917e+03
2.458933797246213089e+03
4.103880492288149071e+03
1.481264877743594525e+03
6.062496878761951393e+02
1.360201432388964577e+03
3.156200156220016197e+03
3.097840633104672179e+03
9.238997903142397945e+02
1.396139708682329001e+03
1.862475730049327922e+03
2.837163652604546314e+03
3.374198538425439892e+03
1.195579816250944532e+03
1.316070781297265512e+03
1.739870726277756148e+03
2.158422999607369093e+03
3.292080477225211325e+03
2.179139982017155035e+03
1.168879702692270030e+03
1.593031385327802354e+03
1.993969034275206241e+03
1.928961601231495933e+03
2.789401020551295915e+03
3.986589932067039172e+03
1.179203274686719851e+03
8.459598756998519775e+02
1.461451320839229084e+03
2.921345880974958618e+03
3.758899791362737687e+03
1.603072313365566970e+03
6.024232049332642873e+02
1.209102462320424138e+03
2.963043105997024213e+03
3.791369306911701642e+03
1.308362533830532584e+03
8.105995027616138486e+02
1.092009151061025477e+03
3.274007705576770604e+03
3.509592565458296576e+03
7.791104533497534703e+02
9.953503250026973319e+02
1.605260773339190109e+03
1.854794730973459536e+03
3.934876200491235522e+03
3.399256155109890187e+03
1.140313173644713061e+03
1.741988781600043239e+03
1.192597130268105275e+03
9.787473104155184274e+02
2.779225940766516032e+03
3.655370922940661785e+03
1.113155552027650629e+03
1.050736960573856322e+03
1.598694200645084948e+03
3.510617261519271324e+03
2.781606405660611017e+03
8.493364676348721787e+02
1.306895484790550654e+03
1.964061753881124332e+03
3.443353109619334646e+03
2.914588312425805725e+03
7.667280749322413840e+02
1.333346387889896732e+03
1.873846025731061445e+03
3.597711701360137795e+03
3.617775921737296358e+03
4.837215114363329462e+02
1.063407377873048745e+03
1.686024783491387097e+03
3.020769328685986238e+03
3.660575954674269269e+03
8.702715340465942973e+02
1.135538136137154197e+03
1.717434102489572524e+03
2.253302436653302721e+03
3.470724683677743997e+03
2.199271063190513814e+03
9.276924906765041214e+02
1.487251447784871061e+03
1.978373595679166783e+03
3.301289287186874390e+03
2.788675536003771413e+03
8.973522699933631657e+02
1.245854118809610100e+03
1.752731828375111718e+03
3.759466220689500005e+03
3.658845868795595834e+03
4.251523321589824036e+02
9.078641067685109647e+02
1.707062496074694536e+03
3.660738479035549062e+03
2.760535614512773009e+03
7.159039313766627401e+02
1.201828443476537814e+03
1.773589544531279671e+03
3.294273945170820298e+03
3.379634763956176357e+03
1.041648110507386036e+03
1.266951563710798837e+03
1.715007312991375102e+03
1.921165696185871639e+03
2.278338066875428922e+03
3.523026980692423422e+03
2.627279652950036962e+03
9.439799989362344377e+02
1.334799587514823770e+03
1.753643494259609952e+03
3.337907594841375158e+03
4.158162478216961063e+03
6.191369439065367715e+02
6.051720124598756456e+02
1.497217709692747349e+03
3.003047103442782372e+03
3.652629157068865879e+03
8.330951729100037255e+02
1.068320931317774694e+03
2.176087625750358711e+03
3.696733828066462138e+03
1.553622385171914630e+03
8.049966009580699620e+02
1.370006525681113771e+03
3.270832566359467819e+03
3.163109651509033938e+03
8.176499309086574385e+02
1.178711792890426523e+03
2.032271250068096833e+03
3.393925941139693350e+03
3.019434155142195777e+03
5.668821951303373226e+02
1.211874436435302414e+03
1.848592575112606255e+03
3.626038889511144589e+03
2.602740320662849172e+03
7.821928036697862581e+02
1.314115129681009876e+03
2.777536073679158108e+03
3.659332753572439287e+03
1.127183045593905035e+03
1.070447662268952172e+03
1.626342147445988303e+03
3.197839956845197321e+03
3.245774957600507150e+03
1.028379381502889146e+03
1.241493939592906827e+03
2.065798756688776393e+03
3.614770933435579991e+03
2.092905991307570730e+03
9.159876311452145501e+02
1.369181133538708082e+03
2.445604392547033513e+03
3.571485174917309905e+03
1.372678737376363415e+03
1.177888428230220597e+03
1.758747416554256688e+03
2.134958553388932160e+03
1.938529840546660353e+03
1.868064165810257691e+03
2.506751061641752585e+03
3.621482059909077179e+03
1.421134597035363640e+03
1.083537012475853999e+03
1.532318016227451608e+03
3.131497023718983201e+03
3.632292420085116191e+03
8.778838209696516515e+02
9.525980082998216858e+02
