1.788316951676200915e+03
1.875944191538588029e+03
1.793251352552369099e+03
1.451951182832463473e+03
2.032328440066273970e+03
1.616444414798271737e+03
1.532206072514031803e+03
2.046354481740851270e+03
1.561981428383602406e+03
1.729490881558263027e+03
1.617882863047165301e+03
2.193154820008634942e+03
1.414260045615449826e+03
1.708661724769414150e+03
1.615860885901501433e+03
2.131036845252992862e+03
1.497710547836436945e+03
1.527419427392267380e+03
2.053128754580140139e+03
1.512355828551872264e+03
1.970053192106865026e+03
1.598290250717865547e+03
1.590218872590553701e+03
1.976160298811274743e+03
1.577463393826143829e+03
1.665961250602176051e+03
1.973189578179086539e+03
1.546270398198107387e+03
1.851006928036351155e+03
1.634737668682856565e+03
1.627019415387911522e+03
1.906233764004703289e+03
1.704925349616736639e+03
1.566121264113963889e+03
2.113807662211413572e+03
1.347073431264589772e+03
2.001082986845646019e+03
1.631674824832244894e+03
1.599542609840906607e+03
1.975738993038912440e+03
1.592124434784533832e+03
1.692693608605526833e+03
2.018522099178412191e+03
1.532051927295125779e+03
1.641464237647971686e+03
2.077354585166222932e+03
1.484662553844681952e+03
1.602172024104680077e+03
1.988740786800063688e+03
1.568739114492456565e+03
1.776145220068490289e+03
1.890543001185513958e+03
1.476627354452854661e+03
1.787449620784753961e+03
1.972767870253837827e+03
1.524702726427018888e+03
1.742416338980174714e+03
1.977616884718642950e+03
1.523175659872706547e+03
1.606095278032135411e+03
2.063029078694805321e+03
1.598673526109571412e+03
1.557607523471875538e+03
2.035986571118894062e+03
1.644010176647172784e+03
1.591668375799237083e+03
1.660884390627649736e+03
1.859004940887749399e+03
1.546449349419050350e+03
1.793143470032706773e+03
1.903458099785610329e+03
1.540570601655104383e+03
1.635961651180607078e+03
2.051060586978302126e+03
1.561611351594741564e+03
1.582444066844393774e+03
1.818346422431105793e+03
1.860808775642408818e+03
1.524018483596695887e+03
1.749727727628484445e+03
1.933587280736998309e+03
1.533770998189641205e+03
1.826441059851149703e+03
1.859619690297961142e+03
1.524961785558861038e+03
1.780983207341284015e+03
1.997779361850266014e+03
1.571495472736945658e+03
1.607668832305542992e+03
2.005450698557689975e+03
1.538111380726059679e+03
1.671330427296004018e+03
2.090002061653377041e+03
1.555736531335061500e+03
1.606678494809515996e+03
1.947016549836570448e+03
1.609856077747201198e+03
1.612951484282922820e+03
2.015178878876371300e+03
1.550861825260064279e+03
1.543265343737709827e+03
1.758414165726075680e+03
1.624070979148242259e+03
2.143408280962007211e+03
1.440843108039687195e+03
1.953492897827343995e+03
1.642168575873735108e+03
1.435383439826987569e+03
2.109561743182169266e+03
1.559273682372859412e+03
1.618606665280610059e+03
2.042166216684847996e+03
1.620951231902103245e+03
1.577460306064908764e+03
1.630836973765896573e+03
2.026588572943624740e+03
1.572052878380671018e+03
1.698904153350576053e+03
1.932099044008484043e+03
1.425283337027466587e+03
2.062682338255322975e+03
1.652687727274847020e+03
1.450257585701818925e+03
2.126393756118353394e+03
1.507730236782208976e+03
1.519353263965528868e+03
2.096501121928290559e+03
1.703905319313240398e+03
1.467394051126826525e+03
1.962162831550353303e+03
1.797900437070690259e+03
1.470912063891615617e+03
2.046973666327085994e+03
1.632067952863943219e+03
1.501747340089014642e+03
2.095227448188997187e+03
1.571607062835538272e+03
1.594506092095350368e+03
2.045118412274310458e+03
1.562116647118293486e+03
1.585018284556574372e+03
2.103635719324737238e+03
1.569305656703446402e+03
1.585774472454975239e+03
1.834057760576647752e+03
1.656613231413880385e+03
1.658409534879975126e+03
1.968590139927212704e+03
1.620396643043992981e+03
1.658428618772331902e+03
2.036436122685557166e+03
1.606961961943099595e+03
1.610580958279879724e+03
1.809287031327525938e+03
1.765741514699861909e+03
1.521080894661874709e+03
1.797105024438795681e+03
1.891127252973704572e+03
1.595682941829247284e+03
1.558959869554933448e+03
2.179490698678426725e+03
1.584440845962922822e+03
1.710038760753838005e+03
1.397070653329476499e+03
2.128710045690090283e+03
1.512943417455278905e+03
1.606996863733009377e+03
2.044243203148579596e+03
1.561043014859979394e+03
1.633084844854246739e+03
1.970591437958153620e+03
1.635454250805246375e+03
1.593611241064681963e+03
1.989073320673049238e+03
1.602680639708493572e+03
1.568411230190583410e+03
2.037233788625343323e+03
1.518778708362217003e+03
1.617279296773895794e+03
2.025072007837176216e+03
1.492928842139425115e+03
1.691423384770669600e+03
2.030805240029314518e+03
1.581998266647231048e+03
1.731534083114992882e+03
1.480048618896328435e+03
2.126174406609393827e+03
1.533286531620762617e+03
1.562232404010454729e+03
2.040832235572622494e+03
1.630350717225344852e+03
1.587968621742201549e+03
1.862807337513386301e+03
1.931515642684906879e+03
1.502944476559339591e+03
1.646939789557899530e+03
2.055565024013541006e+03
1.516185196107044703e+03
1.623828560774931475e+03
2.066936636331389764e+03
1.439944319392248190e+03
1.644467683365683797e+03
2.121481705779141976e+03
1.358660769880600355e+03
1.913041780037046465e+03
1.866427137922516295e+03
1.424352945231280728e+03
2.051669222354432804e+03
1.650088409186314948e+03
1.497600854535313829e+03
2.006776986868302629e+03
1.720258732307281434e+03
1.590753403374913660e+03
1.957028294219003783e+03
1.463361908905452538e+03
1.828523886763415931e+03
1.689588810041823535e+03
1.536766334591571876e+03
1.978437584565135694e+03
1.984441869888991960e+03
1.505764624976495497e+03
1.508351612648341870e+03
2.013490308844505762e+03
1.603363454490523964e+03
1.602513630733053787e+03
2.028001821140044967e+03
1.512086499275413416e+03
1.659521694949544781e+03
1.796203316701389213e+03
1.599364626855155848e+03
1.809308366723119889e+03
1.849452723128805246e+03
1.551771117302670291e+03
1.964952179518097182e+03
1.646292974559631602e+03
1.534214027417345960e+03
1.943908138769152174e+03
1.600005116899023506e+03
1.641494278564924798e+03
1.965582526834296459e+03
1.625715645799376034e+03
1.599279667647107090e+03
1.996915179397018846e+03
1.456183047493340155e+03
2.002091750059367541e+03
1.520096112164810847e+03
1.695888225956917950e+03
1.985935830224874735e+03
1.516620999499098843e+03
1.733474470528033180e+03
1.961486154003753427e+03
1.534930899918547539e+03
1.734544671700315121e+03
1.963661538611999958e+03
1.549416162889915995e+03
1.633175952411380422e+03
1.970969195208862857e+03
1.536353894619345510e+03
1.706143230708281180e+03
1.944820286248275124e+03
1.516150330586466225e+03
1.713682328245886083e+03
1.988415189674633439e+03
1.525344830309398731e+03
1.617433520059506691e+03
2.058300059342426266e+03
1.406376057194707073e+03
1.809881165465144704e+03
2.008815474764042165e+03
1.413985910266878591e+03
1.773010201812866853e+03
2.016763677911575769e+03
1.423414364952089954e+03
1.870217053473100577e+03
1.850939873176800347e+03
1.485723369845705292e+03
2.112399378017097661e+03
1.550006732174012541e+03
1.609950106572578761e+03
2.073989721916684630e+03
1.462339811698720951e+03
1.644778350834017601e+03
2.011514908861566255e+03
1.434675666179013433e+03
