1.969593406686689605e+03
2.181899023949675666e+03
2.006047971720028272e+03
2.185652268468628336e+03
2.151384665893802321e+03
2.106537924254022528e+03
3.019228813251695101e+03
3.809999435826279750e+03
8.447259915339000145e+02
8.990831090564530541e+02
1.379369145993024176e+03
3.016407021742064899e+03
2.622674673860878102e+03
1.101213168078199260e+03
1.456261617819312960e+03
2.559914516969645319e+03
2.438380366239356135e+03
1.641099904169171396e+03
1.680933988858184875e+03
2.377809444798364893e+03
2.562973861956158089e+03
1.732195596903236037e+03
1.700757644846368521e+03
2.354012153786112776e+03
2.800940288129669170e+03
1.569327488712736340e+03
1.567993296030611418e+03
2.705428490768923893e+03
3.744411198115770276e+03
1.083498004345197387e+03
1.002295443006244454e+03
1.561927858377227494e+03
3.120844511430027069e+03
2.209906990473113183e+03
1.295572351463446239e+03
1.792259811974504828e+03
3.209782385889942816e+03
1.731092063004421561e+03
1.351125009830807585e+03
1.769462239596142354e+03
2.842579851460464852e+03
1.949643961411854661e+03
1.612023493389807982e+03
1.906022328222621809e+03
2.758451980862384971e+03
1.768973100395968004e+03
1.721237511316614928e+03
2.953305909659254212e+03
1.815792757049314332e+03
1.407099374599517660e+03
2.717084828173944061e+03
2.392774120329864218e+03
1.304658896709076089e+03
2.631871976431386884e+03
2.643855896975915130e+03
9.202391776072257699e+02
2.319310156492770602e+03
3.254982100040075238e+03
1.430104353724436123e+03
1.192437392235410243e+03
2.753397015724848188e+03
2.337996970840834365e+03
1.355322393305734295e+03
1.644526288274282706e+03
3.025431721230881521e+03
1.799497529969267816e+03
1.252008271648546042e+03
2.406206205178378696e+03
2.767446128982400751e+03
1.341424124227751690e+03
1.455124628884957929e+03
2.512775794567148751e+03
2.801489197628216971e+03
1.494424010154969665e+03
1.607238685242787142e+03
2.911457026683192453e+03
1.722542504475524083e+03
1.907136563937908249e+03
4.067153155471693026e+03
2.423051073699577501e+03
1.864211563437310815e+03
1.791562760935295728e+03
1.801602677102212965e+03
1.777487358902471215e+03
1.773615332120713674e+03
1.881355490829083692e+03
1.933066533077630993e+03
1.935757879414695253e+03
1.892079440727535484e+03
1.894434648899712784e+03
1.923425153844955048e+03
2.013186521981330088e+03
2.003569151623890093e+03
1.979889876921422001e+03
1.853478744521384215e+03
9.913333703825364864e+02
9.288626545080928736e+02
1.992078697046746356e+03
2.354052677279807085e+03
2.233593087244313210e+03
1.672188734180099118e+03
3.254924731878789316e+03
2.049871644535720861e+03
1.461971156304620308e+03
3.157357138735374974e+03
3.060672085182302453e+03
2.135920568910027669e+03
1.138912724057874357e+03
1.124409619038921846e+03
1.965488771451533466e+03
3.082534281057786302e+03
1.627746611789505778e+03
1.602964633106043038e+03
1.789934255597212086e+03
2.861634775174002243e+03
2.228528678979965662e+03
1.586920587178030019e+03
1.723942115659846877e+03
2.440464129254806267e+03
3.372737897569799316e+03
1.956388758507590637e+03
1.091161993487396558e+03
1.373702493814821764e+03
1.887095199553802331e+03
2.669040459841330176e+03
2.934477722505453585e+03
1.607266588568966654e+03
1.848875416640662934e+03
1.846314324972144277e+03
1.904739178260764902e+03
2.081584515358593762e+03
1.929128900848939566e+03
2.035469282331023123e+03
2.955169016432199896e+03
1.603890818026367924e+03
1.609643050817741141e+03
1.850189964531100031e+03
2.040738851271523572e+03
2.078259026608068780e+03
4.127577837634838943e+03
2.395728817185027310e+03
8.007609815789804770e+02
1.020773857021287654e+03
1.626454359001069179e+03
3.038608104528917465e+03
1.749178397480595777e+03
1.338936582957392829e+03
2.347273340096959146e+03
2.551862203340896940e+03
1.587780486259873442e+03
1.584010402360770058e+03
2.911359089332007443e+03
2.165632857241287184e+03
1.420295781413456325e+03
1.680008834671101567e+03
2.787880644831594054e+03
2.136433947664723291e+03
1.449588080253443877e+03
2.314582203843366642e+03
2.803592760179888046e+03
1.298852280870746654e+03
1.737400400964255141e+03
3.645665802682478443e+03
2.423985456023267943e+03
1.942294512830653957e+03
1.681168572533689485e+03
6.658840583457433695e+02
2.750643831396819678e+03
1.883125582659501333e+03
1.346720768341923531e+03
2.579365031340085352e+03
2.223350884921259876e+03
1.566411215996359260e+03
2.356750231420970522e+03
2.486782456866542816e+03
1.410154542347140023e+03
1.918120351078699287e+03
2.957218381881242294e+03
1.506433745470514850e+03
1.528617695767736905e+03
3.078257334733048538e+03
1.833995384945882279e+03
1.868040044412657835e+03
1.480647397147334232e+03
1.830275143084369120e+03
3.256869318896465302e+03
1.932549365691160574e+03
1.084412556498485856e+03
1.751157288104804820e+03
3.162408041227492504e+03
2.341311236679667218e+03
1.102276401244525005e+03
1.402689106630747574e+03
2.809460134324665887e+03
2.917737621262780976e+03
1.377410973478353071e+03
1.488199159903834698e+03
1.970717740943219269e+03
2.921890056905606343e+03
1.649663070093838542e+03
1.561194122752147678e+03
2.384356621915707819e+03
2.779417254075286110e+03
1.476224887869173699e+03
2.537717044085042289e+03
3.319305056144061382e+03
4.175330046396194120e+03
1.785544025665692516e+02
2.173825384723653826e+02
1.156850839483617619e+03
1.862479953975330318e+03
1.903048238543815614e+03
2.064656680271754340e+03
1.992409326394965092e+03
1.959937196788775054e+03
2.097995455819820108e+03
1.999374571120561313e+03
1.972944214449344372e+03
2.124663775536320827e+03
2.067489847084631492e+03
1.965980499228193139e+03
2.079306403487359148e+03
1.586571156537196885e+03
1.319680530602048748e+03
1.749042978192928786e+03
2.204491555425948263e+03
1.989571086803499838e+03
2.115902310552599374e+03
2.184743251692502781e+03
2.670135917751445049e+03
2.207687021728223499e+03
1.702410859684517845e+03
1.941105204134280257e+03
2.369324864909244752e+03
3.883611324994555162e+03
1.558919213156024853e+03
9.589228508358969520e+02
1.840073401002378887e+03
3.461624600735076910e+03
1.209476612176246135e+03
1.295257381897325331e+03
2.279200528564888828e+03
2.768228976179207166e+03
1.700707223424008816e+03
1.525024045723080917e+03
2.616814831391291136e+03
2.583472839011123142e+03
1.416897007259749444e+03
1.726346407855400912e+03
2.714163591985183757e+03
2.126056894135878338e+03
1.597027625547221078e+03
2.111920010971517058e+03
2.490154435878065669e+03
1.770087904574828599e+03
1.662574447423071888e+03
3.011565740022937462e+03
1.758232703070724483e+03
1.357067149344234394e+03
2.987011624917473455e+03
2.080996821719693799e+03
1.147171542552265464e+03
3.226612496794954950e+03
1.720041450621220292e+03
1.016870772767531776e+03
3.059780472683943572e+03
3.301486391003833432e+03
9.059342387039073401e+02
9.317615572963433124e+02
1.535978295484657338e+03
2.509344965765551478e+03
3.004676141416221526e+03
1.418078062179866265e+03
1.642725943290479563e+03
1.907658364237599244e+03
2.593386406453906147e+03
2.060769047399082865e+03
1.815927385823805707e+03
2.017421687641613744e+03
2.002743716998375248e+03
1.967295414296103672e+03
2.300041013706192643e+03
2.842176053619378308e+03
1.927025566413034312e+03
