4.095331771822103292e+03
2.277014412007732972e+03
-2.886838290028355658e+01
-7.988996816208295826e+00
3.779293848819273194e+02
1.661417879470001253e+03
3.495275179283810303e+03
4.093654772054250316e+03
2.746248146003377769e+03
1.357463153463248489e+02
2.139930333086531107e+02
1.340890781541678507e+03
3.250164569087542077e+03
2.361718776866727694e+03
9.626534657143802178e+02
1.619519858789674117e+03
3.609943922660110275e+03
2.797743052136829647e+03
8.232168400604492717e+02
9.845830660795927542e+02
1.527232707701194840e+03
3.043746955370758769e+03
2.182585612427091291e+03
1.376587639316520608e+03
1.580254698707455418e+03
1.931869928769485114e+03
2.051020604067758995e+03
2.027415787940919472e+03
2.284495327999368328e+03
2.098857836482098719e+03
1.940250849621145107e+03
2.042700509597155815e+03
2.100159484919685838e+03
1.911427387469179848e+03
1.967678003435649316e+03
3.069877920447137967e+03
3.514876127939453454e+03
1.140141509983683818e+03
1.006782566154153869e+03
1.419931750086960619e+03
1.959200935144447840e+03
3.668499345455719322e+03
2.222227006452505066e+03
8.067227010790930990e+02
1.123119878300323535e+03
2.831267780491509711e+03
2.938559708921134643e+03
9.072444535114874498e+02
1.057213898121872717e+03
1.881611982051621226e+03
3.575969608230611811e+03
3.424332886540444179e+03
5.012748632944110909e+02
5.557796823465361058e+02
1.581931677390111190e+03
3.552596405938534190e+03
4.049653236900354841e+03
4.142503212808203898e+03
-7.338215184193570551e+00
8.394914548518171316e+00
-9.957743618714044231e+00
8.735440547450729127e+02
2.560075271223554410e+03
1.809439403917348500e+03
1.576131129959567261e+03
2.589421355965670500e+03
2.156914349132634470e+03
1.684696621745394850e+03
1.863368791434561899e+03
2.351453072615459405e+03
1.963674846817753860e+03
1.856636173206167996e+03
2.655920187511164841e+03
2.071030680724716603e+03
1.748864727131310019e+03
2.269461108142854300e+03
3.506747069033119260e+03
4.096540458634323841e+03
2.458153704945935260e+03
8.945374345312831110e+01
2.786185171902612012e+01
7.756122580556252615e+02
2.757236414365407200e+03
1.872867514752527313e+03
1.165826479276214968e+03
1.908522953155382083e+03
2.893347800343632571e+03
1.483807321828779095e+03
1.260646693353387718e+03
1.830201462401799745e+03
3.310630968408677290e+03
1.750429856669793026e+03
1.252411911000424425e+03
1.673706512027746385e+03
3.273296236084645898e+03
2.314247478975239574e+03
1.167571987763769812e+03
1.177136295435743023e+03
3.630757573426873478e+03
4.051943832586036933e+03
4.048739622804884220e+03
4.062641127089261772e+03
2.724925187982584248e+03
-7.529801519395452658e+01
8.260275687859707228e-01
9.689797163661644994e-03
7.819348726042949504e-01
-1.391908876164676911e+01
6.520195549972237359e+02
2.027477320662246939e+03
2.629610263147314527e+03
2.725440863544273725e+03
3.598223479393698199e+03
3.580327935450600762e+03
3.503739085328356850e+03
3.375010448413984250e+03
4.028339571324153781e+02
-1.835465243482637376e+01
6.261725304819984785e+02
1.512620495228066829e+03
3.658790362526085119e+03
4.063012062675746165e+03
3.247038962458171682e+03
3.253179671209043136e+02
-1.625078270445151851e+00
9.270309366175881678e+02
3.100270408093233982e+03
4.062925559966526635e+03
1.283058881796726837e+03
5.043203621320512298e+02
2.061742260668303516e+03
3.990575388420454146e+03
2.485544819097768595e+03
2.940100050897219717e+02
7.090782997071786440e+02
3.182804897199898278e+03
4.069825899590115569e+03
3.804418776882424481e+03
3.759233570702949692e+02
-8.546716160354229430e+00
2.075727516111667228e+02
1.343966456251787349e+03
3.091812534408878491e+03
2.253234111805985322e+03
1.441187710038859677e+03
1.532304145659436472e+03
1.778451805742120769e+03
2.694981473049650504e+03
2.095059414367445697e+03
1.802545652148254021e+03
1.936218975403425702e+03
2.256444747772723531e+03
1.957233785988029695e+03
1.928508881617916813e+03
2.302980141655908483e+03
2.162467981938280445e+03
1.968940395234859807e+03
1.948800297396918722e+03
1.837502535003482990e+03
2.589038813825125999e+03
2.592823344758889561e+03
1.365899410446660568e+03
1.581910156203912265e+03
3.214902882576676348e+03
2.695334650888843044e+03
9.510841791864427250e+02
1.230522943035832668e+03
1.519518190270431660e+03
3.343537294316643056e+03
4.081107701733825706e+03
3.194085612552567454e+03
3.317479949693370713e+02
4.793710898288452427e+00
-1.698868068039095514e+00
2.857029059772174605e+03
2.268626681972766164e+03
5.853851893916429390e+02
6.696607969379681435e+02
1.370152153836424077e+03
3.399029065593344512e+03
3.414035337809573775e+03
7.869992515861532638e+02
7.320553844750171493e+02
2.278319578400403771e+03
4.134322461550224943e+03
1.722512389958466429e+03
2.762988332242638307e+02
1.037199392060639411e+03
3.145465471412702300e+03
3.292318283340960534e+03
7.066953929106721262e+02
7.446865455897467427e+02
1.817949874274417425e+03
3.580381106415416070e+03
3.010495182543515966e+03
5.810669027360236214e+02
8.048618684622500723e+02
1.926713059514219822e+03
3.058429166935595731e+03
1.357689572346865589e+03
1.493927873960861689e+03
2.099568778951272179e+03
2.412382976756537573e+03
1.611735165599860693e+03
2.263633383923105157e+03
3.885211401576366825e+03
1.682488794424110210e+03
7.449396762647385231e+02
1.293542757720788359e+03
2.838573952740162440e+03
3.663190482000944030e+03
8.069661837867992062e+02
9.434167169588968136e+02
1.511936402118452179e+03
3.003299677634527598e+03
3.849566034848304298e+03
1.258299289035267293e+03
4.695310163073879721e+02
1.165099263401973303e+03
2.774465949446331706e+03
3.874055475977628248e+03
1.342851066479123801e+03
5.195936066967949500e+02
1.115936091666677612e+03
2.659590456664890553e+03
3.821593410713141566e+03
1.039169432440837227e+03
9.159103812246952430e+02
1.231088686135987246e+03
2.647402816794889986e+03
3.982837303724872527e+03
2.804568852463758958e+03
7.118647728055027812e+01
6.052616268321066855e+02
1.986723994163935458e+03
2.744530357583571913e+03
1.327160229223021133e+03
1.554502033885383980e+03
2.443766675999790550e+03
2.507822232709948366e+03
1.458040583928048818e+03
1.613928316999714752e+03
3.018509994101811571e+03
3.441367411821481255e+03
1.064792829819686631e+03
9.873718306972605205e+02
2.387768895583567428e+03
3.595037771142910060e+03
1.547554727345064748e+03
7.933448830915801864e+02
1.435732007646750844e+03
2.747575609165886817e+03
1.716442401791654902e+03
1.487943175570364929e+03
1.987352207557128850e+03
4.119888012375807193e+03
4.088800297709490678e+03
2.180052606849751101e+03
-5.834613496345555461e+01
-4.802090709340300911e+00
2.517830135263240834e+02
2.490726336211089802e+03
2.794864763859205141e+03
1.219192204074638539e+03
1.040768532577666747e+03
2.023710814368605952e+03
3.750788288061595722e+03
4.132168425829156149e+03
1.030574427010462614e+03
-3.400047070955069728e+01
5.722239284757412179e+02
1.633313409423872145e+03
2.900515337021838604e+03
1.840670520867184678e+03
1.553970187773029465e+03
2.076236356958365377e+03
3.676207475410309144e+03
3.998604437560361930e+03
3.880276025697743535e+03
9.318881465655629199e+02
-1.745760400656127942e+01
1.548905140236661282e+02
1.262188255159560867e+03
2.809074943671894289e+03
