3.635322927377236510e+02
8.729270334867795782e+02
2.369030324841791753e+03
3.789823656005953126e+03
6.997556035814507140e+02
7.306229605678551025e+02
2.546153977225611470e+03
3.790509254871808025e+03
7.225526272225422417e+02
7.996298353519615603e+02
3.527948667776583079e+03
3.233551472357239163e+03
1.340190504922393018e+02
9.669420825001545836e+02
3.444026827354784928e+03
3.242432980688724456e+03
3.172828922931952320e+02
1.230646467183933282e+03
3.564675970297405001e+03
1.978166996532230314e+03
8.150586706152731722e+02
2.142888155361478312e+03
3.693941969419819998e+03
1.048859067692664212e+03
7.073534132108223957e+02
2.910603919088861403e+03
3.430586614729736539e+03
5.726203770398061579e+02
9.586431606075368563e+02
3.475726124442103355e+03
2.597029058072957923e+03
4.795269943054369719e+02
1.581766459073851365e+03
3.692496369809703083e+03
1.163074990222681890e+03
6.065185571597046419e+02
3.349241628760476033e+03
3.181130437270190214e+03
2.320777304326099966e+02
1.368574335061151260e+03
3.945456266665285057e+03
2.002260082656353688e+03
2.712356407010991006e+02
2.776968024950244398e+03
3.378734886434323471e+03
6.200551375124148308e+02
1.241018310498952133e+03
3.637637764834769314e+03
1.867495225864055328e+03
1.539979220466803724e+02
3.104887463537792883e+03
3.246966614580454916e+03
2.052350523734518219e+02
2.151689164042815719e+03
3.735406235721000030e+03
5.977634531637360169e+02
4.918382869805677160e+02
3.792008049158185713e+03
3.004766360577178602e+03
9.733950523522639742e+01
1.588809964932103640e+03
3.959478733888620809e+03
1.161522103391733026e+03
2.557830859447111891e+02
2.738049647473946152e+03
3.493682677263616370e+03
5.443384623569291989e+02
8.856455014902021503e+02
4.070789135256095960e+03
1.813008990597582851e+03
2.520847278008599517e+02
2.537180620358499709e+03
3.871112708968812967e+03
3.479574470533960380e+02
9.012346806659936647e+02
3.823484796615233336e+03
2.170821219660077986e+03
1.053465355580305385e+02
1.629155775623914906e+03
2.150625486140270368e+03
4.192986157452793123e+03
1.157651290177375586e+03
1.056452906638125739e+02
2.844741729911969742e+03
4.110562171977373509e+03
-6.047261777308591491e+01
1.009987267072663371e+03
4.144287960781094625e+03
1.208687381124016383e+03
3.862784269784922486e+01
2.833131916090206232e+03
3.924829177355899901e+03
2.234292630524924448e+02
1.008125866340471703e+03
4.076275646055104517e+03
1.255618556670217004e+03
4.249472415088688422e+02
3.036292363270065380e+03
3.460682455391608983e+03
-6.868772696705873670e+01
1.534361800332298571e+03
4.003596555373690990e+03
4.428993797413008338e+02
1.046466855743068891e+03
3.848455005214922949e+03
1.991570560393649885e+03
4.319210655124171581e+02
2.531875892023041160e+03
3.504013548925559462e+03
9.238209098260977044e+02
8.866252828317649346e+02
3.447665683177264782e+03
2.970809135657629668e+03
2.613699393210333142e+02
2.081763744831274835e+03
3.689419798351536883e+03
9.526987397552351240e+02
6.209223740644108602e+02
3.073177175196407461e+03
3.824824707350109747e+03
1.433493267640614306e+02
1.259210028240213660e+03
3.958136454665378551e+03
2.222017683788448267e+03
6.277292558498569974e+01
8.927972386232605686e+02
3.640899267210081234e+03
2.619607836733153363e+03
1.185195336693673482e+02
1.698621443979930973e+03
3.452995285384684848e+03
1.297800660422681403e+03
1.139632815962154837e+03
3.347487391943449893e+03
3.745985819819919016e+03
1.212963457728397856e+02
6.875383852383401972e+02
3.268050157822010988e+03
3.705218895628548125e+03
1.357254356485044866e+02
9.106593824486571975e+02
3.521056770183616209e+03
2.541576865443769748e+03
4.079571150437442952e+02
1.715410449193936756e+03
3.724200365516202964e+03
2.240229287101401042e+03
2.685541236112036358e+02
1.938982720210443631e+03
3.430761158409120526e+03
8.936483549395187538e+02
9.401074650719651800e+02
3.149714139012997293e+03
2.801030398106280700e+03
6.187190079112496051e+02
1.667839338212474331e+03
3.554336485792651274e+03
1.550619368865344541e+03
5.593386155348263173e+02
2.765979186589737310e+03
3.462454105341547802e+03
4.163399652120160113e+02
1.170090019920555051e+03
4.118421780956397015e+03
1.571490482217225463e+03
4.006600784694746409e+01
2.800058694793671748e+03
3.913578940955875623e+03
2.173937447433632997e+02
7.154994336045584760e+02
3.433801844032342160e+03
3.043305929404739345e+03
2.883630434508877443e+02
1.782420270871652974e+03
3.794289027994920616e+03
8.842983338790595553e+02
7.593195811462329630e+02
3.298126249228952020e+03
3.056288639729559236e+03
2.384209785170334044e+02
2.080584225754527324e+03
3.504155625831765065e+03
1.546734960476406286e+03
8.290341413726129360e+01
2.803669304402623766e+03
3.734232391819163695e+03
1.944391097504889672e+02
1.261051877465614552e+03
3.776118130764423313e+03
1.506349537097568600e+03
4.934355901261561712e+02
2.992416109787115602e+03
3.179322558534963719e+03
4.673467068570468541e+02
1.742263527231906210e+03
3.555574798363570608e+03
1.294499912154836238e+03
5.647757399357708437e+02
2.996814295254254830e+03
3.499032910004713358e+03
4.148219587365351231e+02
1.519461391437306474e+03
3.577842025145756907e+03
1.216509272808186552e+03
2.955257610195929487e+02
3.350641102841807879e+03
3.684890129306029394e+03
2.126155436033789101e+02
5.421561048261908127e+02
3.487466941747431065e+03
3.616421078467735697e+03
-6.884449139799129114e+01
1.210379358510052043e+03
3.802808870999514056e+03
2.239972830544971657e+03
9.034458666902365565e+01
2.327565020919667404e+03
4.037948801011233172e+03
5.498495625621694671e+02
4.340920157872769778e+02
3.324725866345367649e+03
3.501770472499445987e+03
1.803705603501463770e+02
1.020423681227883094e+03
3.900373829452640166e+03
1.886543091663508903e+03
6.285450511670544671e+01
2.306956039086676810e+03
3.564941957668631858e+03
6.038371822502664372e+02
1.415610394840990921e+03
3.752024008552001305e+03
2.261588046696219862e+03
4.245427102554172052e+02
1.842933952484491783e+03
3.545500766053322877e+03
1.560438251652245754e+03
4.635251710861687684e+02
2.741244050512594185e+03
3.447926061511723219e+03
6.401658501876655691e+02
9.482199225800660543e+02
3.200416484431804292e+03
3.358502811949769239e+03
3.317977604651837851e+02
2.249184567127008904e+03
3.833518903296901499e+03
4.583831205888831732e+02
6.779164611941192788e+02
3.550886613869331086e+03
2.837381717510611452e+03
3.147691507103523918e+02
1.557445500811421198e+03
3.752039759140741808e+03
1.526419711473511597e+03
4.337131372868497010e+02
2.701655989903250884e+03
3.611025701037894578e+03
2.295555926206544655e+02
1.345913407100371842e+03
3.585302864042012061e+03
1.149669480171365649e+03
6.526809741769972106e+02
3.393724562127598347e+03
3.338284851873929256e+03
1.883083641029481612e+02
1.001178677903040580e+03
3.620231014691056316e+03
2.741202721996962737e+03
1.945239439857895718e+02
1.594740413435022447e+03
3.696297594641236174e+03
1.379460184387277423e+03
3.021051140272775797e+02
2.880389890454699071e+03
2.844921807233088202e+03
5.945522909020546649e+02
2.572554948512187366e+03
3.455841785652511135e+03
7.424282109748645553e+02
8.817261891513703631e+02
3.356532091153940200e+03
3.462047542830505336e+03
3.984746717369989142e+02
