2.779665934282192666e+03
3.630672218261509443e+03
7.059195151893567299e+02
3.758518472150024081e+02
2.591862181282737765e+03
3.577330984598149826e+03
6.988534029435168122e+02
3.980261225488177388e+02
1.724410388291239769e+03
3.563387776605638464e+03
1.288894575133787384e+03
3.972182388291079747e+02
1.808083539340010475e+03
3.618510590804886306e+03
1.177086348248806871e+03
6.143367082514348567e+02
2.551018114912514193e+03
2.592902913643055399e+03
6.353822092768253924e+02
1.490935768255962103e+03
3.488198484638675836e+03
1.008093118392557244e+03
5.954947623817600970e+02
1.516594671138011108e+03
3.564806546266319856e+03
1.739909061657548364e+03
3.640396134536209161e+02
1.089536795613703362e+03
3.195779494225304916e+03
1.588320350151473122e+03
7.018587615083140463e+02
1.159162778769570423e+03
3.261118406411406340e+03
2.268046300107733259e+03
5.097597938365184973e+02
1.322557702197398157e+03
3.419086722726472999e+03
1.277704082713283242e+03
7.359354927748242972e+02
1.461430909809984996e+03
3.361303674961809065e+03
1.083140171759221857e+03
8.207522980778084047e+02
2.757723594896441227e+03
3.234406382932038468e+03
6.844530182478169991e+02
7.440506766874033246e+02
3.040467618613159630e+03
1.768657850080228627e+03
7.308364738304313732e+02
1.067639298276215641e+03
2.947758071076000761e+03
2.634979247345284421e+03
7.327873809476287761e+02
1.073462687673346409e+03
3.122536620449884595e+03
1.980385005490765025e+03
3.479730688102524141e+02
8.654045823720573480e+02
3.186926158526133804e+03
2.270110326051626998e+03
6.015750205748087183e+02
1.183857685708476993e+03
3.288645293652754390e+03
1.775855907828184399e+03
6.318457065949778553e+02
1.052666786223124973e+03
3.268519404391056923e+03
1.456625287123822545e+03
7.137535894541658763e+02
2.067561858280018441e+03
3.549523437072963588e+03
1.490410443143864541e+03
6.793363375500849770e+02
1.013165810715561634e+03
2.985554291851980452e+03
2.318361087249734737e+03
6.571440562250225526e+01
1.689489032733179101e+03
3.501663032269312225e+03
9.312070590389186009e+02
8.682153751630532952e+02
1.472473323474280051e+03
3.204185322278518015e+03
1.567959759435789692e+03
5.183032045260807763e+02
1.273456905175000884e+03
3.374364640440001949e+03
1.694894097657772591e+03
7.593371199116373873e+02
1.004137838896602716e+03
3.172413470859247809e+03
2.360892164212013995e+03
6.419311589341741637e+02
9.813500291364288159e+02
3.188361738505871926e+03
2.214781882024394235e+03
4.714547621468068996e+02
1.045225526878752589e+03
3.324441687302017726e+03
1.737316269108112692e+03
5.955024441394567702e+02
1.025492528416262985e+03
2.149887940106173573e+03
2.224882596937544349e+03
4.534929313817104912e+02
8.325990151530913863e+02
2.723782798082782392e+03
3.345249079238983086e+03
8.604406754862146727e+02
4.731361587800091684e+02
2.845372188283652577e+03
3.362029262508965985e+03
6.103792184864262254e+02
4.049154803391990072e+02
2.711036985002196161e+03
3.418171694680373548e+03
5.708164798044024337e+02
6.592186532073147873e+02
2.557626914875944294e+03
3.570561413579739565e+03
9.274316465354950196e+02
3.727020660681436084e+02
1.212826392049299557e+03
3.311199617436556764e+03
2.687454365160655016e+03
7.186170050294515477e+02
6.467412079192920373e+02
1.177880943085917579e+03
3.381348181055827808e+03
2.860260970938334140e+03
6.603705250848666992e+02
6.081494857536306426e+02
2.280873398044646819e+03
3.626154456710813520e+03
1.345237631842871906e+03
4.403153150436824035e+02
7.545659944984689673e+02
2.715374092387957262e+03
3.365220111599202482e+03
8.964289445709905522e+02
8.183984891828831678e+02
1.114612147243288291e+03
3.319677282226402895e+03
3.048538258055391452e+03
9.441719444522773301e+02
1.022748752307952032e+03
1.394843498582005623e+03
3.561022654430390958e+03
1.823674987335697097e+03
3.947396407646181729e+02
7.189866777352980307e+02
2.569550003604079848e+03
3.338618965414801551e+03
8.640497695163086291e+02
1.058467809190440448e+03
1.468118287152282164e+03
3.489593025830593888e+03
1.851158373477744362e+03
4.749951915612992934e+02
5.977838564234020851e+02
2.625013806307665618e+03
1.939434400205370821e+03
8.458843382766669947e+02
2.599337965827990047e+03
3.753285544028939057e+03
7.346371660367176446e+02
7.135821237308518903e+02
2.161889700289966186e+03
3.751402413407440690e+03
6.358881574264036090e+02
4.309835054027334991e+02
3.193387455473475256e+03
2.164174075790943334e+03
4.677354656396883570e+02
1.126569115201492195e+03
3.503892880879675886e+03
1.180575088023914759e+03
4.128467245241384376e+02
2.157075646322363809e+03
3.557680903244990532e+03
1.082320348490916331e+03
2.976536508343517085e+02
2.576507095847482105e+03
3.287285485047756993e+03
5.008097767630973181e+02
6.182084664940495031e+02
1.895100868879650761e+03
3.620587940513014473e+03
8.343488599366053222e+02
6.986152681148464580e+02
2.468415993281303145e+03
3.605325971678163569e+03
9.048155516164989649e+02
4.652079299914450985e+02
1.502977253011428957e+03
3.568145922879976297e+03
1.375097109697221640e+03
5.101695922034867863e+02
2.178103105135221995e+03
3.492153331206523944e+03
5.220022832455524622e+02
6.890147684587096819e+02
3.007058346108351088e+03
3.161148489651835689e+02
3.693560602290956012e+03
-1.190259876589054926e+02
2.359671003203171949e+03
2.072134980858353629e+03
1.358700723863572421e+03
1.438439829859454903e+03
1.685991451532474230e+03
3.383709033174385240e+03
2.134108783786672120e+03
1.105306774041343033e+03
1.275616581488313159e+03
1.505689192256167416e+03
2.097019326481889038e+03
3.452158242331514884e+03
1.315780029868264592e+03
9.393887697195709734e+02
1.190030894210064389e+03
1.897461944714624224e+03
3.482542986767592993e+03
1.515677140063265597e+03
5.325154726185620575e+02
3.037339207402758802e+03
2.242169428082997456e+03
4.850264951839947685e+02
1.209794193234304885e+03
3.759299683950722283e+03
1.540156530665539549e+03
1.825351642298745389e+02
1.499624117436160759e+03
3.752352421143885749e+03
1.060153956605652638e+03
3.209363679594101200e+02
1.353478863279175130e+03
3.583173132735156287e+03
1.608603573398710751e+03
4.069954531882272590e+02
1.385414875950256146e+03
3.408445712458938488e+03
1.538223167856059490e+03
4.791769356025246225e+02
1.407825411425819311e+03
3.452725152182973488e+03
1.522736902116642341e+03
7.516581713890656147e+02
9.295254950060067358e+02
3.139910347660545995e+03
2.635045401443249830e+03
5.346501997012990159e+02
9.451717296183130657e+02
2.174902519371798462e+03
3.727678421183303271e+03
1.258865201738294445e+03
5.344637837151528856e+02
1.073708994585129176e+03
3.188462832189219625e+03
2.088315108522800074e+03
6.049669486359658777e+02
8.096112190630076384e+02
2.963344088554028986e+03
3.033376734674722229e+03
4.959018556316479476e+02
8.640325223515345670e+02
3.265492026038996755e+03
2.039751889558161110e+03
2.930500527809104483e+02
7.699952610949809468e+02
3.072998035517775406e+03
2.929561607022087628e+03
5.297467303517305481e+02
6.061948007679226293e+02
2.558836937097619739e+03
3.643300563222136134e+03
8.975277655242058472e+02
3.913706293120949908e+02
2.097262009376468541e+03
3.419794096765292579e+03
1.407916953019515404e+03
4.342280367850289622e+02
1.061894966380756614e+03
3.023799511666544277e+03
