3.234537797299215072e+02
7.580326444096368732e+02
3.531712440336761119e+03
3.670370349126161273e+03
8.901976076017244850e+02
5.228420055886577984e+02
1.266723632106827381e+03
3.803016823753360768e+03
2.417028004050366235e+03
5.858054083935043082e+02
1.311361921646063593e+03
2.160548210534700047e+03
2.015141614806453390e+03
1.858797532481208918e+03
1.871963962262054793e+03
2.765653191756469823e+03
3.281090559561347163e+03
1.446129223986411262e+03
1.544680303591958364e+03
2.062278880532897347e+03
2.445493343833723884e+03
1.679949818725802970e+03
1.611586151020298075e+03
2.626123670020709142e+03
1.976173865849252024e+03
1.555617652895064566e+03
2.526920508189899465e+03
2.421014574697459466e+03
1.446106384014849255e+03
1.448601833449865126e+03
2.505866423756883705e+03
3.444660376641986204e+03
1.528020101287325360e+03
1.286414429039076595e+03
1.352219839290395385e+03
3.072914541930706037e+03
3.991242625906786088e+03
1.010397064965530376e+03
8.618371348214227510e+02
2.224650994617519700e+03
3.195240912295739690e+03
1.933213902674335259e+03
1.499716392398163180e+03
1.786546914200006086e+03
2.936732841968044795e+03
1.501476214228296158e+03
1.382125874488149066e+03
2.897328933688053894e+03
2.013675977200508441e+03
1.323968550709652391e+03
2.077701116919591641e+03
2.951721788128909793e+03
1.664094077257800791e+03
1.349421957933236627e+03
2.611092451598344724e+03
2.387762019066829453e+03
5.328623236720727618e+01
2.456505261499929020e+03
3.460881615813873850e+03
1.726593973265600425e+03
1.385860692109105685e+03
1.799774584622429984e+03
3.310194123730351748e+03
2.108928973706204488e+03
1.131727141254930530e+03
1.554655412948838602e+03
3.351058949855875653e+03
2.753081040876906172e+03
1.433966186834281643e+03
8.425916963337100469e+02
2.851099005453478640e+03
2.885414477371607973e+03
1.379319837206756574e+03
1.176213609001365739e+03
1.424149494575474819e+03
3.426182842885885748e+03
2.015077844853285796e+03
1.099562656736460212e+03
1.716587352146755393e+03
1.303055548436901063e+03
2.779397550554440841e+03
3.821778177767798297e+03
1.891014031082714837e+03
1.360059061095162406e+03
2.636053939538227951e+03
2.176060971025204253e+03
1.199177185473406553e+03
2.737020793257519472e+03
2.679461272189828378e+03
9.670568028652453449e+02
1.433928590540270989e+03
3.412132599552061492e+03
1.582470333976584243e+03
8.920048356131849232e+02
2.804446293406420409e+03
3.060104956636585939e+03
1.153344782409482605e+03
4.808281748376202813e+02
3.352697110202006570e+03
3.075433026545217217e+03
8.045547788215997116e+02
9.502444055886192018e+02
3.271758110913596738e+03
2.644266549164084608e+03
9.966360463601904485e+02
1.296066502390288633e+03
3.274831597360739124e+03
2.824163558602392641e+03
1.113645706108310151e+03
1.172596466293497315e+03
3.309304531718178168e+03
2.221019492304499636e+03
1.036885066391068449e+03
1.508839138421142025e+03
3.539586882682919622e+03
1.999552142533067581e+03
1.037138484661116763e+03
1.619436464345751574e+03
3.357015901203211342e+03
2.495294590161210635e+03
5.309149131914035706e+02
1.616628456596640490e+03
3.975831730152846376e+03
2.065735305903936933e+03
1.012702761031193177e+03
9.166120329562139659e+02
2.695024233578701114e+03
2.734859195935299795e+03
1.924325888287054113e+03
1.951731598091450678e+03
1.745314294179515400e+03
8.759822516261771170e+02
3.523373325674506304e+03
3.367899595440202120e+03
7.873235461772922008e+02
8.338837622965452283e+02
2.215114314779447795e+03
4.121348794902662121e+03
1.547077709564537599e+03
6.975015900832506759e+02
1.343097130265755595e+03
3.078093790742637339e+03
3.494014696847322284e+03
1.618642411567426052e+03
1.180544518563697238e+03
2.105373951450755158e+03
3.074395495911266153e+03
1.689484159398220072e+03
1.424823960679216270e+03
1.695576677049110685e+03
2.860329986112134520e+03
2.739735266006442089e+03
1.347190327518668482e+03
1.261733817869999257e+03
2.265000131637481445e+03
3.441558068202673439e+03
1.969560100526565975e+03
1.103312215444995445e+03
1.383159017339782849e+03
3.117714031843325756e+03
2.422399562462932863e+03
1.781627875994877968e+03
6.006411738131886295e+02
1.109088655558402252e+03
4.016326260793947313e+03
2.506295325760345804e+03
1.031076138758447087e+03
1.209483583737292975e+03
3.441494040582403613e+03
2.204475349654793263e+03
8.236412220419852019e+02
2.814717818299021019e+03
2.849613665558499179e+03
1.119613504224424105e+03
1.627840149763272166e+03
3.202689267673656559e+03
1.618603292640964582e+03
1.112912807823305229e+03
2.688249274228505783e+03
2.899251779810022981e+03
1.298577017294128837e+03
6.869185358209725791e+02
3.408426576712276528e+03
3.178762400738083215e+03
4.866642142562070035e+02
8.575522763813318079e+02
3.337854245547461232e+03
2.937446133647657462e+03
9.962178411619564713e+02
9.042334328190873975e+02
2.615717487030117354e+03
3.598516093757945782e+03
1.392735545786025114e+03
8.539676723880905911e+02
3.043375644353665393e+03
2.689013947706682302e+03
1.180000926249472514e+03
1.212962818161802943e+03
3.579738485970871807e+03
2.286364715915937268e+03
8.892452550644155735e+02
9.604732255492090189e+02
2.550822131825637825e+03
4.017783023244364358e+03
1.727167809771996872e+03
5.259605322977570268e+02
1.973486249522705748e+03
4.061477307586836105e+03
1.478196952660063971e+03
7.076292604443731307e+02
1.842810322988156940e+03
3.578118128434890423e+03
1.872037710622083296e+03
8.575092556080132908e+02
2.164908082383186866e+03
3.986147221426479973e+03
1.436800583628577215e+03
7.641368903177557286e+02
1.369345033314398734e+03
3.340028739099466293e+03
3.512913061503603330e+03
1.241200209085141523e+03
1.035327982395744357e+03
1.495834760484073740e+03
3.247581777128662452e+03
3.026006911248776305e+03
1.354271187654542246e+03
1.382325336125059039e+03
2.918872266202760784e+03
1.967846584209110233e+03
1.010629073659587220e+03
1.244117844320147469e+03
3.007121589535277508e+03
3.185210506726260064e+03
1.420095451444733271e+03
1.057626498069324953e+03
2.824291571935004868e+03
2.885488482789380214e+03
1.062994211757734092e+03
1.074658048648851263e+03
2.431758454775688733e+03
3.585534459205603525e+03
1.728695180599220521e+03
1.179240144251517904e+03
1.209848637483001312e+03
3.341712938040823246e+03
3.126981575593238631e+03
1.254181321671795331e+03
1.495199309869263971e+03
3.073787256366470501e+03
1.783396539513348444e+03
1.524656006836073175e+03
2.891181705143197632e+03
1.718554831000053809e+03
1.124769602884410233e+03
2.433920182977322838e+03
2.907296589299159677e+03
1.481358969816657691e+03
1.251978625067443772e+03
3.093253402139587251e+03
2.103799036192975109e+03
8.300577826702103721e+02
1.435754448548476375e+03
3.366388312598969151e+03
2.647237953709024623e+03
6.275908666541539560e+02
1.215550277895021054e+03
3.590394817161675746e+03
2.413011968807909852e+03
9.958768738883721880e+02
2.002142548583524103e+03
1.239837893440038442e+03
1.412706102963787089e+03
4.078475727525607908e+03
2.593391431460776857e+03
1.286336210835390546e+02
8.645532108277138832e+02
3.258289401957169957e+03
4.107024384776243096e+03
1.046235815112893761e+03
1.704410034405120200e+02
2.438114773100926413e+03
3.989660909078680106e+03
1.188350932928813791e+03
