2.025997683410088257e+03
1.384261821055252540e+03
1.661857385336779998e+03
2.395327135032599472e+03
2.588635490284921616e+03
1.524492071408546963e+03
1.531583721637725375e+03
1.779230979243292268e+03
2.613874981000740263e+03
2.324983673923058632e+03
1.386460192347746897e+03
1.673315036037707159e+03
2.092130823850656270e+03
2.583492030888279714e+03
1.759587596771508515e+03
1.498422797652267263e+03
1.803217494816327871e+03
2.548692056095750559e+03
2.092997541366561563e+03
1.454178278805768969e+03
1.670311228665612589e+03
2.790718775133580493e+03
1.907144917212606288e+03
1.373411558591519906e+03
2.285343339749504139e+03
2.543454494891897866e+03
1.363703759605381947e+03
1.532702909421119330e+03
2.760375368492790130e+03
2.043104177583996488e+03
1.349933728917070766e+03
1.721668173590191827e+03
2.617711614328277392e+03
2.292027158494287050e+03
1.601250171482898850e+03
1.711015361220524028e+03
2.773924682924990520e+03
1.887531390576147942e+03
1.495817063033814065e+03
1.760062261767546261e+03
2.629837151205157170e+03
1.803741433224095317e+03
1.558666589746879708e+03
2.054396965733351408e+03
2.550136049729684601e+03
1.465446149428204080e+03
1.573165584623658788e+03
2.628364359298162526e+03
2.102301108793493313e+03
1.517475782074557628e+03
1.795347600001555747e+03
2.578826258516083271e+03
1.517297885862171825e+03
1.636691178849082462e+03
2.521757597255553719e+03
2.292711486928782506e+03
1.374892129619250454e+03
1.620589213352636762e+03
2.218145566267803588e+03
2.627154313609675228e+03
1.573604602976456590e+03
1.618412929647754254e+03
2.612629565376805658e+03
2.148430037942407125e+03
1.435742899037238658e+03
1.539575743581689721e+03
2.398695098472592235e+03
2.461625388526677852e+03
1.560735928592253003e+03
1.655969491349796272e+03
2.268304730678559281e+03
2.393426398166614945e+03
1.704778389433709663e+03
1.542383337813891785e+03
1.865587822566177010e+03
2.663728671290675720e+03
1.599017677442373724e+03
1.857324194212759494e+03
1.609895433118479787e+03
1.820415749825128842e+03
2.742129855525455241e+03
2.076529783669363496e+03
1.481992882419913258e+03
1.827378289079513024e+03
2.592366808311272052e+03
1.495169567644551989e+03
1.610888627156534312e+03
2.329262210681898523e+03
2.504461412618204122e+03
1.451634190881508403e+03
1.538302088958106424e+03
2.583394830545137211e+03
2.304403734529559188e+03
1.438565684866230185e+03
1.639929405265375635e+03
2.734087736186595976e+03
2.296433232640255028e+03
1.403827229092733432e+03
1.583265113559376914e+03
2.653950444214002800e+03
2.292460964918517220e+03
1.393542546911471618e+03
1.707190636903938184e+03
2.702500734853000722e+03
1.595791246147917946e+03
1.525015256597916050e+03
2.221158849024131086e+03
2.552813102507698659e+03
1.462026023170238886e+03
1.568235779822551422e+03
2.612074130988897650e+03
2.378430356315505378e+03
1.385205998662860338e+03
1.502954026352113942e+03
2.268019106899434519e+03
2.569289436656840280e+03
1.435680370548325072e+03
1.643637385509735168e+03
2.221267795790120545e+03
2.623269552616359761e+03
1.764924066177780787e+03
1.445642162855559945e+03
1.769659922036350963e+03
2.404656969817564914e+03
2.407819304351009123e+03
1.502538790038617663e+03
1.473344987186529806e+03
2.055727107040985629e+03
2.631421646145739942e+03
1.946250283083223621e+03
1.379305009439061223e+03
1.900560708761418709e+03
1.875400211451215910e+03
1.901039542176206623e+03
2.613504747308175865e+03
2.240130525873541956e+03
1.422752190581486047e+03
1.749754008864566458e+03
2.770132557973337498e+03
2.124499086314731812e+03
1.421931154601899152e+03
1.664968963719923750e+03
2.496756486215204859e+03
2.431106796849875536e+03
1.430802449860026172e+03
1.633406681828298360e+03
2.643813754545104985e+03
2.414567477500157565e+03
1.443224253881267032e+03
1.531769349054859049e+03
1.829441441320441754e+03
2.680206747248975717e+03
1.999336213584524558e+03
1.499244391732378062e+03
1.589780971705348065e+03
2.610786406036116205e+03
2.112891875418767540e+03
1.469400888638353990e+03
1.663492462604502180e+03
2.677669181714765728e+03
1.999580120625564177e+03
1.447794126850687690e+03
1.794322041439045734e+03
2.456967156247599178e+03
2.478486926912702074e+03
1.491303343790305462e+03
1.701271633511389609e+03
2.497696192765248725e+03
2.220043540340758227e+03
1.573828285384528726e+03
1.664021712966331961e+03
2.352607863109533355e+03
2.302947437220764186e+03
1.543225583223732883e+03
1.688548922109460591e+03
2.564807709353915470e+03
2.147057060897589963e+03
1.549101875868619118e+03
1.736481381377325306e+03
2.378982738375046665e+03
2.460861200868609558e+03
1.427020258719713183e+03
1.509324133467233651e+03
2.601902525632998277e+03
2.158015232268857289e+03
1.526194306964157022e+03
1.566270737587550911e+03
2.128115239169258984e+03
2.565011748979651657e+03
1.530229319658319810e+03
1.512173350233435031e+03
2.029689719887847787e+03
2.642036481467016074e+03
1.528228054629177450e+03
1.552306620006608227e+03
2.240460182557430016e+03
2.621054541485396385e+03
1.461435870572239537e+03
1.527830928027492973e+03
2.382459710833814825e+03
2.460281403176072672e+03
1.856085643913677814e+03
1.583655724696648576e+03
1.874194926186207340e+03
2.543604437231915199e+03
2.011066144350127615e+03
1.395533157346723783e+03
1.819012557392507915e+03
2.570215037494086118e+03
2.296975712578994262e+03
1.447584301034941291e+03
1.600939671562922285e+03
2.119393098478305092e+03
2.549694131275587551e+03
1.687551260544236584e+03
1.528965808428906712e+03
1.873119199295481849e+03
2.576861369777544041e+03
2.333470625349033980e+03
1.512206284363397572e+03
1.605758779499278717e+03
1.919508891096412981e+03
2.617382910377943062e+03
2.000875048771281627e+03
1.406849389341369715e+03
1.748065657549454727e+03
2.515574354128008508e+03
2.307298631725516771e+03
1.336336063619916786e+03
1.604474893501755105e+03
2.756949643500851380e+03
2.406109244947466323e+03
1.288136176747801301e+03
1.487950475633392898e+03
2.785572070300160249e+03
2.290387538343308279e+03
1.209307965861860339e+03
1.594002872167646501e+03
2.832650563940972916e+03
2.176871195945300769e+03
1.288536574720113322e+03
1.629682298657029833e+03
2.359878223524657642e+03
2.645480894084122610e+03
1.323397540928417357e+03
1.591444270874307904e+03
2.690338217104711475e+03
2.451651278794800874e+03
1.395323527337476207e+03
1.533834435503311852e+03
2.640525111109395766e+03
2.317227643601801446e+03
1.367589314445009222e+03
1.650168600256490436e+03
2.825756876719966385e+03
1.827835568404754667e+03
1.579389410701252018e+03
1.558850719314468506e+03
2.356881807465365910e+03
2.601837075518409165e+03
1.367050379130075044e+03
1.484921558448422047e+03
2.348209852073785896e+03
2.678881256361614305e+03
1.409661650671969255e+03
1.618575691004461078e+03
2.064143875512007071e+03
2.682134474930995566e+03
1.932571218966206288e+03
1.335609844866799222e+03
1.523374008472394735e+03
2.621866777737466691e+03
2.766171026786447328e+03
1.587440845642378235e+03
1.351256810247348085e+03
1.491901527150970423e+03
2.640356834720641928e+03
2.544672689934674509e+03
1.432608926961287352e+03
1.479745755888399799e+03
2.056993536971135200e+03
2.747824857980370780e+03
1.810347944596559500e+03
1.423212287405017378e+03
