1.613845387292828946e+03
1.874279752047612419e+03
2.150079258986344030e+03
2.931561205218539726e+03
1.942277502459126936e+03
1.280680860799962375e+03
1.770172175283009210e+03
1.945439716487568376e+03
2.917539719418873574e+03
2.889123561753778176e+03
9.190611602596034118e+02
1.454625090110951078e+03
1.771959092689745148e+03
2.076537294273403404e+03
2.992690250342054696e+03
2.428192097829502018e+03
1.168441996831865708e+03
1.597629496897450963e+03
1.779949541686857629e+03
1.868734142729325413e+03
2.616681219481194603e+03
2.608033371742374584e+03
1.357267610663653841e+03
1.599273440818512427e+03
1.851150131908155117e+03
2.346171969671951501e+03
2.864367757140642425e+03
1.431823241425387096e+03
1.576970938521382323e+03
1.761234020944557642e+03
1.937336399773033463e+03
2.786475458469926252e+03
2.469809701240110371e+03
1.309837886348176880e+03
1.614270443979679385e+03
1.780732622919430924e+03
2.985978370899325910e+03
2.684052740363778412e+03
1.188564100276048293e+03
1.504841425099592698e+03
1.731486446792413517e+03
1.831547729063594488e+03
2.377230277540933457e+03
2.716237266787533827e+03
1.589165486933707143e+03
1.521674907064123090e+03
1.831416454418835883e+03
1.858660116945852451e+03
2.428064717344049768e+03
2.719092064830826985e+03
1.500174217261660033e+03
1.609600907196166872e+03
1.807326933759321264e+03
2.012707552121591789e+03
2.642995490697220703e+03
2.384760579413200503e+03
1.425672952340284610e+03
1.589039605748509530e+03
2.393078097140622958e+03
2.775453273222106418e+03
1.425763254406626629e+03
1.513460484102551391e+03
1.774367630551941375e+03
1.713938776098639664e+03
2.448362461541029461e+03
2.729890623037097157e+03
1.622906304443122735e+03
1.520656278602419434e+03
1.641045274648314034e+03
1.788380768481148152e+03
2.544838070934336429e+03
2.828340586764461023e+03
1.711421542393316486e+03
1.386387040495009160e+03
1.582332330619182358e+03
1.901092091090977419e+03
2.955929750219451762e+03
3.148547131723629718e+03
8.361794069774524587e+02
1.238273524683393816e+03
1.600484754735485922e+03
2.190817664176512608e+03
2.846003482458246253e+03
2.404211651542534128e+03
1.272566460012720199e+03
1.545925063605250898e+03
1.713389475863830512e+03
2.580062494313791831e+03
2.934485051023149481e+03
1.600989277587687411e+03
1.386292530776596323e+03
1.624374082405587160e+03
1.812658957457835868e+03
2.644867074287048126e+03
2.834345183800863651e+03
1.478661546790451439e+03
1.423436206127728610e+03
1.717320640648882318e+03
2.230038093891411336e+03
3.164744758120844381e+03
2.213385037126992756e+03
1.035039566957059151e+03
1.434106475703961451e+03
1.672141559444057748e+03
2.118598019951005881e+03
2.897344124320022729e+03
2.302978508188888100e+03
1.310085423054026023e+03
1.510587875357637131e+03
1.712203597132878713e+03
2.575116635629896336e+03
2.847608550805012783e+03
1.717747911718664454e+03
1.450417354567961183e+03
1.633098567734656854e+03
1.723815234866191076e+03
2.552646170181220441e+03
2.840303955016547661e+03
1.530637973801049384e+03
1.391970904437298259e+03
1.889636383578592586e+03
3.107786455679808569e+03
2.609693318407806146e+03
8.631753088136447332e+02
1.365208516135804302e+03
1.716987166795684743e+03
2.795688648598268173e+03
3.144281986745376798e+03
1.190785246222400474e+03
1.154615665984480302e+03
1.601333875331925128e+03
2.154712136216667204e+03
3.041288357895259196e+03
2.477587519207469086e+03
1.094242897064760427e+03
1.422040977496425739e+03
1.774648704395478489e+03
2.079181206717901205e+03
2.651098106138409094e+03
2.126499520672488870e+03
1.496226111567953240e+03
1.723798975838352135e+03
2.383097703480651035e+03
2.862404854158530725e+03
1.616897848319773857e+03
1.431597733872295748e+03
1.675720070109882499e+03
1.871440198218285104e+03
2.523018382667038168e+03
2.326730088133485424e+03
1.605040579336884093e+03
1.705332532176972791e+03
1.798253871876504036e+03
2.127160824859618060e+03
2.545453478825206275e+03
2.088420407165857341e+03
1.655867189782539526e+03
1.722555189473090195e+03
1.767886719076831696e+03
2.289597584350395209e+03
3.012667740969611259e+03
2.541660916299589644e+03
1.027889749443798109e+03
1.280461144194093777e+03
1.761428997554422267e+03
2.571821063997994315e+03
2.825232831965211517e+03
1.437632650231087155e+03
1.521573043863063731e+03
1.703632920930092268e+03
2.438002573643386313e+03
2.760045054951964175e+03
1.626647428525215219e+03
1.470163968498221493e+03
1.596828143829301553e+03
2.202541507574061143e+03
2.877046889190912680e+03
2.177251987145895782e+03
1.323080697325181291e+03
1.541873824382471412e+03
1.924368605282482804e+03
3.087936848976043620e+03
3.687599792907190931e+03
2.123241840315641639e+03
4.209395466696213930e+02
8.289207270702106598e+02
1.277303759839498298e+03
1.928409843949666993e+03
2.844977339060640134e+03
2.675564050891817260e+03
1.254854344598459420e+03
1.495670263046400351e+03
1.709382715491835370e+03
2.462410330075419552e+03
2.952820264337405206e+03
1.604010005651169877e+03
1.461949787536499116e+03
1.605724980999324089e+03
2.028396226468097893e+03
2.851970158042586718e+03
1.979946966758130202e+03
1.444376704936830038e+03
1.671482054243777156e+03
2.225033969762090237e+03
3.284127026591698268e+03
2.069154305271034445e+03
1.119005212173185328e+03
1.417286320525863403e+03
1.781706378279069440e+03
2.726376272469841297e+03
2.771755373207455250e+03
1.245124251349523547e+03
1.452970674663456066e+03
1.778191843110163973e+03
2.726564183398439582e+03
3.123867257212590175e+03
1.209486601726552863e+03
1.229344631824623093e+03
1.572549082669528616e+03
2.099566048085486727e+03
2.725302382177133950e+03
2.155196684201261633e+03
1.431815263582060879e+03
1.639096322917359430e+03
1.943459923667540352e+03
2.895665819579470281e+03
2.570645985103078601e+03
1.220803705672314436e+03
1.497095332542539381e+03
1.700935653073847789e+03
2.603487329545391276e+03
2.858061168439203811e+03
1.344845353942901966e+03
1.494958891718534005e+03
1.758202286372123353e+03
2.584838396907479364e+03
2.416626836188600919e+03
1.409057924947344418e+03
1.636811445884571185e+03
1.852809654918594106e+03
2.627523098733290226e+03
2.675063528205973853e+03
1.419085764862405995e+03
1.526893946821426880e+03
1.775629079264040229e+03
3.034015161016210641e+03
2.883333544661923952e+03
9.508517148950076034e+02
1.298434951878116408e+03
1.753413471000210393e+03
2.352436167566930180e+03
2.826403847031890109e+03
1.559066235741660194e+03
1.493667209116101731e+03
1.696418058891071041e+03
2.302012966962961855e+03
2.635765499032590924e+03
1.756373264608684394e+03
1.571668118258915456e+03
1.734215006336623219e+03
2.012173756707034045e+03
2.592534384039574888e+03
2.377996291050312266e+03
1.510005809042700776e+03
1.644825257984660993e+03
1.794460417893897329e+03
3.618142065881092549e+03
2.308041568269576146e+03
9.451030079575917853e+02
1.215012586923167646e+03
1.689330944993502499e+03
2.755656469198008381e+03
2.983610519891150489e+03
1.123014027252021606e+03
1.278234841605037673e+03
1.640117618978201108e+03
2.664063609744927362e+03
2.576505149816181529e+03
1.371211016321319448e+03
1.499589790039201489e+03
1.919850990963415825e+03
2.812516245216405878e+03
2.594811268521945294e+03
1.320590551186656739e+03
