1.285462379282980464e+03
1.858100517204959033e+03
2.830155260737456047e+03
2.755007406285718844e+03
9.096184896204755432e+02
1.485938390121695420e+03
2.830761209180072910e+03
2.858156363628959298e+03
1.391394394439386588e+03
9.474782057452334811e+02
1.625418417436578920e+03
2.015995557448091631e+03
2.861203909737232607e+03
2.017476439963426401e+03
1.622821676558442732e+03
1.911009046926099245e+03
1.803069641233620132e+03
1.924073862263873252e+03
2.138287210686269191e+03
2.214230112206421381e+03
2.145281756458312884e+03
1.665520382754005368e+03
1.824740822686959291e+03
1.975834643241180402e+03
2.435615519308870262e+03
1.974123085588095137e+03
1.390778215447361845e+03
1.828985932751143082e+03
2.707342746870364863e+03
1.593907797004653730e+03
1.764076944476993731e+03
1.682853779363893409e+03
2.763006320698349100e+03
2.507445317170346243e+03
1.085927961148767281e+03
1.373633696943173618e+03
1.746838542978270880e+03
2.923045729867948921e+03
2.319742466910896383e+03
1.069999776933464318e+03
1.706218595515794959e+03
2.273119922059629516e+03
2.709581461304586355e+03
1.602012492999771439e+03
1.525815395155884289e+03
1.821025355774301943e+03
2.612209242078798070e+03
2.203929470556239266e+03
1.523696386762754855e+03
1.614902198069945598e+03
2.004844073222984434e+03
2.622769525954817709e+03
1.878510213233447757e+03
1.516705928190261830e+03
1.722226622470685015e+03
2.028825630877943922e+03
2.756495679475836823e+03
2.533290976250900258e+03
9.464093394216415618e+02
1.658609705944347752e+03
1.796096706950951329e+03
2.771213644786773784e+03
2.464222078356404381e+03
1.256934773457543997e+03
1.492496955432596451e+03
1.953477260970233374e+03
2.759206600026006981e+03
1.917212344610500622e+03
1.358962117099007628e+03
1.745525485054290584e+03
2.054937175899937756e+03
2.598877218457147592e+03
1.691054574921871790e+03
1.612824090870137752e+03
1.785351880498081300e+03
2.649373492779372555e+03
2.679040050522409729e+03
1.596255092951313827e+03
1.103472268698945527e+03
1.652294404275483203e+03
2.769232610000249679e+03
2.631423638988334915e+03
1.105018542068846045e+03
1.515299905550675021e+03
2.297108371116713442e+03
2.688175116900916237e+03
1.429824424640956977e+03
1.591290072998487631e+03
1.893976668604232827e+03
2.829289997299251354e+03
2.041076328002254741e+03
1.195372534452189484e+03
1.736430195428620209e+03
2.384660035652058468e+03
2.699782070841451969e+03
1.477329411236946953e+03
1.462911597752450461e+03
1.829483887391218104e+03
2.285686338180136772e+03
2.805562961423858269e+03
2.102280442094942828e+03
1.094227652765063795e+03
1.600579601185956108e+03
1.824604971643030922e+03
2.845907562093060733e+03
2.770404301571757514e+03
9.155406157928932771e+02
1.341424658116712635e+03
2.035773962798775983e+03
2.673948161967512988e+03
1.757958124090290994e+03
1.539080870813799265e+03
1.745378249947968698e+03
2.674102776437360262e+03
2.762498627481880249e+03
9.591005291502027603e+02
1.655838495284107012e+03
1.880650383780751554e+03
2.038433861217811909e+03
2.182257521036935486e+03
2.839070911290262302e+03
2.546045571328740152e+03
8.391984100257124055e+02
1.240790285649441557e+03
1.906813063366010510e+03
2.630867033321006602e+03
2.998014860711540223e+03
1.408693043618227421e+03
1.035199909563702249e+03
1.764340566096404473e+03
2.701520673227181305e+03
2.975062102175224481e+03
1.191425009217485695e+03
1.194340975404567416e+03
1.842396157692905717e+03
2.915518098158825069e+03
2.251751784835266335e+03
1.080076352396298716e+03
1.685603242295542714e+03
2.551327388855754634e+03
3.001978717579534077e+03
1.439389772056489164e+03
1.033497907453532207e+03
1.781748038713922369e+03
2.340968015021011070e+03
2.493605898135768257e+03
1.515344943726846395e+03
1.632312105303137059e+03
1.892790038273494247e+03
2.268218670057055988e+03
2.783527883294165804e+03
1.622492413404411309e+03
1.424987034568324589e+03
1.758390382904876788e+03
2.315195221616419985e+03
2.570116673567825728e+03
1.550677211511900623e+03
1.604023222336217259e+03
1.774903945598546898e+03
1.864593118429072092e+03
2.391880511293501513e+03
2.724619067548097973e+03
1.423376299334624491e+03
1.320688652091095264e+03
1.892968455234341263e+03
1.930470319630067024e+03
2.681684600289545415e+03
2.369166309391488539e+03
1.158889842375319176e+03
1.671074797915246108e+03
2.458994503808589798e+03
2.622548979679077092e+03
1.369702320901204757e+03
1.467786064672877501e+03
1.865880991256521384e+03
2.725353222302037466e+03
2.656659095071736374e+03
1.085020305628535652e+03
1.314814572318146475e+03
2.090620339685731324e+03
2.787414712595445963e+03
1.930941648956104927e+03
1.157299229345375807e+03
2.263447416107665958e+03
2.986787017123407622e+03
1.415411454827420812e+03
1.246122379660650040e+03
1.684107370812896079e+03
2.667762787212005151e+03
2.674428088331106665e+03
1.090428711714477913e+03
1.543793061622393907e+03
2.422774084465007036e+03
2.717514141867658509e+03
1.329169280833196353e+03
1.554829325870116463e+03
1.679348921647396764e+03
2.926183344063755612e+03
1.819745487183742398e+03
1.410521433994000745e+03
1.735225793578626508e+03
2.579446679568921809e+03
2.752984919300780348e+03
1.107858243214446247e+03
1.299230609105928806e+03
2.156107343632738321e+03
3.085444878668555702e+03
2.512017335608140911e+03
7.428637505014060025e+02
1.260056923498522337e+03
1.843129860189718784e+03
2.927627729110746714e+03
2.670654224887196506e+03
1.072558739875518313e+03
1.396801153450642232e+03
2.003624812889251189e+03
2.871489844333586461e+03
2.419003150841733714e+03
1.023510909175132156e+03
1.414058770351329485e+03
2.026510410312429030e+03
2.997303232231673974e+03
2.382647841334364784e+03
1.137897224475979783e+03
1.550851336149526333e+03
2.057427456697902471e+03
2.535662848350167224e+03
1.715280948539286328e+03
1.681042797708520311e+03
2.018137641513561448e+03
2.311277894159037714e+03
1.692249166412103250e+03
1.851873067022677333e+03
2.241874422178706482e+03
2.777435810099882474e+03
1.193148835337060518e+03
1.399204316848557710e+03
1.808152785584289632e+03
2.673498421429711016e+03
2.599041517914646192e+03
1.293770049003154782e+03
1.600572214601374299e+03
1.802346314642998323e+03
2.750229904562821503e+03
1.953794698559477183e+03
1.292434150345618036e+03
1.875537963839894019e+03
2.917045350320406214e+03
1.674272030698905837e+03
1.578201160140032471e+03
1.699378592253382067e+03
2.392088790446157418e+03
2.568336573618082184e+03
1.338244282717985925e+03
1.692350295580323746e+03
2.022274592837569799e+03
2.671139753701185782e+03
1.463555335342764693e+03
1.698959589214689231e+03
1.793107740383909459e+03
2.326738128860212328e+03
2.702820664223142103e+03
1.455437689942185898e+03
1.542776592516863957e+03
1.702396236122941446e+03
2.038336374405258312e+03
2.738001340599389550e+03
2.654876284798323468e+03
1.089344228305823663e+03
1.322518316539347325e+03
1.815141548732968431e+03
2.797494833513091180e+03
2.402319229005368470e+03
1.074681511822563380e+03
1.675263718179012130e+03
2.363025530327147408e+03
2.814162921811659544e+03
1.851008617503878213e+03
1.170945373004225530e+03
1.670725028488626549e+03
2.123171208798635689e+03
2.783677559985769221e+03
1.539191496665131808e+03
1.529495086785335616e+03
