2.385446163927392263e+03
1.086134873768260832e+03
1.146942177501112837e+03
1.568370173356231135e+03
2.734233704760953060e+03
1.688147277588089764e+03
1.054683095180113014e+03
1.396822648102491485e+03
2.252619762672312390e+03
2.714400667825418623e+03
1.061457059120466511e+03
1.052893415200021082e+03
1.630289958007747146e+03
2.743446042688415218e+03
2.204063540956052293e+03
8.077912315114397188e+02
8.327741931749759488e+02
2.220113127038271614e+03
2.934467103090606997e+03
1.856070609009036616e+03
8.667248582241431905e+02
9.829588216233564708e+02
2.760798963131663186e+03
2.480588881868856333e+03
1.092133583227960571e+03
8.514443556710339180e+02
2.498601724456465035e+03
2.657896798208221298e+03
1.125997660880901549e+03
7.876690141539573915e+02
2.266298332088120787e+03
2.673928829602489714e+03
1.403252780860801749e+03
6.781205537665834981e+02
1.560463232798268109e+03
2.812239674917818775e+03
1.944339871233438998e+03
8.443038298842405993e+02
1.038771485282177082e+03
2.767235547038158984e+03
2.577169312324293969e+03
1.196731886452132358e+03
1.047656082896923181e+03
1.609387675162596452e+03
2.643587909397706881e+03
1.976308346971217816e+03
9.791082867432995727e+02
9.698213148507841197e+02
2.634317085371191297e+03
2.503589154350509034e+03
1.413536685771481189e+03
8.307226132164303181e+02
1.239330461544565196e+03
2.969886062448417306e+03
2.307674282997511909e+03
9.198031935079360437e+02
9.057836793639893358e+02
2.746052015810592366e+03
2.561306998753726930e+03
1.186759610597146775e+03
6.614737480379227463e+02
1.983940484667854207e+03
2.904874317210395475e+03
1.690496595184679109e+03
9.749348645635894854e+02
9.422015951989916402e+02
2.889832523250531267e+03
2.684496027827100079e+03
9.398507436231674319e+02
8.489949786660254176e+02
1.436725810655585519e+03
3.019781159269761247e+03
1.952013844373391294e+03
7.696597785368886662e+02
1.420914881446948129e+03
2.998366408029044578e+03
1.545110690960511647e+03
6.537002134158319677e+02
1.229060939587425992e+03
3.033109559637445273e+03
2.222525154886098335e+03
1.077988363394879343e+03
1.059234695685255701e+03
2.433416383678623788e+03
2.482132171942173954e+03
1.256337634736481050e+03
8.211042085599539178e+02
1.722606657797475464e+03
2.820833357572550540e+03
1.543201594047994377e+03
9.404179262742516130e+02
1.212134542993597961e+03
2.915955091643254036e+03
2.370727547457286619e+03
9.286416968327708901e+02
1.024143775133630925e+03
2.366450105079602054e+03
2.667482640514322611e+03
1.167740477320556010e+03
9.838543620137137395e+02
1.586090638193612904e+03
2.939408378680867372e+03
1.853333129586424320e+03
9.428961926173444681e+02
1.200989957436611121e+03
2.759313043917656614e+03
2.487026888836576290e+03
9.645734618785407974e+02
9.145101034092552936e+02
2.026296162401699348e+03
2.795739408558522427e+03
1.641757916190482774e+03
8.640028219010507655e+02
1.023808593559869223e+03
3.033048969516450597e+03
2.417668418133669547e+03
8.291205994297991992e+02
8.138632276645170123e+02
2.792237006703901443e+03
2.591776530581742918e+03
8.101152927002192428e+02
9.091851033855531341e+02
2.362482357661504921e+03
2.905650823243453033e+03
1.029369280225221246e+03
7.807982910479618113e+02
1.642110739573138972e+03
2.981240662234287356e+03
1.707645406186489936e+03
7.013510191932558655e+02
1.250501089719935635e+03
3.091621668694333493e+03
2.629824391958138676e+03
7.079683238295448291e+02
1.004433283290612508e+03
1.414125927425783402e+03
2.777803300466978271e+03
2.720322299345197735e+03
9.191108387572731999e+02
9.706037155940331331e+02
1.497527198886888982e+03
3.203976674721213840e+03
2.033313200912020193e+03
1.313519826857035241e+03
1.141660089175382382e+03
1.504189231876659960e+03
3.519433142043217686e+03
1.359680052780250662e+03
1.060303938912835292e+03
9.574291714588433706e+02
1.350781967973990049e+03
2.920456307100859703e+03
1.642281794544782542e+03
1.093948934423206993e+03
1.191864110201416224e+03
2.424185789308005042e+03
2.698171888998984286e+03
1.120453480727945589e+03
9.478245217473561297e+02
2.005504746682034238e+03
2.884970033550687731e+03
1.136314554460768022e+03
8.343234466348646947e+02
1.560348129357450489e+03
3.081608542647850300e+03
1.973588014906683611e+03
1.181517061745163801e+03
1.057532996655418174e+03
2.275292780097091509e+03
2.666200190201885107e+03
1.345736053461555912e+03
1.213056702402189558e+03
1.153134851557734464e+03
2.405586203267647761e+03
2.512774572695757342e+03
1.257570265998116383e+03
1.309226442137010281e+03
1.163539459588968384e+03
2.508818967775712736e+03
2.439819979109801807e+03
9.833928002230568381e+02
1.044234254092861192e+03
2.197911362505028592e+03
2.719449633364044985e+03
1.277453493891620383e+03
1.185060010657902922e+03
1.319132521023899699e+03
2.691576197094469535e+03
2.157403721545781991e+03
1.001661622641997724e+03
1.049650168417125997e+03
2.456221564257175487e+03
2.513760432281131671e+03
1.188432069302957643e+03
1.122383653147605628e+03
1.571420681906927939e+03
2.684534951761888351e+03
1.968969922063260810e+03
9.778685379773635304e+02
1.047818449827056156e+03
2.665376753672457198e+03
2.678533340573075293e+03
1.060656474318932396e+03
8.782245433166058319e+02
2.366147091796859513e+03
2.678785810063895497e+03
1.248131216195676643e+03
7.737844484070182034e+02
1.584772208070550505e+03
2.844970529562508545e+03
2.016781115653353254e+03
7.603569068205770236e+02
1.021970839595474104e+03
3.028055521044229863e+03
2.476433205530498981e+03
9.282874239227638782e+02
8.552922258134456115e+02
2.101290577984719675e+03
2.709252656295636370e+03
1.455152314251483858e+03
9.021500827687727906e+02
1.313079269349510014e+03
2.852808119984064888e+03
2.393219092676820310e+03
1.227931424187975608e+03
8.043113144724517269e+02
1.834485995763007395e+03
2.908154286271398632e+03
1.627317928785192180e+03
8.228642795408039774e+02
1.241646253935397226e+03
2.896566227238845840e+03
2.323461530938212491e+03
9.880897906709650442e+02
9.165791669941937698e+02
2.532042967371230588e+03
2.543121307867003452e+03
1.111524220770819738e+03
9.810542802812627770e+02
2.331288695707323313e+03
2.604081662223314197e+03
1.172917807708319970e+03
1.046206375965219877e+03
1.423119783243796064e+03
2.681512524730372206e+03
2.478624642852638317e+03
1.039383400466397234e+03
1.053333828138946728e+03
1.611281821200193917e+03
2.785707060738393011e+03
2.077706848989610990e+03
9.926716616238018105e+02
1.025984384017187494e+03
2.751154910426147580e+03
2.620282658423286648e+03
1.203647464960962907e+03
9.490049059263955087e+02
1.792608668236116273e+03
2.602385466905194789e+03
1.421716359564278264e+03
1.140695806031492793e+03
1.284473271219435901e+03
2.693590184749147284e+03
2.169440768010960710e+03
7.573958153762015399e+02
1.037515609747870712e+03
2.775908678486137887e+03
2.435794674465786557e+03
1.078973820513536111e+03
7.721106869456336881e+02
2.519839902003436691e+03
2.621377079349943870e+03
1.359169534267371546e+03
7.885390041933856082e+02
1.865803460981686840e+03
2.670909721336439361e+03
1.670525001827747019e+03
8.673035456940421000e+02
1.177698820807156608e+03
2.822051657815922226e+03
2.373809296463556620e+03
1.040220525248664899e+03
1.040795769677943326e+03
1.738967571319270291e+03
