1.169187167652898429e+00
-1.951600254728093375e+01
1.501088885073182610e+03
4.129137196903556287e+03
4.045463282118209918e+03
4.046132608446627273e+03
4.124350330631044926e+03
1.736533355926702598e+03
-4.864038803668641009e+01
1.219476329460459363e+00
-5.811894647741041968e-03
2.675277703828222910e-03
-3.945590419715878094e-01
1.375298261771193431e+01
-4.099919191886914338e-01
-7.295570548586902682e+00
1.919368109373475875e+02
3.356098000466505482e+02
5.464739914562827607e+02
6.935221059779941015e+02
8.968354270852777290e+02
9.894432528673311253e+02
1.141334390078928209e+03
1.238223455589183004e+03
1.534968433597774947e+03
3.885387988751564990e+03
4.056680584914538031e+03
3.401549143591897064e+03
1.517953930796496252e+03
5.052594747605362500e+02
1.248254446725398566e+03
3.352960885904640691e+03
1.360642685631815311e+03
7.708198550472135366e+02
1.218628986898085486e+03
2.372304792105964225e+03
3.066598704951210493e+03
1.421530190874206028e+03
1.173474541402219984e+03
1.224666683945458544e+03
1.573587469118906029e+03
1.461164712662760849e+03
1.386047744634691071e+03
1.613242746988107911e+03
1.663202893532439020e+03
1.694896553583068055e+02
1.764582466931840599e+03
1.085166840761772164e+03
8.179786344098959034e+02
8.493119906146869198e+02
1.071953141969765056e+03
1.175653652408017479e+03
2.541393544688936345e+03
1.662424741895408033e+03
1.231768235560925859e+03
1.294952998607423524e+03
2.647011967406689109e+03
2.660556445242605150e+03
1.423271531319682708e+03
1.373873151654773892e+03
1.709303301484131680e+03
1.424513906672185840e+03
1.580096986111576143e+03
1.604786021131607640e+03
1.639743415623241617e+03
1.966655801594754848e+03
2.084425364646315302e+03
1.589652326081377851e+03
3.904874080967685586e+03
4.046778643018589719e+03
1.827893274941045320e+03
2.474680356561824738e+03
4.118678941367419611e+03
2.915921214243844588e+03
7.087335351461643995e+02
3.403598703630294494e+03
2.554263717598205403e+03
7.584670239929210993e+02
3.173244836492198218e+01
6.557953332360655168e+02
2.735599921811696731e+03
1.940879971650956577e+03
1.953180533979089887e+03
1.177508121583337697e+03
1.118537726715919234e+03
3.076421180966345219e+03
1.542430063179390345e+03
8.748096358297242432e+02
2.117921399006798765e+03
2.820216303297501781e+03
1.437150352962931265e+03
2.180817115371350155e+03
1.844711520161206863e+03
1.517673923099559261e+03
3.072425666671836552e+03
1.500711274654631097e+03
2.397448003798801892e+03
2.000520327338863581e+03
8.182148827127369941e+02
3.140289161988755950e+03
1.820144352380832288e+03
4.578219303044132857e+02
2.365751718798297134e+03
1.286354698404660894e+03
7.278844579898417351e+02
2.871017489329296950e+03
1.302314985293411837e+03
7.160367783111046265e+02
2.722399090223182156e+03
1.305061924067244036e+03
7.609974545474206025e+02
2.222118774658063103e+03
1.200326568062266915e+03
9.934677798592081217e+02
2.155095603521008343e+03
1.238356866254071292e+03
2.478739680262470756e+03
1.583283913138222260e+03
1.273240901906168801e+03
2.865809464788150308e+03
1.793565594842752262e+03
1.300554169579796735e+03
3.798048924719623301e+03
3.540482512841046628e+03
9.372181613789784933e+02
6.676375905345639694e+02
3.283675450578361506e+03
2.063998280977378727e+03
2.257706815433245993e+03
1.356825822912391914e+03
4.149464354497266868e+03
4.108836503716957850e+03
2.012731147674834574e+03
6.052341151746918513e+01
1.560628787791700631e+02
5.648955504715374900e+02
3.101718730110752631e+02
2.982244570616881447e+03
1.409620152722728335e+03
3.488844784748355892e+02
7.870574840940616923e+02
2.806320862407452296e+03
1.434814892480308345e+03
9.629933805625846617e+02
1.227148899750363171e+03
2.242235428876964761e+03
1.514315859295390510e+03
1.708298099825254894e+03
2.031288703519735691e+03
1.359066208967641614e+03
3.002024903288360747e+03
2.536121933699763304e+03
1.329286277605793885e+03
3.655812940974940830e+03
2.773333021753005596e+03
9.621557752146902658e+02
2.779225632093441618e+03
3.087662755107541216e+03
1.158102061584817648e+03
2.113593610917494516e+03
1.978815298053430070e+03
8.232015659069797948e+02
3.362675553100216348e+03
1.911086859733495430e+03
8.453131472704393445e+02
1.104797865228671753e+03
3.259718938379412975e+03
1.459121925187637089e+03
7.508427861832362851e+02
2.674311277351876925e+03
2.175103408244417096e+03
8.747050054979979450e+02
2.040426667662575483e+03
2.538836882964791130e+03
1.228184178436346201e+03
1.707157189344980452e+03
2.666528720062862703e+03
1.223837350819999983e+03
1.440430474878466384e+03
1.886316793865527416e+03
1.556120180326218360e+03
2.554518896105880231e+03
9.304099858166616741e+02
3.339866927722230685e+03
2.316617477299701022e+03
4.346912960053091979e+02
2.503820823423643105e+03
1.304371818592458112e+03
8.513979131270407379e+02
3.253794161394499042e+03
1.313897167386180399e+03
1.211339860828362362e+03
1.045139874645041573e+03
1.653248909305391635e+03
3.409663852246286751e+03
1.020219435467025278e+03
1.230064448673908146e+03
2.988621921295290122e+03
1.229389590002904697e+03
1.896669129821732213e+03
1.910339024341324830e+03
8.077646536612542150e+02
2.324377117602041835e+03
1.809226394563198937e+03
4.008337941470580859e+02
8.189200923552726863e+01
3.010111619878753118e+03
2.676162334030159400e+03
1.284301453679924407e+03
9.169456399504266528e+02
3.429075375652812909e+03
2.722399979023083233e+03
1.138790951689233680e+03
1.018391041374248857e+03
3.949672196693653859e+03
3.572772889977432897e+03
6.599537612572934222e+02
4.243567953991668560e+02
1.644835143840026603e+03
3.052666387921946352e+03
9.808198314824114732e+02
6.320465401195344839e+02
1.913746926347752378e+03
3.282487825078437709e+03
1.255577324276882564e+03
1.023046397346427398e+03
1.871082996076541122e+03
1.975272577789739671e+03
1.154380787798399297e+03
2.376963583011578976e+03
2.277729833592190971e+03
1.209721284913486215e+03
2.588390525094793247e+03
2.133779593198566545e+03
1.148415535120961295e+03
2.618919017494677064e+03
1.655364738346744616e+03
1.406135512626550053e+03
2.562979367832643220e+03
1.127764179923305619e+03
2.008928136738251169e+03
3.134165277191781570e+03
1.342194204254592478e+03
8.459595086199279876e+02
2.432564879098854362e+03
1.836218312730746902e+03
5.787257647753801848e+02
2.927878500259688735e+03
2.233948388194916788e+03
3.038212289188618797e+03
1.587724807838539164e+03
1.640926954393078631e+03
2.546676511225676222e+03
9.905025305724529971e+02
1.545306892513335697e+03
3.052078562255707766e+03
1.301564294277698764e+03
8.989974028667628545e+02
1.714975284263207413e+03
2.856819371487545595e+03
1.197891519931750054e+03
1.891609768535499370e+03
3.021171577220990002e+03
1.417322066752135925e+03
2.645205915071137042e+03
1.466138088762783809e+03
1.062603926098398688e+03
2.562458846698639263e+03
1.568015094244462034e+03
6.372814632482054265e+00
2.382618625896645028e+02
2.017038801005798405e+03
1.899793597553199334e+03
7.754828451280110357e+02
2.148841185849336853e+03
3.741199133906295174e+03
1.295328212247611191e+03
6.946590749887789116e+02
2.985731006493401310e+03
4.019000081551136191e+03
1.709619000949922111e+03
7.546797866856380779e+02
3.424068082247842995e+02
3.239795350191059242e+03
