3.949963744045789554e+03
1.448180663416104608e+03
6.200407463360638758e+02
2.093979967437451705e+03
2.643592589682318703e+03
7.865192655826865575e+02
1.357990023102120631e+03
3.908238347680495735e+03
9.755382107959774203e+02
7.201097732244795679e+02
2.856610272876468116e+03
2.272698561117450481e+03
7.163851969640656989e+02
9.361284234412789829e+02
3.418178970237806425e+03
2.321980666873496830e+03
6.808213749158697965e+02
1.474509199825190763e+03
3.688654091450741817e+03
7.948935497556589098e+02
1.067441141297551667e+03
3.554693912759846171e+03
1.191316896451887715e+03
7.999294089680400930e+02
2.882724873056778506e+03
2.240976486936530819e+03
5.922076722456760081e+02
2.066457689783028854e+03
3.251790906346244810e+03
6.400827679590837533e+02
1.028488474131423345e+03
3.459036142550899967e+03
1.229597713784074585e+03
9.169947732831062694e+02
2.760810705026388405e+03
2.833444724204968679e+03
6.002978202051837116e+02
1.041218227996905398e+03
3.778198278287441099e+03
1.449743044496844732e+03
6.940037982369781275e+02
2.151271177207636356e+03
2.700517083664120037e+03
7.817305854986343547e+02
1.605051388799828828e+03
3.257822451806509889e+03
8.625811466855960816e+02
1.083009631924920086e+03
2.462097413503740427e+03
3.432652873124399775e+03
7.861275994297172929e+02
9.928328524565358748e+02
3.582597322000757686e+03
1.421995491988292997e+03
7.459533837703983181e+02
1.765589799329435209e+03
3.955057519525850694e+03
7.533624543958000004e+02
7.730963754745954475e+02
3.536716146849731558e+03
1.431075022983162853e+03
6.595683579886219832e+02
1.258701981495133396e+03
4.106437015304139095e+03
1.414393713691855737e+03
5.610698969863867660e+02
1.912463682593498106e+03
3.745100055295186849e+03
9.420855630586821690e+02
7.638112903302725272e+02
1.811072340918481586e+03
4.065183961440151961e+03
1.232712229127371302e+03
5.369630019995719294e+02
1.427938977187958926e+03
4.017311086568250175e+03
1.958629165482788494e+03
1.425847121849060613e+03
3.779277541100906319e+02
1.460036522805047753e+03
4.109523680368115492e+03
1.124526415336548325e+03
4.924109666563771270e+02
1.252481995168868025e+03
3.886881716447888266e+03
1.158302325515126086e+03
6.576100937877163233e+02
1.629634073769460883e+03
4.106580303793130952e+03
1.097634153461769301e+03
5.663261427453246597e+02
2.100365109366734032e+03
3.893496479527650990e+03
7.313843076324914136e+02
6.178990359352841324e+02
2.149679089310500331e+03
3.786314652976132038e+03
7.125509892262782614e+02
6.983571932480388114e+02
3.503050508189545326e+03
1.669412254015162262e+03
6.519826785147103010e+02
1.205983827165219054e+03
3.997172070440222342e+03
1.195806781318887033e+03
6.338451343149200738e+02
1.890320271820466360e+03
3.738301959889559384e+03
6.787698430962215070e+02
9.091287654836560250e+02
3.710105686429802518e+03
1.166793528289884307e+03
6.261894796186459189e+02
2.746442544794992045e+03
2.669490683304245067e+03
7.081469558381573961e+02
1.162562623846506540e+03
3.942144119706710171e+03
1.060862867272373251e+03
5.504031132849627284e+02
2.747320737960807037e+03
2.351731525997303379e+03
7.182556514496909585e+02
1.042286083520496959e+03
2.968085383680877385e+03
2.851867087512056514e+03
7.373818745075209335e+02
9.742188039730884839e+02
2.914276149752790388e+03
2.585938456074499754e+03
8.691875291044667620e+02
9.620304859231656565e+02
3.411083844310116547e+03
2.716430733441662142e+03
4.978114183084003344e+02
9.699479757376242333e+02
1.302520459388933205e+03
2.976634045385092122e+03
3.742043333967797935e+03
7.086039571545148874e+02
6.148989931598368912e+02
2.619560115331378256e+03
3.247768716835179930e+03
6.434237034723323632e+02
6.433600434466804927e+02
2.518470779426361787e+03
3.444384379519048252e+03
6.787002456036549347e+02
7.207779160703543084e+02
1.495459704634894024e+03
4.141327218327121955e+03
1.292061862018198326e+03
6.136852950745782209e+02
2.055191696311446321e+03
3.778719055946350636e+03
7.711877295954668625e+02
6.741281675520725685e+02
1.991720811888136495e+03
3.904671391409995977e+03
9.964583946906882375e+02
6.740633064996220583e+02
1.498998194757204828e+03
4.061566701842637940e+03
1.287325692134857491e+03
7.311129704509985459e+02
1.060883248307531858e+03
2.660613230894626668e+03
3.717114218709853503e+03
9.843228246169227305e+02
8.795476990921903280e+02
1.391655672484293746e+03
1.597278216757746122e+03
1.302722359663837096e+03
3.886855764228591852e+03
3.413011688562765357e+03
5.250661670387404456e+02
4.906663146247763621e+02
2.572996011831735814e+03
3.670235206826977901e+03
4.490326452842565459e+02
5.001573193021458223e+02
2.935861460214639919e+03
3.316951374217760531e+03
3.031801877801051432e+02
5.189060453882535739e+02
3.309454763445758999e+03
1.712667557876486399e+03
5.634593231069396779e+02
1.110189978875317138e+03
3.887265603442866905e+03
1.376542324676653834e+03
6.593780150001975926e+02
1.680072907748365878e+03
3.859992783933064402e+03
9.360200826128606195e+02
8.145710433961314720e+02
1.976923588031669851e+03
3.893237894823224906e+03
9.398292765672738369e+02
7.543600805929381750e+02
3.279721585555676484e+03
1.999800297287243666e+03
6.349802409531599778e+02
8.206415934804678045e+02
3.118700990641743829e+03
2.992239249351107446e+03
7.241852757065566948e+02
8.522926945747796026e+02
2.097876485889475134e+03
4.073741128533983101e+03
1.023007910666244356e+03
7.091789247157538512e+02
1.242296817617582519e+03
3.769679548175150103e+03
1.950995323944396205e+03
6.392070976153034962e+02
9.401275688246956861e+02
2.455054025793399433e+03
3.732264127802957319e+03
8.245874254967359320e+02
6.346659459005902590e+02
2.078573939652815625e+03
3.804388539634643166e+03
9.352533073825478596e+02
7.072553505946513042e+02
1.994480163671228865e+03
3.853770618521354663e+03
9.442314563962908096e+02
7.326817908786923681e+02
2.803139913877026174e+03
2.605281622995450562e+03
6.488519696855262282e+02
9.228280445532044496e+02
2.780648607643423020e+03
3.488264934042723780e+03
6.545981039514990698e+02
6.414638379349642037e+02
3.179992144450887281e+03
2.361104090286781229e+03
5.664644635188108168e+02
2.012900023602126794e+03
3.916338975938496787e+03
6.789652050150787090e+02
4.652639013198628390e+02
2.475631502620794890e+03
3.855705441231725672e+03
3.848703920466243176e+02
3.609647089012812557e+02
2.983980678810594327e+03
2.603625392009209008e+03
6.086232363847874467e+02
1.089727385683813736e+03
1.447142268898725888e+03
1.340358264377812020e+03
4.117213565862180985e+03
1.933472368820756628e+03
5.378501266400514851e+02
1.650175864276321590e+03
3.973029991916803283e+03
8.386585446409557107e+02
6.014590794973812535e+02
1.659241278470993848e+03
4.111981037135352381e+03
9.653596461345056241e+02
4.422819008428158440e+02
3.351725002534160012e+03
2.357163566954052385e+03
1.917917416489977995e+02
1.552449418894817882e+03
3.791405888811935256e+03
8.098750226929041673e+02
6.653708322396245194e+02
2.631960144135403880e+03
3.416684380067616985e+03
6.392621331216621456e+02
7.920680645988059041e+02
1.396510390675395456e+03
4.016621598434120642e+03
1.640762673853540264e+03
6.249451874531636122e+02
1.155469466868776863e+03
3.893849569047499699e+03
1.640342588967485653e+03
6.433255097241565181e+02
9.721084749210443761e+02
