3.181506243772383186e+03
4.154890628077892870e+03
1.783522831636342289e+03
3.493740060071910420e+02
7.686719432457200583e+02
2.621958673615870339e+03
1.717580177151162843e+03
1.158542760748287947e+03
3.152770780274838671e+03
4.063140363116321168e+03
4.137200063457335091e+03
1.171498484374433019e+03
-1.280362463420694041e+01
-3.306559028047013271e+01
1.080840689028485031e+03
1.676714714117033736e+03
1.557321148445078279e+03
1.625310104472466946e+03
4.083996236465822221e+03
3.513013393743406596e+03
1.226317506571235072e+03
1.054629419522852459e+03
1.162546858432135650e+03
2.854823611742000594e+03
1.049061463707914072e+03
1.770100129760116943e+03
2.567082407861077172e+03
1.322716486666015271e+03
2.588556264900668339e+03
1.512094587970039811e+03
1.824684593414206802e+03
3.705531162564007445e+03
1.597411354103387566e+03
1.063831161688153543e+03
3.188903468463344780e+03
4.149261361179725100e+03
1.761563911740955064e+03
7.156441637906102642e+02
6.763424603608714278e+02
8.157899212943960947e+02
6.248478231803549079e+02
4.197029895701219175e+03
2.702100269342164211e+03
1.384647929620379955e+03
1.035637039076812471e+03
8.109443010594858379e+02
1.336924531317600213e+03
4.050556151369020427e+03
2.687882349907285970e+03
1.427954083880480084e+03
8.665471453668332060e+02
1.168279743612946504e+03
2.978541948396467433e+03
1.796370474149044185e+03
1.092048449488374899e+03
2.151630554752281114e+03
1.758685644448667290e+03
2.576104913896582275e+03
4.124140971919170624e+03
2.276910671225601618e+03
1.090020524409256041e+03
1.060182338972698517e+03
3.087805264448355501e+03
2.170189346139965892e+03
1.320079950892632041e+03
1.951477665841566250e+03
1.530877937137057188e+03
2.183156404741274400e+03
1.201842255864985873e+03
2.921031880345881291e+03
4.153216639926358766e+03
1.790692371492944858e+03
4.824635419517006198e+02
1.353182247448472708e+03
3.924883956814223438e+03
2.965819429424465852e+03
5.866189883245497185e+02
9.825653998209288602e+02
4.153352504650232731e+03
3.344280872506909418e+03
6.372348929840138680e+02
-1.789528790426648186e+01
-1.365251732292331610e+01
8.320084984956851031e+02
2.872930534919029014e+03
9.435138306195974565e+02
1.036221373807675718e+03
3.405527136733579027e+03
2.273549292734166556e+03
8.612986989282067043e+02
2.056514725883859683e+03
3.664830313145831951e+03
1.599911561511899436e+03
9.998317177633050505e+02
2.504658816919088167e+03
4.012329619949827702e+03
1.681047384972898953e+03
9.180623114055588303e+02
2.405527359711763893e+03
4.156483804650537422e+03
2.049046213720853302e+03
1.079236612652227677e+03
4.104573715985683862e+02
2.149706515207127268e+03
3.461552816430541952e+03
1.104770986802693187e+03
7.768947897414907402e+02
2.698431858104127059e+03
3.156979387605087140e+03
1.131793603710816797e+03
1.107548669188483245e+03
3.367338633305740586e+03
3.403267626502699841e+03
1.006958434333052423e+03
8.203749815875307831e+02
2.813303557927512884e+03
2.998351743942214853e+03
9.953502184861346223e+02
1.070741088070474461e+03
3.110535427386790161e+03
3.611951349119125553e+03
1.437413983799899597e+03
1.039215418201759576e+03
2.127581938284764419e+03
3.543085194829884585e+03
1.443858340418557873e+03
8.037004427934540445e+02
1.620406540791619364e+03
4.045598671042219848e+03
2.421571685888308366e+03
1.523314881412501109e+03
1.870502846098521786e+03
1.592787880077498585e+03
4.991680034306044718e+02
2.238505960899687125e+03
4.125838274586211810e+03
2.100956150721207905e+03
9.122616517606795696e+02
6.676518532765967393e+02
7.418305235101095150e+02
2.792418779175151030e+03
3.228539405379184245e+03
1.457698902358647956e+03
1.322431317961988725e+03
3.255278166871216854e+03
1.925422019187606566e+03
1.286932908993781894e+03
3.258733046897155873e+03
4.106620091582516579e+03
1.636641907041288277e+03
2.762547335038564711e+02
1.904948096955984738e+03
4.047341432616852217e+03
1.414735046999637007e+03
3.239666441756914423e+02
2.612232822125985422e+03
3.333334209874497446e+03
8.889650554517929777e+02
9.704040317417016013e+02
3.755117045981403407e+03
2.372630291120090988e+03
6.004917731889247534e+02
9.201343349641158511e+02
2.028647397188556170e+03
4.124802129170145236e+03
1.943170566839017511e+03
6.177638560134997761e+02
2.188824468321137374e+03
3.634269810656697700e+03
1.383513111364072074e+03
7.230411464117432843e+02
3.085975637564393310e+03
2.733945522199551760e+03
8.046308484962240755e+02
1.228794220753148920e+03
3.556730945210718801e+03
2.117278153941155324e+03
9.381084918539036153e+02
1.566602177361194435e+03
4.025645901485997456e+03
2.627502721960741383e+03
1.187533320357644698e+03
1.639527782330414539e+03
7.647054791006751202e+02
1.217823760474762594e+03
3.948516105261741359e+03
2.876813050842369648e+03
5.986696488307958361e+02
1.079669500228219249e+03
3.865696662313338948e+03
2.447020119370813518e+03
7.648713602608426072e+02
9.991008476425910203e+02
3.671988452861762653e+03
2.331771618998162012e+03
6.921040620950377615e+02
1.258336819280553982e+03
3.803409977993905159e+03
2.497885781763708565e+03
5.747539052625321574e+02
9.834663398585577170e+02
3.502229064014202777e+03
2.968844005599316461e+03
1.140168809860626880e+03
1.364310127316589160e+03
3.034652154873584095e+03
3.214072779169969635e+03
1.223381051420012682e+03
6.255870921616485703e+02
7.907615439432973972e+02
2.427985781708010563e+03
2.847641897815572065e+03
1.119285994632722350e+03
1.854505467137385494e+03
4.153065191374705137e+03
2.380017082541812670e+03
8.918753745414642253e+02
7.457710289091014602e+02
1.320085641008443645e+03
3.235446683487699829e+03
3.191490372114282764e+03
1.335444114610780161e+03
1.060748853712875189e+03
2.009411823588593506e+03
3.964086680368727230e+03
2.268975878964048206e+03
1.124298554885046315e+03
1.302800479599589153e+03
3.314113851154774238e+03
2.759299356195023393e+03
9.697083493695747620e+02
1.211712319709522035e+03
3.795695037579302607e+03
2.884999161284637921e+03
5.836601984153260219e+02
9.346980096959924822e+02
3.314648110986709071e+03
2.898795778174109728e+03
9.237406194575435165e+02
8.586081749544409831e+02
3.407107730321847612e+03
2.567810965879858031e+03
6.016672803767722826e+02
1.642152179654942074e+03
3.676248879978551486e+03
1.742517663237444594e+03
6.054669490440510344e+02
1.672402921338444685e+03
3.145636670255161789e+03
1.486212665327779177e+03
1.445304686288349785e+03
3.573619854164953722e+03
2.396512621411910914e+03
8.662827167898670950e+02
2.196560679270990477e+03
4.021958452150128323e+03
1.509932294620939956e+03
5.947847539483491346e+02
2.363411841136865860e+03
3.592294928637592875e+03
1.133596950131063295e+03
7.780626139579349001e+02
3.131458193843139725e+03
3.127765113097484573e+03
8.605639345540049590e+02
1.321711717633582339e+03
3.758371884290137132e+03
6.527674130280879581e+02
1.030994285801278210e+02
5.068775479120891987e+02
4.397098453285989876e+02
6.279674243477816162e+02
3.656341649998045796e+03
4.079511381584562969e+03
2.318864577608255331e+03
3.231884284385859701e+03
3.973314512601073602e+03
2.378930616313133669e+03
7.162376358293785188e+02
5.326527350428324326e+02
1.118821359600949108e+03
1.725719268780615721e+03
1.608417896570268340e+03
2.867334793547463960e+03
