1.257804992321969394e+03
8.390604219635101799e+02
2.681676580547685262e+03
3.829332447766363202e+03
1.243235340579523836e+03
5.265271690389399737e+02
2.336102696411202032e+03
3.764390089903330590e+03
1.066765757584887751e+03
8.014504201600404940e+02
3.059740119472237893e+03
3.587052162298984967e+03
6.134072842960759999e+02
1.065989789124112576e+03
3.243041358304180449e+03
3.647662148565832467e+03
4.147774200949225474e+02
9.848489689381092376e+02
2.529477531427207850e+03
4.060369869755531909e+03
7.918437797616549005e+02
8.751060818595622095e+02
3.110867297236984996e+03
3.183318956929574142e+03
7.144283969465166138e+02
1.408770785786102351e+03
3.718191440250788219e+03
1.862261719668553042e+03
8.564905132621609027e+02
1.938825437985225562e+03
3.536159298693485653e+03
1.595419166223956154e+03
7.940316656924973131e+02
2.649731379067818125e+03
3.379404041520507690e+03
8.060729465170921912e+02
1.361780700782243002e+03
3.572478746627647070e+03
2.512086090362655796e+03
7.288261169540347737e+02
1.571462047858434062e+03
3.627708818866536603e+03
2.046660976907158783e+03
8.878311887865712606e+02
1.483751066288308493e+03
3.648743874606064310e+03
1.564600865840785900e+03
8.651410331243206429e+02
2.867133378196518606e+03
3.171709532765993572e+03
7.871190894561660798e+02
1.451881015209200314e+03
3.633154461439333772e+03
1.727113615560371500e+03
6.749008481849580221e+02
2.478356033849842788e+03
3.659505671897548837e+03
1.181484274800178810e+03
7.443906987113215337e+02
2.927074041841238341e+03
2.927031698776963822e+03
1.037438056332829547e+03
1.637383107707945783e+03
3.472883579796709000e+03
1.694909572334924178e+03
6.966512680954180041e+02
3.314495611281661240e+03
2.886079364443989107e+03
7.454264899662422295e+02
1.997747726723696132e+03
3.528874460624120729e+03
1.420333907875382010e+03
4.061442691992284608e+02
2.668640854937126278e+03
3.692721871857107999e+03
1.358869505205352880e+03
4.135341210555309317e+02
2.427269919441977436e+03
3.882027733985844861e+03
1.024977786001820505e+03
4.682331066332968135e+02
3.309777640157396490e+03
3.049646469765080838e+03
5.892392634738829429e+02
2.344812574744752510e+03
3.569247144967492659e+03
7.246123055410540701e+02
2.091860427807114775e+03
3.447252505813941298e+03
1.422737220006631105e+03
6.191507697029717292e+02
3.388925445594436042e+03
2.901796145007032919e+03
6.488594807604066546e+02
2.574265726121933767e+03
3.410263731899667164e+03
1.197246844654875076e+03
2.763300013569172506e+02
2.455659346682436535e+03
3.969618951369795013e+03
1.991904521854025461e+03
1.019590321986351000e+03
5.615254729677487830e+02
4.118080350313365670e+03
2.261965055495702018e+03
2.143920400362042074e+02
2.593128599709932587e+03
3.725031599706371708e+03
6.930459509843240085e+02
6.226568200795176153e+02
4.177673766709382107e+03
1.918220569706496690e+03
2.964650581375355500e+02
3.175172906663542108e+03
3.211068247346235239e+03
9.219456527396591810e+02
6.712055822994718710e+02
3.821024576971187344e+03
2.485471035256226969e+03
1.849203047665144368e+03
4.917774796125493140e+02
1.302158156446126668e+03
4.081867250837384290e+03
3.583933915610701206e+03
4.139887990611098871e+02
4.099685813143433961e+02
2.132665262794774208e+03
4.118393740119542599e+03
2.032527121235668574e+03
2.001475065718087194e+02
2.464578148647341550e+03
4.181741994219497428e+03
7.630596290148481557e+02
4.903202122437155026e+02
2.091822506267813424e+03
2.168836008645520906e+03
2.022261561948973394e+03
2.286624706489180426e+03
2.138174783774792104e+03
1.706057383528531318e+03
1.068343617002027258e+03
3.140788239031709054e+03
3.876131927207866283e+03
1.224437904554112947e+03
4.761815657231547334e+02
2.619631670612555808e+03
2.488827291965868881e+03
9.550100683940966064e+02
3.210655106228066415e+03
3.258436777141766470e+03
7.721118598650181184e+02
1.277890251875100603e+03
3.530823140508753113e+03
2.621075061889361223e+03
5.788687785181297158e+02
1.544919940200142264e+03
3.747710602985534024e+03
1.986918782560242107e+03
5.935515987555706943e+02
2.154434056778928152e+03
3.779754282025734938e+03
1.477701474550972307e+03
1.438841747637299704e+03
1.810062062819140692e+03
1.083048320680356483e+03
4.066337181726262315e+03
2.552597267768695929e+03
1.837011045597106147e+02
2.613179184230176361e+03
3.847787728099588549e+03
7.714241913664644699e+02
3.878873391422752661e+02
3.504591977704834790e+03
3.294965198026523922e+03
6.295513015253264939e+02
7.290360552388773385e+02
3.986519161050774983e+03
2.531113199903619261e+03
5.549896423031641461e+02
1.081885449174880478e+03
3.835269095323856618e+03
2.035790600960704296e+03
3.685675933015257328e+02
1.880793076058369707e+03
4.053836985615638696e+03
1.632720840757847554e+03
3.446292998707920106e+02
3.070837997709181764e+03
3.295169295989630427e+03
6.522080672563647568e+02
1.887396148771241769e+03
3.702371160422602316e+03
9.703355475056862360e+02
8.422707828099842118e+02
3.825486604290427294e+03
2.628897470904321381e+03
2.561425969221202195e+02
2.849817354601821989e+03
3.454112963059738831e+03
3.403373698815330499e+02
1.451967585319061982e+03
4.008593956838977192e+03
1.631602469738581249e+03
1.852049465078269179e+02
2.432388426657233595e+03
4.134848256574045081e+03
2.029309597424477715e+03
2.841368436735324394e+02
1.042572397790725972e+03
3.909944667436236614e+03
2.669566131622412286e+03
4.900401416171708888e+02
1.195817006381798819e+03
3.957499651249231647e+03
2.405647246686130984e+03
1.976747829156045100e+02
1.503767678438191524e+03
3.881699116313832292e+03
2.366666368140628947e+03
7.977149969958843485e+02
1.357965740100312132e+03
3.682153899126071792e+03
2.956965670826353744e+03
3.746257160196903442e+02
1.254137749772735333e+03
2.993501870218796284e+03
3.607636818669555851e+03
1.305895987755154238e+03
6.720759608240094849e+02
3.461184369322145812e+03
2.479612389778034412e+03
5.888037846117492791e+02
2.654590320616203371e+03
3.228742736342858279e+03
6.553784861282119891e+02
1.562401233417398998e+03
3.658289378619806030e+03
1.591258106235321748e+03
6.650727655801819083e+02
3.448516036517052271e+03
2.837037560150673926e+03
4.420897029284667497e+02
2.391687369790925459e+03
3.293888480851037457e+03
1.093185870666122355e+03
1.022652197900819829e+03
2.672052030777388609e+03
3.499753050086735584e+03
1.306398548679789883e+03
7.930485401670846386e+02
3.510876674443265983e+03
1.868527688446022921e+03
7.888227016068470903e+02
2.850968439347169806e+03
3.153695289465617407e+03
8.392325111148579708e+02
1.082111345984920490e+03
3.240680145334797089e+03
3.508856945149668263e+03
5.561501541481285358e+02
7.996118543450364768e+02
3.265748892017234994e+03
3.148245606179569677e+03
8.155376595765352477e+02
1.457538811557206373e+03
3.553619756271068127e+03
2.226920606285154918e+03
6.158685834016324634e+02
2.033170258427035151e+03
3.942627045768932476e+03
1.726991399592326843e+03
3.544543837453405786e+02
1.379694327520360048e+03
3.421776859940614031e+03
4.063291472009873360e+03
8.086349873819195864e+02
1.996645046058579567e+02
2.574481394966795506e+03
3.647591692048005370e+03
1.008818573667763303e+03
1.060034457894762454e+03
1.672041996770236892e+03
3.694835804220622322e+03
3.598641766369732522e+03
