1.099081019043721426e+03
1.143732861178582425e+03
1.209055563853163676e+03
1.374888152585832586e+03
1.481554975249440758e+03
1.666028046379225316e+03
2.845633049010376453e+03
3.790059317566701793e+03
2.892685799437051173e+03
1.498165012869703105e+03
9.890292658278905265e+02
1.021912839515564656e+03
1.126263662192620131e+03
1.288960233212864750e+03
1.421080714708398773e+03
1.598351712872092321e+03
2.793539715369186979e+03
2.448635059783228826e+03
1.733032074240233214e+03
1.514965666655585210e+03
1.484557553046099201e+03
1.575018509322226237e+03
1.592903206801764327e+03
1.594750419522599032e+03
1.672524896682465851e+03
1.737029714673876015e+03
1.757406701463516583e+03
1.996903925793790904e+03
1.887433884489909588e+03
1.833806782687044233e+03
1.799239268318012591e+03
1.909189416471037248e+03
3.260717109539836656e+03
4.081444504295949628e+03
3.452195369475444750e+03
4.099152390593357268e+03
2.815466593848048433e+03
9.954189977366323774e+02
4.982305382618307732e+01
3.328580657603924919e+01
1.721751621103246919e+02
3.262144831815900829e+02
5.171906841783364825e+02
7.857563971187503284e+02
1.015560740757902295e+03
1.118602812615322364e+03
1.311041532395908689e+03
1.307052687854921714e+03
1.415733178676162197e+03
1.521405773271251746e+03
1.588336516848387873e+03
1.643590320026509289e+03
1.744869775302636299e+03
1.856108561230911846e+03
1.940575727178394573e+03
1.979587812999193375e+03
1.963996902070429769e+03
1.964083237311397170e+03
1.972426203173455178e+03
2.043634871545796841e+03
2.057436706699368187e+03
2.025913776816605377e+03
1.990961791538439911e+03
1.996661343751792629e+03
1.967747649362308948e+03
1.964459652869777074e+03
1.939920403904838849e+03
1.919251329103369017e+03
1.960785092542952498e+03
2.001608417645098598e+03
2.220268133008698896e+03
3.849285739366323924e+03
2.673898344812801042e+03
1.742596069397468227e+03
1.642057165014835391e+03
1.672622028622537528e+03
1.708281754097791236e+03
2.060175258950304396e+03
3.299093801958861150e+03
2.168325907338093202e+03
1.556380499121336243e+03
1.592873452849931937e+03
1.653432009357895140e+03
1.682100658601190844e+03
1.745484204300359806e+03
1.767510255054799472e+03
1.804287230698303119e+03
2.154264539296352723e+03
3.116290265378207096e+03
2.316721195484391956e+03
1.920825490108878739e+03
1.762413575017575340e+03
2.777508775707110090e+03
2.987597569817740350e+03
2.193357919115253026e+03
1.795458241113311487e+03
1.645800208822594186e+03
2.156971947258384262e+03
3.239852404750521600e+03
3.223597230834398943e+03
2.207125793648574927e+03
1.692633090083556453e+03
1.280717043673765147e+03
1.273754532401760343e+03
1.259169722142389446e+03
1.065135133186040093e+03
1.088546238860409403e+03
1.527510061414764095e+03
2.777083113847007553e+03
2.375616858625563054e+03
1.624574934892789997e+03
1.374510533868108269e+03
1.259781360021744604e+03
1.690555313782241683e+03
2.879353339171002972e+03
2.597004581930174027e+03
1.584515851290861974e+03
1.238825063016397053e+03
1.198345146611040946e+03
1.400557915092318581e+03
2.862368183907055482e+03
4.068372634101221138e+03
4.094615288355254052e+03
2.408814138310685394e+03
1.079367338143634925e+03
5.286684888812602594e+02
4.999759864067215176e+02
6.720895385542911526e+02
1.548457202152597347e+03
2.280524407016823261e+03
1.711972053659364519e+03
1.376492510505329847e+03
1.120559129334379804e+03
1.138061832540103296e+03
1.240499949919055780e+03
1.707170669920395312e+03
2.515753930052425858e+03
2.057942497008540158e+03
1.657069302062881206e+03
1.400052357923138743e+03
1.382898245337479239e+03
2.095970738432509279e+03
2.528857573087515448e+03
1.917103359750385607e+03
1.694945486672967718e+03
1.631993741465798166e+03
1.841066748086470852e+03
1.768059248632803929e+03
1.627428272233705229e+03
1.968725409071746071e+03
2.910861686634350917e+03
2.334183978621483220e+03
1.828595914032795918e+03
1.605027011646281153e+03
2.254500900359669686e+03
3.425910992528940824e+03
2.440987580794402675e+03
1.636137847022895585e+03
1.337730760629024871e+03
1.412079682730948662e+03
2.598854502962848983e+03
2.160656210188036766e+03
1.514084332470719573e+03
1.355881281277046128e+03
1.377678939401637990e+03
1.246490976785152725e+03
1.160781942269082720e+03
1.756292957172212255e+03
2.593102760940490498e+03
1.951218982919627251e+03
1.647783406526841190e+03
1.348487469272226008e+03
1.622467975624688734e+03
2.827595825894802601e+03
2.832530348371498349e+03
1.892208165355598567e+03
1.425048643515428694e+03
1.183026551377548230e+03
2.289935333647339121e+03
3.031270963470028619e+03
2.065565712076033833e+03
1.530861218633486715e+03
9.454070195204611764e+02
1.892337275423148640e+03
3.402512105028026326e+03
2.479985045071654895e+03
1.629764569816459925e+03
1.210247436709928934e+03
1.221275450967732922e+03
2.651720345661913598e+03
3.466608456380245570e+03
1.994946939563231808e+03
1.304185711677121162e+03
8.823531303144999356e+02
1.172066714679142933e+03
2.476148462599877803e+03
2.880086654801566965e+03
1.809460691896542130e+03
1.204673197888370851e+03
8.175268728930077486e+02
1.183396427093767443e+03
3.426394834587393234e+03
4.060833209897608413e+03
4.044135473624256520e+03
4.103258694111991645e+03
1.406629178930111493e+03
1.126282565972296936e+02
-4.483563360301294765e-01
1.674311867027823975e-01
-1.628050741950188396e+01
6.497041238628308975e+02
1.698995183693622948e+03
7.721419006609055486e+02
4.833907381063171442e+02
6.193304172999372668e+02
7.678207173909504490e+02
9.349234329335228040e+02
1.144654816358536891e+03
2.175271092941020470e+03
3.439977123534424209e+03
3.825760657819129392e+03
2.582605759264585231e+03
1.371286982994088476e+03
3.874594407499564568e+03
4.041000956593024057e+03
4.083551668571463324e+03
1.677356414789689097e+03
2.518520171108194461e+02
-5.796798376596721702e+00
5.931540790679953878e-02
-2.382108051422077377e+00
8.531279665723465655e+01
3.176854234584562846e+02
5.893630258587638764e+02
2.830479141818701009e+03
4.077214746818603089e+03
3.247564112555689462e+03
1.338515889555843614e+03
4.504356723556494444e+02
2.502903644340474045e+02
5.735746110049099116e+02
8.151323117690822073e+02
1.024583291377079831e+03
1.144553901543717984e+03
1.230649582065555023e+03
1.244905613428190009e+03
1.712608121655904370e+03
3.431625257385254827e+03
3.361732105606864025e+03
1.978639151185979699e+03
1.545122216063487713e+03
1.473582097031563990e+03
1.465205104889403628e+03
1.532758526626531648e+03
1.656654090372225255e+03
1.734072445678313443e+03
1.692207469980536871e+03
1.728277160185140701e+03
1.727652217133623026e+03
1.725079318643588294e+03
1.706038717979955436e+03
1.721660061400820268e+03
1.716919045192502608e+03
1.778272528057955242e+03
1.906321402556847488e+03
1.871258059568888029e+03
1.941781489483288169e+03
1.843175999494101688e+03
1.781627665571417538e+03
1.734488865761609759e+03
1.735593664228700391e+03
1.770729416168843272e+03
2.099174933426511416e+03
4.036000405797536132e+03
4.045473535484427885e+03
4.044373010662211072e+03
4.068544549799863944e+03
1.651798776810891923e+03
3.013007890102695683e+02
-8.220583609039680439e+00
-1.177534147903485540e+00
2.896125781537890020e+02
3.208313725095286827e+03
4.070330102252709821e+03
