1.947960276469468909e+03
1.972098421119608020e+03
2.102553909390733224e+03
2.444909364255154287e+03
2.756064975644547303e+03
2.672597724394058787e+03
2.203321577926241844e+03
1.850055627223591500e+03
1.715836682224642573e+03
1.690811696473347638e+03
1.710784476192250622e+03
1.762733892348091331e+03
1.799162551478061232e+03
1.829308888777894936e+03
1.862074974548417231e+03
1.901731374347387373e+03
1.915745930548237311e+03
1.921069570986026747e+03
1.946555082282274043e+03
2.041089977352058213e+03
2.401832974346127685e+03
2.651018376198455371e+03
2.571988763901768834e+03
2.040537465957054792e+03
1.822361567761158994e+03
1.716014625032088588e+03
1.711913707368375754e+03
1.740852817593087366e+03
1.796419297619478584e+03
1.843576821980284421e+03
1.882976388604201020e+03
1.903433360594015767e+03
1.916231021066230142e+03
1.944731427557657071e+03
1.983093616045493263e+03
2.383974376142336041e+03
2.733457232143432975e+03
2.898326121070299905e+03
2.317603864686878751e+03
1.864313146563113150e+03
1.701393090031362135e+03
1.671119380127851855e+03
1.707180379627886623e+03
1.741761083373124848e+03
1.781436274170279148e+03
1.819975688803652702e+03
1.843038635829047053e+03
1.878093316470008176e+03
1.903408935005445073e+03
1.924886912264411876e+03
1.927637830442769427e+03
1.938669666319564612e+03
1.946493730532573636e+03
1.956261031253761075e+03
2.163153573192500062e+03
2.512512301726756959e+03
2.800000537356370387e+03
2.936344917406838704e+03
2.385648947648977810e+03
1.849754981779319678e+03
1.644811901762733214e+03
1.571450794906274723e+03
1.576600830178306296e+03
1.628554774556403800e+03
1.672715264150703661e+03
1.732269086717674782e+03
1.762969402334855431e+03
1.802010897646477360e+03
1.839919075505971023e+03
1.859670313156523207e+03
1.881517081664535908e+03
1.904958905067242540e+03
1.925065575960031083e+03
1.939169030457550207e+03
1.949863763178130284e+03
1.958152880397415174e+03
2.109214187124333876e+03
2.488232037784158365e+03
2.774583553892128293e+03
2.708490908015676268e+03
2.151466450979919045e+03
1.834817677369527701e+03
1.699093688011779477e+03
1.650849993027766686e+03
1.700557766449479914e+03
1.729816938629646529e+03
1.747513161895167514e+03
1.797877674231780702e+03
1.850247991771908119e+03
1.866217157098710913e+03
1.875395446826726584e+03
1.906129860459834390e+03
1.935980545948663803e+03
1.934525500453248924e+03
1.983734376246501142e+03
2.293211904764143583e+03
2.661094097876065916e+03
2.449858509574195523e+03
2.027121333517971834e+03
1.798391696484835848e+03
1.766574204010073572e+03
1.836884642329236840e+03
1.853765783564124376e+03
1.826613157408015013e+03
1.864061014922151571e+03
2.209890630314225291e+03
2.523299596919441228e+03
2.532631354972834288e+03
1.999007650071327134e+03
1.710444333523576461e+03
1.631018875790109405e+03
1.661394016970704570e+03
1.736084936714752985e+03
1.787839162068249379e+03
1.798178353259371306e+03
1.833418996163147767e+03
1.865277342849728484e+03
1.890821031405321946e+03
1.914398174127680022e+03
2.225635780437905396e+03
2.646130216538560035e+03
2.874802800458465754e+03
2.614980785389438552e+03
2.036702517774476519e+03
1.687113915877454929e+03
1.561569365267080912e+03
1.566925382870034355e+03
1.626352146537263934e+03
1.691317636607112490e+03
1.745184874807140659e+03
1.796112198483611564e+03
1.834461441181429336e+03
1.867115781835458620e+03
1.896420221956406522e+03
1.923431638749813601e+03
1.944816670923343054e+03
1.959958934716370322e+03
1.973275681311405378e+03
1.976216241849005655e+03
2.201810526511109401e+03
2.613482517263783848e+03
2.870168527332531085e+03
2.686648793653562734e+03
2.070502099614579492e+03
1.770755708293793532e+03
1.626578909326235589e+03
1.600961207786105888e+03
1.636153403521970404e+03
1.694873522860708590e+03
1.744674804474641633e+03
1.795916104816488996e+03
1.844657725366075283e+03
1.881678298318912766e+03
1.913329702177078389e+03
1.925295221772751347e+03
1.938525337112751686e+03
2.021937278907454584e+03
2.442835017106291161e+03
2.782564172423754371e+03
2.644146918621820532e+03
2.070163947710231241e+03
1.792232092892577157e+03
1.672729656820833725e+03
1.676081566730470286e+03
1.725927601546969527e+03
1.776082765066792945e+03
1.805226680961912280e+03
1.834776065449395674e+03
1.888199077808298171e+03
1.906576202073848208e+03
1.924056212082336742e+03
1.944395664862458943e+03
1.954772446168899478e+03
1.953864026851893868e+03
2.095808030545409565e+03
2.577380990434578962e+03
2.878998043995896296e+03
2.398142219541112809e+03
1.896387058442404395e+03
1.649142987856594573e+03
1.659234425141095016e+03
1.943016225824526146e+03
2.288427201113208866e+03
2.259642128981772203e+03
1.878583033317531317e+03
1.664844783165890476e+03
1.644594803171358308e+03
1.734663133114562243e+03
2.043963446801182954e+03
2.296614853981653596e+03
1.985531201662486637e+03
1.811984205324509730e+03
1.784013956892361648e+03
1.826227908954757368e+03
1.828214377735835114e+03
1.830087352375415321e+03
1.839686641638490073e+03
1.872103226314192852e+03
2.102619581882581315e+03
2.491072330886535838e+03
2.743680453614756516e+03
2.722478136838113187e+03
2.177928283417238163e+03
1.788048827484113417e+03
1.654918064509405440e+03
1.566562090250364918e+03
1.588706708751543147e+03
1.654930469575852385e+03
1.715888979842753770e+03
1.762566770897648667e+03
1.800570421240496898e+03
1.835973938716787870e+03
1.868011362820116119e+03
1.894151357450605474e+03
1.910920881672574978e+03
1.935776704125013794e+03
2.209575277443455434e+03
2.572547524125006476e+03
2.792983322467862308e+03
2.250640205285013508e+03
1.829887673192801685e+03
1.653218896778980934e+03
1.656698762369800534e+03
1.702655108784157619e+03
1.750711763045232146e+03
1.787421872188525867e+03
1.837801465340696723e+03
1.896589645596467562e+03
2.019817123460566336e+03
2.398736571586263381e+03
2.633282309931430518e+03
2.214264988794593592e+03
1.905334192808732269e+03
1.811896800109647756e+03
1.764349669836814655e+03
1.779360714076501381e+03
1.810696804373114219e+03
1.838178826751605584e+03
1.857601490512821101e+03
1.888353157891614273e+03
1.910540808287973732e+03
1.971129981715828080e+03
2.382792640988656785e+03
2.623174777734744566e+03
2.702780412101454658e+03
2.179826336008757607e+03
1.820712297173811521e+03
1.739645228198090308e+03
1.760630204812346392e+03
1.701712675375284789e+03
1.733430861831510128e+03
1.775163347453955112e+03
1.817817923046516626e+03
1.832812539990423147e+03
1.855606706208935975e+03
1.896510765288360290e+03
1.914323775571574060e+03
1.926448701835755401e+03
2.094668660358909619e+03
2.364268004122797265e+03
2.691127678213940271e+03
2.526500632112582025e+03
1.984672949808301382e+03
1.695968366271044260e+03
1.668731059276232372e+03
1.725921515608406025e+03
1.792282629813852054e+03
1.816594905824775424e+03
1.829527835985498768e+03
1.842230696644095815e+03
1.864944856429625361e+03
1.885281808197942155e+03
1.901744350007841831e+03
1.972590367869406464e+03
2.301801953768043404e+03
2.528043559121498674e+03
2.239871004573329174e+03
1.929657902189426977e+03
1.809151061233632618e+03
1.828901951029976999e+03
1.801713130773178591e+03
1.846311594767429824e+03
1.881256537589097661e+03
1.879715160421720384e+03
