6.203023520326689777e+02
5.612632480178449441e+02
9.908052969606850411e+02
3.543640731094692001e+03
3.090850728409914154e+03
4.684620208873566298e+02
7.668849511268114156e+02
1.647314545094694267e+03
4.106666903040038051e+03
1.717865089621068137e+03
2.606926524301268842e+02
9.906516328556170947e+02
1.917770854985069036e+03
4.105192380402912022e+03
1.315322758339905477e+03
5.200758593922737418e+02
1.224381412343972215e+03
1.620829069434723351e+03
2.425048972052334193e+03
4.120034112545702556e+03
1.122036962343773212e+03
7.024088986882981089e+02
1.186939673203329676e+03
1.306850738076369908e+03
1.516044966181300197e+03
3.997322110013506972e+03
2.785047023047735820e+03
5.642808269722866044e+02
8.776022962265246861e+02
1.498839896247228808e+03
3.952337235756516748e+03
1.714357539934938586e+03
4.762525772958756534e+02
1.094292452331561208e+03
2.204174806654938038e+03
3.413191254129282243e+03
1.517191031290142746e+03
1.386941947634488088e+03
8.201969626003282201e+02
1.324314580716097453e+03
1.572908035330534858e+03
3.369960028770705776e+03
3.312902488725982948e+03
4.392401829882074367e+02
7.207821172112085151e+02
1.471325806999391489e+03
3.435415875507478177e+03
3.887785910943701310e+03
1.948281827502985095e+02
3.254090753551370767e+02
3.807727615686270838e+03
2.492342415414763764e+03
-3.864709133771983574e+01
6.338438614939686886e+02
4.146723406061579226e+03
1.806648749511154847e+03
1.265789408145779227e+01
1.749198143609123008e+03
1.604855116507737648e+03
1.384923278885858508e+03
1.635479277677817208e+03
1.720276193252483608e+03
4.009542894269517092e+03
3.922689830409090064e+03
1.571439813539086003e+02
1.334356050790583481e+02
1.067084832528086054e+03
4.126432174781179128e+03
3.365234640689401203e+03
1.960451208988492056e+02
1.551224369690209244e+02
5.831703361887696246e+02
3.909985860657541252e+03
3.050784581982326017e+03
6.047773008592827182e+02
2.395312365615340013e+02
9.798343531268493507e+02
2.120714131702507075e+03
1.883948295897333765e+03
3.460536623418005092e+03
3.370621045691111703e+03
2.913368936779258433e+02
6.450290942705991029e+02
1.234200996211023039e+03
1.759239132099152584e+03
1.978061656797905243e+03
1.978730893123660508e+03
1.877869765184273774e+03
4.150047905351331792e+03
2.855279952073819913e+03
5.585432430634690348e+01
5.949225500296324753e+02
1.393537771425454366e+03
4.113801112876818479e+03
2.621463677034750162e+03
1.624906630247151540e+01
5.562378559844621577e+02
3.817965171243900841e+03
4.015321094721298323e+03
2.331584809167086860e+03
1.170964693817828675e+03
-3.453636910316262032e+01
-1.069364560003860909e+01
7.246770054777599626e+02
1.340505346018989258e+03
1.759293637647425157e+03
1.894691333705837224e+03
2.154796599305813288e+03
4.188126168013294773e+03
1.926718755052829465e+03
7.747881145449716769e+02
1.161646143606462601e+03
1.438310485937245858e+03
1.683476076080920393e+03
1.875141659257689753e+03
2.073106156214524162e+03
2.049950452037613559e+03
1.874418970839362828e+03
3.798007037992787446e+03
3.593055282234900460e+03
3.030699090319846505e+02
6.276277096655189780e+02
1.308004503432410957e+03
1.728891708003092845e+03
1.859776363131408516e+03
2.056644158103916652e+03
1.717163100159742953e+03
3.097432690701781212e+03
3.689995239827354453e+03
1.519609252124126328e+02
7.057645724772821723e+02
1.395851130467695157e+03
1.594576646449728742e+03
2.413538636574933662e+03
4.199913646301514746e+03
1.093662538824636158e+03
1.502499979907272234e+02
7.432999678580207501e+02
3.854885628971622737e+03
2.442198131082480359e+03
6.461338852472019667e+00
1.245518712969834496e+03
4.207611993402518237e+03
1.157926335122509727e+03
4.810783093270408699e+02
1.213628261418397869e+03
2.195334888852863060e+03
1.517287584860930565e+03
1.434423759556884079e+03
3.553211120400026175e+03
3.898049849548619477e+03
2.865248892040871169e+02
5.126442164416220066e+02
1.291854003767385620e+03
2.664730677502246181e+03
4.181999706185711148e+03
1.157150141564865407e+03
1.806906304279632707e+02
8.232438385290713541e+02
1.933998691214432029e+03
4.190159109587348212e+03
1.622486489011767389e+03
1.342599812290271075e+03
7.960058037848291690e+01
6.987410284315110403e+02
1.358448569718389763e+03
4.148596610792048523e+03
2.593710221834023287e+03
1.722278725801431563e+02
6.536433801611893841e+02
2.920191482628546510e+03
4.056146363671219660e+03
5.954443097758124850e+02
4.189315931037072573e+02
9.883629659028691776e+02
4.132932230527337197e+03
2.475370112172136942e+03
1.656689845339398744e+03
8.464440435192334462e+02
2.182898462604913732e+02
1.846564284046148941e+03
4.209092275125438391e+03
1.009817614585636989e+03
2.094839229442190458e+02
1.017176053115926493e+03
4.110958992487634532e+03
2.585878711447545811e+03
-7.798821801619503447e+01
5.094442233357440273e+02
3.882189371909719739e+03
2.598304548746699311e+03
9.319244893780906125e+01
5.421328784717956069e+02
3.902301479483746334e+03
2.603836341815732794e+03
1.735744845838313211e+02
9.145256212635341626e+02
3.224272092218382568e+03
3.746366440965721722e+03
5.053786745856765350e+01
7.266966725870123582e+02
1.487701621953056474e+03
1.888038175530086846e+03
4.198185140354315990e+03
1.655220525391034244e+03
1.133936776324058968e+02
8.989580843826840919e+02
3.472472314815573554e+03
3.440780918961976113e+03
4.926100579509550670e+01
6.396870742675474730e+02
1.373904976779750086e+03
2.943853725114327972e+03
4.065886884028864642e+03
4.022300915925218305e+02
4.776678097733986874e+02
1.555025018767087886e+03
4.151271469530825925e+03
6.415384632364999788e+02
5.135150366054576807e+02
1.238126454837115489e+03
4.084119850472772214e+03
2.188267959597158097e+03
4.020753856982560137e+02
9.776195433003215385e+02
2.281476762459461497e+03
4.131485207629373690e+03
7.371788966008881516e+02
6.760814285846963685e+02
1.227174661852844338e+03
2.671307545848095288e+03
3.913609611329500694e+03
3.902646981105210671e+02
7.570379332696007850e+02
1.962823114592073125e+03
4.172160311130375703e+03
1.194975123781754064e+03
1.747938186930282143e+02
1.059911543630159485e+03
2.400040015532360940e+03
4.137476972289664445e+03
1.346461646391069507e+03
1.803888527361358456e+02
7.821840818793710923e+02
2.424124241820012230e+03
4.134638072889776595e+03
5.799010338752639200e+02
3.732703147628362217e+02
1.136557220069666300e+03
2.041981015819740378e+03
4.203083691519637796e+03
1.216478246317790081e+03
5.598998756558610239e+02
1.010657725964113297e+03
2.672761409683240345e+03
4.089220936038907439e+03
9.284122488713037455e+02
5.327408988544971180e+02
1.042365708978971270e+03
1.600918582186809545e+03
1.973050680863681237e+03
1.505686936688051674e+03
1.535209938892289756e+03
1.733151399118130712e+03
1.767914032615992255e+03
3.207258062128723395e+03
3.477312859844975719e+03
4.062993007922568268e+03
3.992648487264712912e+03
-1.708696082580314908e+02
-1.372590062962312807e+01
6.485332878991468988e+02
2.992871055780320148e+03
1.042216037719227415e+03
9.664994176317741221e+02
1.545468275059145526e+03
1.903824493851335774e+03
2.156915324475785837e+03
2.101797045887640252e+03
1.982917589682350354e+03
1.952724140537688982e+03
1.947150175473814443e+03
2.048307749961137233e+03
2.106126966557632841e+03
