2.351777682752058809e+03
7.984338195436040451e+02
1.730751221438506718e+03
1.964383898472854298e+03
2.545618026934375848e+03
3.328080415395384989e+03
1.250191180409278331e+03
1.174788067565423262e+03
1.910800882560675291e+03
2.111244027035370891e+03
2.741728789971271453e+03
3.342242982306566773e+03
5.983432151145841544e+02
1.594663956972529604e+03
1.992494308912180713e+03
2.164184661509077614e+03
2.743218225400138635e+03
2.936422635711237945e+03
9.431404233347924446e+02
1.609452550509270395e+03
2.101478922350919674e+03
3.471768461848028437e+03
1.576765119518999882e+03
1.133903812609765509e+03
1.831793210568159566e+03
3.116371938033248171e+03
2.245261997036795037e+03
1.089177187649238704e+03
1.969262310664989400e+03
3.475052291485469141e+03
1.950951258822603222e+03
5.889087698512646512e+02
1.739234278429509004e+03
2.165241102398387739e+03
3.180574538175236739e+03
1.362108664245990212e+03
1.594379814832198008e+03
2.176379499900596784e+03
2.004001779044839168e+03
2.057188343557566895e+03
3.502024273230681047e+03
2.132258094636754777e+03
8.390018653063827969e+02
1.690645470953134236e+03
3.418547845457523181e+03
1.566774308717132726e+03
1.250578454872910470e+03
1.688248965255209214e+03
3.133479223266886947e+03
2.930471302018180268e+03
7.117616647669640315e+02
1.539677294468644277e+03
2.338731787645562235e+03
3.539084480301819440e+03
1.215608660196732671e+03
1.237405119152815359e+03
2.130897584543385165e+03
3.845161733867945713e+03
1.068712459227163663e+03
1.075309448438408253e+03
1.591488482664411094e+03
3.105672662494382166e+03
3.188733941898346984e+03
7.112423767524708182e+02
1.410342025260562423e+03
2.176769731250039513e+03
3.650847773992953535e+03
1.289697795897188371e+03
1.134413743356085661e+03
1.886451257769388349e+03
3.779498382472297635e+03
1.445071080940146885e+03
1.007269344178940742e+03
1.852856673158893500e+03
4.051958350066332514e+03
2.043243795648203786e+03
1.996895942961506989e+03
2.061483362644770295e+03
8.276496183756138407e+02
1.161719448356820749e+03
1.405098084013475500e+03
1.592976905857197607e+03
1.895218827854071378e+03
2.962934647355916240e+03
3.644496402161580136e+03
7.895562388148795208e+02
1.353876437530644125e+03
1.806848866250669516e+03
3.029262012998465707e+03
3.481759945558900199e+03
7.451329235940432909e+02
1.391023313197244079e+03
2.028269561738307857e+03
3.633670384479367385e+03
1.761745310140802758e+03
1.074667936168735650e+03
1.661659456475679690e+03
3.036284542888866781e+03
3.622482583825909387e+03
1.289869309921080003e+02
1.584337327195333728e+03
2.757257086208815053e+03
3.261472967698206048e+03
8.357856538244387821e+02
1.548152746404713525e+03
1.939398320635708842e+03
3.333287671461072023e+03
2.726238364147101947e+03
7.296520734821128826e+02
1.502169366471215881e+03
2.754534079734692568e+03
3.258066211586843110e+03
1.010947214446872636e+03
1.417181972029306507e+03
1.979250033196189179e+03
3.144725075280301098e+03
2.450028505407793546e+03
1.136613219065595786e+03
1.594787431899049352e+03
2.822281029564603159e+03
3.236517595822508611e+03
7.336796549234288705e+02
1.435049086820875118e+03
2.225385452078568051e+03
3.438937418874286777e+03
1.573286802690179002e+03
1.066852031357222131e+03
1.752555917911561892e+03
3.337759878666562599e+03
2.077574697976132938e+03
1.704056405220151646e+03
1.080251922328779528e+03
1.796462651643174468e+03
3.649306419542617277e+03
2.181750380153327569e+03
1.067288157715332773e+03
1.296567609318025916e+03
1.974710688816085167e+03
3.393559909655547017e+03
2.543397522245587879e+03
7.041996290640686311e+02
1.651612878824415930e+03
3.171509220142059803e+03
3.103087583221139994e+03
8.513030622248896861e+02
1.328247297266862688e+03
1.771239843527245057e+03
3.144602505937079968e+03
3.090172694145985133e+03
9.397196900099775121e+02
1.464632156606434364e+03
1.851252680944636040e+03
3.081697912011375138e+03
3.450263561909736381e+03
6.700020822259532451e+02
1.274999329884674353e+03
1.656800066794914983e+03
3.384018846970802315e+03
3.453981228529693908e+03
6.015095114066583619e+02
1.166563319047198775e+03
1.642436180959159401e+03
2.249467760862629802e+03
1.952654866470051729e+03
3.667671690372324974e+03
2.027080356355443882e+03
9.427211711494211386e+02
1.421470094129837207e+03
3.294375391733478864e+03
3.147029317141742467e+03
7.804771507384756433e+02
1.307248175090365521e+03
1.987022150574480520e+03
3.542668114381931900e+03
1.966615954220886351e+03
1.018958348346400726e+03
1.707650301211983333e+03
2.300549464764222193e+03
3.502042690968792158e+03
1.416059771397297482e+03
8.672850863440155535e+02
1.928016823840057668e+03
3.241334078889824013e+03
2.334485562314416256e+03
5.300135805770003117e+02
1.703952073050375247e+03
2.907936587468394919e+03
3.267945243223492980e+03
1.076562243461856951e+03
1.179445975818201987e+03
2.511137912042477183e+03
3.272528197302861372e+03
9.736131612294291244e+02
1.398947630025709714e+03
2.359245203119950475e+03
3.397390400410797611e+03
1.189666573497854642e+03
1.325576989855656620e+03
1.903706778740570371e+03
3.152700339060638726e+03
2.668074485811605427e+03
8.701293158956548268e+02
1.590933087158308808e+03
2.839172314708721842e+03
3.362662214989261429e+03
7.019656660142354667e+02
1.240370557848103090e+03
2.197384021817270423e+03
3.507489398991398957e+03
1.844548277855637480e+03
9.465302767287012102e+02
1.625860014054382646e+03
3.127356918937668070e+03
3.257756360790721374e+03
6.569301468195372991e+02
1.358724250203353904e+03
2.219109922274430119e+03
3.575818437093581451e+03
1.489626938981469266e+03
8.652006785980239556e+02
1.738971092244134525e+03
3.012070007535173772e+03
3.291468866255850571e+03
6.163026882966520361e+02
1.446944413805823615e+03
2.189939127970023037e+03
2.109975414249386176e+03
1.981092329598981678e+03
3.375000992601012058e+03
2.309424853432634791e+03
7.444239859716344654e+02
1.672388563077746312e+03
2.252094827706268461e+03
3.422914932773992405e+03
1.552476197117808397e+03
1.161762139510512270e+03
1.819471038929085580e+03
2.839522967023187448e+03
3.395819038615340560e+03
9.675607067590408406e+02
1.198532702259675489e+03
2.295843302857124854e+03
3.273761146642695167e+03
1.617172523574199886e+03
1.061683100916093053e+03
1.716421070667142203e+03
3.203605813535660673e+03
2.619468945403926682e+03
9.265695790304464481e+02
1.439555483150685404e+03
3.309859504637518512e+03
2.977392578695103566e+03
6.515670970413235636e+02
1.354226319285818363e+03
3.235171882893638667e+03
3.254208613300015259e+03
7.869851233033142535e+02
1.235152006891904875e+03
2.223128836598618363e+03
3.481522661384684852e+03
1.686483411106780977e+03
7.937804508786240376e+02
1.638133575312836683e+03
3.429480617848379552e+03
3.059875448537217835e+03
5.009724809492570898e+02
1.345678942711106401e+03
2.811002564752125636e+03
3.737189241863065945e+03
8.486951217881946832e+02
8.359522829984573491e+02
1.932712139457549711e+03
3.477570725510835928e+03
2.423200146021115415e+03
6.189267942306090617e+02
1.702372181059460672e+03
3.092255250729636373e+03
3.498848987229507657e+03
4.760209124057556096e+02
1.295426842777982301e+03
2.879020420259819275e+03
3.825034282581427760e+03
4.406375083795632577e+02
1.061413348140624294e+03
