1.382174181406120169e+03
2.068901859304893151e+03
3.506284315537168823e+03
1.135332410311004196e+03
1.015751120728434216e+03
1.774303120918648801e+03
3.614374422154047352e+03
1.120728839217707446e+03
1.311659445989180313e+03
1.656839452456846630e+03
3.490157231245872481e+03
2.262627343319658848e+03
8.963558129393946956e+02
1.476943445663247303e+03
2.815216094494296613e+03
3.293714567002773038e+03
7.272163489112682555e+02
1.227776857200737368e+03
2.282274488397130881e+03
3.377457605235631945e+03
8.858423777517859889e+02
1.070777852777152702e+03
3.384252823128255386e+03
2.349788897754465324e+03
7.630799838957567545e+02
1.431432198504770440e+03
3.500672839364549873e+03
1.963198740188136753e+03
9.188014673491981057e+02
1.635938069007114336e+03
3.330686015173811938e+03
2.749706778263399883e+03
7.794458794777907542e+02
1.413237188193602606e+03
3.294324164854033825e+03
1.985637763950463068e+03
9.757326305079011490e+02
1.715271400655029083e+03
3.409540586925897969e+03
2.904451826485192214e+03
7.663566151940868849e+02
1.215257145550926452e+03
3.082129837586795475e+03
2.922146958150721730e+03
8.399934127142763600e+02
1.400961574591021872e+03
2.619095158957246895e+03
3.280477571474498745e+03
9.141232901015241623e+02
1.163936292550010876e+03
2.144731348519857875e+03
3.483382798880173141e+03
1.256258660428141184e+03
1.007002111755031137e+03
1.718134694071942931e+03
3.428969232954588733e+03
1.787382540034473550e+03
1.103945563458494462e+03
1.302724294767224592e+03
3.427569238875829342e+03
2.598506225491677014e+03
1.011511230370245926e+03
1.218019929804994035e+03
3.172846749835106039e+03
2.631062769270117315e+03
9.213920156404340105e+02
1.329109952887079999e+03
1.833068500329315839e+03
1.969185603212217302e+03
3.507051103491195590e+03
3.144766500647686826e+03
3.671369241101677289e+03
1.525034102270841004e+03
1.444822346999262095e+02
6.206674928931382738e+02
8.688557907445491537e+02
1.025829763323430598e+03
1.910774445413821013e+03
2.157268428219457292e+03
2.311106335502178354e+03
2.079988361762564637e+03
2.120167407193267081e+03
2.030097863328557651e+03
4.029954129497719805e+03
6.129949160061407838e+02
1.416802721589608836e+03
1.915339177473240625e+03
3.904063596828801110e+03
1.463028458917614898e+03
6.940601811363760589e+02
2.176794677220391804e+03
3.759712438326617757e+03
5.506959305950344969e+02
1.082132767583811074e+03
2.938816716917163831e+03
3.145470897143909951e+03
3.942291756679258583e+02
1.494312607936652739e+03
2.907715066185305204e+03
3.174360755699154197e+03
4.390161785468188214e+02
1.544999326726572917e+03
2.569859232594432797e+03
3.372365221067952916e+03
5.547556685779461532e+02
1.430697136633334367e+03
2.026351209378040267e+03
3.747554466292447160e+03
6.117065211694830396e+02
1.310328571690582748e+03
1.917551023432352167e+03
3.805175669552648287e+03
8.687180838786722461e+02
1.176715082229282416e+03
1.825381232747940430e+03
3.731107304458477756e+03
1.208153204408195506e+03
9.769103051709198553e+02
1.742774354603612210e+03
3.056858468588780397e+03
2.970594161571248605e+03
5.394603601260023424e+02
1.487712975535061332e+03
1.898001488427681807e+03
3.406314421971968386e+03
2.532660534824834031e+03
6.007853003459690626e+02
1.652155887380817830e+03
3.014836368714151831e+03
3.051180992377882831e+03
6.347114653495596031e+02
1.574965464541489609e+03
2.819223224702691368e+03
3.162187709009645459e+03
7.180287777331286634e+02
1.426399898736386604e+03
1.839367563125842707e+03
3.356799263671609424e+03
2.228998981907738653e+03
7.499560525055023845e+02
1.704651863725084922e+03
3.475318364712799848e+03
1.391589244785913024e+03
9.683427971140873751e+02
1.953086347099706245e+03
3.500023472813688386e+03
1.116072053536099929e+03
9.875954097609308064e+02
2.627476114917892573e+03
3.288975044896632426e+03
9.375924283331918332e+02
1.071399180639776660e+03
2.700173785531890644e+03
3.228713828781087159e+03
9.902166096641986996e+02
1.013933742057124846e+03
2.643924544757591320e+03
3.291074498862972632e+03
8.111717967921561012e+02
1.139343301305039631e+03
2.192875334866699632e+03
3.380888515305794499e+03
1.368522931436485123e+03
8.941791955777882777e+02
2.144774301180418206e+03
3.528774171850443963e+03
1.015689480790143875e+03
1.205177433470975529e+03
2.143184377738585226e+03
3.441510479038577614e+03
1.020179782136193353e+03
1.067017983837742349e+03
2.454808046729604939e+03
3.366983716070118135e+03
9.730977527179048820e+02
1.112241687287932564e+03
2.543542060127072091e+03
3.187224896165047085e+03
9.944741516074595893e+02
1.196202427370497162e+03
2.410227975441009221e+03
3.328824744599889073e+03
8.484029147391925108e+02
1.108075572577465209e+03
2.297096651520406795e+03
3.565164125044142111e+03
7.208399513247808272e+02
1.222332074019666379e+03
2.825162370847018792e+03
3.052156774682561718e+03
7.506544180453586250e+02
1.310896172319214202e+03
3.383952164497095055e+03
2.095396056693774426e+03
7.834064225713449332e+02
1.576292458531981993e+03
3.483876809106005112e+03
1.716368942940092438e+03
9.319694269976314445e+02
1.772106437642186620e+03
3.389093116616775660e+03
1.951257100567117277e+03
9.241768458489927980e+02
1.663303721341491382e+03
3.371311714944841242e+03
2.771651820118005617e+03
6.548112315739795122e+02
1.496313336138221302e+03
2.885991667164372757e+03
3.139879384095826026e+03
8.056874623397269488e+02
1.354630007345218019e+03
1.866873987768641655e+03
3.002824991935201979e+03
2.998019015472004412e+03
7.445562682096273193e+02
1.317179058536022239e+03
2.143302172698143750e+03
3.362145790352632957e+03
1.225723683936126008e+03
1.118719533236190728e+03
1.740786261568506006e+03
3.308134911291047501e+03
2.381760061279430374e+03
8.550425873344319143e+02
1.585097509977178106e+03
3.045957619831322063e+03
2.870275845861602647e+03
7.544481072728808613e+02
1.491554560420455118e+03
2.755148077969178303e+03
3.244923468116840922e+03
7.204940910509205878e+02
1.199174284609258848e+03
2.749694451956284411e+03
3.288231603795005867e+03
7.352959393841816791e+02
1.086081104115883818e+03
2.277872536323967779e+03
3.478531965699251941e+03
9.582660050738378459e+02
9.686628765019324874e+02
2.091718761727727269e+03
3.558679351266795948e+03
1.202781291102409341e+03
8.755104205310016141e+02
1.809845288153783258e+03
3.620772184615107562e+03
1.768907895104825457e+03
7.161102011344081575e+02
1.772542514245714983e+03
3.626678323792844367e+03
1.258003340003444464e+03
8.414507973769741511e+02
2.149772925012384803e+03
3.462270063899580236e+03
1.118624438582405901e+03
9.677911120547605606e+02
1.999373343532429317e+03
3.624896274175338021e+03
1.387080645491584619e+03
8.680085077881133202e+02
1.806931948945172280e+03
3.580462244500694851e+03
1.748500399458437187e+03
8.022689535745055309e+02
1.730123497567414688e+03
3.285741614240514537e+03
3.026322728208524495e+03
6.418426288369213353e+02
1.348937756404778384e+03
2.316712078725738138e+03
3.346009002450866774e+03
1.016891079696945098e+03
1.264454220245000215e+03
2.024936399876057749e+03
3.322533657910059446e+03
1.510687653217897378e+03
9.212679482402274971e+02
2.019414593404574134e+03
3.360379852045857660e+03
1.093378715416928799e+03
1.172611468704400977e+03
1.927461125028779861e+03
