1.836425474847167607e+03
2.765809857940300390e+03
1.400977479244676260e+03
1.711624298114068324e+03
2.468221548478648401e+03
1.323815149003390161e+03
1.945586072771257932e+03
2.679938605825729610e+03
1.437376517993134712e+03
1.989632408004284571e+03
2.405888824264265622e+03
1.227900028187623320e+03
2.579816456873115385e+03
2.214147359261684414e+03
1.278450486627483087e+03
2.775859819635224994e+03
2.105024199299717111e+03
1.192240497179183421e+03
2.632320297307505825e+03
1.792905147703567536e+03
1.371487981526440308e+03
2.584728721366223908e+03
1.281680846528795200e+03
2.272022204435591448e+03
2.604266155004456778e+03
1.250465009296963444e+03
2.341310482445063826e+03
2.210408510289844799e+03
1.233054250450426252e+03
2.641041933362475447e+03
1.974937425790283896e+03
1.272481564889661740e+03
2.681396971076980208e+03
1.699976572219487934e+03
1.600494951728604065e+03
2.795215768551229303e+03
1.519494013193382671e+03
1.353924716667113216e+03
2.650495146834539355e+03
1.956894034748222566e+03
1.197038036762075535e+03
2.674584966134580554e+03
1.640541546243456196e+03
1.521788628503529708e+03
2.780072965044173998e+03
1.509864042428698667e+03
1.919914281493989392e+03
2.507304656090580465e+03
1.059804611905916545e+03
2.193326662917388148e+03
2.519564814364723134e+03
1.275037107817307742e+03
2.467499146278423268e+03
2.214668114904554841e+03
1.175390433740205481e+03
2.825176747477102253e+03
2.121903442634970816e+03
1.246126069283033075e+03
2.073947181986492524e+03
2.446639677605039651e+03
1.672235294748399838e+03
1.656973271920252728e+03
2.678849349222756246e+03
1.209018445715945745e+03
1.963835826668103209e+03
2.501230196179834820e+03
1.164937277654679519e+03
2.309418744137176418e+03
2.539534989511502772e+03
1.136978082174579640e+03
2.531869525854986932e+03
2.314050502496140325e+03
1.111028698602755185e+03
2.709392782980214633e+03
2.009345780253470593e+03
1.179554285729320554e+03
2.981334185613304271e+03
1.496244396057909398e+03
1.518841158117985287e+03
2.854297201471054450e+03
1.157953300402144123e+03
2.104876359043092634e+03
2.595644225964638281e+03
1.037636559971011138e+03
2.468807693153940363e+03
2.434959847893620918e+03
1.108742965581900535e+03
2.751055919305720636e+03
1.620663765290154515e+03
1.791904620687610077e+03
2.692892749316356003e+03
1.196677206579841140e+03
2.325118802453601347e+03
2.371610547627971300e+03
1.024767279439454569e+03
2.614357394121447214e+03
2.366019221327134346e+03
1.245690809961546393e+03
2.800298864138267618e+03
1.763944986782961450e+03
1.255412701330797063e+03
2.700841582016277698e+03
1.738323706900268235e+03
1.392981532849718633e+03
2.628555779003940643e+03
1.307475596079806110e+03
2.093063582777467673e+03
2.661062342489958610e+03
1.158106557170976203e+03
2.387907115350154527e+03
2.400803827400629871e+03
9.293388853187028644e+02
2.887176189995926052e+03
2.222569901089384985e+03
1.099565840026001979e+03
2.695723163502342686e+03
1.878988402602443102e+03
1.413845428166907141e+03
2.775683349913417715e+03
1.685268093455127428e+03
1.323057401664370673e+03
2.808403042133218150e+03
1.236594893735706364e+03
1.867250021327398599e+03
2.610264336002891469e+03
1.798177636899349409e+03
1.238343445569933237e+03
3.002989977208277651e+03
2.254519751160279611e+03
9.133361676995182279e+02
2.727438969291491048e+03
2.339471956139561826e+03
9.625602840200202763e+02
3.009813208329736881e+03
1.100270574116948410e+03
1.651394762047773611e+03
2.687549529453451669e+03
1.039250913331056836e+03
2.291211140464227810e+03
2.528935088247650128e+03
1.171003664075988581e+03
2.620290928461029580e+03
1.793647690180538802e+03
1.881759635357475418e+03
2.504390848956542868e+03
1.199719611716049485e+03
2.537209473329670800e+03
2.095810053125354443e+03
1.398003734778852277e+03
2.554928557063261906e+03
2.120582407240367957e+03
1.263284626598027899e+03
2.612248017211225488e+03
2.254518144502736959e+03
1.190381063701691573e+03
2.564765582911320962e+03
2.107591422188605520e+03
1.327567310506382228e+03
2.615887169553127478e+03
2.367631571004648777e+03
1.166593487831966058e+03
3.266188897095904849e+03
2.323800754546718963e+03
6.430646710557332426e+02
1.319239224336008647e+03
2.682486775018164735e+03
1.495004968866537865e+03
1.765345711218151791e+03
2.526522730696173312e+03
1.172924293416587716e+03
2.218433110479083552e+03
2.545343929279866188e+03
1.334058435542201551e+03
1.999653634997925337e+03
2.677020667417915320e+03
1.229351707353718439e+03
2.437629712441125321e+03
2.145902247128841736e+03
1.133233028622910524e+03
2.759854107804515479e+03
1.587073987839982010e+03
1.742355555800911816e+03
3.042988067876473451e+03
1.107788514235371849e+03
1.563802895675165701e+03
2.540351725969561357e+03
1.569407165065318168e+03
1.626161032824317545e+03
2.720766167919749478e+03
1.790667069966282497e+03
1.149541849195031546e+03
2.332136142849533371e+03
2.242520342017468010e+03
1.434104227159779839e+03
2.409322429766748883e+03
2.269821332614734729e+03
1.562944648339557034e+03
2.287124670731450351e+03
2.212914948857401214e+03
1.373395199321316568e+03
2.496801988663435623e+03
2.105700194975208433e+03
2.751159716133203801e+03
9.665055574845762294e+02
1.024709248359095000e+03
2.716471533636203731e+03
1.534229539917715783e+03
2.050316499742988981e+03
2.269609882816459503e+03
1.214431088080573318e+03
2.774112970453917114e+03
1.891606903596010397e+03
1.379925824455273641e+03
2.613649245876853001e+03
1.498059453752703803e+03
1.962323276393996139e+03
2.117827467781010000e+03
2.595711496586770863e+03
1.202694844723676624e+03
2.538458476567217986e+03
2.348091657886307075e+03
1.286812516282047227e+03
2.446754259440356691e+03
2.278594401806755741e+03
1.251425593263738392e+03
2.574220389959252770e+03
2.181019346128075995e+03
1.288169274086907308e+03
2.574252311107003607e+03
1.921354553935471131e+03
1.424969891589183362e+03
2.496638223509318323e+03
2.253393362731512752e+03
1.335068820713675677e+03
2.198511720686697117e+03
2.452531569898399539e+03
1.515014144024765301e+03
1.793119959347102167e+03
2.602085492514480848e+03
1.523400601099086316e+03
1.710440863616822753e+03
2.492332938220873075e+03
1.206619624523101265e+03
2.471491080717951718e+03
2.347198683076578618e+03
1.253572205930752261e+03
2.586161051214242889e+03
2.274166399501897104e+03
1.272972739934683432e+03
2.397575998693595920e+03
1.721549945250336123e+03
2.368290998361198490e+03
1.919336040527826981e+03
1.575300878940399571e+03
2.401982269575550163e+03
1.769597835617729743e+03
1.452279420353349451e+03
2.523574082163006551e+03
1.755602415061809097e+03
1.988101740655383537e+03
2.560861288992697610e+03
1.181485319370694469e+03
2.303640335317039444e+03
2.019167447784939668e+03
1.425514314044546381e+03
2.166643377979211891e+03
2.172788664254001560e+03
1.726124164925306559e+03
2.465271060626971575e+03
2.048361298981927121e+03
1.401405450928906930e+03
2.227410500234100255e+03
1.772258804332400587e+03
1.686839167529923998e+03
2.875801921555449098e+03
2.360651281184996606e+03
1.079072018494650365e+03
1.482306693683461845e+03
2.660191212762301802e+03
1.726118324840076866e+03
1.399219169367745053e+03
2.624643711986625021e+03
1.765019146884789279e+03
1.484452197440070677e+03
