2.995835487478032519e+03
6.160637415323199662e+01
-4.341290273428605850e+00
4.530360791477420435e+02
1.309898528579547701e+03
1.759351077113599786e+03
2.543655679246609452e+03
4.190157634854788739e+03
1.296372269793725764e+03
4.851415563669080200e+01
5.600821832778285625e+02
1.394548477538557790e+03
1.817069088696366180e+03
1.829398487621408549e+03
1.801887088386967889e+03
1.752714566409916642e+03
3.624778194729944971e+03
3.786405008346041996e+03
3.429864068609851415e+02
1.408470182809412563e+02
9.386516839776561483e+02
1.412406326519157574e+03
2.479161721452848269e+03
1.512557693287813208e+03
1.467066217718998814e+03
1.926302691343968036e+03
1.731796260429845233e+03
1.666416114765006569e+03
1.769075779582769883e+03
4.004062540989454192e+03
3.396808098745151256e+03
6.169391845841996513e+00
4.629009845601158446e+01
8.401231644971721835e+02
1.403032051591777417e+03
3.003853803038000478e+03
4.158589268800642458e+03
6.529812952144429801e+02
-1.628322596744417083e+01
9.650807682660785076e+02
1.441179220093792992e+03
1.962021480794496028e+03
1.675194766925650811e+03
1.561564884374254689e+03
3.444277348220478416e+03
1.833696807062061225e+03
7.500177527336257981e+02
1.541506006634269397e+03
1.454426560670581921e+03
1.499573874573939065e+03
1.610123070531328494e+03
3.919431127115856725e+03
2.381973580142723222e+03
2.017464775105913759e+02
9.396989161435075175e+02
1.496010802973837144e+03
4.025657582784445367e+03
3.264284638164096123e+03
2.387365893850459315e+02
2.444839538187124717e+01
6.334773609110958432e+02
1.128623694195720873e+03
3.821244496008980605e+03
2.586965559688555459e+03
4.746957507769918720e+02
6.822229478172446306e+02
1.172977757514510813e+03
1.406213934242111691e+03
3.717998040483815203e+03
3.225031746587671023e+03
1.924450131735795537e+02
4.771385655030513249e+02
1.089598777367519460e+03
2.777012498317327754e+03
4.176498831051497291e+03
1.183623689479441509e+03
-1.371786833747321843e+01
4.206681643772967050e+02
1.194117583110778469e+03
4.075940604084296410e+03
1.849779527835918771e+03
1.808003196091067366e+02
5.591652496207105969e+02
2.975726601549421503e+03
4.081640347844837834e+03
7.831504516597088923e+02
4.139666517353500694e+02
1.470002635621131276e+03
6.650810523314506781e+02
1.097751483222301204e+03
4.060815591674845564e+03
2.763772110295970833e+03
1.903619731924731582e+02
3.103259752696201303e+02
1.112412538532364124e+03
3.712420463407156603e+03
1.015297112409193232e+03
9.367845960225106410e+02
2.618732087454965040e+03
4.145485167555535554e+03
5.414797126253174611e+02
1.911246150419613343e+02
9.092771927539328090e+02
3.028665380068579907e+03
2.180495431508937600e+03
7.245512009579830419e+02
9.109844131280377724e+02
2.882263824757491875e+03
3.735803308680604459e+03
1.288711549728292880e+02
3.334899942204723402e+02
1.283276306173562944e+03
4.070188339866781007e+03
1.344989638329029731e+03
6.224664066858455271e+02
1.066449876630818608e+03
2.278787481439435851e+03
4.196156677172009040e+03
9.761051571176415109e+02
-4.710857148633161628e+00
7.226514619427191519e+02
2.189146107978794134e+03
4.202654920006531029e+03
1.416549214431197470e+03
1.668032492015315782e+01
6.102816764900585440e+02
1.472945954906994302e+03
4.159013258855515232e+03
1.665730272220090228e+03
-5.704254125112321816e+01
8.179203164697900093e+02
1.383703928289228088e+03
3.418922802355579279e+03
3.835298775283935356e+03
1.075043602756982430e+01
2.650424741951304100e+02
1.090663656111297314e+03
3.795375306689845274e+03
3.324151807502947122e+03
-2.903762342407586061e+01
5.390249986484202509e+02
1.097268272108141673e+03
3.318164189693003664e+03
3.291065811833881071e+03
5.635564562723641302e+02
6.728636621976689867e+02
1.036194722835080711e+03
1.995218465255408773e+03
4.214568479294471217e+03
9.121801337080895564e+02
2.305271372048728722e+02
7.014456678336404138e+02
2.894028084211763598e+03
2.228334028635253162e+03
9.056982214653642131e+02
1.417814325326666449e+03
3.585085848658730811e+03
1.364932799188536137e+03
9.634640495625005769e+02
1.047432264200972895e+03
1.319898696274344047e+03
2.418750311898012569e+03
4.154797171756569696e+03
5.880046978122726387e+02
3.053850216422306403e+02
8.164188327608991358e+02
2.642072468464711619e+03
1.797880828054959920e+03
9.825704618028686355e+02
3.157938339199365601e+03
2.455514018782009771e+03
5.008003524324128648e+02
8.161082522850595069e+02
3.362748302962650996e+03
1.738160683799176695e+03
7.196572000673603497e+02
1.314869697608140541e+03
3.373947164458762927e+03
1.233544778381431797e+03
9.923070549845024289e+02
2.330291092543763625e+03
2.503464518119219520e+03
4.628907266940575482e+02
1.171169498267631070e+03
4.195111258851062303e+03
1.532338647388196478e+03
1.931769275116522238e+02
3.916597678159640736e+02
3.008918112656465382e+03
3.734744613120617487e+03
1.629286903435884994e+02
1.019401352336527395e+02
2.240555038566179974e+03
3.810299640067809378e+03
2.827750556476428301e+02
3.468304665771774467e+02
1.969109174379311980e+03
4.185853639247208775e+03
6.114297821642339841e+02
8.126609238152160231e+01
1.655051671177359367e+03
4.203546240087344813e+03
1.510785596188520685e+03
-4.272950800068990418e+01
2.858617961418024720e+02
2.560891727947891013e+03
4.165299044308742850e+03
6.793523832939553131e+02
3.150357047422339463e+01
7.863414529821225187e+02
3.915297843959954207e+03
3.069364500540280005e+03
-5.434431665977671599e+01
3.576455176309374338e+02
1.175110396974271225e+03
1.904702351361561341e+03
1.554794137941690224e+03
1.772256674190073454e+03
4.123119110268083205e+03
3.298702656567947542e+03
-6.743284053059341865e+00
-2.063503950240876605e+01
7.136928563556556355e+02
1.273923588104470582e+03
3.094269333654277489e+03
4.065852041775697671e+03
4.826966059293612261e+02
1.232034524529488380e+02
7.298600077585791723e+02
3.309820912307751314e+03
4.044632783954703427e+03
7.497464932026514361e+02
4.173154949027504301e+01
3.910266346453374240e+02
1.057050104765581864e+03
3.170082086674652146e+03
4.139487694801259750e+03
1.716618582113473167e+03
3.956755708890820245e+01
3.528560377330730802e+01
5.887594474395601765e+02
1.312125682977772613e+03
2.282471557070633935e+03
4.187542975929225577e+03
1.764667731368725299e+03
1.406100773467866929e+03
6.032011220667463931e+02
4.248483964814076330e+02
8.828144229083751497e+02
1.544671283908625355e+03
3.318205742505700073e+03
4.076483577376073299e+03
2.880085869174928575e+03
-5.081451059330439790e+01
-1.907410704043083660e+00
1.828829420560326753e+02
8.615791613342922801e+02
1.309320398236437086e+03
3.792046816544103876e+03
2.478113334717576890e+03
6.706422354168788615e+02
9.350926677012730579e+02
1.253353665380401253e+03
2.533155017284911537e+03
1.811733876469595771e+03
1.480716791349236928e+03
1.885699380448875445e+03
4.113705316076788222e+03
3.605860284893155040e+03
1.352932112388177472e+02
-2.232694819019819477e+00
3.091034964097232773e+02
7.725934278012543928e+02
1.510282735481627014e+03
3.768492088990549291e+03
2.018691462663814718e+03
4.642391934618088385e+02
9.636013891873595867e+02
1.494561038115444262e+03
3.773559176453425152e+03
4.149172567322743816e+03
1.186126356481714311e+03
-2.057407386581110487e+01
-2.453159207406416797e+00
