1.948163786964656992e+03
1.259375041985641928e+03
1.608517870375542543e+03
2.005457438982235089e+03
2.247229933901724053e+03
1.253872571673656466e+03
1.518749344973811731e+03
1.824469117410351373e+03
2.258700881226448473e+03
1.305841149508455146e+03
1.545283516131199576e+03
1.783434150696425377e+03
2.325744827239810547e+03
1.399367653619882731e+03
1.422226324994300057e+03
1.688000432068128248e+03
2.263117682025696922e+03
1.487521653144914808e+03
1.392817400010043684e+03
1.679048093752884824e+03
2.285820387074693826e+03
1.510369691872901285e+03
1.388556961855096461e+03
1.886442479032143638e+03
2.305094217520870643e+03
1.205134684000868447e+03
1.461139874049008768e+03
2.108963225480325491e+03
1.984696654009767371e+03
1.285762645074304146e+03
1.589195747835006614e+03
2.142803458185363070e+03
1.633077204500567632e+03
1.456754657579366494e+03
1.686374742610928479e+03
2.106927632058033396e+03
1.889378175198863801e+03
1.344061931107021110e+03
1.684806787708596630e+03
2.032932375548634354e+03
2.085524916434607348e+03
1.285605286328393504e+03
1.579247975527008521e+03
2.127474673431992414e+03
1.756290093713416809e+03
1.413817862599594491e+03
1.792961062750826159e+03
2.211016427222089533e+03
1.460706007799999725e+03
1.380201033024434537e+03
1.851075251321495216e+03
2.261223056421973524e+03
1.328079942899422122e+03
1.454558306368682679e+03
1.803339455151622360e+03
2.150981277236020105e+03
1.331846484788983162e+03
1.597170131055433785e+03
2.124858681797525151e+03
2.029325661762659593e+03
1.294510512405041254e+03
1.588747384209141501e+03
2.189597764755448225e+03
1.819315322203675805e+03
1.306440988573396226e+03
1.591910014897644032e+03
2.185008481939347803e+03
2.017154918954239747e+03
1.158214310581585551e+03
1.569932966373529553e+03
2.221862295241346601e+03
1.668315365801992812e+03
1.387243221955577610e+03
1.675891254447378969e+03
2.355779722357839091e+03
1.486807669133749641e+03
1.344150787302607569e+03
1.856954427141417682e+03
2.443748609968626170e+03
1.590392336228454724e+03
1.582436754652702348e+03
1.226765947546461121e+03
1.644933499176313717e+03
2.247179746996106587e+03
1.828233056555714256e+03
1.288725410750100991e+03
1.638117490197701045e+03
2.027204864925492302e+03
2.249110768803778683e+03
1.226108569766450273e+03
1.589353396179229094e+03
1.990054995827605580e+03
2.096307376491543437e+03
1.323919389865406629e+03
1.609934446856937484e+03
2.240542273884635506e+03
1.663892537375586471e+03
1.396504429959768004e+03
1.664614436626605084e+03
2.281659539794627108e+03
1.485293952799605677e+03
1.433216005148472050e+03
1.735336329895010749e+03
2.259336710391623910e+03
1.421016652277038702e+03
1.428397353392523200e+03
1.706761057167418130e+03
2.189176868492731955e+03
1.576720018240310537e+03
1.462636411847513955e+03
1.718856064802386300e+03
2.245315609550625595e+03
1.339863854249226961e+03
1.573780604759631842e+03
1.945921547298185033e+03
2.105967784648994439e+03
1.298421955713509988e+03
1.586388599862494630e+03
2.027499639228644355e+03
1.821939437727932955e+03
1.423291921193268308e+03
1.662704613302382313e+03
2.310465496608150261e+03
2.072890177541681169e+03
9.805394625234080195e+02
1.466987869807107018e+03
2.123085206760887559e+03
2.525035422728258709e+03
1.092446233058852386e+03
1.204798281296075174e+03
1.715418640173680387e+03
2.419667465871872992e+03
2.041439273190713493e+03
9.628001648020292578e+02
1.446695348471299667e+03
2.055437914571872625e+03
2.534703591190886527e+03
1.202051432726034818e+03
1.193987037756782911e+03
1.624198725734660457e+03
1.930772216953151201e+03
2.347823220137622229e+03
1.495963817706323880e+03
1.356078527608768127e+03
1.654888336778490611e+03
2.215311006047677438e+03
1.833466923766557329e+03
1.298946251910341971e+03
1.598391061418646132e+03
2.091460615048857562e+03
1.918696251328463859e+03
1.383885266852686527e+03
1.615952924704414045e+03
1.985678808140159845e+03
2.236898722972447104e+03
1.356949410690653167e+03
1.458660835812617279e+03
1.850960423068943555e+03
2.203828356720525790e+03
1.367941386730999966e+03
1.509637076087579544e+03
1.903195921410298070e+03
2.337674923215514809e+03
1.325373389954452023e+03
1.411309202391099006e+03
1.707480664959801743e+03
2.236918798602816423e+03
1.717843775943452783e+03
1.287924671633990329e+03
1.674841858353387579e+03
2.276252399309183147e+03
1.541634189343331627e+03
1.412537663924353183e+03
1.827454389129839456e+03
2.374577525950319796e+03
1.397618367314267743e+03
1.644480875839260307e+03
1.369492378678561636e+03
1.530593363914643078e+03
1.869823928892546292e+03
2.246973447516971191e+03
1.348638886439445287e+03
1.488710479045851798e+03
1.911778548557861086e+03
2.254773594215485900e+03
1.246871040780570638e+03
1.573400185043129341e+03
1.879214680443070392e+03
2.355954511702473155e+03
1.302726630124740723e+03
1.459884920106288519e+03
1.866840247608017307e+03
2.298360212038797272e+03
1.273733700918616478e+03
1.497440587058208166e+03
1.943893435703071418e+03
2.175995507690807244e+03
1.251118313162875211e+03
1.609037123291711623e+03
2.075136920394073513e+03
1.919846443341217764e+03
1.337796675952367423e+03
1.686549528342683061e+03
2.088408528834216213e+03
2.016204986844849827e+03
1.304429603706601711e+03
1.628976252392464630e+03
1.887649782269047591e+03
2.259579666818960504e+03
1.300150860998928010e+03
1.553823371350272964e+03
1.779375713216700433e+03
2.244022954407568704e+03
1.493777953751722180e+03
1.438070515019928280e+03
1.684286045591077254e+03
2.111485983566808954e+03
1.973726943068193577e+03
1.282420716016909864e+03
1.600589889523722377e+03
2.093315244026698110e+03
2.188635026774716152e+03
1.151778782674406330e+03
1.561160144049020801e+03
1.804317992943947502e+03
2.330722521404704821e+03
1.346188160943652520e+03
1.387796372621326555e+03
1.739301890802950993e+03
2.307167869491371221e+03
1.320133372522198215e+03
1.450715859116482306e+03
1.769198819229315632e+03
2.273446019899831754e+03
1.336652342830094767e+03
1.539732543287291037e+03
1.790914705138387717e+03
2.208360796118245617e+03
1.387981541660332141e+03
1.515841686897796080e+03
1.710793435295347535e+03
2.158904905335591593e+03
1.544323072160697166e+03
1.501175299775658914e+03
1.674625141087972452e+03
2.196209931400257574e+03
1.996723837657967579e+03
1.200895160641244047e+03
1.600179189611855918e+03
1.947507056009647386e+03
2.258245723987382007e+03
1.310217875526088619e+03
1.550640433951291925e+03
1.897219971359675128e+03
2.167642366240929277e+03
1.284663417292794293e+03
1.603838459397967654e+03
1.907182610508233438e+03
2.098380617543308745e+03
1.333113868364963992e+03
1.596870672765906420e+03
2.022875169546936149e+03
1.906331764851705884e+03
1.370027528642486459e+03
1.615977607459407864e+03
1.995169797878298823e+03
1.886075157088956075e+03
1.411932728516981797e+03
1.610352941385453960e+03
2.002109944765055843e+03
1.848765031154008284e+03
1.501721873222323893e+03
1.646629393604555162e+03
2.102674697811275109e+03
1.603550148454221471e+03
1.495610226811784287e+03
1.623325252710330005e+03
2.125329519528695073e+03
1.616560387137165890e+03
1.508552194968750882e+03
1.755326123078223645e+03
2.404809686259495720e+03
1.389564297278507865e+03
1.323722859628270498e+03
