1.179197054959759043e+03
1.389005216167461185e+03
3.352179218932242748e+03
2.653286878630505726e+03
5.803104632918930292e+02
1.189861510500737040e+03
1.445411634305227608e+03
1.868030624373082219e+03
4.195824809555174397e+03
7.905916469409779666e+02
7.690989963171786030e+02
1.375203263255617912e+03
1.655474327133639690e+03
2.933279153913154914e+03
1.181416112166877156e+03
1.562963245714653112e+03
2.298780571643093481e+03
3.207989378918578950e+03
9.403872271948340540e+02
1.290438784134696334e+03
1.819348665980836586e+03
3.356182326766509959e+03
1.220468840814073474e+03
1.149005404677996012e+03
1.505167989474919978e+03
2.099590518948720273e+03
3.228381959129853385e+03
1.115888182216725909e+03
1.226118289902915194e+03
1.557205137116980040e+03
2.596411439195419916e+03
1.933521036202747155e+03
1.240314183900402668e+03
2.949379264978972060e+03
2.529373913551197802e+03
2.991257737455382085e+03
2.067778771564077033e+03
2.606685349106241461e+02
3.412842899229743239e+02
1.141351409736480264e+03
1.538945126432698089e+03
1.980077321884378080e+03
1.669299747781260521e+03
1.976182162139846923e+03
3.947820701926484162e+03
1.141258104449280381e+03
1.116772773797207037e+03
1.458469045606506597e+03
1.582891182183279170e+03
3.126610055287167597e+03
2.954062019745486850e+03
7.940873992553695189e+02
1.156191588284135150e+03
1.430212085830913793e+03
2.848271383323896316e+03
2.024988460419169769e+03
1.168075183819521499e+03
2.561834505103818628e+03
2.724395072791860912e+03
1.681397677036925643e+03
8.649157511865824972e+02
1.113340427697042287e+03
2.280025810269508383e+03
2.909932273221257219e+03
1.139834960351570999e+03
1.059888818728582692e+03
2.174230875350480801e+03
3.308241106283327554e+03
1.317459368131109841e+03
9.759054294426623528e+02
1.333767195765426777e+03
3.117488457827982529e+03
1.942834277657930670e+03
9.942878571470673705e+02
1.266455771508873568e+03
2.596128635845636836e+03
1.966124004717788694e+03
1.122250275229184808e+03
2.066048250230772283e+03
3.177091586376616760e+03
8.494063377360475897e+02
1.277672549158053016e+03
1.523999853959576058e+03
2.868516772245387529e+03
2.910349022046338632e+03
8.654800816643788721e+02
1.154366707675300859e+03
1.535031335561540345e+03
2.449138601450445094e+03
3.102043050467065314e+03
1.121671817435287949e+03
1.272964629936021765e+03
1.636436639435510642e+03
1.820679187485714692e+03
2.310708426200035774e+03
2.864471812726360440e+03
1.104231427039514074e+03
1.456632449730529743e+03
1.619751071385777777e+03
3.031273091202654086e+03
1.737052769749278013e+03
1.016015073228521487e+03
1.409820588437877859e+03
1.994855718586709145e+03
2.879719984597608345e+03
1.546750866911929961e+03
1.213254427623765423e+03
1.457360401539101986e+03
2.103577739179641412e+03
3.311822521617016264e+03
1.296887416064295394e+03
1.125114836749972937e+03
1.419070556083039946e+03
1.579451697353172221e+03
1.801817888773956156e+03
2.013519250441120676e+03
3.493120718828232384e+03
1.884012598433462927e+03
9.030258203009911995e+02
1.444085380491884735e+03
1.849232461302012553e+03
3.087350965220317448e+03
1.547209444734509361e+03
1.079050411970440564e+03
1.500233124918403519e+03
1.736187152580155498e+03
3.337906176026737285e+03
2.145023160478272530e+03
6.338346630077821828e+02
1.144570842422465375e+03
1.428913822315664447e+03
2.537971308994438914e+03
3.007408515410541440e+03
1.068207015709891493e+03
1.361803796712459189e+03
2.796129483868781790e+03
1.801325117478563016e+03
1.397096725492433734e+03
1.437711183153008051e+03
1.582414244150898867e+03
2.885613955841420648e+03
2.490434146566994059e+03
8.545237707257957709e+02
1.377145919377015844e+03
1.720631220786583071e+03
2.709272839828354790e+03
2.752306282740959887e+03
9.524080569975524213e+02
1.337520170669726213e+03
1.777930826069352861e+03
2.877861574178386491e+03
1.829829191348036829e+03
1.168127211175243701e+03
1.462120658357233651e+03
2.219405468954500066e+03
2.639851225991519641e+03
1.225534649637693974e+03
1.341180152880241394e+03
1.576266467870654651e+03
3.002328549194245625e+03
1.735843452417351955e+03
1.016327974266200727e+03
1.496437341380367570e+03
3.333259799423210552e+03
1.826731227369766884e+03
1.029613981171842397e+03
1.360540207892037870e+03
1.887507224751542708e+03
3.683212909994007077e+03
1.396022862718965143e+03
8.665987879206389835e+02
1.327367454573917939e+03
1.886481105142785054e+03
3.103074121748470134e+03
1.361562721597333621e+03
1.261641520174571497e+03
1.521380966924544509e+03
2.179715165129002798e+03
2.863671585510794102e+03
1.580663908600997956e+03
1.048807550514648938e+03
1.507735094772624734e+03
2.000439431094818929e+03
2.871103806672828796e+03
1.290051967147654523e+03
1.114842937900923062e+03
1.505838885805359041e+03
1.605400035003906851e+03
3.202214738088181093e+03
3.803030297943153982e+03
3.058978723455743875e+03
4.208691215982937138e+03
1.527528882531240413e+02
7.874082673748212802e-01
1.598166025067198177e+02
2.206544072767331386e+02
9.559704659790835422e+02
1.554286471163451552e+03
1.880281328981725210e+03
1.929837764281604223e+03
1.983210102849107670e+03
1.989381705470049383e+03
1.969148939234489262e+03
2.022395609457640376e+03
2.109294392117148163e+03
2.108677921696174053e+03
2.026205212689516657e+03
1.897756217157055289e+03
2.042088880782089973e+03
2.120806972266340836e+03
1.930113342328351109e+03
2.894513100652756293e+03
1.611438460649477520e+03
1.705562283407009772e+03
1.681898396615252523e+03
1.605930048087501973e+03
2.381612520439369291e+03
3.324285651926329592e+03
1.052759697910412569e+03
1.265925825117201157e+03
1.482038999461350159e+03
2.988956720269258767e+03
3.501883952358585702e+03
5.094141112911499363e+02
1.049771664384280029e+03
1.371989620317354138e+03
1.552294654243049990e+03
3.039464172937040530e+03
1.951046871959082864e+03
8.940727247060780201e+02
1.377374518630388138e+03
1.662698711433104336e+03
2.428053251279979577e+03
2.768371261399548075e+03
1.103129124841566636e+03
1.529376618663289491e+03
1.734284180894598649e+03
3.101666184889841134e+03
1.499141256313803751e+03
1.101687228408820829e+03
1.530323037285026658e+03
2.258472762326588963e+03
3.198107232251627011e+03
1.037130350483184429e+03
1.193776439191888358e+03
1.566124532049511345e+03
1.661103847123772312e+03
1.791979191134840676e+03
2.041952176742558322e+03
3.862585148263666269e+03
8.689738303682860305e+02
1.217335358326787400e+03
1.484590963574956277e+03
3.083484854059345253e+03
2.660898716769086604e+03
5.756773284629814498e+02
1.111088225648609068e+03
2.014934996868882536e+03
3.549541889709144471e+03
1.160699723467512740e+03
8.209323736740558388e+02
1.324140522623947163e+03
3.039266072522918876e+03
2.828682734437070394e+03
6.203149616448505412e+02
1.106107936046596478e+03
1.623251125633419178e+03
3.443361636173764055e+03
1.662022505637650966e+03
8.955001960334341220e+02
1.429218193121323111e+03
1.635735198513947353e+03
2.293870871100350541e+03
3.185052940376258903e+03
1.157230028651359589e+03
1.189026152241977570e+03
1.443903493978375081e+03
1.767695134845674829e+03
3.145289641086912980e+03
2.009800537873209123e+03
9.557713411322474713e+02
1.330670127660143180e+03
1.460433353282367989e+03
2.761967812069989577e+03
