2.892242393883005661e+03
3.033262727208089927e+03
1.464979392219787087e+03
1.223378231770502452e+03
1.570181688888344752e+03
2.986091399505794470e+03
1.817920318609574451e+03
1.298959261666891507e+03
1.323511876542307391e+03
1.967020918604602230e+03
3.457755818602283398e+03
2.160766380190789278e+03
1.321081132181225485e+03
1.306545247839819467e+03
1.753053841254958343e+03
3.058216413806776472e+03
2.152291862723835948e+03
1.431293799423189967e+03
1.611612394588038796e+03
2.865686229048145833e+03
2.056371808061539468e+03
1.434772305602943334e+03
1.415842610372076251e+03
2.401080007164285689e+03
3.110574908450647854e+03
1.640506087305238907e+03
1.402444777408312120e+03
1.443751060713809238e+03
2.123061053933833591e+03
3.247305459342156610e+03
1.918315749705285270e+03
1.416899483183970005e+03
1.430335253926232099e+03
2.255707776073970763e+03
2.652024078991034003e+03
1.494296943756533665e+03
1.480402535161091919e+03
2.848489180044596651e+03
3.406255684254825155e+03
1.698642174050533640e+03
1.291656893661159984e+03
1.600454369928328788e+03
2.956996303443624583e+03
2.140184556110838002e+03
1.346143606543686928e+03
1.338901121992760409e+03
2.487242202919054307e+03
3.625244863096841527e+03
2.076862770645856472e+03
1.236978615599215118e+03
1.985727306559673707e+03
3.270471336374128896e+03
2.840331139227208041e+03
1.234077105256719733e+03
1.165597706938818192e+03
2.487199619524375976e+03
2.388717165083773125e+03
1.141127124761251025e+03
1.045563962706731672e+03
1.777162110730961103e+03
1.671539880623274485e+03
1.328359099694747101e+03
1.674420949763986300e+03
2.881925531632778529e+03
2.221009634309642934e+03
1.485718962125443795e+03
1.450888602198092940e+03
2.443012867511838976e+03
2.924421709908597222e+03
1.695449479496171534e+03
1.342018196769782890e+03
2.182505816070349283e+03
3.257201179053697160e+03
1.993685782881371551e+03
1.335555291143928343e+03
1.487625473459920840e+03
2.649691445247663069e+03
2.960311741104135763e+03
1.448644840362354444e+03
1.157185244052021517e+03
1.937223379288551769e+03
3.230514319714884550e+03
2.046063264981647990e+03
1.246899252200862293e+03
2.385290558783844517e+03
3.348553001052813215e+03
1.616823293580958989e+03
1.094396472691126519e+03
1.783548954094970213e+03
3.017216078885626757e+03
1.669660348354498183e+03
1.128002920082135461e+03
1.820631871874099033e+03
3.071263727021639170e+03
1.854103286390907215e+03
1.218213035321860389e+03
1.549346502338825530e+03
2.688258227622518916e+03
1.697648085646548452e+03
1.205158400421190208e+03
2.318405562891923182e+03
3.727999157915421165e+03
1.791363094631527019e+03
1.444835468959715172e+03
1.614521477012165860e+03
1.299556581318595818e+03
1.636963410277369803e+03
2.766930191587168792e+03
1.682399096722523836e+03
1.368316664880246890e+03
1.487129186455547369e+03
2.839982785184184195e+03
2.577567087890360654e+03
1.461792328858464771e+03
1.373417341773852513e+03
2.382329210014209366e+03
2.779250863336436396e+03
1.508065983530873609e+03
1.398589618949200940e+03
2.522838804770552542e+03
3.787738509097786391e+03
1.758126638372743400e+03
1.233071830740253972e+03
1.343791951512082505e+03
2.874116076018339754e+03
3.415171068164534063e+03
1.485901358275963503e+03
1.162131170401310101e+03
1.278218319385357063e+03
2.553867763356254727e+03
2.899268369307631474e+03
1.404579856799239224e+03
1.224785201089413704e+03
2.224542451501006326e+03
3.623881330285832973e+03
2.068100229618291451e+03
1.176459350911191677e+03
1.194740562694821165e+03
2.261803295017378787e+03
2.585410976164162548e+03
1.519681761297172216e+03
1.278877553483545171e+03
2.133295263063243965e+03
3.103001653971023188e+03
1.756764379341414724e+03
1.295832962448651870e+03
1.889166311765107821e+03
3.181588946084327290e+03
2.464403320932252427e+03
1.325557880195074176e+03
1.433986550509149311e+03
2.878067251036328344e+03
2.411115992685671699e+03
1.368248614282083736e+03
1.203341909458691362e+03
2.129816958620852347e+03
3.179466947123910813e+03
1.737698642201181656e+03
1.329345891936507769e+03
1.315134229182481477e+03
2.368264294529610652e+03
3.555136065179330217e+03
1.644904136428853008e+03
1.197533702954375940e+03
1.457981463625928427e+03
2.833343411156067305e+03
3.174252240624883598e+03
1.417109295161588307e+03
1.292784135921689540e+03
2.508693551706327980e+03
2.758503365786213635e+03
1.295121233299580126e+03
1.197576996440287530e+03
1.912248801618218522e+03
3.269891738610381253e+03
2.083531709627586679e+03
1.229382065507208154e+03
1.363290174626058615e+03
2.731296476185674237e+03
2.317147422480323712e+03
1.295500397999934194e+03
1.293841624452249107e+03
2.303606045148593694e+03
1.662344420012459068e+03
1.612566140995808382e+03
1.508886821377396245e+03
1.892915855130799855e+03
3.592602675459446800e+03
2.348979866131863673e+03
1.375580691071880892e+03
1.368826982805053831e+03
2.404379593093044150e+03
3.240258433267595137e+03
1.565613108404267905e+03
1.326006567354473646e+03
1.534704139291175125e+03
2.894014441107805396e+03
2.161292918735332933e+03
1.445239978167813433e+03
1.481389474661308668e+03
2.680248196013261804e+03
2.497033604094554448e+03
1.481901272963707015e+03
1.495922511918599639e+03
3.104622992849522689e+03
4.102361911821683861e+03
1.762217053316425790e+03
1.059067619754974658e+03
1.095792559649526993e+03
2.114755924907267399e+03
3.048311945861109962e+03
1.611166747061664182e+03
1.195786661823205122e+03
1.244014404428016633e+03
2.377901307580910725e+03
3.820318905689220173e+03
2.553132532965384598e+03
1.230080987245933329e+03
1.092295045690174675e+03
1.680531275115448580e+03
2.739141616794948732e+03
1.740371209250500669e+03
1.322184436201966264e+03
1.395862434791549731e+03
2.500623335559318548e+03
2.698449534594755733e+03
1.460242539732826344e+03
1.342255293532160067e+03
2.312488409440566102e+03
3.217685041304762763e+03
1.654988789364402464e+03
1.297012785396204436e+03
1.846738398002769600e+03
3.102437337078229575e+03
1.755398224357121990e+03
1.312604447741248350e+03
2.064609473577009794e+03
3.312988862061483360e+03
1.820231956332979735e+03
1.269191838129794633e+03
2.187295869933287122e+03
2.709143168505994254e+03
1.477651871931832375e+03
1.348233991210326622e+03
2.318034297178461202e+03
3.263820332766601950e+03
1.620116987123059289e+03
1.244615309819684398e+03
2.006213395022016130e+03
3.249182850416887050e+03
1.934039893376102782e+03
1.288380724497003484e+03
1.829204905914778010e+03
3.136252010158768826e+03
1.859045064900135003e+03
1.233230876168515124e+03
2.174346912670768688e+03
3.113492501783121497e+03
1.601469131237850661e+03
1.170418804108084714e+03
1.990441946542426194e+03
2.735501316420684361e+03
1.441195965903552178e+03
1.308238053054324382e+03
2.120979096724490773e+03
2.521370856558567084e+03
1.367682505094102908e+03
1.619226651209913371e+03
3.334190275086247311e+03
3.998062403966738202e+03
1.920457288057019241e+03
1.039234857741450696e+03
1.022147428039329952e+03
1.905011123679326829e+03
2.511702726851269290e+03
1.381963532920369062e+03
1.233117087068278352e+03
1.744580502106176709e+03
1.795833731289430943e+03
1.465094224103813303e+03
1.501240825673007976e+03
2.104977513705087404e+03
2.115783694609615850e+03
1.647317681413953323e+03
