1.961236812974749682e+03
1.843337703741871564e+03
1.985979582935237659e+03
1.786397897740443113e+03
2.422122677353201652e+03
2.038721836652773391e+03
1.678964595279934656e+03
1.802476415900370284e+03
1.889626375418583621e+03
1.925492801000095824e+03
2.355637180456533770e+03
2.173725131387769125e+03
1.699358202494351644e+03
1.739553046249145382e+03
1.852338209295668321e+03
1.889353781925486146e+03
2.045253459656016730e+03
2.468149810155043724e+03
1.669870889686404780e+03
1.755885290076915453e+03
1.867832691627442273e+03
2.046654370567684509e+03
2.412731221362572796e+03
1.695301427491722734e+03
1.772033420984923168e+03
1.834246750621486171e+03
2.044524252126363990e+03
2.411021740944156591e+03
1.668156485939880668e+03
1.774194585239234812e+03
1.873683161807932493e+03
2.052110221303515118e+03
2.429385671852230644e+03
1.678393310456936433e+03
1.750668320822157966e+03
1.838383646771542089e+03
2.214654644118744727e+03
2.313826599119746788e+03
1.686222118410599933e+03
1.824208187653061032e+03
1.795889448415198103e+03
2.062672819102156609e+03
2.326686314545850564e+03
1.669477412835789664e+03
1.786208045234187693e+03
1.835190725432621548e+03
2.177351761775419163e+03
2.264958564564681183e+03
1.654486538063001717e+03
1.755827283865221261e+03
1.844371589754126035e+03
2.100445755697861841e+03
2.360192351490878082e+03
1.655937079384136041e+03
1.815051440761440517e+03
1.856937552562653991e+03
1.990201032293136223e+03
1.937926411579485148e+03
2.431012089767929410e+03
1.868205693682201627e+03
1.761959978102465129e+03
1.838419489107212030e+03
1.852465571371603346e+03
2.369517386200614055e+03
2.304392688852744868e+03
1.693444453307227377e+03
1.811479548978116554e+03
1.790282514982462544e+03
1.917514426667493126e+03
2.522827283186999011e+03
1.808540313595745602e+03
1.749893115607523441e+03
1.781353691027582045e+03
1.844273890468400850e+03
2.462427069923971430e+03
1.986279138148972834e+03
1.667653702663777722e+03
1.764511683013380662e+03
1.908765196992667597e+03
2.447350314637970314e+03
1.978122975793311980e+03
1.696581381406952914e+03
1.741193117958522635e+03
1.891527872763396999e+03
2.367197499247123233e+03
1.843452671752302422e+03
1.719838948264075043e+03
1.798131406030942344e+03
2.386660358478069156e+03
2.203433722343990667e+03
1.628762431785290119e+03
1.793979799404661208e+03
1.899132590149577481e+03
2.352362447437101764e+03
2.243565426459006176e+03
1.658426460396753782e+03
1.757619109227327499e+03
1.877684156479744615e+03
2.454081782919826765e+03
2.280530876363839980e+03
1.658178796752016297e+03
1.696143468676762041e+03
1.812832220905526810e+03
1.870246973416705487e+03
2.488784608501779985e+03
1.942197034742783899e+03
1.694570110585747443e+03
1.815940101340511774e+03
1.891800496233253853e+03
2.450150874249938624e+03
1.815089439891485881e+03
1.740487079127897232e+03
1.788396507188202349e+03
2.015860650396474057e+03
2.418489179851519566e+03
1.692475892946034719e+03
1.772917359881111224e+03
1.877933908609539003e+03
1.939512613261807473e+03
2.176183697997999388e+03
2.262948767276161107e+03
1.854660105772003590e+03
1.870518210271993212e+03
1.731883800316054021e+03
1.835722694851144070e+03
2.446369300513838880e+03
2.074589439705813220e+03
1.700445108595566126e+03
1.790048802507970322e+03
1.894349772467288858e+03
2.398917882367947641e+03
2.050780937412813728e+03
1.666319528779747088e+03
1.869678939887318620e+03
1.899654907425322563e+03
2.298658169790071497e+03
2.180256630570358993e+03
1.723711030658671461e+03
1.861666733920262004e+03
1.871001619540533966e+03
2.305394259652291566e+03
2.279992512145314777e+03
1.682621990473467122e+03
1.880965390416531136e+03
1.817055928546405312e+03
1.847694587359916341e+03
2.309559476198858192e+03
2.168207029462712399e+03
1.744317837361124930e+03
1.803408899687833127e+03
1.839319617120914472e+03
1.957516425750782446e+03
2.352459871932327587e+03
1.822923912846079020e+03
1.757779051488529603e+03
1.883055378296159915e+03
1.902964582904889085e+03
2.361292777166328051e+03
1.800028953066957229e+03
1.821971876160683451e+03
1.688371938174717116e+03
2.055701150571892867e+03
2.363273420493982030e+03
2.119030035953197057e+03
1.607739257979206741e+03
1.784434156723854585e+03
1.796266099382913580e+03
1.912260951726248777e+03
2.393768215403434624e+03
1.806240564607425540e+03
1.785599772087105066e+03
1.815141657697530718e+03
1.844543810991155397e+03
2.341248663838320226e+03
2.211611112828218666e+03
1.690405741140505370e+03
1.795731259255471514e+03
1.938307860043372784e+03
2.371381337632235045e+03
1.762024771336681852e+03
1.937442327960526427e+03
1.776685357204567254e+03
1.731392876629979583e+03
2.354921521758582003e+03
2.324221642421544857e+03
1.646051214895548128e+03
1.779997187740686741e+03
1.766489976799929082e+03
2.256856296465326523e+03
2.346949030051137015e+03
1.660767924011628793e+03
1.773591471943561828e+03
1.823400839703836027e+03
2.059379415552807586e+03
2.378714282519680637e+03
1.708901481919292110e+03
1.742147912215738870e+03
1.824691109643922573e+03
1.904174127252099652e+03
2.443934516936591081e+03
1.959798161553777391e+03
1.683487970386252528e+03
1.747500154269774157e+03
1.952076952997324952e+03
2.454364210711625674e+03
2.018587155019312831e+03
1.670197686367509277e+03
1.812788983499867300e+03
1.851360310735454732e+03
2.366552240980949591e+03
2.274184378579074746e+03
1.661831229613315145e+03
1.772483051056027762e+03
1.773156605182384965e+03
2.111033471692250259e+03
2.482152600151633578e+03
2.074059485885169579e+03
1.874057776874532010e+03
1.661928533244836899e+03
1.698706040800914025e+03
1.789318361639140221e+03
1.975012064513951600e+03
2.055848368464065970e+03
2.023932614593192056e+03
1.930360145812524024e+03
1.940121768121298828e+03
2.321799616552440511e+03
1.794185000163712857e+03
1.788288703518898274e+03
1.815924080554071907e+03
1.924018773677127456e+03
2.453062815541024975e+03
1.826083620024984157e+03
1.727592304870295720e+03
1.828555210582870359e+03
1.917833035589500241e+03
2.363317120175791842e+03
2.189853023975067572e+03
1.658307909726307571e+03
1.835279212628914138e+03
1.878913066769935995e+03
2.204170595475965456e+03
2.381632667043988022e+03
1.651790533857581977e+03
1.770074145841096197e+03
1.833152219091189181e+03
1.920619807120294581e+03
2.364262943213758263e+03
2.135065898417724384e+03
1.674177532515002213e+03
1.791673027763988784e+03
1.834658806008075089e+03
2.375087354465922544e+03
2.136876551418577037e+03
1.663111286611492233e+03
1.814093989699100575e+03
1.812255249711311080e+03
2.002962299743088579e+03
2.472616822067855537e+03
1.812952679371550175e+03
1.727852838297720609e+03
1.873343620935701665e+03
1.833939854563210929e+03
2.423901565796617888e+03
2.201860330217506089e+03
1.618265620005800656e+03
1.718017963746811120e+03
1.831930176075720738e+03
2.334562521951533654e+03
2.373194403752094786e+03
1.627347392804733545e+03
1.775711844181853166e+03
1.790999265132808887e+03
1.919150974191230262e+03
2.452486712515908494e+03
2.138690597535714460e+03
1.675788847323090295e+03
1.804074465230952683e+03
1.814990079547257665e+03
2.198545852059859953e+03
2.458155937608228214e+03
1.702111504891071945e+03
1.686571804332063493e+03
1.826658912968411641e+03
