1.876148493283013522e+03
2.227603683712503425e+03
1.784121958065326226e+03
1.694334827428319159e+03
2.601902619682873137e+03
4.111724198919364426e+03
1.920040347932344275e+03
1.530476201044680010e+03
1.289651678002219114e+03
1.090773328486234732e+03
1.583998666664457232e+03
3.265126054858607858e+03
3.879758419831302035e+03
1.792438151059684515e+03
1.768540340230944366e+03
1.713391236638865394e+03
3.766202924872590643e+02
1.496121927384417177e+03
1.870355339274271728e+03
2.091177513248262585e+03
3.777540591928931462e+03
2.469708224782971683e+03
1.920823783380415534e+03
1.030198023773746854e+03
1.261141375135205180e+03
3.506862573305836577e+03
3.335870519825673455e+03
8.031463334019241529e+02
8.772513565328782761e+02
1.629753400936374646e+03
2.459646175323577609e+03
3.841630935761500950e+03
2.235017392214576830e+03
6.962509034078727836e+02
1.370397868195408591e+03
2.014405219060379295e+03
3.625781672729896854e+03
3.037816185508532271e+03
7.919942010120630584e+02
8.987511161819298877e+02
1.471692639587604162e+03
1.854892573373975665e+03
3.406540167835285956e+03
3.483817391299875908e+03
1.056674053686716888e+03
9.104853247437575874e+02
1.593891668791238089e+03
2.030370818749049931e+03
3.805494868124604636e+03
2.667021039977584678e+03
8.852122225202240315e+02
1.144508706760982477e+03
1.777821606062104365e+03
2.153980173214310071e+03
3.435591490832097406e+03
2.589944123951379424e+03
1.143419492680053736e+03
1.502367590077296427e+03
1.858137334429032762e+03
2.148274526307257020e+03
1.978240758125213688e+03
1.830302866985474793e+03
1.884501846975409308e+03
3.063373554218534537e+03
3.477156587661187586e+03
1.495243140524346927e+03
1.645330852695026124e+03
1.328294930015925047e+03
1.461268210825483266e+03
1.782090734588520718e+03
2.596875428598630151e+03
3.621592223849755555e+03
2.496048129602814242e+03
1.226836371713046674e+03
1.253199333292701795e+03
1.144352401567878815e+03
1.736630269390686180e+03
3.041721681611112672e+03
3.830426086562444652e+03
1.264485344831399743e+03
6.373148612868889131e+02
1.369931892315469668e+03
1.954195728528615518e+03
3.411443254505534242e+03
3.089665756605939805e+03
1.115560144972520902e+03
1.176464342760673617e+03
1.586900094208002201e+03
1.926887559976916918e+03
3.603737047885638276e+03
3.439916687494566304e+03
6.649647500034546965e+02
1.006924146470239521e+03
1.658563910043098758e+03
3.461294957382075609e+03
3.408305817822138124e+03
1.600342373615518682e+03
1.406247412600867619e+03
8.241921346835733857e+02
1.725336771188716511e+03
2.302961239226523048e+03
3.969102192548561106e+03
2.110593432994264731e+03
7.357361604328342537e+02
1.336481902666829455e+03
1.781312828086003947e+03
1.965569516264541789e+03
3.370166106554538146e+03
3.562646596138350560e+03
8.466075555283143785e+02
1.011742783235442857e+03
1.738085424301347302e+03
2.020752157321928507e+03
2.084561420902662121e+03
2.850941870815705897e+03
3.449436550951401387e+03
2.164882006639989413e+03
7.000858592543017949e+02
1.154647614565622462e+03
1.690334468462064024e+03
2.882255963700523807e+03
3.811870993554765391e+03
1.631312499663174549e+03
1.711811705966106501e+03
1.690324580790227856e+03
8.216842253079695411e+02
1.544930678530118939e+03
2.150925272826826131e+03
3.795610613926215137e+03
2.375944543501099361e+03
1.378527016080186968e+03
1.009635318417437475e+03
1.629276810541520945e+03
2.009646387162109477e+03
2.155045804140072050e+03
2.687078548613466864e+03
3.770287184184482157e+03
1.375286695100809538e+03
1.166730150369461398e+03
1.589338945994520600e+03
1.949226914667163328e+03
2.128387163525047526e+03
2.054861185093088807e+03
2.155486252064712517e+03
3.571393971049805259e+03
3.078452693212679605e+03
9.027211788307555480e+02
1.306413998207764962e+03
1.732881818054228916e+03
1.565470344703970341e+03
2.229098956737372646e+03
3.678134962133006866e+03
3.618897118702093849e+03
1.278353934716913727e+03
1.266306141938238170e+03
8.876797854139741730e+02
1.160546478215257594e+03
1.851916066431671652e+03
3.326520468524152420e+03
3.315321196290265561e+03
8.404147801340417345e+02
1.415809901121955818e+03
1.476594434194709265e+03
1.945300645666225819e+03
3.212469357479676091e+03
3.222451039580032557e+03
1.046779034842360943e+03
1.178343051908072539e+03
1.629654629211809606e+03
1.935729892496206503e+03
3.489691116698223595e+03
3.489474495868896611e+03
8.802537899763046880e+02
9.327077933747473253e+02
1.651983648581365060e+03
2.050432291774437090e+03
3.510644536285782578e+03
3.355214400080905307e+03
7.390738805792093444e+02
1.059840087916162702e+03
1.613620487285005993e+03
2.060178700839602698e+03
3.647938233574794140e+03
2.850048754331787222e+03
6.654234298798114651e+02
1.363383715361425629e+03
2.304945209296793109e+03
3.459634003449114516e+03
2.287827511673351637e+03
8.747851875892343969e+02
1.146184789644807324e+03
1.762389175377919628e+03
2.165632077744482103e+03
3.597226164482869081e+03
2.471395145419076471e+03
8.441390221390370243e+02
1.411572585522603049e+03
1.817537210117887298e+03
2.079229985777602451e+03
2.198253640861328222e+03
3.506131340566996187e+03
2.285183701864062641e+03
8.384813932941046914e+02
1.725538204359519341e+03
1.882901332965203665e+03
3.363482658202144194e+03
2.695447697729229731e+03
7.395963864693985670e+02
1.384805982218434565e+03
1.921426120828072271e+03
2.049107249325467365e+03
2.023823218365547518e+03
2.957273025478688396e+03
3.256819018862847315e+03
1.176244080662187116e+03
1.245795611932368274e+03
1.684150953404445772e+03
1.940539785044691826e+03
2.055496799060330886e+03
2.931075463088403922e+03
3.703601688113818909e+03
2.286950116465538485e+03
5.211507640803996537e+02
1.069889338163552793e+03
1.711690625038312646e+03
2.022036966278290947e+03
2.054811929576417697e+03
2.328921441078211956e+03
3.543662336261697419e+03
2.664067786420069297e+03
8.463964075229442869e+02
1.284701056221227191e+03
1.828693858608057099e+03
1.988262006490312160e+03
2.391619697851742785e+03
3.313759923307603003e+03
3.024171763520304012e+03
8.315347821938136121e+02
1.105482431161812883e+03
1.589978589886014788e+03
1.978956190695289706e+03
3.328778103680912864e+03
3.593915668427467153e+03
9.371180949146843204e+02
6.594292333029575275e+02
1.637726044117373476e+03
2.013126845833311791e+03
3.480309193250487169e+03
3.372938173097805247e+03
8.628543726899303010e+02
8.565124865004498815e+02
1.633823054037159636e+03
3.093915104461569626e+03
3.603497345161516932e+03
1.139680017324940309e+03
8.848624087302473527e+02
1.558847211082281774e+03
2.086622872800767254e+03
3.660759731361100421e+03
1.672572310573976210e+03
1.045040659945330162e+03
1.668201083354231059e+03
1.930474083741557479e+03
3.023658802814309183e+03
3.167346793698992769e+03
1.003673297764443873e+03
1.509978483422732324e+03
1.865212623675387249e+03
2.031082631362882694e+03
2.676675482746873058e+03
3.623285542299058307e+03
1.318735803455995210e+03
1.097854749253613363e+03
1.638390176204368345e+03
1.951085363428343271e+03
2.049496391934326311e+03
2.026506857671952275e+03
2.513857148721948306e+03
3.608068148909611864e+03
2.771354177114274535e+03
6.465469739627509398e+02
9.953079826562985772e+02
1.686776890307482972e+03
1.912190430383407374e+03
1.988525554462727314e+03
