3.979243911706061681e+03
1.570271288892553002e+03
6.515122531949399445e+02
1.348602991461012834e+03
3.819402972229923307e+03
2.454592434001622678e+03
7.195201639609285849e+02
9.863614103077358095e+02
3.178050608941076916e+03
3.394145729283331093e+03
1.063129810387405769e+03
6.854268911894658913e+02
1.301195844842637598e+03
3.667639796159605794e+03
3.190724795568476111e+03
5.787621370826536804e+02
8.793851967911217571e+02
3.365252462674385242e+03
2.965053656721428069e+03
7.650176485701699676e+02
8.121389593560048752e+02
2.359307263289112143e+03
3.999115943516429979e+03
1.847972485783198636e+03
5.061865794803134690e+02
1.123370417122589288e+03
3.664405468187707811e+03
2.271141671167577897e+03
7.509650660821055226e+02
1.743471672899428768e+03
4.020389353588954691e+03
1.239996202058344352e+03
6.239175696715747108e+02
2.967908452699353347e+03
2.653322898240506220e+03
7.090573690686463806e+02
1.302135312081245274e+03
3.939385296118060069e+03
2.265866859829506666e+03
4.772614603081725591e+02
2.422239052426160924e+03
3.738536012783411934e+03
6.253228860102117324e+02
6.546427891855209964e+02
3.310379396315117901e+03
2.794771389713150711e+03
6.712301305055411831e+02
1.326739099234506511e+03
3.976229743661334396e+03
1.355531728336496826e+03
5.931216805078407788e+02
3.132210033704016496e+03
2.572409538547930424e+03
5.596837662609676727e+02
2.686014703418936278e+03
2.991988079072029905e+03
4.963496884256323938e+02
1.522362221037046083e+03
3.839854219460250533e+03
2.059710765038783848e+03
4.220943431013474196e+02
1.571809423270527077e+03
3.873443721250093404e+03
1.477633510823700135e+03
5.142783973917031517e+02
2.297039541930117593e+03
3.600393876498433201e+03
7.953944211871545349e+02
1.228541805268416738e+03
3.887158611263567764e+03
1.775982624632464649e+03
3.616267374663573264e+02
2.331194272582479243e+03
4.052948490358608524e+03
1.228495407607728339e+03
3.475697226085300713e+02
1.377331511562071228e+03
4.158385016248124884e+03
2.058486790170074983e+03
6.153356422120433535e+02
1.049552232831951869e+03
3.740562807002161662e+03
2.410471856206136636e+03
4.235270488012862984e+02
2.436776561606335235e+03
3.650264193432681168e+03
6.755742991014152494e+02
1.108811535984135617e+03
3.953093656411342181e+03
1.493327530286740512e+03
4.146392352189676558e+02
3.179042333376505212e+03
3.043352803611546733e+03
4.700959665214580241e+02
1.390513909084090756e+03
3.823582783404085603e+03
7.389641110576702658e+02
9.348017417890669094e+02
3.625013632219450756e+03
3.034146955807649192e+03
2.126324447366977893e+03
3.447404384513388891e+02
2.317395128672359533e+03
4.064536212589041952e+03
8.898373779912760710e+02
2.011701791910624024e+02
3.370123984157874020e+03
3.330588152775900198e+03
4.915345542308999711e+02
8.271912498377064367e+02
3.642743158565482190e+03
2.689479679926728295e+03
4.525489279276354750e+02
8.984600541026344445e+02
3.964007371158067144e+03
2.376743954119016507e+03
3.882486380023493666e+02
1.985385023082880707e+03
3.782898092771818938e+03
5.387364357373955954e+02
8.921053843632975031e+02
3.568486402082681707e+03
3.353005175913430321e+03
5.903742403485879322e+02
5.730308023193058489e+02
2.853882596625032420e+03
3.616927766250515560e+03
8.310657318917112661e+02
7.520947979163579475e+02
2.651702867615297691e+03
4.010008072625676959e+03
1.608312389109144306e+03
3.596657783887458208e+02
1.333063708684714584e+03
3.963479045911052253e+03
1.964745733467193759e+03
5.999381871616906210e+02
1.008173376863046201e+03
3.509750401621414767e+03
3.123260781914449126e+03
7.412418338058766949e+02
1.041069338639019861e+03
3.376066274142470775e+03
2.982393123506880329e+03
7.071851934190167412e+02
1.247916519992952772e+03
3.785019154212815465e+03
2.551601908631887909e+03
3.658104980114638352e+02
1.088769759337779305e+03
3.704748201912418608e+03
2.505890405808758715e+03
6.070169392880059149e+02
1.569674274019476115e+03
3.921979660405988398e+03
1.462530770732585552e+03
4.828325055751442960e+02
2.656765734866889488e+03
3.467064850649530854e+03
8.627924139421412519e+02
8.802642237110404722e+02
1.622691116302341925e+03
1.953231319436876902e+03
4.170578799044794323e+03
2.189457496890494895e+03
-3.906598037001225521e+01
2.335599693275702521e+03
3.763080878971736183e+03
2.284549821228201552e+02
9.254746964200136290e+02
3.950132988263959305e+03
2.291187883961546959e+03
1.814086806637635391e+03
3.432959246716978186e+01
2.169889151911418139e+03
4.047348271591653429e+03
7.549425260846248875e+02
4.246489074039686216e+02
3.093518787414141116e+03
3.732421487011082263e+03
6.765177748988526218e+02
6.878543698076952069e+02
3.297189331058859807e+03
3.609861224438215686e+03
1.790745440750295757e+03
1.941157476157401106e+03
1.897885930212824519e+02
1.872108202965513328e+03
4.097614542722209080e+03
1.231181807887723153e+03
2.480069783533702719e+02
2.369525947252152946e+03
3.980469039421056550e+03
1.247979390079994346e+03
3.918121553824997818e+02
2.083373587938112905e+03
4.012532385985068686e+03
1.029013233980690757e+03
6.096928453438257520e+02
3.507056910497095032e+03
2.747286157583024305e+03
6.616503612872608073e+02
9.295865942244547568e+02
3.441575023924099696e+03
3.640097170203394853e+03
7.458351528207247156e+02
4.426209151161037312e+02
3.135258889932007605e+03
3.827390794767660282e+03
9.387377623334778036e+02
3.698493264028122098e+02
2.217115820270689255e+03
4.022254668927971125e+03
1.237191322479855444e+03
6.190275089210684882e+02
1.963881042584956049e+03
3.905244918136100296e+03
1.468840806680427477e+03
6.492148560977360603e+02
2.422835817070459598e+03
4.068048149225795896e+03
1.333455867407164305e+03
3.678133090008771546e+02
1.490055154425917863e+03
4.099302646411575552e+03
1.932283577541935301e+03
5.214787815741070744e+02
1.522781940187442615e+03
3.990070618281625229e+03
1.480339976358232661e+03
6.673862789349233253e+02
2.906951424615003816e+03
3.586917167635703208e+03
1.063534088346067620e+03
5.430316056798420732e+02
2.976006920696651378e+03
3.358006050474384665e+03
6.738438600308793411e+02
8.202147585995045347e+02
3.092866089299504438e+03
3.355282314027573648e+03
6.385173155946475845e+02
1.214863533823302078e+03
3.827315309795283156e+03
1.056287272026753726e+03
8.173163819360489697e+02
1.721235777520587135e+03
1.711871685899811609e+03
2.484082973214340200e+03
4.172218261271005758e+03
9.148255903483557177e+02
6.496660429656635642e+02
3.445062164897670755e+03
3.002541227210128454e+03
2.777318428990507186e+02
8.563950633130179995e+02
4.044504173444726803e+03
2.544757231304487050e+03
5.348331858598857025e+02
8.346030861672327319e+02
3.491514662043240151e+03
3.332619438096744034e+03
4.886034939356220548e+02
8.691208759089181513e+02
3.936586403856545076e+03
1.382546672151889652e+03
4.592015540888187957e+02
3.077994286424992424e+03
3.728870314804877125e+03
9.455992112266801541e+02
4.843342027542244637e+02
2.634916156444151966e+03
3.688380632568528199e+03
1.090936980746968175e+03
5.212987533309164974e+02
1.966977235199612323e+03
3.974047455379385610e+03
1.961617626105894260e+03
4.681911937228635452e+02
1.088408260459306803e+03
3.723474448733107238e+03
2.779347387633069047e+03
4.069119757022530166e+02
9.109173399345983171e+02
