2.952416056225934881e+03
1.087137924172489875e+03
3.386219620208945571e+02
1.660236593297964873e+03
2.156979003727456075e+03
2.127914188322071823e+03
2.174776265858823990e+03
2.081271814909803197e+03
3.109306442054847139e+03
2.381334059687946137e+03
1.338513405177475988e+03
1.275575906479485866e+03
1.960626384453663377e+03
2.001839598059892069e+03
2.098871977917023742e+03
2.345027574270206060e+03
2.841682796511975539e+03
1.404219909510991556e+03
1.684907666917051984e+03
1.924374354414863092e+03
2.297484136403554203e+03
2.460841315026783377e+03
1.393645400842355230e+03
1.787616527598348739e+03
1.955707635838269880e+03
2.558297925625234257e+03
2.245589808313076446e+03
1.261705847923944475e+03
1.775440352253537185e+03
2.175171746177649311e+03
2.585113993198768185e+03
1.594464036868795802e+03
1.557219565829195290e+03
1.893086448172652354e+03
1.968550987136302638e+03
2.745361996162902415e+03
2.544079875789486323e+03
1.142204775832749192e+03
1.711290703874539759e+03
1.889588126691950947e+03
2.578244416023916529e+03
2.368338783128263003e+03
1.297541109529303867e+03
1.810299796798743046e+03
2.035132349150416076e+03
2.038105123173928632e+03
1.999841895913198186e+03
2.030727664498877857e+03
1.904484633031079966e+03
2.012716915695131092e+03
2.079878098431368926e+03
2.066175843034384798e+03
1.984070213703101899e+03
1.916166753972616334e+03
2.500328409012944576e+03
2.026683571900226070e+03
1.434350145764533636e+03
1.807029038566213558e+03
2.096096312437235611e+03
2.681349082962034117e+03
1.737414796411737143e+03
1.435880629182740449e+03
1.843860164665135017e+03
2.648987626151197674e+03
2.549762557655046294e+03
1.145770819102541054e+03
1.630239436673077989e+03
2.060509270522431507e+03
2.764182386459656300e+03
1.781574475448974454e+03
1.333032249681007443e+03
1.805930493020699942e+03
2.416196570057473309e+03
2.707830024287744436e+03
1.435741269582587165e+03
1.501686631411985900e+03
1.858600533349985881e+03
1.937305283475351871e+03
2.650589315313271982e+03
2.705029897421522946e+03
1.275662831971928426e+03
1.545290654369534423e+03
1.939206260508216019e+03
2.301542623807341442e+03
2.637527773156775766e+03
1.556260857715783686e+03
1.477821545735084101e+03
1.848191698984395771e+03
2.133265825202292035e+03
2.710022357425257724e+03
1.807251481302041384e+03
1.413237601280033687e+03
1.949704264220533105e+03
1.804179387555024277e+03
1.898531055308486430e+03
2.592990392906860052e+03
2.468068439360784396e+03
1.386420365446000005e+03
1.678567350721075400e+03
1.852611234211482042e+03
2.549590147214554690e+03
2.234204251660788032e+03
1.542139399401921992e+03
1.846736925408531533e+03
2.033566131081436197e+03
2.632488225958003568e+03
1.637924314135024588e+03
1.570875963614714692e+03
1.970745476963034207e+03
2.622544833355304036e+03
2.008694068624322426e+03
1.381260570898527021e+03
1.777558198840527666e+03
2.511125401684258122e+03
2.296582882566515309e+03
1.595609564890389493e+03
1.678292819036461651e+03
1.940783262895936559e+03
1.943647789010016595e+03
2.051273443504154784e+03
2.454188579320008103e+03
2.695045253905480422e+03
1.267374941949053891e+03
1.541310247102160929e+03
1.939503955911758339e+03
2.147080687819887316e+03
2.702390604658871780e+03
1.789532740011117312e+03
1.856600744965030117e+03
1.965623605134396485e+03
1.946723192995406180e+03
1.920201154087294526e+03
1.966753010616986558e+03
1.978606764764395621e+03
1.510915043211000238e+03
1.927124046089950980e+03
3.069442631056019763e+03
2.608999968701657053e+03
9.999158291468820607e+02
1.338825388287950773e+03
1.793089655051596765e+03
2.101520584030978625e+03
2.842958421117302350e+03
1.819818282736430092e+03
1.456779119712927695e+03
1.719971395742635195e+03
2.174455019070858725e+03
2.796806190289014012e+03
2.038292598517851047e+03
1.226608613699654370e+03
1.584954337548400190e+03
2.257970517287784332e+03
2.724760003394549585e+03
1.667787189796060147e+03
1.480083250089583544e+03
1.736613117574667285e+03
2.163941928296429069e+03
2.762010165964337830e+03
1.847491393659182677e+03
1.460845985806243334e+03
1.744273902734165176e+03
1.853673767291858894e+03
2.524869950582851743e+03
2.734395677495211658e+03
1.450969834489319965e+03
1.528102713775177335e+03
1.882611062474122718e+03
2.139843089788968882e+03
2.641207591760706691e+03
1.835534226865345090e+03
1.431781581209231945e+03
1.741226617018160823e+03
2.399007602967612456e+03
2.514518801484039614e+03
1.549950650693492207e+03
1.607918554590913800e+03
1.896756549217825977e+03
2.624873205895143656e+03
2.051592154472337370e+03
1.475093177000653441e+03
1.739646251894283751e+03
1.835522727216511612e+03
2.710183186184002807e+03
2.412602849594805775e+03
1.448875297312705470e+03
1.580495227392188326e+03
1.781799313009721573e+03
2.670927144515299460e+03
2.190041823254023257e+03
1.453800570639977877e+03
1.808659933802164460e+03
1.849478385320715006e+03
2.074683974398486043e+03
2.823520475650669141e+03
1.800918779380030173e+03
1.352505293329855476e+03
1.738472495532246512e+03
1.887166798276277405e+03
2.892357021172870191e+03
1.928576763136517229e+03
1.441995863637257344e+03
1.806811259017549901e+03
1.766491317647728692e+03
1.926348338275580318e+03
2.943601278556546276e+03
2.239861545373970785e+03
1.082885660412879133e+03
1.686251745551504428e+03
2.037747780752349399e+03
1.944763595229051589e+03
2.354826461010878575e+03
2.820743432106635737e+03
1.109337781360491363e+03
1.682156386152066489e+03
1.977436540754853922e+03
2.071286604940677989e+03
1.866902066159247397e+03
2.568820442352131067e+03
2.814992469571167021e+03
1.157440095831226472e+03
1.417753742517311366e+03
1.901712217546406464e+03
2.755401674607748191e+03
2.485166944071250782e+03
1.243317758306421183e+03
1.674726235109742447e+03
2.335350608921265120e+03
2.624268441449610691e+03
1.274409305586461642e+03
1.753464545862502291e+03
1.909496933132944832e+03
2.634747796982263026e+03
2.246596815661606342e+03
1.207782645214271042e+03
1.913337744993753859e+03
1.917191519973346885e+03
1.891822040960308868e+03
2.702074985920427025e+03
2.546715765685671613e+03
1.303817264746598312e+03
1.511852933849473175e+03
1.807612981465927987e+03
2.116705073734175585e+03
2.802876141416782502e+03
1.740655496008840146e+03
1.405674010573100986e+03
1.867340282892847881e+03
2.586565249163216777e+03
2.449309269943528307e+03
1.296421954109503531e+03
1.693588999871671604e+03
2.313673297218051175e+03
2.536078249020970816e+03
1.598682256444535824e+03
1.544371455158123581e+03
1.789053056755108628e+03
2.511939687035605402e+03
2.461860755795928071e+03
1.474072827760039445e+03
1.593852867192445274e+03
1.898704765165362915e+03
1.992907206168779794e+03
2.628833260486396739e+03
1.944330563608603370e+03
1.482845849438388541e+03
1.809178844820299219e+03
1.892578846717457054e+03
2.528347489242782558e+03
2.711417759636702613e+03
1.358762701218786333e+03
1.486168554343938240e+03
2.043263658869750543e+03
1.967732936378046588e+03
1.792410037656532268e+03
2.497959158365596977e+03
2.693167851503561451e+03
1.368263848265306478e+03
1.519076303788606083e+03
1.885196709431164663e+03
1.933696132682272946e+03
2.699502521854737552e+03
2.611034599525288741e+03
1.273356881806347246e+03
1.435543625905910631e+03
1.862857059392606288e+03
