2.726882082502564572e+03
2.453196985970471360e+03
7.830251699275327155e+02
1.029911819671182911e+03
1.724869216832989878e+03
3.054720207010136619e+03
1.540227086568377445e+03
8.814329175947567592e+02
1.367663030463922951e+03
1.728900408308270471e+03
1.704062395454724765e+03
2.432752669180876637e+03
2.694324113903626312e+03
1.431213360177321874e+03
1.078348554006969380e+03
1.404813130938481891e+03
2.401061813163212719e+03
2.276927278501430010e+03
1.351910015936400669e+03
1.318540076758886926e+03
1.552472096191442915e+03
2.929692886607111632e+03
2.508884233648151167e+03
8.071410094555081969e+02
1.130074954326637908e+03
1.996831894930705175e+03
3.154012893155125312e+03
1.025428954569642428e+03
9.474773282002400947e+02
2.857458066122316723e+03
2.219957326850196296e+03
5.903424869437166080e+02
1.122197577124731879e+03
3.344901447444714904e+03
1.671286667423348035e+03
5.911182584370696986e+02
2.218776383675098714e+03
3.069340078337247633e+03
6.158423253488111868e+02
8.347962260208937550e+02
1.423913717101572274e+03
1.837773567878472932e+03
3.072590775640243010e+03
3.600763652993749474e+03
5.762348639278498013e+02
7.229683300348532384e+02
1.031680585113581174e+03
2.936307332702005624e+03
3.276548897125167059e+03
6.090065907580293469e+02
9.050796346824903367e+02
1.369034100308461802e+03
2.756439390302824449e+03
2.614177077012977406e+03
1.007349808111057655e+03
1.079972006175357819e+03
2.337063394419187262e+03
3.347008453713690415e+03
4.801309559884439295e+02
1.006829019008481737e+03
1.430336032451005167e+03
3.501902112406800370e+03
1.196165753139772960e+03
8.027412033536761555e+02
1.611847418772967103e+03
3.551758898478475203e+03
1.076720672462413404e+03
7.117546546894787980e+02
1.615151183868454154e+03
3.493827466527539400e+03
9.124275664114005622e+02
9.109690940932598551e+02
2.257210706802174627e+03
3.446972780448717913e+03
7.075376266792828801e+02
9.390802630908505080e+02
1.363854312883512648e+03
3.332295002270247096e+03
1.996797513783388922e+03
8.193916132062447559e+02
1.160127665232633944e+03
2.284367231409976739e+03
3.376070625870860567e+03
6.980256296299145333e+02
9.532701363153629472e+02
1.241847004519901247e+03
2.993947438316575699e+03
2.554713793651289052e+03
8.326682874700828734e+02
1.165213007328213962e+03
1.789549508907269455e+03
3.311518627115723120e+03
1.019555674303195246e+03
1.055208226788648290e+03
1.786349901572675435e+03
3.382414908445231504e+03
9.050209811045406241e+02
1.048312027468118231e+03
1.490199238548627136e+03
3.464286505192934783e+03
1.315415191123973500e+03
8.989062005679297727e+02
1.530639425455613946e+03
3.045656543773120120e+03
1.209666245045679034e+03
1.031253747731707563e+03
2.308578486738282209e+03
2.454751726670255266e+03
1.013613995885085842e+03
1.474810686428034614e+03
3.243424328520298786e+03
1.422430806632418580e+03
9.492299776706648800e+02
1.326240696207845986e+03
2.820397991757638010e+03
2.602643770793227759e+03
5.627015997372203628e+02
1.132170479506373113e+03
2.247049153444523199e+03
3.272996489981198010e+03
7.834249349489933820e+02
9.637508968877469897e+02
1.903475187062839950e+03
2.944339362006289321e+03
8.443860438219162461e+02
1.292006499164423985e+03
1.295890704606856161e+03
2.715755673606325672e+03
3.169104974142930587e+03
6.854937027423889049e+02
7.701614929931452025e+02
1.599432259086554950e+03
2.619460735824013682e+03
1.514817365983823493e+03
1.361243525155046882e+03
2.122173417023499496e+03
3.116882792078543844e+03
9.982048963052635600e+02
8.493292037204313374e+02
1.633991757018837916e+03
3.511594723943190274e+03
1.181518552857666009e+03
5.847093602705715512e+02
2.349556780043393701e+03
2.922758244104307778e+03
2.400709639100078675e+03
4.187994436592344414e+02
9.655085553868034367e+02
1.162914940692936852e+03
3.411003843085617973e+03
1.357872275381546842e+03
7.054336130860418734e+02
1.166478367250102792e+03
3.100963724949080643e+03
2.092329903931994522e+03
7.891155562578612717e+02
1.287644522792057387e+03
2.604103590894023455e+03
2.625891840904547280e+03
8.724796487322125813e+02
1.041281823608644800e+03
1.626448425090651881e+03
1.765580947261001711e+03
3.573548356373188653e+03
2.815035525821521787e+03
5.760452246110535270e+02
1.122484343486563375e+03
1.288777937318464865e+03
1.743325478076911850e+03
3.588249017392594396e+03
1.156553104898903939e+03
1.019311133797234220e+03
1.246407342599616641e+03
1.646500503956366174e+03
3.637935220315212518e+03
1.415905668973549155e+03
8.950184112337136639e+02
1.096357308174046011e+03
2.294931382933494660e+03
3.679330582316842538e+03
9.471140694730662517e+02
6.436088298589763781e+02
1.368694914953571470e+03
3.365217763594406733e+03
1.824577043415801882e+03
6.872323951195809286e+02
1.224425569326405139e+03
1.656451769676677031e+03
3.695819077443928109e+03
7.042349823791594190e+02
8.448978010855403227e+02
2.536526928125776976e+03
2.734849485720268603e+03
4.075238511551634474e+03
3.606439332590330650e+03
-1.312701965626309857e+02
-2.169930371228813115e+01
6.467735229333039797e+02
1.014034879032112599e+03
1.329631840606624564e+03
1.576394249109894190e+03
1.805191419414501297e+03
1.944050749302563190e+03
3.717079887336700267e+03
1.916071590996592477e+03
8.223092615414932425e+02
1.315846912918420685e+03
1.855383920754398787e+03
3.255568707676702161e+03
1.208645150206965354e+03
1.347202625297604527e+03
1.706076821832418318e+03
2.914057109262817903e+03
1.240507089311500295e+03
1.236986048271452773e+03
1.461029477841025937e+03
2.326231602842288339e+03
2.976743069167464910e+03
1.048693874990964332e+03
1.185599542876073428e+03
1.693737474990870851e+03
2.823318773717989188e+03
2.184994523815848424e+03
8.330852508882737766e+02
1.304400019111169968e+03
1.560105935423347091e+03
1.585781122377268730e+03
1.682325936888921660e+03
1.989058472175806401e+03
1.732091922541140093e+03
1.964878936942148357e+03
3.189159825010219265e+03
1.387751708889080419e+03
8.323597590321475082e+02
1.887648975167652907e+03
3.385105168144796153e+03
7.197829865312729680e+02
7.595937714684833963e+02
2.018520332398589744e+03
3.268203712073684528e+03
8.999311685099019087e+02
9.567520825103854349e+02
2.037803622436604428e+03
1.642022107538170985e+03
1.547876183981948088e+03
2.738669811724996180e+03
1.307075411956310973e+03
2.354035359138150397e+03
1.590288274846789363e+03
1.151154021135451785e+03
1.467261013993829238e+03
1.599585547078407899e+03
1.523775468753997529e+03
2.552535244016012257e+03
3.057417074032915934e+03
8.123528640635566944e+02
1.195406878023035006e+03
1.607433195268878535e+03
1.656872932649317136e+03
2.302841633640372947e+03
2.752005534710951906e+03
2.313623138157498033e+03
7.767871789985985060e+02
1.140314442755747905e+03
1.454460707661548213e+03
1.604768429558234857e+03
2.491739735496515095e+03
1.929545911804779053e+03
9.058925074044117309e+02
1.443366268577410210e+03
2.711908095516417234e+03
2.112896674270810308e+03
9.921679730757207381e+02
1.349340222534780651e+03
1.662056279718927271e+03
2.209908541053060617e+03
2.035900603138785527e+03
1.529983653243100207e+03
1.638960448366430683e+03
1.626331047399667796e+03
1.890785861612135932e+03
1.812664998351972827e+03
1.722206864130753047e+03
1.728859166303284837e+03
1.851505116760240298e+03
