1.856206111150740753e+03
1.929855520342008276e+03
1.511037580450469022e+03
1.540281771135929830e+03
1.900702055528224264e+03
1.870086894976095209e+03
1.469506056308679717e+03
1.583820293512271519e+03
1.899803446638662081e+03
1.914953452229863160e+03
1.466128217764081683e+03
1.603473848076249851e+03
1.921063517148696292e+03
1.717888863597450836e+03
1.468671259714979897e+03
1.837422321840165750e+03
1.951234692907891713e+03
1.511301771649619695e+03
1.607372601791404577e+03
1.952221509463396160e+03
1.795692505715926927e+03
1.528057259422170773e+03
1.696729395967004848e+03
1.981358857813795566e+03
1.683205678657461249e+03
1.522608999020015290e+03
1.865474638652669000e+03
1.950373818865260091e+03
1.500991959581238007e+03
1.554314839946758866e+03
1.961649055022963694e+03
1.822325916535178294e+03
1.455957357986066199e+03
1.712867793241616027e+03
1.890770434853651295e+03
1.616516302740551509e+03
1.506138483877024555e+03
1.864644479750703113e+03
1.873343037961126811e+03
1.470315934409316696e+03
1.697517881921622120e+03
1.925755084730518092e+03
1.577399797605053436e+03
1.602657495015430186e+03
1.930045052209143250e+03
1.809424861662098692e+03
1.505472542253966367e+03
1.844320004817920335e+03
1.877138050079311370e+03
1.549632094344357256e+03
1.662591709192404778e+03
1.924231687367644099e+03
1.636992606763425556e+03
1.531632532239990269e+03
1.919313059717967462e+03
1.788382844854273571e+03
1.434660568349030200e+03
1.788258497909630250e+03
1.973828756569009784e+03
1.582489665689036201e+03
1.468277535412300949e+03
1.983994781936939262e+03
1.865305330345561060e+03
1.377337709226577999e+03
1.974934304530664804e+03
1.885021798937914127e+03
1.379048849485986466e+03
1.849898771188900128e+03
1.947531068992851488e+03
1.500088020281874833e+03
1.609179312724747433e+03
2.011836846021321207e+03
1.693933955669536999e+03
1.376397456866731545e+03
2.055394840073843170e+03
1.817774532844047826e+03
1.382962959473021328e+03
1.708456984586711087e+03
1.702352128279539329e+03
1.618822424701489126e+03
1.828193700952966992e+03
2.054640726310297850e+03
1.430858812522465769e+03
1.618369094343646339e+03
1.985563344007798833e+03
1.768212996739757045e+03
1.414049289386691271e+03
1.834741543525223278e+03
1.947225839753301443e+03
1.501113233895913254e+03
1.549663783244388014e+03
1.975571709341442329e+03
1.908841024161332143e+03
1.407285978674185117e+03
1.810822932480081363e+03
1.979538592104663394e+03
1.623898815594954840e+03
1.433109701050146896e+03
1.842491710185272723e+03
1.986339958681861617e+03
1.449571513382877811e+03
1.688575571018897335e+03
1.934166529687612183e+03
1.630770312457661248e+03
1.524564734788855503e+03
1.961190831586792683e+03
1.728225146520870794e+03
1.528912652903051594e+03
1.802716642072567538e+03
1.912167379100953440e+03
1.445323840027726874e+03
1.785784468904932282e+03
1.921447674738410342e+03
1.520781688210906850e+03
1.669488454482877160e+03
1.925475272793983549e+03
1.722866436549392802e+03
1.516547505516352885e+03
1.879975156018840607e+03
2.093049045965758069e+03
1.319280363909267180e+03
1.407185921266599735e+03
1.687082565760282478e+03
1.776488943465623834e+03
1.969378594935146111e+03
1.558976876898303317e+03
1.624977856197129540e+03
1.812212836066621094e+03
1.921067448061480945e+03
1.580568662590616441e+03
1.681741859192743959e+03
1.869935349289547730e+03
1.865436674443922811e+03
1.545455273421259790e+03
1.648946181459619766e+03
1.878984923544796857e+03
1.838409478258453191e+03
1.530776781639130149e+03
1.679112219970156502e+03
1.868389627060682869e+03
1.837841385819620200e+03
1.473630860301585926e+03
1.733788209691882003e+03
1.969311708424392009e+03
1.465254556974095067e+03
1.649578695495340753e+03
1.988426854695498832e+03
1.683702608494803371e+03
1.375740738510921346e+03
2.017469185373086248e+03
1.887689115878811890e+03
1.443977859253360293e+03
1.738522224237226055e+03
1.978672518216008257e+03
1.596459318634421152e+03
1.469824724727096282e+03
2.006329156187966873e+03
1.819257491287003631e+03
1.393537603687698038e+03
1.796389559684058440e+03
1.943473874556865667e+03
1.597258025210036521e+03
1.731985406045438594e+03
1.661028453270869477e+03
1.606295147630686188e+03
2.002456971735087336e+03
1.864843788825274487e+03
1.413030895880612661e+03
1.732877788844325778e+03
2.046298248539416136e+03
1.591077567899944142e+03
1.434021432910172734e+03
1.965861923952677444e+03
1.914653986570156121e+03
1.591743270948290728e+03
1.556339062062694893e+03
1.940560563875553953e+03
1.817195006505291076e+03
1.407968525303627075e+03
1.835026903299001106e+03
1.914370097948135481e+03
1.526632982948899780e+03
1.528546212067570423e+03
1.964616028959072764e+03
1.824824384563188460e+03
1.450242898262999688e+03
1.748501181960672966e+03
1.944408218111661199e+03
1.632685365492032588e+03
1.522474036805676178e+03
1.883371637338113942e+03
1.894475439640065360e+03
1.467452540409075482e+03
1.691843616670259053e+03
1.892369390574807539e+03
1.710840300288891740e+03
1.545309362438588551e+03
1.917294848262866026e+03
1.869561886431552239e+03
1.442344621938517776e+03
1.824748497515311556e+03
1.917595827721463365e+03
1.563330510500746186e+03
1.498178798183723302e+03
1.897567583412152544e+03
1.874992475181077907e+03
1.461892111993409571e+03
1.741637484739290585e+03
1.944761357387766111e+03
1.643301719898776355e+03
1.474172821824368839e+03
1.898746555595085738e+03
1.892803920141847129e+03
1.524895912980298590e+03
1.584218676508038698e+03
1.900564800638205725e+03
1.893747703060508456e+03
1.574853101601302797e+03
1.528912113941505368e+03
1.871650492168379515e+03
1.938126599358377007e+03
1.562083558265062038e+03
1.560528083859295975e+03
1.864939748498462222e+03
1.941061348824318429e+03
1.542806488003024697e+03
1.537287800984755449e+03
1.908174228608441808e+03
1.858541532003774591e+03
1.394683938549773984e+03
1.840223076375948267e+03
1.875096943764081971e+03
1.501315535384744635e+03
1.645587885272001586e+03
1.924930410237800970e+03
1.655151645548454326e+03
1.540643523025959666e+03
1.893665093659153854e+03
1.879300432878450238e+03
1.452784110038848667e+03
1.850991361196104208e+03
2.010842838874020345e+03
1.464039524385185359e+03
1.591153678002219294e+03
1.881752126714818132e+03
1.902146652645917811e+03
1.416262346219685924e+03
1.663868595938253748e+03
1.907579189045781504e+03
1.667445103963656948e+03
1.487828936506393120e+03
1.945516742423698133e+03
1.880375599995303446e+03
1.461889787727878229e+03
1.791020016829842007e+03
1.928794685170379807e+03
1.644183870210578789e+03
1.501245212290885775e+03
1.930434320377257336e+03
1.810338824919170747e+03
1.453582017155044468e+03
1.825078553895169989e+03
1.875192420356580215e+03
1.622016891847786837e+03
1.511900602983480212e+03
1.863801188127957857e+03
1.877109683533274392e+03
1.515216455340798802e+03
1.613016381545254717e+03
1.945134877405734414e+03
1.865300218925669697e+03
1.510482934155596467e+03
1.694495333315293010e+03
1.885606791993416891e+03
1.689528749063020769e+03
1.477192601407761686e+03
1.829280584190102900e+03
1.790924598563877225e+03
1.689921147266281423e+03
1.507407617833602671e+03
1.773325088052079991e+03
1.889866264411747125e+03
1.703632153307994258e+03
1.520967488835325867e+03
