4.103612380717868291e+03
2.446586549599249338e+03
1.012743690655762407e+03
4.856125736143183644e+02
3.493077110722612133e+02
2.221533007922564593e+03
4.133240726593674481e+03
2.925580479167400426e+03
1.132403525900952445e+03
5.236862891510376130e+02
1.848833190440008593e+03
4.152739455109965093e+03
2.536029042557039247e+03
1.010507091552241377e+03
-1.108872403717871009e+02
3.290246130982396608e+03
3.461367492103723180e+03
1.051239566864722747e+03
1.207045406060801724e+03
2.286537015817431893e+03
3.649211217346848116e+03
2.061347328558037134e+03
1.195680949006624815e+03
1.163854594983225752e+03
1.498969937582824969e+03
3.883140685947425027e+03
2.814022751795881959e+03
1.374957497044899583e+03
9.092762483545943724e+02
9.878142162986907806e+02
3.269112081459759793e+03
3.808734103702809534e+03
1.818611148598937461e+03
9.506782024411360226e+02
6.804757173794994287e+02
2.050360236913244989e+03
4.168007990006330147e+03
2.334282758179595930e+03
1.199970017793150646e+03
9.047492208903960318e+02
2.542480656056170119e+03
1.905931793062690531e+03
1.298422667878543052e+03
2.659376646426383559e+03
3.242762569745354085e+03
1.646477890535074266e+03
8.440197739516067941e+02
2.276867687653041685e+03
3.815653470271482547e+03
1.683161493413418839e+03
6.564312325224519782e+02
5.698671480564821650e+02
3.442398379674551506e+03
3.829394174542279870e+03
1.892743732133696994e+03
6.071530444622239884e+02
1.939915953650553320e+03
4.159581319563852958e+03
2.557438242352754514e+03
1.363378391158935983e+03
1.331453586337621289e+02
2.215526956913829508e+03
4.144324842245853688e+03
2.696796947939561051e+03
1.024871276749202252e+03
1.260303940365174498e+02
1.575623740350980825e+03
4.044119898349254072e+03
3.110475186515498081e+03
1.154527946035022296e+03
7.482417453153303768e+02
6.665842654159871472e+02
3.080982250161232969e+03
3.018407424145028926e+03
1.354218154728876698e+03
2.678417268834498373e+02
1.652705264167252381e+03
4.157052985132934737e+03
2.651022294194118786e+03
8.689637342084914735e+02
6.361480998345537046e+02
1.303554420094001898e+03
3.815806892721227086e+03
3.019777151782715919e+03
1.488568331591465267e+03
8.525078585288359818e+02
1.573117119896998474e+03
4.016439997654383660e+03
2.891769529619806235e+03
1.309663549196017584e+03
6.794269733447705448e+02
1.533098876934889631e+03
3.539036986878582866e+03
2.684723740250919036e+03
1.229197665567184913e+03
8.841336754448127522e+02
2.160470640186568289e+03
3.977307378511061415e+03
1.692819706470388383e+03
-9.875864357814668892e+01
2.978718108486357778e+03
3.893849755757889852e+03
2.073840928840645574e+03
1.828091997995404199e+03
1.100421889306712046e+03
1.103254800605889386e+03
3.592687025360573898e+03
2.856438610651911858e+03
1.612863503679710448e+03
1.170826288763594903e+03
-5.897406016395683537e+01
2.697931638932855549e+03
4.127627463779384925e+03
2.415305612202892917e+03
1.278156178094686766e+03
7.073555885990506340e+02
2.091143116153215487e+03
3.743129942810316606e+03
1.661786541190023627e+03
-9.824348350656521234e+01
2.064971635303298171e+03
4.140438868060775349e+03
2.929849519978528406e+03
1.401981595676476672e+03
6.147761374318137086e+02
2.758132040935511213e+03
3.990220019444713671e+03
1.911695622864049483e+03
7.144094557240040331e+02
2.188857419862094673e+02
3.050173457687672908e+03
4.110962419012997088e+03
1.874886260792391340e+03
2.605002510588145128e+02
-4.577722683456860153e+01
1.643047800580286093e+03
4.125743114783850615e+03
3.542232980513877919e+03
1.503456432307139721e+03
6.518053564595828675e+02
1.544957741972603799e+03
4.010501012734022879e+03
2.631141921404974710e+03
1.428796094912947183e+03
1.243095906337085580e+03
1.089193454228476412e+03
3.136806307772986656e+03
2.791239597583488376e+03
1.493230951310889850e+03
9.915341229386426676e+02
1.638084058878498581e+03
3.637036308121655111e+03
2.305630926206482400e+03
1.081013652226695513e+03
4.096594103122080242e+02
1.879154442843001107e+03
4.067881110063681717e+03
2.563746863884325194e+03
1.152425701401585229e+03
-1.311788844159895291e+02
3.062202340234272469e+03
4.095051827907546340e+03
2.222765603787732289e+03
1.737243804886813678e+03
1.305562026035870986e+03
7.244139503233809592e+02
1.904257571022382763e+03
4.105055990263519561e+03
2.707422351013597563e+03
1.352095346345125563e+03
8.159189817483288607e+02
1.866323227114705787e+03
3.964305662448522526e+03
2.220165851628962173e+03
1.056362511023073466e+03
1.442452124388652919e+03
1.975691643721978153e+03
3.951621077026826697e+03
2.114834968806458164e+03
7.177261338974149112e+02
1.066466035746897660e+03
1.366279790266970849e+03
4.067730526341207678e+03
3.788307371498400244e+03
8.316994747830540291e+02
3.754191835009831379e+02
2.391750829953753964e+03
3.575722050281005977e+03
1.469491380130492416e+03
7.770659502510062566e+02
1.513087759952275519e+03
3.565662091392180628e+03
2.662218695068668694e+03
1.043782728313355619e+03
8.902316583254740863e+02
2.376384950540921182e+03
3.791743264508709217e+03
1.704998208723405924e+03
2.852781665452120592e+02
8.345426838139989059e+02
3.376966723802377601e+03
3.067226934897800675e+03
7.682848688333253904e+02
-8.302322547870450364e+01
3.823185462856132290e+03
4.089685869973494391e+03
2.167067718817189416e+03
2.752055641182613499e+02
1.077345487340411410e+03
3.971964202837029461e+03
3.494246311626930037e+03
1.612425577492060484e+03
1.108348330743090401e+03
7.897836532807389176e+02
1.761362216221353265e+03
4.026776293993621039e+03
3.055819986726910429e+03
9.027815866484158960e+02
3.026664011609680642e+02
1.374951533790881967e+03
3.791735690435492870e+03
3.189940030665752602e+03
1.370527326613028208e+03
2.744953437183348228e+02
-4.336810227580414079e+01
1.705876290041167749e+03
4.147002812478077431e+03
3.014199669532928510e+03
1.345340201212067541e+03
8.407165611058021568e+02
8.250212854224995453e+02
3.354547927266561601e+03
3.990510235092841867e+03
1.951953932629235851e+03
6.968293403131639252e+02
3.398495508608412479e+02
2.525337032797769552e+03
4.136845392190521125e+03
2.615645052643669260e+03
1.130277943596004889e+03
6.708970502431375280e+02
1.836392275953994840e+03
4.151325047849969451e+03
2.601259021304096677e+03
8.175058508315578365e+02
-3.311428726932651045e+01
2.778842145799887476e+03
4.096031704560357866e+03
2.287336912003718680e+03
1.334944951229329035e+03
1.296216182792657037e+03
1.282510516980093598e+03
3.336161293902703619e+03
2.997618139811052060e+03
1.599323688081255341e+03
1.417682508299350047e+03
2.112021606732258078e+03
1.954672537727750523e+03
1.481354982644809752e+03
2.727505355603316730e+03
2.653080213833533435e+03
1.111496881715052723e+03
1.381261421401100961e+03
2.846185468968525583e+03
3.666180918068660958e+03
1.192971590569746468e+03
-4.459353469021877459e+00
6.475741612236213314e+02
3.948556961765019878e+03
4.104585159455814392e+03
2.303034443559114607e+03
3.006852603865611968e+02
2.147747547053710804e+01
2.525349824059800994e+03
4.119680564908983797e+03
2.826122668661301304e+03
9.689764948258645063e+02
3.379787055678793308e+02
1.167433215473929522e+02
2.971833562560670089e+03
4.101610346317927906e+03
2.043387622205187199e+03
9.234140840686850424e+02
4.592486891791546100e+02
