3.204222570059119334e+03
1.163466114969495948e+03
1.611258182675717535e+03
2.060861671098649822e+03
2.969095014849445306e+03
1.539905198197192703e+03
1.459293182406739561e+03
1.801517696695701716e+03
2.289135173165391734e+03
3.074918246800802081e+03
1.092493555014216099e+03
1.559425867432390987e+03
2.214322211767240788e+03
3.194683111988792461e+03
1.466582893808902099e+03
1.143079501600494723e+03
1.669706845279698427e+03
3.011582963525392188e+03
1.624106399115274144e+03
1.377607599935096232e+03
2.204435047809195567e+03
3.019037344497181493e+03
1.045647610918853616e+03
1.639738909732692491e+03
2.348029390063869414e+03
2.824310466479614206e+03
1.167046829220735617e+03
1.792189673699082960e+03
2.990323443792565286e+03
1.358129382053095924e+03
1.421873340660121130e+03
2.613761394865487546e+03
2.553004049520802255e+03
1.125486279084436546e+03
1.595481350863496345e+03
3.114338180384070256e+03
2.299320659221446476e+03
1.070194658219378198e+03
1.663725620060014307e+03
3.052903801568868857e+03
1.638609164506915931e+03
1.081322700034995933e+03
2.698820578509120878e+03
2.966564954953075812e+03
8.278025304069454933e+02
1.450548644547185177e+03
3.126855731136487975e+03
2.126342585912339018e+03
8.873583910385023046e+02
2.714458086780644408e+03
2.860195142639130609e+03
8.017369285796827398e+02
1.418128167342645384e+03
2.617383269530863345e+03
3.028189860994036280e+03
8.880100708438044421e+02
1.483156209997902806e+03
3.042688149315238206e+03
2.501046250572783720e+03
1.180052572879281342e+03
1.411161848916558938e+03
3.162667998597024507e+03
1.998809485035672196e+03
1.023613912045304232e+03
2.213673211424084457e+03
3.071653360067477479e+03
1.528375040178821337e+03
1.012276743698558107e+03
2.302318604392778070e+03
3.188661102799300352e+03
1.126955456288642608e+03
1.247703954317927582e+03
2.437369361022741487e+03
3.092860648992159440e+03
1.081390700142973856e+03
1.319301368035335827e+03
2.550151310502107208e+03
3.112679801765388220e+03
1.026582813736287335e+03
1.484277700165705937e+03
3.072530929087316508e+03
1.755186784109424252e+03
1.144724813009101354e+03
3.012221429088035620e+03
1.540861813216594783e+03
1.138523676001600052e+03
3.164140811694369404e+03
1.824909754728824282e+03
9.561241541219787905e+02
2.725179900306873606e+03
2.420161220548043730e+03
1.062663420152206527e+03
2.083761172436047673e+03
3.123782943363338291e+03
1.081994366067250667e+03
1.355568330793591713e+03
3.179890496703336794e+03
1.793248043284758296e+03
1.004245333342617755e+03
2.851662843425934170e+03
2.596075236349307488e+03
9.974734635777067524e+02
1.585247511682491449e+03
3.124672300616905886e+03
2.082206961304221295e+03
9.080316497093260750e+02
2.212105717051189458e+03
3.192729610223170312e+03
1.104244920202309004e+03
1.314415858089636458e+03
2.990583378817204448e+03
2.334970363461285160e+03
1.014295025725274172e+03
1.983125694526026564e+03
3.269221533359524983e+03
9.976963673319617101e+02
1.379784293585760679e+03
3.162866494349136246e+03
1.926064855402005833e+03
9.316565662276768762e+02
2.027310785736783828e+03
3.285157263639306620e+03
1.904016281322969917e+03
8.091447140627390127e+02
1.824251461266801016e+03
3.382510648963941549e+03
1.815563179792343362e+03
8.148189116928165276e+02
1.706806281104469690e+03
2.985318089355809207e+03
2.670986214237166223e+03
8.595538842275236675e+02
1.660887237707996292e+03
3.052304639139086248e+03
2.803616418290113870e+03
8.055585463673945696e+02
1.289085450126031901e+03
2.603913517384698480e+03
3.140787865838561174e+03
9.509257763848074774e+02
1.331847702703807045e+03
3.087861959342290902e+03
2.291514211338449059e+03
9.647874458248186329e+02
1.642589795905865913e+03
3.227098204930176053e+03
2.036274831267021682e+03
8.098039270699672443e+02
2.898452707650809771e+03
2.767881813776793933e+03
1.033999480628505808e+03
1.397880410674836867e+03
3.460489406787251028e+03
1.234369450974889332e+03
1.091606539011263067e+03
3.342802609793346164e+03
1.819861216011931447e+03
1.148699552754004571e+03
1.545176248930715246e+03
3.257879617137578407e+03
1.455467305479366814e+03
1.254547328350251973e+03
2.057649758195174854e+03
3.371875075184691468e+03
1.052585772985254380e+03
1.317900387427551550e+03
2.664344064134580094e+03
2.679035795636134480e+03
8.767247779996325789e+02
1.819413473878183368e+03
3.516862008480738496e+03
1.072808138258430063e+03
1.391911751953635985e+03
3.064645902851951178e+03
1.316400231048070737e+03
1.376904350247092452e+03
3.007740615654266549e+03
1.902690317471947310e+03
1.198469046229455444e+03
2.181345455660404241e+03
3.234326048428606100e+03
1.058128526758145654e+03
1.328043203669641116e+03
3.178347292432187714e+03
2.221570886908701596e+03
9.725242344619492769e+02
2.704097548044736413e+03
2.028529231259233484e+03
9.748202302300459223e+02
2.791281687339695509e+03
2.504494758053698206e+03
1.086271834112671741e+03
1.892814743182219445e+03
3.281607762989277944e+03
1.013520350633286625e+03
1.258778088384468219e+03
3.138416299206230178e+03
1.965950784887814734e+03
1.082814756176026549e+03
2.108162297031164599e+03
3.438927544926958944e+03
1.373786921769397168e+03
1.080359384578729305e+03
1.763742604586813741e+03
3.343888376262408656e+03
1.531029825447675648e+03
1.282595222841128361e+03
1.633399278976641881e+03
3.011436955907520314e+03
2.485421803804257706e+03
1.075596333211795354e+03
1.565295418474722283e+03
2.782732784595950761e+03
2.639946289647058165e+03
1.093821530614701715e+03
1.532625278670358512e+03
2.778377631772324094e+03
2.677927369091183664e+03
1.142175508977003119e+03
1.373416997572237960e+03
3.288365303095798026e+03
2.501054839379824898e+03
7.893942460103467056e+02
1.554156853344098408e+03
3.187927727802635673e+03
2.227888845834335825e+03
1.035594981163849070e+03
2.295297310034624843e+03
3.081260193760204402e+03
6.961930844879764209e+02
1.728325905095847929e+03
3.332802878453789617e+03
1.239003105670416062e+03
1.095742916505508674e+03
3.118303602325611337e+03
1.853307426898295489e+03
1.053373807459425507e+03
2.858254870258287156e+03
2.838770124999564814e+03
7.789595290189130310e+02
1.606984292796684713e+03
3.225763533049417219e+03
1.429215755615486842e+03
1.120799670742076387e+03
2.935517337087935630e+03
3.051219681298882278e+03
7.076631362624780195e+02
1.389534736127186306e+03
2.941789330765942395e+03
2.922738823421792404e+03
7.841171579861154441e+02
1.703304049327049142e+03
3.310051739431363785e+03
1.165921174985223615e+03
1.252517873962957992e+03
2.981510375722888966e+03
2.053597319535164388e+03
1.064647384299072428e+03
2.369780582338726163e+03
3.037685746024782020e+03
8.831411002759232360e+02
1.661262718050422109e+03
3.104432125098453071e+03
1.483650623935176782e+03
1.331991685194918546e+03
2.222493879014534741e+03
3.413371627993916263e+03
8.933754302033452177e+02
1.258793414853760169e+03
2.030547852912721282e+03
3.363131566666481376e+03
1.478300514551599235e+03
1.142929332637344487e+03
2.156377215868218173e+03
3.121797841600912307e+03
1.140602143919722721e+03
1.450324561486573430e+03
2.167552452460446602e+03
3.124650940870411432e+03
1.098557436020788373e+03
1.554964125978422544e+03
2.627955653477639771e+03
3.027242149914136462e+03
1.022371488129964632e+03
