2.395109105475688921e+03
1.759461958463375140e+03
2.311025004740389704e+03
2.466314797864775301e+03
1.189444999446269321e+03
1.324410088241080530e+03
1.911288069007960075e+03
1.680593479337900135e+03
1.585837973184713746e+03
1.262208516534815544e+03
2.080632781610312577e+03
1.485531158250920043e+03
2.775536480540725279e+03
1.531484268357861311e+03
1.206706693509964680e+03
1.361251001448702482e+03
1.498385790432635304e+03
1.585984281975340764e+03
2.042144703902912624e+03
1.690584355629904394e+03
1.623647978060356081e+03
1.700592001466744023e+03
1.766277378278341985e+03
1.745291477022119579e+03
1.661709320246381367e+03
1.636266328450377387e+03
1.780456695107814085e+03
1.702506522626332298e+03
1.943486662987841328e+03
2.712012905564761240e+03
2.215089034658979472e+03
8.357011950819756976e+02
6.134067885721773337e+02
2.143091600990304414e+03
2.918555355210839025e+03
2.337340231837596548e+03
6.831870139225613912e+02
7.113512237530507036e+02
1.652673579954227080e+03
3.284041804056837464e+03
2.266840532354690367e+03
6.329559863976103316e+02
8.828172986002132347e+02
2.676967761977638474e+03
2.393275008096973124e+03
9.617696160194008144e+02
1.062219155597278814e+03
1.834126657978092226e+03
2.877359229843605590e+03
1.366891650310510613e+03
1.060039551452501200e+03
1.223863021231784387e+03
2.717280452062529093e+03
2.258964325035819911e+03
1.487635413267224294e+03
1.473871152750592728e+03
1.022540290168117508e+03
2.102883546951008611e+03
2.865454457200446996e+03
1.343813614280160436e+03
1.078816441605265709e+03
1.424315038705327197e+03
2.130474974595740150e+03
2.654466855849987041e+03
1.325601240289350471e+03
1.115604161991710953e+03
1.458355292577176897e+03
2.901574639683304667e+03
1.680758982607438838e+03
1.057518102789471641e+03
1.348223450318947016e+03
1.834759345783829758e+03
2.713248388681533925e+03
1.560806332695747642e+03
1.165765234910894605e+03
1.238231741350906759e+03
1.730084008049786007e+03
1.869240735133670569e+03
1.170445400533580369e+03
2.429800076283226190e+03
2.928238311774645808e+03
1.168432004356496918e+03
1.094486663636967251e+03
9.996307306105917405e+02
2.675080444764588265e+03
3.188727652071247121e+03
1.005770292881676369e+03
6.120877227413441233e+02
2.191372598654499598e+03
3.109435182201184489e+03
1.143834852046892138e+03
8.634205061006651931e+02
1.291777595997674325e+03
2.676187370617864417e+03
2.367856890003808076e+03
1.444883968561855227e+03
1.061059987106232029e+03
1.100613640497826282e+03
2.308948579407122452e+03
3.011175491633999172e+03
1.199718828682313870e+03
9.812641247891453986e+02
1.163337308412413222e+03
2.656615975837165934e+03
2.614732359262135105e+03
1.133617649954021999e+03
1.054787852463307900e+03
1.374209473513087232e+03
2.934212162887986779e+03
2.219970398617769206e+03
8.413071867408929165e+02
9.314909609616705666e+02
2.284976202671571627e+03
2.716434767208018002e+03
1.144938078345514896e+03
1.104091283268646976e+03
1.816695952315353679e+03
2.777927458083522197e+03
1.459548007975503424e+03
9.889457965690121455e+02
1.291127806670441714e+03
2.562707417300745874e+03
1.644408179597633989e+03
1.507279301867216418e+03
1.950201065724749924e+03
1.461898660098433993e+03
1.218986546542044380e+03
1.730140882904377122e+03
2.813305660862534296e+03
1.840576670390400977e+03
1.280476527655319614e+03
1.159732690623831331e+03
1.524037298365035440e+03
2.773034778653707235e+03
1.948821001649352866e+03
1.262255885028085686e+03
1.231353851073195983e+03
1.472107439463161427e+03
2.703417344935787696e+03
1.904289812288757730e+03
1.298886215240192087e+03
1.452855797499201572e+03
1.591427892311106916e+03
1.895254013152144580e+03
2.582969117502473637e+03
1.499459035296039474e+03
1.218306895638314472e+03
1.497401890409773387e+03
2.683884114375087393e+03
2.457605129921113075e+03
1.216622990351040471e+03
1.168612353590794555e+03
1.166608659309583572e+03
2.805293727657704494e+03
2.694940504262579452e+03
7.546608236984628775e+02
8.693403323510525524e+02
1.588084376319600779e+03
3.054800755493651195e+03
2.491568664562661525e+03
7.225540092155393950e+02
6.177541430434096128e+02
2.222564865609810113e+03
3.194422140039829173e+03
1.216674221166144889e+03
8.234586098125455464e+02
1.097821678391194155e+03
2.880146641663264290e+03
2.128454293392765521e+03
9.872911491267024076e+02
1.225136362301717782e+03
2.133308742865977820e+03
2.782879400326257382e+03
1.240099767677346563e+03
1.100503789877938061e+03
1.391100765093852715e+03
2.821461402640948108e+03
1.736798483466569678e+03
1.082727728837910490e+03
1.244521669179396667e+03
2.763049881007453678e+03
1.845385520630692554e+03
1.047053884259150436e+03
1.437316280477860346e+03
2.348566505015700841e+03
1.734383972182653224e+03
1.232431138059601608e+03
1.274135350756784646e+03
2.885936806534613879e+03
2.377498741846358371e+03
1.019580512554249935e+03
1.008894904152782715e+03
1.508476812815425546e+03
3.022578448169722833e+03
1.996398218150334060e+03
9.106133399890709370e+02
8.614176463214067780e+02
1.940336287583181957e+03
3.248561405408890096e+03
1.573155098813995892e+03
9.374004342123423612e+02
9.873065632642761784e+02
2.485010539066372530e+03
1.933262163368145593e+03
1.839364312566892977e+03
1.237289609573627558e+03
9.738744145316417189e+02
2.221154441424104789e+03
2.963396472992790223e+03
1.348844376569338920e+03
1.283949861073232341e+03
1.228799591561117268e+03
1.859615301938433049e+03
2.764758889932242255e+03
2.037729450394863989e+03
1.220011932357449950e+03
1.196355673956082910e+03
1.567234277280508195e+03
2.557767275521902775e+03
2.148167009932461042e+03
1.376309127699636974e+03
1.320315369644276416e+03
1.225708879049878533e+03
1.876073468332153197e+03
2.742001035645337197e+03
1.862460658530203091e+03
1.129957297129685230e+03
1.282030914104173917e+03
1.672005055019402334e+03
2.783935885514788424e+03
1.762911332277260271e+03
1.147227363882334203e+03
1.265326162676344666e+03
1.994473646910806110e+03
2.612861263859116661e+03
1.487332761714018488e+03
1.108631198273466680e+03
1.248936408299525056e+03
2.546609194353484327e+03
2.252875421233358793e+03
1.241633367140771725e+03
1.147567596090550069e+03
1.973568456575430218e+03
2.833245766083474791e+03
1.591801783326984150e+03
7.509011929824936260e+02
1.654304397892087309e+03
2.885458569426361919e+03
1.873165066288175922e+03
7.296441511140469629e+02
1.153703455694556851e+03
2.919259210143787186e+03
2.232753628307354120e+03
9.420688032080197445e+02
9.882790161638198470e+02
2.349747323175245128e+03
2.739744757405851487e+03
1.114119233183184406e+03
1.027751372302342588e+03
1.790258256387845904e+03
2.856466011707609596e+03
1.708107552674426188e+03
8.214179030929759620e+02
1.330046234107696137e+03
2.812661491287798981e+03
1.761128293703003919e+03
9.068692707631414578e+02
1.572835278160830512e+03
2.706750046317120450e+03
1.546778125990701483e+03
9.947189671408065124e+02
1.392707748479990641e+03
2.681217832693002492e+03
2.032970102881698949e+03
1.200911226908556728e+03
1.303702330752367288e+03
1.409845821168741168e+03
2.730104433106440410e+03
2.227932756485276968e+03
1.040923934831431325e+03
1.021311351466708516e+03
2.483880126151781042e+03
2.200456767097930879e+03
1.501932013757275627e+03
