2.196472586089728338e+03
2.188512108781939332e+03
2.843119561111401254e+03
4.162705799783797374e+03
1.552463263621934630e+03
8.969329347268835591e+02
1.493816094140383711e+03
1.731712221167014604e+03
1.887257272692791730e+03
2.700862885177080898e+03
3.713450573006990453e+03
1.055503779942253459e+03
1.262242583527676970e+03
1.618352884722180534e+03
2.525387430612728622e+03
3.952249532072028614e+03
1.762998442971336999e+03
9.402053645629524681e+02
1.384387943759430300e+03
2.257999474463488696e+03
3.705222733038740444e+03
1.553920085398143328e+03
1.123290199295777938e+03
1.497529134136343146e+03
2.452278337713389647e+03
3.567106588384825955e+03
1.309986342248621213e+03
1.126401713446409531e+03
1.716347350353082447e+03
3.390994081287625704e+03
1.939677530085197304e+03
1.067762685120561400e+03
1.463234667441862257e+03
2.485435376350974366e+03
3.146252843231555744e+03
1.250347047111011761e+03
1.571128930462458584e+03
1.956357830101030004e+03
3.672474142117817337e+03
2.411075972493131758e+03
8.265926737135009716e+02
1.296867563245098609e+03
3.151682877119173099e+03
2.952173491672780528e+03
9.129774410321133473e+02
1.217300540328247962e+03
3.066665918555321696e+03
3.038393835029673937e+03
9.143322619733799002e+02
1.256278674479341817e+03
2.292166379064611647e+03
3.587629254873965692e+03
1.445014348978750149e+03
1.086399539314742469e+03
1.496603635823257491e+03
3.221295721406712346e+03
2.411119878650372812e+03
1.170561717610962432e+03
1.596453183179604594e+03
1.779982802398634931e+03
2.054673254514158998e+03
3.699155631611266472e+03
1.803361661020602696e+03
1.157880484657382340e+03
1.540828367511970328e+03
3.403239246156337686e+03
2.531275521289486733e+03
9.235260801338364445e+02
1.412681277024133124e+03
3.698697454740807643e+03
2.338434407946776901e+03
7.846850675929757699e+02
1.144803045486047722e+03
2.902853599406964349e+03
3.401419785936561766e+03
9.684669364298326855e+02
1.083513189194932465e+03
1.471249967641799003e+03
3.557236833542747263e+03
3.702920280284294222e+03
1.129503168867407339e+03
9.665186212174098728e+02
6.783578637056762091e+02
1.293809655290582214e+03
2.928402225206350067e+03
3.298853903212302157e+03
1.100414387338053302e+03
1.254912077377541436e+03
1.611752936317331432e+03
3.344787768275875806e+03
2.661416261294494689e+03
1.071539287028370154e+03
1.367196596742855036e+03
1.690246878684009971e+03
2.904865838432921919e+03
3.346052707024009578e+03
1.265908652012541097e+03
1.407719162131647408e+03
1.587977709226696561e+03
2.767978168234027180e+03
3.490158818381067249e+03
1.287467864408823971e+03
1.304076386834451341e+03
1.604548696274933036e+03
3.028475329649665582e+03
3.427737021984374223e+03
1.016180249895179600e+03
1.260210168396973131e+03
1.580987164282830008e+03
2.970475705034472867e+03
3.517526906701670669e+03
1.064179300002303080e+03
1.127244080558101814e+03
1.603944517038871936e+03
3.275802580460234822e+03
2.783534425998631832e+03
9.196392202885900815e+02
1.218101577522611706e+03
1.602350830513344135e+03
3.160933800651493584e+03
4.029352796684269833e+03
1.209372021237624267e+03
8.796805385179831092e+02
1.377576963909533106e+03
3.251533518504687891e+03
3.001929493064459621e+03
8.392101687011175954e+02
1.151210640234962966e+03
1.908276141098660673e+03
3.702371873072167546e+03
1.867593744765165638e+03
9.790350248393737047e+02
1.621316274436893082e+03
3.819994913697993070e+03
4.046658708053383180e+03
4.157821495489453810e+03
3.942140519400982157e+02
2.653862196322926970e+00
-1.510692829088891287e+01
4.634564022778834556e+02
1.047923997100362612e+03
1.709372948040301480e+03
1.712738012195932242e+03
1.784391851203058650e+03
2.020994805110921106e+03
2.079636600477244883e+03
2.214449992380413732e+03
2.277842286611406962e+03
2.981080773778306593e+03
3.284534269885286449e+03
1.630201117141567465e+03
1.659299196274109136e+03
1.865413492783463653e+03
2.327947178800497113e+03
4.042437671878276433e+03
1.855260177854373978e+03
1.172079279588960162e+03
1.509327455232556758e+03
3.172739785025867604e+03
3.228138460423106153e+03
8.462520848267636211e+02
1.303219891510991829e+03
1.554860756440275054e+03
1.680497603475507276e+03
2.088012832622051519e+03
3.831538921160751215e+03
2.096297938491184595e+03
9.949374364353335523e+02
1.377666297348142962e+03
2.573214914055433837e+03
3.759192282838696428e+03
1.216599746511192052e+03
1.095653679302342198e+03
1.577071895982633350e+03
3.371506513577194255e+03
3.101243216838426633e+03
8.277422369665933957e+02
1.189097638874460017e+03
2.805775908827178228e+03
3.636301489974263404e+03
1.158173470553802190e+03
1.018071985597406979e+03
1.460986567431884623e+03
3.182984452907107425e+03
2.923238155846581321e+03
9.594170859448676083e+02
1.217053910608583692e+03
2.333724196461718293e+03
3.730722546375376623e+03
1.589603344872895605e+03
8.536894638971335780e+02
1.349377745019256054e+03
2.938711587005303045e+03
3.545405584732498028e+03
1.171912699448633248e+03
9.746224274520889139e+02
1.452549115054069489e+03
3.180794028896440523e+03
3.126108001744815283e+03
9.803175271742759378e+02
1.111319812488388834e+03
2.150300944410433658e+03
3.627693881236163634e+03
1.671017224869903430e+03
1.044907243871923356e+03
1.488888789564765830e+03
3.094660756969297381e+03
3.455468533431087053e+03
1.025480304572008208e+03
1.112718226908598353e+03
1.530688999827689941e+03
3.097995501294004498e+03
3.485702848483208527e+03
1.051727886957756709e+03
1.114144957869400059e+03
1.504740156764764833e+03
3.126572907786816359e+03
3.344722802996839619e+03
9.735389033246862027e+02
1.178443902339555962e+03
1.688020327231907686e+03
3.537879466593443794e+03
2.480843393827927684e+03
9.540953237912590339e+02
1.190501775377277681e+03
2.419286384752014783e+03
3.634778353446374695e+03
1.431665959120632351e+03
9.898350556669122398e+02
1.428091266578380555e+03
2.955972006400668761e+03
3.612614474496048388e+03
1.090546243809953694e+03
1.022774020840945695e+03
2.318530706874742918e+03
3.626672454687383834e+03
1.604611204577116268e+03
8.652171227343918645e+02
1.336215643495967015e+03
3.111870866189208755e+03
3.252482303762934407e+03
1.113905459330039548e+03
1.060432040429529025e+03
1.614156605482103714e+03
3.433815539070561499e+03
3.177145514600274964e+03
9.271850343830740258e+02
1.113863997411233413e+03
2.287604987335707847e+03
3.855058911623719268e+03
1.537748075711648198e+03
9.391405457759738056e+02
1.612378500423826836e+03
3.539585020794758748e+03
2.386297082216776744e+03
7.138728745556155673e+02
1.426160857744049281e+03
3.522800187707172881e+03
2.177367328729723795e+03
9.322570366122258747e+02
1.393954064467355238e+03
3.347505072910163562e+03
2.811614056501006871e+03
8.622485350821400516e+02
1.234795725956013939e+03
1.945926977790126330e+03
3.658746443852262473e+03
2.303287214775461962e+03
8.050229467151284553e+02
1.231407024452220185e+03
2.793976635675947364e+03
3.328768789303513131e+03
1.092627053087990589e+03
1.248252249080778483e+03
1.799213610783588820e+03
3.573731944428942825e+03
2.084949548008445618e+03
9.793660736272797749e+02
1.420584267607686797e+03
3.454960184182580633e+03
2.493053969205433987e+03
9.356507373567719696e+02
1.271648918454239265e+03
1.890350188196476665e+03
