1.274012891660210471e+03
2.094604823338780989e+03
2.814255657249675551e+03
1.500310570508284627e+03
1.204247915029613978e+03
1.407866059836287377e+03
2.428549581312948249e+03
2.424136490878805489e+03
1.883286137114870144e+03
2.105700605112202993e+03
1.555728866446076381e+03
2.529873128033257217e+03
1.854749129818942038e+03
1.670624080853037412e+03
2.130135028613626673e+03
1.715585961940232437e+03
2.020072105028568558e+03
1.751000591018533441e+03
2.587035235968439792e+03
1.376758209092425432e+03
1.645854553039297116e+03
2.333819458417789519e+03
1.577036301883616261e+03
1.778057372775499516e+03
1.896984873124812793e+03
1.567574843170815711e+03
2.055508661626679896e+03
1.715021895601513052e+03
1.932746179811178081e+03
2.034249499681989391e+03
1.480317580666209324e+03
2.353612733155962815e+03
1.627876652712663144e+03
1.726459335947014779e+03
2.252503476298506030e+03
9.275379705472964815e+02
1.208758126934836582e+03
2.754858174474527914e+03
1.938647874090606820e+03
2.301743997896146084e+03
1.580397164195972437e+03
1.978376024962598422e+03
2.187021718894365677e+03
1.602616864307704418e+03
2.092796393194211305e+03
1.898389583122183922e+03
1.844145006899703276e+03
2.390628572902595351e+03
6.427769676598525166e+02
1.167438866029651081e+03
2.952553415880307966e+03
2.279262672328471581e+03
1.991538925110609625e+03
1.817789042004876364e+03
2.067515749338088881e+03
1.604179614001088339e+03
1.905080661389704801e+03
3.903421975433709008e+02
7.230134483474214449e+02
1.275942584318123863e+03
1.808615982302298562e+03
3.402206214258119871e+03
2.585164772644971436e+03
2.312400235501406314e+03
1.624328208001965322e+03
1.699292607662479668e+03
1.952254401214899872e+03
2.563476229462499305e+03
2.141697160741171047e+03
1.619442016934341154e+03
2.243009249533030925e+03
1.742065786337997451e+03
1.713002901980276647e+03
2.126310124344460291e+03
1.538905102835407433e+03
2.286399854677528310e+03
1.831627414479553863e+03
7.018938305435494840e+02
1.010798029305685532e+03
1.479010931591499912e+03
3.319992347989545124e+03
2.361838634416323657e+03
1.967041735721810483e+03
1.947933167851581402e+03
1.959758127981636108e+03
1.814843813306452375e+03
2.146888327472125638e+03
1.843439220594900917e+03
1.871893159379636018e+03
2.176308903429459406e+03
1.422264782216025651e+03
2.260265012441149793e+03
5.690691887989224824e+02
7.154519927941495325e+02
1.915429465693328439e+03
3.381041814150306891e+03
2.022503214896221607e+03
2.122692048250733478e+03
9.237488971116662242e+02
1.306212811257143130e+03
3.025784401407035602e+03
2.179492332739186168e+03
1.997864866585988011e+03
1.784680579769825499e+03
1.753031726680129623e+03
2.408073717942414532e+03
1.219761036679223025e+03
2.525378837994423975e+03
1.388786863779942905e+03
2.043077682332491577e+03
7.072918336131208434e+02
8.341534930111666881e+02
2.109258637982474283e+03
3.729765984429893706e+03
1.941196057609457057e+03
2.498794309375920875e+03
1.666912273399912237e+03
2.082164962465653844e+03
1.812277619031208360e+03
7.946565979133358724e+02
9.497269637923178607e+02
1.130422899319347835e+03
2.109602229618841193e+03
3.932580075473596480e+03
2.034515402383365881e+03
1.622106157690040391e+03
3.457991306938364232e+03
3.215635318350848593e+03
-6.691042113704753547e+01
2.476768201077519507e+02
8.533413325479510831e+02
1.197893718456390388e+03
1.727700572872922749e+03
3.027751983306217426e+03
2.481718360493242926e+03
1.444877708099021220e+03
2.041036009860959894e+03
2.544047777919092823e+03
1.459936505941093628e+03
2.542746215282431876e+03
1.214502563579953630e+03
1.039848935453861259e+03
1.424170893953800714e+03
2.008833982883658337e+03
2.802386692523431975e+03
1.938586355900371700e+03
2.052308341464301975e+03
2.463356567195191474e+03
1.807913937874447583e+03
2.059892620279870698e+03
2.344383233676738200e+03
1.793754865615739845e+03
2.065767968411226775e+03
2.224824423678923267e+03
1.448358575597158506e+03
2.336097265181970670e+03
1.390552679694137396e+03
2.124735477631370031e+03
5.368579863438567372e+02
8.889769317162085827e+02
1.539478040938420008e+03
3.097042775351919317e+03
2.334877399695054009e+03
2.095503631847475845e+03
1.858534923685597732e+03
2.288453013676480623e+03
2.105090302980981505e+03
1.614714420388734652e+03
2.143938942769194455e+03
1.752469608953800616e+03
1.794394032870362253e+03
1.753522160719145404e+03
1.974034486286209585e+03
1.995597288564948258e+03
1.427124125124811826e+03
2.269602757813629523e+03
1.765449081841242787e+03
1.393048472645383981e+03
1.263788415813152142e+03
2.524892321287598406e+03
2.407811089471471405e+03
1.452839385237559782e+03
2.059523616432319614e+03
6.698461000336105826e+02
1.010995863685187828e+03
1.443788161846326602e+03
2.840059447634372191e+03
2.835348569224631319e+03
1.902491022875376757e+03
2.322759236617459919e+03
1.763189416516939900e+03
2.040787569591251668e+03
1.977199422229792390e+03
1.473677392109637822e+03
2.283461951297777432e+03
1.928004269109310371e+03
1.245444491566684519e+03
7.379502067624447363e+02
1.675612695806112470e+03
3.469672220592137819e+03
1.396327321698190872e+03
2.070213882422956885e+03
2.118157525806193462e+03
2.777148056148550950e+03
5.610776533860212112e+02
7.054626147902778257e+02
1.094214021771896796e+03
1.445534444939283958e+03
2.801119874371077913e+03
3.416272687033434067e+03
2.261501345415164906e+03
9.974068361063182238e+02
1.196271926854422873e+03
1.318622938731285558e+03
1.696656048297606503e+03
3.362151731150240266e+03
2.606875588031582538e+03
1.675171083289319085e+03
2.513952114738658111e+03
1.591759026640344018e+03
2.148682537976703770e+03
1.803734523478888150e+03
2.073847360485387071e+03
1.755056107848148713e+03
9.150715286719305368e+02
9.710550964469067594e+02
1.352622254512847348e+03
2.706367239795823025e+03
2.754046320024789111e+03
1.914683246795037803e+03
1.887982462374157876e+03
2.445402653420291699e+03
1.928733941871800198e+03
1.674737944982978888e+03
2.079989622705274542e+03
1.504061999991504536e+03
2.138744096913424073e+03
1.725633799316249906e+03
1.915927337167556516e+03
2.191522594191854751e+03
1.370130924904006179e+03
2.335391532120760530e+03
6.137805151415755063e+02
9.587393360909403555e+02
2.363206609653177566e+03
3.223453526274755404e+03
1.660749835737649846e+03
2.084425335860164523e+03
1.725865574045806397e+03
2.077923807721277626e+03
2.158017716060983730e+03
1.444558523366704549e+03
2.395891450983829600e+03
1.379379217493470151e+03
2.031989102748738560e+03
2.050806006242135936e+03
1.435965673986711181e+03
2.223092037346493726e+03
1.806671832662681709e+03
1.572684496362747268e+03
2.218717910498772653e+03
1.918697565822063780e+03
2.118545678584295729e+03
5.516311695667201320e+02
1.156466018525596155e+03
2.641172630869314617e+03
2.660016360650323804e+03
1.302538167679626440e+03
1.023865449211700479e+03
1.214335677906822411e+03
1.536446066515677785e+03
2.931187000005346363e+03
2.794025844695057003e+03
1.391515408631925084e+03
1.299816790846162803e+03
1.559722131476667300e+03
2.901183221282587510e+03
2.717859323431666326e+03
2.102937179165696307e+03
1.608344556993599781e+03
1.116821276838531048e+03
1.516013163758568453e+03
2.620043026831676343e+03
1.803135635245439744e+03
