7.837535303803592797e+02
7.610608684385197193e+02
1.765215438506203554e+03
3.106486110529785492e+03
3.394995000747795075e+03
3.217728610864273833e+03
3.862686750957674349e+02
5.793941008261949719e+02
4.013256801735392969e+02
8.149603907717386164e+02
1.427553309872812861e+03
3.394342295085907153e+03
1.942652603801051782e+03
9.995181775689163715e+02
1.123792059529253947e+03
2.611441655454909323e+03
3.283564497744618620e+03
3.853764095795225444e+02
1.057237867614255038e+03
2.074523141722204855e+03
1.829360053505455653e+03
1.441349374343113823e+03
2.374695712905247092e+03
3.111385676258963940e+03
2.431892216104531883e+02
1.148371993897143966e+03
2.941395653715052504e+03
1.517504784056044400e+03
1.204523566778276745e+03
2.012370664397243672e+03
2.028767589005979289e+03
1.137716969438652541e+03
1.387094223208869607e+03
3.434311374694476399e+03
8.225487049729538285e+02
1.153656376658791942e+03
2.698702377615315072e+03
2.120288818103675567e+03
1.072749202681659199e+03
1.435924470427584083e+03
1.455629895434289665e+03
1.738692791004959417e+03
1.643319900084650953e+03
1.633148088608864782e+03
1.705458696901716394e+03
1.671345071241373944e+03
1.761933959360351992e+03
1.693215498679094480e+03
1.685188738785012902e+03
1.945096859395510819e+03
1.860661266559550768e+03
2.280024917842774357e+03
1.747697893888568615e+03
2.804657430316541195e+03
3.626064866580826674e+03
7.097357424325315378e+02
7.600292378738521393e+02
2.881102887642285168e+03
3.795971598938649095e+03
5.348859570681552214e+02
2.099282142570674807e+02
1.285142016727741293e+03
2.322674138827637307e+03
9.831639717516382007e+02
1.532432094942910680e+03
2.267516875158874882e+03
1.327047705797913522e+03
1.596504295084746900e+03
2.613103832041916576e+03
1.479932516525504525e+03
1.099976448300997390e+03
2.810829597582649058e+03
1.749282401489825588e+03
7.308358894593627610e+02
1.704841371340020032e+03
2.873506907250760833e+03
1.051323998564300155e+03
1.554076661005193500e+03
3.565427053185158911e+03
1.239890039412519400e+03
7.235547115828001097e+02
2.922969752020013857e+03
3.482718406195994703e+03
1.239380014901486220e+02
3.212551807351169941e+02
2.526542690577854955e+03
2.465416304866941118e+03
2.664122833448732308e+02
1.807301893450903208e+03
4.016330758807914208e+03
4.027634284299819001e+02
4.035046875740407586e+02
1.988518317011301860e+03
1.841189951511746131e+03
7.711048796658893707e+02
1.438623598158301093e+03
3.272187746561713993e+03
1.266789061327088120e+03
1.390457664587703448e+03
3.910423861522242532e+03
5.544484199009327767e+02
4.431776291427961496e+02
2.011228092475342237e+03
4.008750815243161924e+03
5.381323388029019270e+02
1.869646689679953226e+02
1.621563558449777474e+03
2.805693730331367078e+03
6.920754099736504941e+02
1.136054935671006206e+03
3.265829596009438319e+03
1.305328879184844027e+03
1.162916643455532039e+03
2.615914074400694517e+03
3.989164634655965074e+03
2.770351130967936570e+03
-6.053019449309704925e+00
4.166248021446965026e+02
2.268626543162094094e+03
4.091463941922667345e+03
9.332475949935681001e+02
7.222965606827899592e+02
8.462707411821304504e+02
3.408041802651876424e+03
1.243420009293806515e+03
1.608167775489466464e+02
2.370458990352141882e+03
3.481875365526468158e+03
2.254114583850629572e+01
2.618839915126818596e+02
1.869794804251012465e+03
3.766208328209453612e+03
6.532771541976279650e+02
5.213466028178123679e+02
1.239234136745747946e+03
1.668760550257437899e+03
1.658333420115299532e+03
3.033463817007469970e+03
3.862837135354059683e+03
7.840420894610482492e+02
6.440468262135893838e+02
1.425546066240668779e+03
1.829824503752684677e+03
1.731148357903095985e+03
1.624064492456331891e+03
1.633013806621656840e+03
1.582640808490700920e+03
1.593241132750601082e+03
1.590848951796531310e+03
1.654418579925888025e+03
1.675895144750262034e+03
1.710265461867511476e+03
1.766454063918840120e+03
1.550765783965538958e+03
1.596172147990977464e+03
2.773468905499631092e+03
3.829704484786496323e+03
1.040527621367662732e+03
5.879864107999118232e+02
2.641030727962628589e+03
3.897656753741644025e+03
3.635408869105634949e+03
3.956735294776850424e+03
1.313844173394280403e+02
8.260009615029250796e+00
3.351241148308132978e+01
-2.351194977316112045e+01
1.046148297566167457e+03
2.390679683505125013e+03
9.879529474015141659e+02
1.462834888182653003e+03
2.376121667297064050e+03
1.832693750601027432e+03
1.266050911466710659e+03
2.456823782057002973e+03
2.196662787224504882e+03
8.930672512738573232e+02
1.236560555967330174e+03
1.405047662117993013e+03
1.572263759039189608e+03
1.816249879244973727e+03
4.018387045391328684e+03
2.939630243075536782e+03
9.557622355348669316e+02
9.754640229368499149e+02
2.963698397195756570e+03
4.032130287215857152e+03
2.869904352196090713e+03
-7.706401670132166259e+01
-6.559337658971144958e-01
1.425286555784904749e+03
2.902237449630170431e+03
8.340529178536967265e+02
9.939971559605980929e+02
3.189971950422561349e+03
2.549183580097700997e+03
4.389899288138787483e+02
7.668904968748755664e+02
1.410671155578082789e+03
1.805120130998674995e+03
1.520049786026243510e+03
1.541789734596803328e+03
2.662744694641361093e+03
4.101064653740414542e+03
2.819852754500288484e+03
9.718657166211295362e+02
1.831171514538172005e+02
7.093021639932686639e+02
3.178383939388001181e+03
2.176720883382614375e+03
4.846906486411468222e+02
1.032411129807538373e+03
1.359221055035649215e+03
1.887056802553726357e+03
3.042525746864000666e+03
1.419925390817681091e+03
9.241672453792683655e+02
1.213296307778207847e+03
1.546364615039367663e+03
1.603507996728177659e+03
1.506954160590489664e+03
3.328761919311544716e+03
4.021343363401725583e+03
6.142759363979368459e+01
1.842213747212253452e+02
8.728321814482667378e+02
1.171663975099078243e+03
2.652399481901625677e+03
3.241301953635915652e+03
3.907179920250059126e+02
1.093762954137206862e+03
3.247393981151172738e+03
7.841899940500724142e+02
1.024901323140739350e+03
3.524781773328914824e+03
4.133711364068841249e+03
1.083139879485273468e+03
4.922166449600634763e+01
4.957191381954974077e+02
3.105222305346539997e+03
3.825060864245062476e+03
1.047986497480294020e+03
-2.270351457408088791e+01
3.224350087940883327e+02
3.117672148995794032e+03
4.098645098768844946e+03
2.721861200244698466e+03
3.061954792426685117e+02
9.434614196613473780e+00
9.615544119090304775e+02
3.040021530080815410e+03
7.748695640555961290e+02
1.248194430691809430e+03
1.700236126889785737e+03
1.842652916806308895e+03
1.554827105341903689e+03
2.523464446020000651e+03
2.324012886896046439e+03
1.100015881630483136e+03
1.358568190990166386e+03
2.420556058723833758e+03
1.593276617999234077e+03
1.411428026754162829e+03
1.850085800066554611e+03
2.617485159162577020e+03
1.657405391599163067e+03
2.253431288943586878e+03
3.686334864751176156e+03
3.180972823102353232e+03
-1.566351738377748681e+01
1.671412562727409679e+01
4.497015447631357574e+02
3.119912753361362775e+03
4.054266217334627981e+03
7.676002998253001124e+02
-4.723029439567375753e+00
4.874751021004399263e+02
2.809829379620597592e+03
4.064898842456306738e+03
3.497890583777340908e+03
4.444564987782285925e+02
-3.635671269787569937e+00
1.214362489752087448e+01
1.018735042313042413e+03
