2.186924425177191097e+03
2.553620594338082810e+03
3.916964305253497969e+03
1.927922271741726036e+03
1.219328832394849542e+03
1.600346650378937511e+03
1.659034134816848109e+03
2.253000493279997499e+03
3.909076619121537988e+03
1.581623144955729458e+03
8.444204718821251845e+02
1.500548617423834685e+03
1.842086219979354610e+03
3.762975169917569019e+03
2.355340058377040805e+03
9.567567240818657410e+02
1.288918460072363587e+03
3.205605664565059669e+03
2.830875679379001667e+03
9.188150069837774936e+02
1.283109551885208930e+03
1.974673300563925977e+03
3.977131903535017500e+03
1.720560767486124632e+03
9.650049896663514346e+02
1.464721397843069326e+03
3.630963390175936183e+03
2.133800218312860125e+03
8.997526354619621998e+02
1.305657634848384532e+03
3.225400213500059635e+03
3.256014342139542350e+03
1.203907742836199759e+03
9.520781134206097249e+02
1.418257428714090111e+03
3.450640960317556619e+03
2.649549512608169607e+03
9.220482909334583610e+02
1.310312417828885827e+03
2.028978436929208556e+03
3.653671304967811921e+03
1.480043451018731957e+03
1.264837521010883847e+03
2.715925494577465088e+03
3.242767068097246010e+03
1.143145879874585034e+03
1.207618128822652352e+03
2.559909117887375942e+03
3.202249102945565028e+03
1.215365330827245316e+03
1.287317592723586131e+03
2.523515952181043303e+03
3.201241219683459803e+03
1.271941917008487962e+03
1.215751951897569597e+03
2.318408891310517447e+03
3.455357285179859900e+03
1.442688574735856491e+03
1.058345579845517477e+03
1.677940298767203785e+03
1.809129094778796343e+03
2.010462803945507858e+03
3.767253493295011594e+03
1.776021065066636538e+03
1.344372806217361813e+03
1.771710053601820846e+03
3.761845587177502694e+03
1.701516977836974320e+03
1.237427799745221137e+03
1.461045538493290451e+03
2.123308460827893214e+03
3.176984549331330527e+03
1.441250211486772741e+03
1.447117698515336542e+03
1.692046345504329793e+03
1.642840577663780550e+03
3.000505227927569194e+03
2.852108824962242124e+03
1.254730103514804796e+03
1.345734923950244365e+03
2.739858150709442270e+03
3.581579033239426735e+03
1.135712203577343416e+03
1.085779558294099388e+03
2.671804049374689384e+03
3.463593675929704659e+03
9.225293892283883679e+02
1.136861198997127303e+03
3.684591526222299308e+03
1.575721536118267750e+03
1.097980129988641238e+03
1.547850022497408190e+03
3.717379245228917171e+03
1.993422132498017618e+03
1.017919551481146868e+03
1.324162873380584642e+03
2.732541632716624463e+03
2.878859281457054749e+03
1.274042636868572117e+03
1.904122847243097340e+03
3.790807809423788058e+03
1.541649979290281863e+03
8.170511465517665783e+02
1.306029953852376138e+03
2.432552398470943899e+03
3.326043708150310977e+03
1.284392224426526809e+03
1.429009741604721967e+03
1.794567096294843850e+03
3.535786710014932851e+03
1.747962103871387399e+03
1.355654180373014697e+03
1.799405764982000846e+03
2.473238123170508970e+03
2.900167361239085039e+03
1.384234071109534170e+03
1.640864805880842823e+03
1.718258904893944191e+03
2.517128999197145276e+03
3.387662991988328031e+03
1.316106783296831054e+03
1.302017607165438903e+03
1.509542457973728006e+03
3.318341988227802176e+03
3.213093643161637374e+03
1.449866330092459293e+03
9.828505140138075831e+02
1.426236894055390394e+03
1.868433089068647632e+03
3.224858088579419928e+03
2.993591392709684442e+03
1.314428426713919634e+03
8.891599577758473743e+02
1.362641098027054795e+03
1.606619848645908405e+03
3.325453089430205182e+03
2.401468231485201613e+03
1.471442369084457596e+03
1.684034027081094564e+03
1.864003121906842580e+03
3.380414010229058476e+03
2.188194012038686651e+03
1.260733694549685197e+03
1.557596046036185726e+03
1.898192566497058806e+03
3.461234669133189072e+03
1.695906387197827371e+03
1.485134748936912956e+03
1.860303882241080373e+03
1.754840166130063835e+03
2.207143900062304965e+03
3.674294534114438193e+03
1.500289872489023765e+03
1.200334285203420450e+03
2.178696012408967363e+03
3.942906567388877647e+03
1.556669792979510703e+03
7.439643106419310925e+02
1.737768608856543779e+03
3.542067820909052898e+03
1.605275589642143359e+03
1.069282120011689130e+03
2.069848666961343042e+03
4.067560840392160571e+03
1.518604848768791726e+03
7.381351423408065102e+02
3.328542933645142512e+03
1.472523554272142064e+03
9.890421648768093519e+02
3.369418296740881942e+03
2.113514366119862188e+03
9.572099581297255781e+02
1.275790531783494998e+03
3.370475638386249102e+03
2.686702530311468308e+03
9.494096027499058437e+02
1.766552147004627386e+03
3.528824360992065067e+03
1.318813112912838051e+03
1.286423526197656884e+03
1.572035323583927038e+03
2.999532826262958224e+03
3.402260025493842022e+03
1.961311753079181472e+03
1.794367492871249624e+03
8.850825064087177907e+02
1.354831244402845414e+03
1.924686469812706719e+03
3.555824356688561693e+03
1.349026608327678787e+03
1.418573192510366653e+03
1.711776251569419401e+03
3.729953642009263149e+03
1.883319311845305720e+03
1.080096559447274103e+03
1.443531313249842242e+03
1.986443487440386207e+03
4.027835036591684457e+03
1.718496663594819211e+03
9.023615819928093060e+02
1.420549636985011375e+03
2.179900161670384023e+03
3.608672199579861626e+03
2.117454943452176849e+03
8.370631090435891792e+02
1.372921352132768561e+03
1.823125184645296713e+03
1.964004733914008057e+03
3.483696066909074489e+03
2.027192210112025805e+03
1.260976350940577504e+03
1.641019248679259135e+03
1.846375297618666082e+03
3.637542854074779370e+03
3.190885030788600034e+03
7.527632582753536781e+02
1.091817138519458467e+03
1.616513304119235499e+03
2.543820309398479367e+03
3.786543862638090559e+03
1.185551231674890687e+03
1.099512951645508792e+03
1.578475919093138828e+03
2.632661909753240707e+03
4.072025026460602930e+03
1.936530524501426271e+03
2.483870512378437354e+02
1.282776361700579628e+03
1.741438962203101028e+03
3.000824089782365263e+03
3.077056790533197727e+03
1.311520908521619731e+03
1.504140666141763631e+03
1.772337294553298761e+03
3.339866335464414533e+03
2.525208305528226447e+03
1.169519221500341700e+03
1.445901436194674488e+03
1.698307975559461056e+03
2.501057789870902525e+03
3.095597430219913349e+03
1.450647944856314325e+03
1.478378274018697084e+03
1.844977570661751315e+03
3.369935130276359359e+03
1.742798342175577773e+03
1.357416137732546304e+03
1.564535740473971600e+03
3.143856559310424018e+03
2.733503319390078559e+03
1.126881475826184897e+03
1.367617558596848085e+03
2.958162629027352068e+03
2.726124122976590115e+03
1.092835786127646543e+03
1.318362562687405443e+03
3.168714641275826125e+03
2.862497632077547223e+03
9.181666325097216941e+02
1.197768574861478555e+03
2.832990827289939716e+03
3.460314580842773012e+03
8.802879385531230128e+02
1.149528174882671237e+03
2.868143369381101365e+03
3.273678455047784155e+03
8.873198822739060461e+02
1.328059318784605011e+03
1.713513453017515303e+03
3.736456132374712979e+03
2.111816185337856041e+03
9.133049995435609389e+02
1.401793674657426664e+03
1.713626512025699412e+03
3.493837512630914262e+03
2.475420834311211365e+03
8.769278729975067108e+02
1.259931875296464796e+03
2.581955946876562848e+03
4.063691349555642319e+03
1.524144475448519870e+03
7.492690925248831491e+02
1.290259949522672741e+03
2.508519528905300831e+03
