2.230254355418349405e+03
2.794340500750041429e+03
2.059063706948661093e+03
1.174278675574856379e+03
1.629046974694668961e+03
2.653831352755513763e+03
2.030597454305307792e+03
1.403656552781271330e+03
1.934122638512499861e+03
2.835775785013015593e+03
1.442785105133781826e+03
1.525979724848773003e+03
2.744939570296128750e+03
1.675118598379680407e+03
1.503121789312717965e+03
2.212486341112813079e+03
2.648457473489106633e+03
1.508052439888273057e+03
1.964317105799578030e+03
2.609253559825195225e+03
1.313111314867197962e+03
1.992977245432196014e+03
2.571942987437718784e+03
1.383587982640283371e+03
1.763314147405457788e+03
2.687232637285303554e+03
1.490509678958650511e+03
1.568482990917146481e+03
2.704201834555980895e+03
1.668859794379504365e+03
1.511987495281005977e+03
2.540995584250729735e+03
1.920855322694858160e+03
1.484371850284736865e+03
2.232146491532194887e+03
2.512031564619352594e+03
1.962307968710030991e+03
1.419740259213330091e+03
1.616867206425261656e+03
2.810462285404104477e+03
1.377990329410367622e+03
2.258397579725826745e+03
2.088254200751251119e+03
1.413252001777142368e+03
2.648841271779380804e+03
1.658417797684802736e+03
1.601373137804034513e+03
2.669872300863088640e+03
1.775372887641063016e+03
1.415381704194164286e+03
2.639679363102508887e+03
1.583913196666173235e+03
1.739406319138390245e+03
2.641216967904370449e+03
1.448043371690813046e+03
1.905833367940699191e+03
2.545704548938126209e+03
1.445258757387213791e+03
1.768808872290317140e+03
1.835374308514241420e+03
1.914059856522000700e+03
2.806204722835238499e+03
1.418520325917614855e+03
1.828410801099518494e+03
2.803660719722496196e+03
1.597697317531918088e+03
1.310765762056814765e+03
2.243177802490611612e+03
2.937198206683092394e+03
1.570564201962725974e+03
1.623521347564906819e+03
2.126609352645132276e+03
1.533192506687790683e+03
1.562992735222429019e+03
2.491026123768599518e+03
2.539076998362589165e+03
1.385679696904802540e+03
1.749115908806440530e+03
1.961906802298112325e+03
1.958683583918757222e+03
2.933674185255137218e+03
1.520468502833344928e+03
1.832448248798318673e+03
2.563461467579565124e+03
1.209325053597472333e+03
2.420681543469568624e+03
2.307630757514000379e+03
1.217073671377142091e+03
2.154192597424010728e+03
2.741562811721103571e+03
1.259473512860635083e+03
1.658233520320885873e+03
2.810411918131702350e+03
1.418730447054770593e+03
1.790401746185217462e+03
2.644935071972991409e+03
1.361316205941001272e+03
1.957037784936881962e+03
2.725147514349707308e+03
1.312626676563704223e+03
1.628866616595332971e+03
2.804645312862474839e+03
1.815853100112045922e+03
1.357762389732149813e+03
2.482462369641004443e+03
2.245921064733590356e+03
1.320605386432585874e+03
1.824505494314704265e+03
1.998810049813931300e+03
2.029027223652481098e+03
2.873468926879528226e+03
1.298359473362202607e+03
1.814794648957216396e+03
2.793548479532024885e+03
1.467966063638485821e+03
1.440714810579236200e+03
2.578923399287583834e+03
2.335571423700573177e+03
1.278244398434422010e+03
1.699473370259486273e+03
2.039251987758172390e+03
2.823865868352675989e+03
1.360910299708975572e+03
1.649519063641957700e+03
2.736540737640003499e+03
2.523278272729865421e+03
1.384323985262300312e+03
1.339893546255820183e+03
1.722867712396519210e+03
2.405563556117790995e+03
2.832066030392246830e+03
2.327749030304246844e+03
1.203169463176759791e+03
1.366222617175681762e+03
1.710310980897111222e+03
1.976164756090608989e+03
2.702593837129186340e+03
2.858056467875341696e+03
2.971761768567680974e+03
2.668687261724438940e+03
3.763382763946239038e+02
6.523021491335160817e+02
1.215194083584469581e+03
1.743836005368686074e+03
1.967110388682519215e+03
2.525521871503192415e+03
2.336134043993810792e+03
1.652967867836731102e+03
1.906946884708845573e+03
2.741180469361551786e+03
2.138082038740159987e+03
2.157417343840606463e+03
1.633778643288864941e+03
1.580229253800436709e+03
1.770110552205366503e+03
2.032732048036921014e+03
2.044817924641535683e+03
1.941623236039114090e+03
2.186359415714696752e+03
2.826318426006308528e+03
1.439444090567515332e+03
1.699468114655345744e+03
2.860173974650233504e+03
1.684142109621766849e+03
1.402156027231945927e+03
2.792796734582064346e+03
1.732819550990446032e+03
1.637152091225280401e+03
2.701827729196363634e+03
1.280212961505059639e+03
2.309371350696076661e+03
2.257885262661498018e+03
1.257677377723413656e+03
2.684861159361804766e+03
1.435169484008465815e+03
1.678026788685013798e+03
2.460518193400671862e+03
1.393170869135687553e+03
2.488015344439504133e+03
2.033553912788003345e+03
1.503319187554375731e+03
2.522174796514857007e+03
1.894920068463119378e+03
1.866944672876212508e+03
1.372656341215098792e+03
2.582426199047367845e+03
2.302908446135925715e+03
1.280410195065486505e+03
2.360666811124255219e+03
2.173371474953060442e+03
1.350147750931599376e+03
2.510710652301906521e+03
1.862273300235059878e+03
1.389521228364438912e+03
2.572365576985780081e+03
1.989558964321045778e+03
1.413647427700948128e+03
2.160026252720740558e+03
2.453037669480347176e+03
1.414584145833832054e+03
2.009005993346539526e+03
2.589426891275976232e+03
1.344036666964452934e+03
1.778801170259273249e+03
1.988267772694751102e+03
2.725281184270706490e+03
1.544514588954696137e+03
1.620521855351522390e+03
2.735431553640518359e+03
1.684386505212180282e+03
1.450821433387826801e+03
2.508485140046842844e+03
2.087906760500673499e+03
1.406678591360150904e+03
2.066512847486680130e+03
2.867748450647484788e+03
2.522494709054388295e+03
1.429651964017775299e+03
1.235010185398688009e+03
1.442283802694966425e+03
2.230502349904440962e+03
2.495093502508423171e+03
1.535932046307950486e+03
1.713162412240088997e+03
2.650402801072204511e+03
1.575015509063864783e+03
1.705623075163695603e+03
2.614234774131785343e+03
1.686440686688014694e+03
1.559642627686562264e+03
2.586329915492178770e+03
1.750933980831977806e+03
1.465094783834807004e+03
2.500642898119190249e+03
2.040998511687225346e+03
1.407738247209918427e+03
2.313940304522966926e+03
2.411882685336472605e+03
1.330026313961614960e+03
2.189241639238925927e+03
2.404293192270626150e+03
1.395318428497674404e+03
2.208965440789536842e+03
2.468281991067201943e+03
1.486673352314383010e+03
1.856531148704631505e+03
2.326831448110450310e+03
2.253434085016142944e+03
1.407419489112562587e+03
2.612604159044024073e+03
1.584581710088828231e+03
1.826047635586704473e+03
2.667793258678607344e+03
1.249713433508103890e+03
2.174744532581998101e+03
2.340459401513021476e+03
1.292080038716982017e+03
2.549362465930789767e+03
1.879188407382986043e+03
1.431374825562492788e+03
2.656137537567807613e+03
1.601374409269910984e+03
1.643822517561499126e+03
2.431000652973010347e+03
1.590785507049052285e+03
1.954237043503753284e+03
1.837757306514983838e+03
2.106761674574542667e+03
1.742813913897475913e+03
2.637020391058045789e+03
2.207420454298835466e+03
1.356279335037972714e+03
1.720641760994767537e+03
2.641747543339691219e+03
2.139828116936835158e+03
1.346358711265709644e+03
1.742086834003226613e+03
2.665927042980542865e+03
1.778521747555395450e+03
1.475386587126571840e+03
2.420569809655286917e+03
2.280688613472992529e+03
1.417157895867641628e+03
1.885940443396144474e+03
