9.859852334585970084e+02
1.246907576445302993e+03
2.677205363219154151e+03
3.508867396391712191e+03
1.234907055517672006e+03
1.631690542326619379e+03
1.300457357405276070e+03
1.527163709560084726e+03
2.930473586428856379e+03
3.665833091268173575e+03
1.903127863790606625e+03
8.127407050862733513e+02
1.319796056060173896e+03
1.719138525995118016e+03
2.344329935621286040e+03
3.962971521650557861e+03
3.693415277989792685e+03
1.220343366440788941e+03
3.331688303532610576e+02
1.018316299158638799e+03
1.584869544083341680e+03
1.910125950057534283e+03
2.861576452691453142e+03
3.346085121951409292e+03
1.401741281218561198e+03
1.220335857316198371e+03
1.612732820423344947e+03
1.868699112541726208e+03
2.765028628801631385e+03
3.549698560254446875e+03
2.001917145657397668e+03
1.081576476571600551e+03
1.381856773502056512e+03
1.654660181243287525e+03
1.916317779690975158e+03
2.872621412136299568e+03
3.680431554070917628e+03
1.678207643001105453e+03
1.066148125093677663e+03
1.408910737496145885e+03
1.711405325527752211e+03
2.251347765688381969e+03
3.307993017259875614e+03
2.164998715748264658e+03
1.169653128187749417e+03
1.540895322451670381e+03
1.995678319420847401e+03
3.164428306838985009e+03
3.178943705775780472e+03
1.186837019174151465e+03
1.191947236543057443e+03
1.500295858569563052e+03
1.889797651869416541e+03
2.909220854974928898e+03
3.781457047880281152e+03
1.854581726553159115e+03
5.348483684435637997e+02
1.195261772054827816e+03
2.589400056104923806e+03
2.661022201548898465e+03
1.387601977864646415e+03
1.519685570302628548e+03
2.382259702065597139e+03
3.579784565629648569e+03
1.946220061096502150e+03
1.016307050521341125e+03
1.387608634355945014e+03
1.757933085371178322e+03
2.899389775912289679e+03
3.646613147566236421e+03
1.323995531532276573e+03
1.139292892575188716e+03
1.451408041534750282e+03
2.011809777304863474e+03
3.311304279860113638e+03
2.844865516025150555e+03
1.190510589347587938e+03
1.286030539657471309e+03
1.478234081320853193e+03
2.245103628710910471e+03
3.547146012525960941e+03
3.455330237267989105e+03
9.157807343480808413e+02
8.839425908379637349e+02
1.420984457717333044e+03
1.835419362533926460e+03
3.442810578418226669e+03
2.469092923822037847e+03
1.106240762924272531e+03
1.285472223471900406e+03
2.014573192463933083e+03
3.579136982761176569e+03
2.856052784643341511e+03
8.561996922577784517e+02
1.107972616234316547e+03
1.594473762364054210e+03
1.834556319022205571e+03
2.550900018616922807e+03
3.844337978828726591e+03
3.249134378345388541e+03
5.986825865233926152e+02
8.505234665452413765e+02
1.310757785545347588e+03
2.302726489833549294e+03
3.363769120400582779e+03
3.303797347510526379e+03
9.792552907630289383e+02
9.776484947423234644e+02
1.439753965636324665e+03
2.135911316097284271e+03
3.450884018851006658e+03
2.727994120340706104e+03
1.014246126923766155e+03
1.185649226165697883e+03
1.790843894651433402e+03
3.121379824718952023e+03
3.317421110494518871e+03
1.201807287317173405e+03
1.189732371690026412e+03
1.417649830595027652e+03
2.531107333751916485e+03
3.916056010109104591e+03
3.802821651193798971e+03
5.135871491584837258e+02
1.811431980573252361e+02
1.127433612302772872e+03
1.901535652667161003e+03
3.413564228969429223e+03
2.901538717125502444e+03
1.013305875031487062e+03
1.338514311172877342e+03
1.650648389358944314e+03
1.866222072613212276e+03
2.706785055114453826e+03
3.458271498416870145e+03
1.793986334981136906e+03
1.241226071060278400e+03
1.543278482358705105e+03
1.783825364202402397e+03
2.014826720600041881e+03
3.025891535894235858e+03
3.258942162856978030e+03
1.514565887331702470e+03
1.354866456468353817e+03
1.630084993010841799e+03
2.405554689685655376e+03
3.476585855666832686e+03
1.729657436222391425e+03
1.183383693303635937e+03
1.397898067207207532e+03
2.069226173185257721e+03
3.455189214426957733e+03
2.775207405756826120e+03
9.056454971892316053e+02
1.099587528259112787e+03
1.578328141651074702e+03
2.849670053840886794e+03
3.761300579886932610e+03
1.786556763303283105e+03
8.854498190338561017e+02
1.164729356289957423e+03
1.510764459491800153e+03
2.968112144443955458e+03
3.710698470815099427e+03
1.592893055411222122e+03
8.651631378577442320e+02
1.282434444040489780e+03
2.205855357558710693e+03
3.627365461525079809e+03
2.300390350461985690e+03
9.371991085640722758e+02
1.317393916207005304e+03
1.834453414879656520e+03
3.093177359840571626e+03
3.430976295412398940e+03
1.182565132185140783e+03
1.017540652470465375e+03
1.512761682781479976e+03
3.225601186427466473e+03
4.080400060746553208e+03
3.203023443601819508e+03
2.946815602191088601e+01
1.465270855869980551e+02
1.379688679351608243e+03
1.945350108719322634e+03
3.717271098734137468e+03
3.672888858634592452e+03
7.369231103970679442e+02
8.705210579889021574e+02
1.354751354455888531e+03
1.778852751621428752e+03
2.071397271399805504e+03
3.269162279444355136e+03
2.728169031202956376e+03
1.302743270623374201e+03
1.446769730926577950e+03
1.763164615396532554e+03
2.649236987295732888e+03
2.867605432864163959e+03
1.514487011370961000e+03
1.540731214522711980e+03
1.726631608741561195e+03
2.031583783454725108e+03
3.179483659850333424e+03
4.019361261828817078e+03
1.528763792028383932e+03
5.265702906594187880e+02
1.122349292233886445e+03
1.645793927370781830e+03
2.861611140696146322e+03
3.764551924061771388e+03
2.350972315575432731e+03
6.850666930696401096e+02
1.061697712482764700e+03
1.616688472599558963e+03
2.012989333818185287e+03
2.969112818428276114e+03
3.626708379255235741e+03
1.466019835619157902e+03
9.754160869387627599e+02
1.420163266561446335e+03
1.970974836625796570e+03
3.159599374819285003e+03
3.473493500156420396e+03
1.575032823969754190e+03
9.257809015039538281e+02
1.232142109014234393e+03
1.665467273741187228e+03
2.906058720009843455e+03
3.734774476110546857e+03
1.448628242646735771e+03
1.039315701228495527e+03
1.388526429018884528e+03
1.874287849787057667e+03
3.210016945863315868e+03
2.706567562235226433e+03
1.247397774721547876e+03
1.347207243929692822e+03
1.861406535580536683e+03
3.076575089397341344e+03
2.876354299519054166e+03
1.206936369740396003e+03
1.293590580351250992e+03
1.623286140255531791e+03
2.690046834908877827e+03
3.778483580628947038e+03
3.105626535831810088e+03
5.897127406187687484e+02
8.680321747080390651e+02
1.532659241655383084e+03
2.819065752909537878e+03
2.928261826020278477e+03
1.345072901936306380e+03
1.190666319364444007e+03
2.258978828861268539e+03
3.397146252268519220e+03
2.016818576644622908e+03
1.112028341337674192e+03
1.334654127764202940e+03
2.086763652944880505e+03
3.257716543026536783e+03
2.496480230578523788e+03
1.172006219536801154e+03
1.424505200361890047e+03
1.677974181025993175e+03
2.855395144296069702e+03
3.780843785446158108e+03
2.921734849629130167e+03
2.308121064682265455e+02
7.863794468416003838e+02
1.498782815979253883e+03
2.709598130086154924e+03
3.622492898361855623e+03
2.414607598739528385e+03
7.325048248795935706e+02
1.069583331340264522e+03
1.601498450306782615e+03
2.352549277387412076e+03
3.332387380106900764e+03
3.745354762064703664e+03
1.007350162682105292e+03
7.632718532447649977e+02
1.256713356071827320e+03
1.903780016973781358e+03
