1.211763172693904608e+03
1.123182930862456033e+03
1.497129122945201743e+03
3.119617732318325579e+03
3.238570335913743293e+03
1.097199305174063511e+03
1.394875170824234146e+03
1.653264571341978581e+03
3.570633452984113319e+03
2.241814331231151755e+03
1.126288898927089122e+03
1.348852322016835842e+03
1.804599000276865354e+03
2.165213994621662550e+03
1.753057929978775974e+03
3.573552492367167815e+03
3.046630337434961803e+03
5.598154191609497730e+02
1.079459700516819339e+03
3.328263132464262981e+03
2.822029062810184314e+03
7.953897868601395658e+02
1.187007087776772778e+03
3.676964356452214361e+03
2.564177233309494113e+03
7.922315624171272930e+02
1.328220581352701174e+03
3.281572249736857430e+03
2.922976971403994867e+03
7.915845878741571369e+02
1.291860618316144610e+03
3.434205895026794678e+03
2.617634090103751532e+03
8.598193856997485227e+02
1.288495101439660630e+03
3.654649850868664089e+03
2.427685447493985521e+03
8.113626685601549298e+02
1.083945387680011208e+03
3.140984819479027010e+03
2.910864988253561478e+03
7.749001511703735332e+02
1.127272133491358090e+03
3.213212256128272202e+03
2.856062656381060151e+03
8.001097831361480530e+02
1.526635171449105883e+03
3.478408762065404517e+03
2.202225064051880054e+03
9.865429929428485138e+02
1.529153970587591175e+03
3.355436651080308366e+03
2.709000732045286441e+03
7.613312743945689363e+02
1.458971023344740615e+03
3.583552745228147614e+03
2.292945699267375858e+03
8.197238643540028988e+02
1.627134447734609694e+03
3.690487988137753746e+03
2.154562884347344152e+03
9.428777838445428188e+02
1.380890508715809119e+03
1.822514700874869277e+03
3.689470830582571125e+03
2.475427646748845746e+03
6.622034605729587611e+02
1.245715665402488639e+03
3.392599082412083135e+03
2.614880120138703660e+03
7.657417473558546135e+02
1.270674511782999843e+03
2.745463182966742352e+03
3.409475651550933890e+03
1.077360055029554132e+03
1.011719095130607343e+03
2.467842431808674519e+03
3.609613167398579208e+03
1.349391484703415472e+03
1.137458206552578531e+03
1.596746936398152684e+03
3.656652532345680811e+03
2.433945748456594629e+03
8.746065243824036770e+02
1.373049157584640625e+03
3.219476106809092471e+03
3.179407487982833572e+03
9.146435536977672882e+02
1.205101207964120249e+03
2.339496616193871887e+03
3.434668641965258303e+03
1.186184568332620984e+03
1.049324271014713077e+03
1.915129464052084359e+03
3.610286587297352526e+03
2.059455667674541928e+03
1.054262550983622987e+03
1.601755562007642766e+03
3.365627862850462407e+03
2.297520340664489595e+03
7.702402229751314735e+02
1.424216833157078781e+03
3.518444801363812985e+03
2.616025583100489712e+03
8.352540430639830902e+02
1.464670754468487303e+03
3.439949803350344609e+03
2.487939883460654073e+03
6.647982281153696249e+02
1.399232690789073331e+03
3.431868415358124366e+03
1.887435533483579547e+03
8.301122424744452246e+02
1.809199516609369539e+03
3.725764467371415776e+03
1.851730030085961289e+03
9.360492382114326801e+02
1.974069669773595024e+03
3.644127363272644743e+03
1.788089623101563120e+03
7.887446977858530772e+02
1.935859649892974630e+03
3.529127941704366549e+03
1.176347339241266127e+03
1.130228018752107573e+03
2.144938520272366986e+03
3.513648474821331092e+03
1.224801532468376081e+03
1.068071022567990894e+03
2.175471683265996489e+03
3.585769799445720764e+03
1.476926859895756252e+03
1.211283236674786394e+03
1.681553735939877015e+03
3.161060229137564420e+03
2.866648965448952367e+03
9.694767324374687405e+02
1.247719417638613777e+03
2.305870229393953196e+03
3.401746766837802625e+03
1.530153790581117391e+03
1.223913963172601370e+03
1.952748878503099832e+03
3.546711958498310651e+03
2.007463605587979828e+03
8.887853450713049597e+02
1.431676466256080857e+03
3.246822541950702998e+03
2.766861153499921329e+03
9.646748792899654745e+02
1.183647998710873480e+03
2.485557450735690963e+03
3.342651478554421374e+03
1.231011325878278967e+03
1.053813550628723306e+03
2.039508712392012285e+03
3.485442698094911520e+03
1.726948294317692444e+03
9.291559694276278378e+02
2.324156902105175504e+03
3.488235281958266569e+03
1.262423845410492049e+03
1.073073583820822705e+03
1.921875516877993277e+03
3.472267500831123471e+03
2.102972620156775065e+03
9.477616436747459829e+02
1.708421088292178183e+03
3.316085927775656273e+03
2.452729178386541207e+03
8.807956625082974824e+02
1.501913289486774374e+03
3.093452847429695339e+03
2.898755042343081186e+03
8.208275201403463370e+02
1.319257876307410925e+03
2.886100715255253363e+03
3.118555520185560454e+03
1.012135697399803576e+03
1.287920363021159801e+03
1.964838404475573043e+03
3.376727882895012954e+03
2.443730843733813799e+03
8.431294107765824037e+02
1.855136241543148799e+03
3.542249525193198224e+03
1.694501009301533031e+03
7.467607982422612167e+02
1.918888744153735843e+03
3.506257849145300952e+03
1.365151948123432021e+03
1.031420979524749100e+03
3.348337914800617455e+03
2.804468824622921602e+03
5.690311191781464686e+02
2.362569276773003821e+03
3.546187032265645939e+03
7.951193438362384995e+02
9.069311665626092918e+02
3.266162237889289827e+03
2.693511862225173900e+03
6.837204745193699864e+02
1.457049750759058725e+03
3.629257775957934882e+03
1.870821075775586905e+03
5.854927417738065287e+02
2.377928138131073410e+03
3.740515827497698410e+03
1.031286663958165491e+03
1.042504251618917124e+03
2.477318815472232018e+03
3.592149307963117280e+03
1.074503018176357727e+03
1.085846559821755591e+03
2.420529773840541111e+03
3.338904478590595772e+03
1.237893557717259000e+03
1.118592982921420116e+03
2.439284617928323769e+03
3.584319191038088775e+03
1.580592498251293819e+03
1.042537565572173662e+03
1.801678859982106815e+03
3.390636446635510310e+03
2.220874965543174767e+03
9.465419319182592517e+02
1.516101099395488291e+03
3.048376734578198011e+03
3.131139938880897262e+03
9.154086718196607535e+02
1.157133372700750897e+03
2.960108596449387278e+03
3.201130302944735377e+03
9.426020556696245194e+02
1.293280058419242323e+03
2.869629206253293432e+03
3.257743088560107026e+03
9.365037460760554495e+02
1.227979174985603095e+03
2.869572514191334903e+03
3.241128621398996074e+03
9.284167938034038343e+02
1.081664289920410965e+03
1.917218197501662871e+03
1.932997943217979582e+03
3.017614472874851799e+03
3.752500884793695150e+03
6.625796704479720347e+02
9.897596271550783058e+02
3.444705443172604646e+03
2.698801799110860429e+03
4.182896391952714339e+02
1.536797505698451459e+03
3.579015500809839978e+03
1.843205678338606731e+03
7.942172513038696025e+02
1.762804160245348839e+03
3.461086414661634990e+03
2.062352671317539262e+03
8.514681739607926829e+02
1.597581836951334253e+03
2.553130614787236937e+03
3.367205029823282075e+03
1.388129965919598135e+03
1.100264349929821492e+03
2.190531223959319959e+03
3.701117570467539736e+03
1.606488401209646554e+03
8.642606092809872962e+02
1.625193192682121207e+03
3.239231141799946727e+03
2.812228122527259984e+03
7.723272842624079431e+02
1.462685837060560061e+03
3.157001933919661042e+03
3.205034637122269487e+03
9.066745439470981864e+02
1.175026264072026152e+03
2.440867324931893108e+03
3.725638431096817385e+03
1.525481095598348929e+03
6.774141877364688753e+02
1.839561660026793561e+03
3.642802493396695809e+03
