2.676731912500404633e+03
1.032284446913489546e+03
1.629475825499201164e+03
2.591894203981133160e+03
2.593347620468557579e+03
9.882872425037270432e+02
1.678995848094935354e+03
2.670485620837318947e+03
2.575822324959669459e+03
1.090344733131198382e+03
1.619176813359874131e+03
2.685507828259177131e+03
2.594003526447924742e+03
1.161244060379823622e+03
1.604857297342924539e+03
2.580281920081222779e+03
2.450092762842468801e+03
1.170692379451942543e+03
1.851637497312773803e+03
2.852306987809155089e+03
2.036903656587566729e+03
1.257809900545758637e+03
1.975662238497714270e+03
2.650788682372296080e+03
1.439457895126054154e+03
1.576624686284742438e+03
2.292990654088031988e+03
2.603818912666414235e+03
1.199946456863880258e+03
1.624303533284575451e+03
2.676564129365596273e+03
2.397232889955324481e+03
1.185307686635266464e+03
1.693979728177734387e+03
1.889867788377691795e+03
3.136243994767643017e+03
1.536368020317188666e+03
1.565045238890140126e+03
1.759789400303639241e+03
3.083628175361922786e+03
1.502585590789344451e+03
1.207188564635064267e+03
2.925552956209391596e+03
2.289845048409712945e+03
1.128994812171886679e+03
1.957768279284645814e+03
2.866476420063852856e+03
1.149577808440127910e+03
1.423967320226557149e+03
3.116280429227270815e+03
1.820542219657104397e+03
1.273289813582383431e+03
2.277513034504089319e+03
2.743675864602858383e+03
1.017172709100114162e+03
1.705774983815546648e+03
3.115745073088310164e+03
1.244279408556917588e+03
1.457655046962644292e+03
2.251867104678772648e+03
2.701326906837290608e+03
1.153877705216432560e+03
1.358019196324648419e+03
2.825876422843391993e+03
2.683654907639955582e+03
9.668878659391710926e+02
1.767573195123329242e+03
2.150413643126608349e+03
2.609802119028211564e+03
1.224804181811737863e+03
1.672691642978032633e+03
2.477123300034505519e+03
2.582920833114288598e+03
1.125563144237696633e+03
1.493658279928716411e+03
2.477546529416309568e+03
2.614276827631367269e+03
1.225337307815134864e+03
1.611059124471005816e+03
2.072730745430340448e+03
2.726510979105190472e+03
1.090674555709693550e+03
1.612503088018151402e+03
2.838385693006327983e+03
2.508767596828867681e+03
1.023360201039033655e+03
2.055456455638228363e+03
2.889976628262347276e+03
1.079243023558295590e+03
1.601698107728749392e+03
2.493063152182037811e+03
2.586640736618790015e+03
1.098053234577860621e+03
1.616899799308851925e+03
2.811676176320043396e+03
2.359316167317951567e+03
1.055341412015307696e+03
1.732747948205321109e+03
2.710529146229367143e+03
1.682056123453258806e+03
1.365535284733937488e+03
2.013255349406970936e+03
2.960769287314474695e+03
1.371503312634766871e+03
1.382019804515236274e+03
2.154011552349504655e+03
2.862207568381665169e+03
9.167566208242802759e+02
1.432161067418165885e+03
3.136083445994055182e+03
2.270806821854919235e+03
9.039279163648900521e+02
2.056815410700841767e+03
2.929260797350417306e+03
1.556242323992265256e+03
1.305246036834201732e+03
2.559685516890081999e+03
2.908658075104218824e+03
1.910655920530287801e+02
1.827153713584925072e+03
3.003939381254695490e+03
2.595337896090069080e+03
1.251073910591169806e+03
1.822504014703640223e+03
1.503137482284127145e+03
3.217399572461488788e+03
1.669124831204009752e+03
1.180097772695450203e+03
2.438503086920749411e+03
2.721463279752719700e+03
1.114890313048502321e+03
1.669266680501604924e+03
2.823391115379597977e+03
2.361373085148834434e+03
1.077117241479883432e+03
1.703447024794768367e+03
2.528795721311975285e+03
2.641368901048238968e+03
1.025926254570268156e+03
1.634103148328259294e+03
2.393734853428180031e+03
2.697878464814401013e+03
1.153805076321941669e+03
1.500984041870676265e+03
1.931966982073068266e+03
2.963171260848334441e+03
1.814745124427725386e+03
1.362030527606736314e+03
1.850546788888250603e+03
2.892463947857572748e+03
1.726760788080057182e+03
1.314970617347754569e+03
2.000922761330097273e+03
2.943408707204770053e+03
2.003389755415784748e+03
1.200620693718826487e+03
1.799284143506583405e+03
2.875643487039355023e+03
2.563243658342357321e+03
1.103927782798984026e+03
1.655996414287828657e+03
2.172624102343309005e+03
2.790321304657279143e+03
1.178558824568456430e+03
1.480162013096598457e+03
2.299276928925692118e+03
2.801947010355552266e+03
9.393876600121755018e+02
1.383534229832094752e+03
1.955883229754655304e+03
3.034229037169022831e+03
9.602039261142840587e+02
1.668681583333885783e+03
3.069900615515505251e+03
2.377487983338449794e+03
1.004321338696287398e+03
1.809920635188583447e+03
3.009740921664271809e+03
1.577363326985023832e+03
1.202734335569684163e+03
1.960220709021970833e+03
3.221439562045529328e+03
1.291163181363356671e+03
1.163426263069060496e+03
2.139643749731663775e+03
2.253416222972990454e+03
1.228690424443535676e+03
1.913362936691008599e+03
2.443910241686601694e+03
2.444602880074050972e+03
1.235282197286618839e+03
1.805981208339494970e+03
2.704248954791744836e+03
1.916529555830132722e+03
1.462852594947967646e+03
1.978826457950487793e+03
2.711867998611654912e+03
1.515685802059701700e+03
1.614769811203232393e+03
2.309997926941794503e+03
2.533384373578142458e+03
1.247329839522468319e+03
2.020028655924547820e+03
2.515110723678918021e+03
2.451666684711128255e+03
1.168422673995824425e+03
1.809588839318908185e+03
2.821193336246141826e+03
2.083435362356696714e+03
1.393307385873289604e+03
1.749174665593877990e+03
2.707241689091833905e+03
2.234554955156688720e+03
2.267978478358991651e+03
1.192680456490258393e+03
1.323009638322115279e+03
2.249108019322852215e+03
2.058952176516206237e+03
3.090397005257665114e+03
1.034451607898399971e+03
1.489612857083553081e+03
2.577392937826181424e+03
2.902236454317934204e+03
1.007724575588245216e+03
1.418897800688197549e+03
2.816072385348749776e+03
2.397450846106807603e+03
8.452789516963583765e+02
2.077200606443593188e+03
2.758618995460050883e+03
2.045123724096848264e+03
1.486611435024605498e+03
1.775022625726149045e+03
3.075052628288464803e+03
1.222229901530541383e+03
1.502499452050356240e+03
2.972112575660187304e+03
1.798841573688089738e+03
1.526111587560839325e+03
2.321789678352217834e+03
2.461488366781439254e+03
1.282095768978105752e+03
1.719156548931256111e+03
2.945755822483391057e+03
1.591171088575476006e+03
1.221722862942699749e+03
2.383347387918765435e+03
2.756908215550256500e+03
8.416234948908331717e+02
1.622646283119536292e+03
3.109311040753701946e+03
1.802124733626965281e+03
1.362879369303476551e+03
2.047643615030252931e+03
2.981515375730938104e+03
1.357693400772924861e+03
1.400656569305301218e+03
2.046281905629453604e+03
3.056664464631973260e+03
8.723076392424615051e+02
1.902604037034397379e+03
3.021992109290327789e+03
1.521780043460948491e+03
1.442138328437127711e+03
2.210351697447531023e+03
2.811099885662506949e+03
8.709600854022486374e+02
1.720913365625887536e+03
2.812273731309068808e+03
2.437734027988956313e+03
1.119529871522154053e+03
1.709988532624521440e+03
2.812454640679100976e+03
2.224842993836898131e+03
1.250320901734370182e+03
1.916731990493274907e+03
2.882103306811563925e+03
2.003750256102978028e+03
1.118285339473546628e+03
1.812115248227594520e+03
3.035124139045782613e+03
2.149315934336336340e+03
1.184665686469237244e+03
1.942626630031622199e+03
