3.062014547902982940e+03
9.786556614463330561e+02
1.107321762313259114e+03
1.565964428699211339e+03
2.447487095469524320e+03
2.961496437478914686e+03
1.359775786224338390e+03
1.396706058684115305e+03
1.817027169597047077e+03
2.814811886527638762e+03
2.523908254500733165e+03
1.343721282516378551e+03
1.548379365366608681e+03
2.710369779236972590e+03
3.330938099809958203e+03
1.066785701273633094e+03
9.168781311021181182e+02
3.853168872408351945e+03
1.862283124118320075e+03
6.813662153087775550e+02
1.676681048967442621e+03
3.461281382315405153e+03
1.026599478082274118e+03
8.966490472736788888e+02
2.068545973068914918e+03
3.101627386226405179e+03
1.061731334306095732e+03
1.388610860797282385e+03
2.796010794843482017e+03
3.040828160403346374e+03
9.621617551515998912e+02
1.235394678653487745e+03
2.098960984804068175e+03
3.606707455071742061e+03
1.298324952754328478e+03
1.081477634892268725e+03
1.706524936389332652e+03
3.009353814404755212e+03
2.086416834994727651e+03
1.372102237710887266e+03
1.616819847285127935e+03
3.366151450619301613e+03
1.994942820355663116e+03
1.097631702782132379e+03
1.312044365696147679e+03
2.986448280377731862e+03
2.930707591755691737e+03
1.106532828759289714e+03
1.160755498399622638e+03
1.546507282554793164e+03
3.606261986976448497e+03
2.293401685330330565e+03
9.491583763444828037e+02
1.302317108466600757e+03
2.976544442266434544e+03
2.632219901235782800e+03
9.152476093375083792e+02
1.425786567215365949e+03
3.636554537140490993e+03
2.470021080083229208e+03
8.253476733298192585e+02
1.437376773497775730e+03
3.625081875924965971e+03
9.689200582279299852e+02
1.106384304765386787e+03
1.455830060780471740e+03
3.449569934284027113e+03
2.113865109603485962e+03
7.287813189857404268e+02
2.352958409914917411e+03
3.558050189151941140e+03
6.423003035334126025e+02
8.459960535269703996e+02
2.219747768072016243e+03
3.587928095155621577e+03
1.069577901942051767e+03
1.870595984547477201e+03
1.513337180977713388e+03
3.468685340491047555e+03
2.022486535718326877e+03
9.750016332370631744e+02
1.216620184093874059e+03
1.657729566168749898e+03
1.950374797747851517e+03
1.756698754856354753e+03
3.549386434875415034e+03
2.122671730659666991e+03
8.653931222636446137e+02
3.501483946986702904e+03
1.946965492923877036e+03
9.166515604806373858e+02
1.344285445094064471e+03
1.857197596878147351e+03
3.853676322044545486e+03
1.159615687282040426e+03
1.338857142427340023e+03
1.407174963139791998e+03
2.416920223600722693e+03
3.538093488185454589e+03
1.144891673248925827e+03
1.176879130210184712e+03
1.576791091281040963e+03
2.676347682067376354e+03
3.547765695358781159e+03
1.091808121047451323e+03
1.131597194867517828e+03
1.490508996514506180e+03
3.406586675166636269e+03
2.145968259384364956e+03
1.093125022593691256e+03
1.519646014983943587e+03
3.453698558698679790e+03
1.922176674294557642e+03
1.077652400546628087e+03
1.353978653118103693e+03
2.552282381293759499e+03
3.244510101105591730e+03
1.138608550688039713e+03
1.268535022520586153e+03
2.027733943218535842e+03
3.580793019150227792e+03
1.473440873170696705e+03
1.083902290937790895e+03
1.406874362718902830e+03
2.923643198133253918e+03
3.116107946486160017e+03
1.029801761981118716e+03
1.192064518408722051e+03
1.733320905773670802e+03
3.428833987493424956e+03
2.250931246212175211e+03
8.210239008190649201e+02
1.255816048597904455e+03
2.205485771446825765e+03
2.935540213485929598e+03
1.927870548233254794e+03
1.026129477736503986e+03
1.242298004689178470e+03
2.776507332875102293e+03
3.256005537181639284e+03
1.201378600794074146e+03
1.139546478103492518e+03
2.666556912110197572e+03
2.979212367974321296e+03
1.030703987769876676e+03
1.197449353361451131e+03
3.278357655181835071e+03
2.503401669454508465e+03
1.080133853197704639e+03
1.266749468564330527e+03
1.786989840691640211e+03
3.619943603184621679e+03
1.396361970786626898e+03
1.268287635133344565e+03
1.397006770592593284e+03
3.332594233412350604e+03
2.698116077720929297e+03
9.871039176909780508e+02
1.230001004863712751e+03
2.042765335992136897e+03
3.447839045524757694e+03
1.588406639097873722e+03
9.736061805836839085e+02
1.364292236400605134e+03
3.409555688909508262e+03
2.732712126397410429e+03
9.457292660630217824e+02
2.183728539307852316e+03
3.551169639688164352e+03
1.293544452980976530e+03
7.403450147864047040e+02
1.009310591293211701e+03
3.146277561529713239e+03
2.797089163853333957e+03
1.077642390708824905e+03
1.347420675075461986e+03
2.957803574843996103e+03
1.579370348793781886e+03
1.191555724255898440e+03
2.801599715427164028e+03
2.680879948485491241e+03
9.336862162018334175e+02
2.106610404180202750e+03
3.828869077286759421e+03
1.672959820667688291e+03
7.112792470870888337e+02
1.282478470752895873e+03
3.669878055489310555e+03
1.183996158989844844e+03
1.000106869377208454e+03
1.203382039283828590e+03
3.720072704021728441e+03
2.502630387856604557e+03
7.775062624267079627e+02
1.187782004515484232e+03
2.131857869207585736e+03
3.474955675018789407e+03
1.273732642949946012e+03
1.115231912608063567e+03
2.931826453494751604e+03
3.170238285798519428e+03
8.960869271318955498e+02
1.106083466395504274e+03
3.471094372789632871e+03
2.748426217690132944e+03
6.732167647504685419e+02
1.117630882823385718e+03
1.605338128470483525e+03
3.079396233639972252e+03
2.496199290065039349e+03
1.178115145559425400e+03
1.470155176345905602e+03
2.357376916365938087e+03
3.065458433465028065e+03
1.325466361480629985e+03
1.372897484342777261e+03
1.865365957318230812e+03
3.414828545252650656e+03
2.238472954022460726e+03
8.927619884413328464e+02
1.365188041634338333e+03
2.642450260229284140e+03
3.621158132635785023e+03
1.055914285752555998e+03
9.778887373540821955e+02
1.494146955857104103e+03
3.532319628906972866e+03
2.627005756818659393e+03
5.904842584657527595e+02
3.152396237841543552e+03
3.516392732056570367e+03
1.422857784828667718e+03
5.493236448347048508e+02
8.371459202699975322e+02
2.574260068431000946e+03
2.020988463117711490e+03
1.198190287385075180e+03
2.009720707176181804e+03
3.438332989465565788e+03
1.061627454435886420e+03
1.284580454529651888e+03
1.673339632056272194e+03
3.656984458349777469e+03
2.144755575631177180e+03
9.596769894283681879e+02
1.393984138621619650e+03
3.339049328020879329e+03
2.304971568802239744e+03
1.089087061515802361e+03
1.344461564226116479e+03
2.953851331989344089e+03
2.779387930972501636e+03
1.000509984061568048e+03
1.193446513415706704e+03
2.403389045537758648e+03
3.405547126171322361e+03
1.167016657163299215e+03
1.067971151659311772e+03
1.510008969237171414e+03
3.448844000154228070e+03
2.027157064634499648e+03
1.192278659298621278e+03
1.253207753423239410e+03
3.129487228211031379e+03
2.891284005913214060e+03
9.227031660200537999e+02
1.340972929239835139e+03
3.798641307872782818e+03
2.273230582771261652e+03
6.692549990805811149e+02
1.093917136255009154e+03
1.855138851411223641e+03
3.614153239382088486e+03
1.888323150576170065e+03
9.658008991573342428e+02
1.260283224949368787e+03
3.457780279407469607e+03
2.646629846118097703e+03
9.122352413726125633e+02
1.277988758088368968e+03
2.876568661697197967e+03
2.270265738960873023e+03
1.036164489806795018e+03
1.404192294444330855e+03
