1.019008862835200944e+03
2.116033080706415149e+03
2.840963681753377386e+03
1.001330550493528449e+03
1.088884756104532698e+03
1.669136059545440503e+03
3.521373150651044398e+03
1.603026375148582474e+03
7.728155808933632898e+02
1.080175501015536156e+03
2.692202758411216564e+03
3.177691774428260487e+03
6.074273193826818442e+02
9.178958568284875810e+02
1.803115943668605269e+03
3.519162277898481534e+03
2.779495036795982742e+03
9.200316451390618795e+02
2.141060242157865616e+02
6.173952781386315110e+02
2.211796572714878494e+03
3.225067204615288119e+03
9.628832754734053196e+02
8.981357777610021458e+02
1.180729230372790425e+03
2.655082494706454781e+03
2.817462524424363437e+03
9.987135948001033512e+02
1.073536767079382344e+03
1.419784158998769726e+03
3.074660350989839571e+03
2.026189560276919565e+03
9.360026287218879588e+02
1.107722883698085070e+03
2.482058395075309818e+03
2.958505861708588327e+03
9.439964682297015770e+02
9.834785401109731993e+02
1.337756180186801203e+03
3.195290797773330269e+03
2.837592060154561750e+03
5.405092583757570992e+02
8.217419174557792303e+02
2.387441102740480346e+03
2.990713513767763288e+03
1.464467100987584445e+03
4.913607482340067349e+02
1.448954214220202402e+03
3.114528822585243233e+03
1.585654202957374309e+03
9.001965545582472714e+02
1.115371529697699771e+03
3.045985732765112516e+03
1.988673761012896421e+03
7.610852774757947827e+02
9.452345482808450470e+02
2.554156234328832397e+03
2.712065037417421991e+03
8.264454323536460834e+02
1.065383270135638440e+03
2.508964009581127357e+03
3.596272599638008614e+03
8.706036753289437229e+02
5.001646182210483857e+02
2.736609361642333624e+03
2.715477046636618979e+03
1.196801443782051592e+03
1.388594179342870802e+03
8.508510339373220859e+02
7.859047669768584683e+02
2.762573580933095855e+03
3.315654546576060056e+03
7.226112854514968831e+02
6.413062625605327867e+02
2.691695195980379140e+03
2.885393189871271716e+03
7.127333556799850385e+02
6.860308849478831235e+02
2.987874444568847593e+03
2.665969517830670611e+03
7.298762049131497633e+02
6.795248328607362964e+02
3.194007533566708389e+03
2.677521995358777986e+03
5.873542309960660077e+02
1.298097108714248634e+03
2.826178322642992498e+03
1.180795230848660822e+03
5.705635341192964916e+02
2.910724763300587711e+03
1.978033005552063059e+03
5.843776689494504808e+02
2.084318866882765633e+03
2.741764785104164275e+03
9.638665101563722146e+02
1.177773371988256940e+03
2.528302096344497841e+03
1.793555643335978402e+03
7.958645629667448702e+02
1.735079229843603343e+03
3.727147098396001638e+03
1.938904104541079278e+03
1.452512560576059286e+02
7.805611322111377604e+02
3.151204023232477539e+03
1.622900069557424558e+03
6.020152369158086003e+02
1.963356182266559017e+03
3.269161698221680126e+03
8.862102605081322508e+02
6.317136320085473926e+02
2.717603589161471973e+03
2.224115070448117422e+03
7.236961299949268778e+02
2.241619798231702589e+03
3.132529478666916930e+03
7.251505935353616223e+02
8.283364205829577713e+02
2.836541552807907465e+03
1.576663236122357830e+03
5.207490028807330873e+02
2.353827134675925208e+03
3.918891857502842868e+03
1.017308932776529332e+03
1.249394353701434142e+02
7.107218779023604611e+02
1.545464154436187755e+03
3.435652971714055184e+03
2.029561711604696029e+03
5.646355900540846733e+02
1.023347193605493999e+03
2.565644494161569583e+03
3.326606705229754880e+03
9.126535740124800213e+02
1.004984679359616280e+03
1.300464826486165521e+03
2.549104544266713674e+03
3.712328318848020444e+03
7.306023897930450630e+02
7.694560619381013566e+02
2.177891925034153246e+03
3.116195338897120109e+03
1.042432803510589565e+03
8.271384398479675610e+02
2.425272574806207103e+03
3.431427010136145327e+03
6.522270649182900115e+02
5.782771671260032917e+02
3.061562219499359344e+03
2.290065214484193802e+03
3.411278621149523360e+02
1.661343829151399405e+03
3.301697862118644025e+03
8.586658928352351268e+02
5.813004340315058016e+02
2.934621148249111229e+03
2.229059809739859702e+03
4.026958540454959348e+02
1.964632727771370128e+03
3.162874107025573721e+03
1.412017592777504660e+03
1.486214805631820582e+03
7.239197353322565505e+02
5.243163343850715137e+02
3.114561181117144770e+03
2.429226027458641965e+03
8.599237672823072671e+02
1.297667344279442204e+03
3.362765980338742338e+03
1.694350108129717455e+03
3.293674932944112470e+02
2.572663653383903693e+03
3.091404791794663652e+03
5.238367729872201153e+02
6.684623248598276177e+02
2.546613309665381621e+03
2.745448260326688342e+03
5.648732656335614593e+02
1.156329783260992826e+03
3.358778017141517012e+03
1.356955671230445205e+03
7.223005609943566014e+02
2.124096534078282730e+03
2.887039251562891423e+03
7.766708132962027094e+02
8.426619512251223796e+02
2.185238459156582849e+03
3.504536955023901101e+03
1.164180767141167053e+03
6.565774639369938086e+02
1.684499856279578808e+03
3.382860929447399030e+03
1.046461586317840784e+03
7.696871394286384884e+02
2.350083337514475261e+03
2.879990854060221409e+03
8.196144221227995104e+02
1.056376447777122621e+03
3.049368792667994057e+03
1.314704424880099396e+03
7.786986272639709341e+02
2.288976566231889137e+03
2.940863062467523832e+03
6.604118089102807971e+02
9.109388609229888516e+02
2.688598227687574763e+03
4.074271712251832923e+03
4.115103470226898935e+03
5.388094002651057508e+02
-4.544636520753047471e+00
1.787145060414116471e-01
5.417203143090196704e+01
8.674501268884361025e+02
1.472103894403236154e+03
2.238359738263802683e+03
3.066726339213801566e+03
1.122856107811208858e+03
1.349536598070755645e+03
1.677812836452866804e+03
1.800160902153590314e+03
2.428275519373632051e+03
3.883481931723615162e+03
1.174563650143907807e+03
8.983992170548940521e+02
1.283128988205984570e+03
1.525180487274791176e+03
3.196688691469372316e+03
1.966206762200894900e+03
1.045464654669247238e+03
1.578750932036180302e+03
3.066541113063384273e+03
1.351685199508585129e+03
1.032837213731969769e+03
2.688235387284214539e+03
2.116031183501691430e+03
7.226570294148490348e+02
1.741351640065636275e+03
3.340611893028940358e+03
1.058555947675846255e+03
5.134108413803066924e+02
2.381567761254234938e+03
2.912806213282113731e+03
5.679342116494648280e+02
9.640846864482929277e+02
2.894336065955656977e+03
2.005475798268468452e+03
7.236178338018950171e+02
9.529139872498341219e+02
3.316635164595129027e+03
2.166925708699899133e+03
6.473773406562695527e+02
1.674665596373881499e+03
3.040008053023339926e+03
9.905563536420116861e+02
6.022267474633144957e+02
2.817985239853757776e+03
2.114256031268816059e+03
6.387781191621052130e+02
1.742557469208786870e+03
2.897701178635251836e+03
1.000916099145723933e+03
1.012168191950948199e+03
2.880675754523872456e+03
1.673803528659426775e+03
6.022908340704587999e+02
1.627596699025327325e+03
3.827483046683973498e+03
2.140223626455963313e+03
1.241511579311132436e+03
1.815187328519047014e+02
1.054350372217623544e+03
3.342155475259452942e+03
1.447942023207774582e+03
5.720816367499043054e+02
1.067208678754546554e+03
2.363927328008400764e+03
3.993060283851572422e+03
2.802194445518235625e+03
1.391477931068158114e+02
3.840635337459744392e+02
1.033254646207024052e+03
3.047760139206955955e+03
2.971821942410091197e+03
6.484011008813897661e+02
