5.909767299462631627e+02
7.803147051554180962e+02
1.046984083861778572e+03
1.795765488671582716e+03
3.970650229251385554e+03
3.250908591636305118e+03
5.554609840031688464e+02
5.072402590192565413e+02
7.822970381447177033e+02
1.424040360083781025e+03
3.678458289256314401e+03
3.315319703874008155e+03
5.088894150804711103e+02
3.797135859201096650e+02
1.285239991211683446e+03
3.895554492178504916e+03
2.310385045571912542e+03
6.961235948818165298e+02
7.356734614183689018e+02
9.083634056499263352e+02
1.388266290341568038e+03
3.497206202112547089e+03
3.153735982435934602e+03
7.024212772610460433e+02
4.636777752571162523e+02
9.946345894708666719e+02
3.089302220751937512e+03
3.756214812978137161e+03
7.787071145355881754e+02
6.678976793493873174e+02
1.189530015304756489e+03
2.288793413244618023e+03
3.960908960332932111e+03
1.138309470508856066e+03
7.288141759730539206e+02
9.431235497413060784e+02
1.391626595707681190e+03
2.955665853377802705e+03
3.621614488101806728e+03
1.101374665599576019e+03
7.912289634911644498e+02
1.013755472795438436e+03
1.713663414768705479e+03
3.870577635319444653e+03
1.382879732001215643e+03
6.525684780934702758e+02
9.612490176155813515e+02
1.218833892186163439e+03
2.260864148041968292e+03
3.690779506105159271e+03
1.357122199470047917e+03
5.495235191924994069e+02
7.437198904666682893e+02
1.388301086424504547e+03
3.822100694233298327e+03
1.814170050846817958e+03
1.373785970712536482e+03
1.742867171012971085e+03
1.543239739214036717e+03
1.310839268362642542e+03
1.638968963386095993e+03
1.669714589709626580e+03
1.449350353260892689e+03
3.319434043175380339e+03
2.850817999202444753e+03
7.012338438327039967e+02
9.532297117698628881e+02
1.106493382909391357e+03
1.443962486497548070e+03
1.601609084522698140e+03
3.328373746685113474e+03
3.502366269361455124e+03
9.453644048088982572e+02
7.520385466160319083e+02
1.135893654222649275e+03
1.050655222215113326e+03
1.503154134734732679e+03
3.732459143668244451e+03
3.794144994861709620e+03
3.605648758859671943e+03
6.701603822639101509e+02
4.575613855737410063e+02
1.562426317052915920e+03
1.051587271691320893e+03
9.146047174825826005e+02
1.578900765979534526e+03
1.767484952004805564e+03
1.162022097858876577e+03
1.281326489408671023e+03
1.334268065829470515e+03
1.495229942372397318e+03
3.492924598108081682e+03
1.688747905153151805e+03
1.175965228968533438e+03
1.051624972758005470e+03
1.311198302252790199e+03
1.542007022002652320e+03
1.720073310548872996e+03
2.767225029096003709e+03
4.150108309570457095e+03
1.540969008630246890e+03
5.862388293650640207e+02
9.682265191836925169e+02
1.213055835026988689e+03
1.443576569770044216e+03
1.368449847004814046e+03
1.576546618565766039e+03
2.387496190550221854e+03
4.145324480929221863e+03
2.202139139987155886e+03
2.522668994573397470e+02
1.536523341762574262e+02
7.484157131397871581e+02
2.791104038374908214e+03
4.179345143892765918e+03
1.030225880032968462e+03
1.072316894606752555e+02
4.255000117129010846e+02
1.229764704125547269e+03
4.094153419099766325e+03
3.489596502055117526e+03
5.052632725608371516e+02
4.161527391273339731e+02
1.235017712157057986e+03
1.604916537778398833e+03
1.524629452585551917e+03
1.983504520712809835e+03
4.080366536258120504e+03
2.456266330585072410e+03
1.786020059761549987e+02
7.709623187708614296e+02
9.885385221420427797e+02
1.681177336451501560e+03
3.873718229343074199e+03
2.803131122277262421e+03
4.153982512671428822e+02
5.416474673121578007e+02
1.111283655252606877e+03
1.555120738854914862e+03
1.611645923457273739e+03
3.015546545037150281e+03
4.042232448437974199e+03
1.880702157151488336e+03
9.150929311139576612e+02
1.248997838975938976e+03
1.201664703626617438e+03
1.305126648951593097e+03
1.434771605934742638e+03
1.715162962731360494e+03
2.663170812425714303e+03
1.514399619905337659e+03
1.265060226572131796e+03
1.092886014830235126e+03
1.249411475624818422e+03
2.950498698084106309e+03
3.759181758188010463e+03
1.384032173599488942e+03
1.018888016303446648e+03
1.068765796401834223e+03
1.192651385361760731e+03
1.247439578281340346e+03
1.733239167482789071e+03
1.980452290072134019e+03
2.702831121283054927e+03
3.906526371077534350e+03
7.464010118973459385e+02
4.888984599379649580e+02
4.819791804382885516e+02
3.063750555512433948e+03
4.002655683959648286e+03
4.359579106379919722e+02
2.413758723460478279e+02
5.202758871177233004e+02
3.807747274039515105e+03
3.767976050725025743e+03
6.028494715966210151e+02
5.454992477200790972e+02
9.348322231399915836e+02
2.038197924793833863e+03
4.149661566006063367e+03
1.666401835999778314e+03
4.768411465940685616e+02
7.081368697019058800e+02
1.056805466172979550e+03
3.131159518113616741e+03
4.024062575162766279e+03
1.105597320073073661e+03
5.618664143667160715e+02
7.105573028197718486e+02
1.097100596436492197e+03
1.561098823226894865e+03
3.705972641382302299e+03
3.302879299275748963e+03
6.451024228872205413e+02
6.001005569990576305e+02
9.741630553003994919e+02
1.270585454098672699e+03
3.057633867036283846e+03
3.981238310898427699e+03
1.389892916974068385e+03
4.035852160364893280e+02
5.925567458396570828e+02
1.020886073481542439e+03
3.771921412753350069e+03
3.433237724229929427e+03
7.076225134748544860e+02
6.945249049015935725e+02
8.387310628773623193e+02
1.411314820848132058e+03
1.709201347671428039e+03
2.434748359233196425e+03
3.896091503797757923e+03
1.979162914689469972e+03
6.032712859789472759e+02
6.849557064179050485e+02
1.149506955729946412e+03
1.724863459981303549e+03
1.742209828944231504e+03
2.129122100435603443e+03
1.694547989910299066e+03
1.728984601103957402e+03
3.541595787496365119e+03
3.431251224935258506e+03
7.717607855419711314e+02
2.689797169469043183e+02
6.478480292480156777e+02
2.840573938637036008e+03
3.873404326840224712e+03
1.416000664687744802e+03
4.594643155083911097e+02
4.922948309250508032e+02
1.052614821612336982e+03
3.603205900714758172e+03
3.670460699427831969e+03
8.468320886096435061e+02
2.795272085522061616e+02
6.388710022868567648e+02
1.715634287178070281e+03
3.986709290885097744e+03
2.689396010512307384e+03
3.544393041451062913e+02
4.458007750872030783e+02
1.049838597591284270e+03
2.974582482649115263e+03
3.957274439880965019e+03
1.315671740713126610e+03
3.695949597906760573e+02
8.833511121310770022e+02
1.474613597928122317e+03
3.759609315661907658e+03
2.847909376780221464e+03
5.117284320736155792e+02
8.591631382941901620e+02
8.630570108542107164e+02
2.013206492115275296e+03
3.813215243653028665e+03
1.712880233543762415e+03
5.450205170932507599e+02
7.451595748962839707e+02
1.147329327172426929e+03
3.348851474333349415e+03
3.589952485030927164e+03
1.023161016681976321e+03
4.452940703358041219e+02
9.041854121793828654e+02
1.541325272568106811e+03
3.877074711475252570e+03
2.672145520035776826e+03
4.420334377327534980e+02
7.579631621113829851e+02
9.178041128532314588e+02
1.335651162875117507e+03
3.461773023413472401e+03
3.620635016786384767e+03
9.882941115860752461e+02
5.805921133256827034e+02
7.841903257882842126e+02
1.305688768346056577e+03
2.567630663571376772e+03
3.898693772119881487e+03
1.984213925512287460e+03
1.197657286942999917e+03
1.421147272124007259e+03
7.385074522294555663e+02
