1.761489005839985794e+03
1.810987916942713809e+03
1.936006518603617451e+03
3.177982307518947891e+03
4.116797936081342414e+03
2.006863392556813778e+03
1.247552426270011210e+03
1.345443193517402506e+03
1.536773055799227222e+03
2.846022881319184762e+03
3.128317095075716225e+03
2.499779518002988880e+03
1.482860080524557134e+03
1.169354629084922180e+03
1.325052477363592288e+03
2.318423655793678790e+03
3.464899211681828092e+03
1.963740671158443320e+03
1.207499568463763580e+03
1.267987215331442940e+03
1.500048435667093827e+03
2.401939603385577811e+03
3.080621236592775858e+03
1.648329429007218323e+03
1.485908894162691013e+03
1.508039105194736976e+03
2.179734688898847708e+03
3.734430617767038257e+03
2.749596978974167541e+03
1.243189511285867411e+03
1.256754508198028816e+03
1.437034876100148722e+03
2.543502334197727123e+03
3.271510252606828999e+03
1.816688097561679342e+03
1.265472940156586901e+03
1.594269346372261225e+03
3.151528160190642211e+03
2.672819929940312704e+03
1.354822321851601146e+03
1.213252140365805644e+03
1.488810909235553709e+03
1.599324046486553016e+03
1.645475291111525166e+03
2.301936945015917445e+03
3.445411741223991612e+03
2.113391352483470200e+03
1.464977684769784219e+03
1.601277474898173068e+03
3.032557952627305895e+03
2.423007658058037123e+03
1.375541870313289337e+03
1.433221002542327369e+03
2.741726352547883380e+03
2.924831924272723882e+03
1.433094670187202610e+03
1.291476787158511115e+03
2.708539569019941609e+03
3.790531964092526323e+03
1.524958321657284387e+03
9.995140445645191676e+02
1.121742921790531454e+03
2.184685415758819545e+03
3.588395041344420406e+03
1.729942774953758317e+03
1.160843614582844111e+03
1.243232679006402350e+03
2.541541539457316048e+03
3.433256867592644539e+03
1.613192493642530962e+03
1.138315678063810083e+03
1.307373967677212704e+03
2.346099687350008026e+03
2.766850703303731734e+03
1.650666738977047089e+03
1.417948784634271078e+03
1.462612519615234760e+03
2.676873195366479194e+03
3.793489838526725180e+03
2.081759560750659602e+03
1.310556841373412226e+03
1.222002661009833446e+03
1.443174510859865677e+03
1.673505717656561728e+03
1.769970449174125179e+03
2.249000536075665877e+03
3.531461261345578350e+03
2.539298887627615386e+03
1.637617879522765861e+03
1.427287616839691736e+03
1.687252354801160891e+03
3.294838758465334195e+03
3.270363475243928406e+03
1.119067074525364887e+03
1.089265669764844688e+03
2.418548058610875614e+03
3.104467855316755958e+03
1.281642311058163386e+03
1.078660414753573605e+03
1.619925047617772179e+03
3.185728941594075422e+03
2.390618108556497646e+03
1.215990053256941110e+03
1.280569911035437599e+03
2.298337214917180518e+03
2.957400709115944210e+03
1.498816842764084413e+03
1.350784827723631679e+03
1.672971427756547655e+03
3.168531071899367817e+03
3.253969942331873881e+03
1.348460290932521730e+03
1.247857314485611141e+03
1.360725882766030281e+03
2.428244719910047024e+03
3.270912790930234223e+03
1.650347001895019048e+03
1.293049026507785129e+03
1.427935942003673745e+03
1.942317705711551525e+03
3.797038367242204913e+03
3.421986752186111516e+03
1.118940836818322396e+03
9.877885630052975330e+02
1.245980007761830393e+03
1.522133495260125528e+03
2.776713930777807946e+03
3.001787504064310724e+03
1.445822823228962534e+03
1.420116413558092972e+03
1.578708092697757138e+03
1.752181018902356527e+03
1.814495771545677371e+03
1.954013135306457798e+03
1.939961684671216290e+03
2.021645457719114347e+03
1.937270445232497650e+03
2.015158620895346530e+03
1.967105684497864331e+03
2.469201703505633304e+03
3.939004271568001968e+03
3.704819386767717333e+03
1.353678827345231412e+03
1.241069528863594542e+03
1.398628672294489661e+03
2.278661225330406523e+03
3.128380370554446017e+03
1.604813385083734147e+03
1.420707051511687041e+03
1.453922622680741370e+03
2.151463587420881595e+03
3.327612651948790244e+03
2.051361289393091283e+03
1.333143954079185050e+03
1.380817212272327197e+03
1.931926992201801340e+03
3.440408760803690711e+03
2.693072415238247686e+03
1.249827759967913380e+03
1.234148465253240602e+03
1.544591783487361909e+03
3.208048013927650572e+03
3.420354988223663895e+03
1.568686495819708171e+03
1.246384963478424879e+03
1.196852914970936126e+03
1.788129764549819356e+03
3.071599141619098646e+03
1.772627606158177969e+03
1.420169389890311550e+03
1.368470500382066803e+03
1.915778527767921332e+03
3.362874950970829104e+03
1.967413341476444202e+03
1.426404653545609108e+03
2.049579351153356129e+03
3.313205706050602203e+03
1.936458020162293678e+03
1.198365550653220907e+03
1.238958555828758335e+03
2.180056827415344742e+03
3.503338606746495770e+03
1.969333313858591282e+03
1.189864766453353695e+03
1.295010820456194324e+03
2.356385487014973478e+03
3.312872719844030598e+03
1.432577876155222839e+03
1.269719601794364053e+03
1.419069361092201461e+03
1.976824534320762041e+03
3.485851165347866299e+03
2.753919777295164749e+03
1.257021140639339364e+03
1.253886709247110957e+03
1.571144343928007856e+03
3.134924149089948060e+03
2.835676967490853258e+03
1.296216836802634134e+03
1.223286485771556499e+03
1.881178405473588555e+03
3.399962370855369045e+03
2.736743706585401014e+03
1.102501829154806728e+03
1.146888129889464381e+03
1.369105962833585636e+03
2.024675506839935679e+03
3.269450547725604338e+03
1.970057870616095897e+03
1.401953318709248606e+03
1.437547917696484092e+03
2.431354359146042043e+03
3.914508297925027364e+03
2.939344151397180212e+03
1.078082334095960277e+03
1.017567409698852771e+03
1.200742967813887617e+03
1.645578745651749159e+03
3.162545927677662348e+03
3.851416943128254843e+03
1.689323237679560862e+03
1.043015166073391356e+03
1.087099942443601776e+03
1.606273120168264768e+03
3.004325105652358161e+03
2.979057133481256187e+03
1.274581158846377321e+03
1.233619792014720133e+03
1.386660991929968304e+03
2.041840353306267389e+03
3.422662611238894442e+03
2.247677399920127300e+03
1.337001832759357740e+03
1.374908413392776083e+03
1.655134635699479304e+03
2.957967135823091667e+03
2.966993062289632689e+03
1.434708010356172281e+03
1.401879304702272748e+03
1.586745996293552707e+03
2.747426430323022487e+03
2.451492309966739413e+03
1.541132376091352853e+03
1.513440342303541684e+03
1.720858397740078999e+03
2.928370818132573731e+03
3.706907804674111048e+03
1.777890959289285320e+03
1.334211753930943814e+03
1.374661825881182949e+03
1.660256900473096948e+03
2.841186473335283608e+03
2.272533198627640559e+03
1.503894717886125363e+03
1.454688218638616945e+03
1.909539183350922485e+03
3.155309329421490020e+03
2.078305880799389342e+03
1.564413398039662297e+03
1.535903415307608839e+03
1.819571701382657011e+03
3.058456933042845776e+03
3.002049355983752776e+03
1.527597797290917015e+03
1.309619445779989292e+03
1.520015651488876529e+03
2.905151597849467180e+03
4.102979175083154587e+03
3.002116057288390493e+03
6.963145129071139081e+02
6.576199219987339575e+02
1.089008225987673313e+03
2.722384287013931953e+03
3.470471224295334650e+03
1.918714836577274127e+03
8.980439071843073862e+02
9.630904559088064616e+02
1.209776232569718331e+03
1.447629281990917661e+03
1.577031006878396965e+03
2.122068003190904165e+03
3.857147572124936687e+03
3.451863976119353538e+03
1.362432936058756923e+03
