1.190544140091177724e+03
1.632784782275482030e+03
1.812172600496972791e+03
2.036889338550727871e+03
2.087532724349503496e+03
1.921838391851757024e+03
1.816858072866528119e+03
1.661948794175602416e+03
3.383498823271574565e+03
2.264174792165764757e+03
1.749871054547658105e+03
1.471184787450176373e+03
3.205987675603670141e+03
2.273951304288084430e+03
7.289334711825463273e+02
1.032484442813923579e+03
1.694745457395249787e+03
3.199094277395219706e+03
3.512074173181927108e+03
7.475581296604077579e+02
9.552318975874409261e+02
1.788445725377717963e+03
3.562593991977732003e+03
2.390563572367865163e+03
6.020388381048350084e+02
1.093374822056604216e+03
2.062927493975603738e+03
3.500821592485321617e+03
1.758487147321564180e+03
9.001295411084421403e+02
1.460831963641105858e+03
2.030294491237553984e+03
3.493120098328906806e+03
2.030338442006179548e+03
7.915673661153392686e+02
1.314839079167973978e+03
1.835742721664028977e+03
3.000916025223370525e+03
2.507328673500317109e+03
1.055886051159548742e+03
1.474594207276639054e+03
3.005870160732060413e+03
2.872114031189022626e+03
9.024030376069805470e+02
1.381470227819730781e+03
1.937692934329331820e+03
3.200506796333706006e+03
1.906814843905534644e+03
9.908204144978267323e+02
1.414907161435767421e+03
2.872494197482696109e+03
2.440867246167715621e+03
1.084965950982692675e+03
1.558347335099863813e+03
2.333408502946471344e+03
3.197448957207712283e+03
1.238030474707223448e+03
1.277916518308212972e+03
1.862870814216831377e+03
3.501999534740423769e+03
2.003845632168064412e+03
1.049582125389652219e+03
8.095264894556759145e+02
2.209807065710971528e+03
3.583137584814232014e+03
1.708267778803965484e+03
1.058468235730409560e+03
1.420888229573816716e+03
2.310313046045492229e+03
3.459254814941723907e+03
1.643533119753225265e+03
8.890276221240254699e+02
1.364960357464681238e+03
3.238103812221317185e+03
3.140930502106793028e+03
7.017116460877117561e+02
1.208091790574583001e+03
1.790469419190639201e+03
1.723394676827032981e+03
1.732201718283487025e+03
3.523056148501479584e+03
3.358131535611777508e+03
5.379040876805617017e+02
9.858283475102666671e+02
2.049175109124903429e+03
3.433785349773206690e+03
1.441455899138220957e+03
1.050242224185333953e+03
1.787925464782421614e+03
3.602411595987256078e+03
1.761851081220169362e+03
7.711159355718219786e+02
1.351011908328875052e+03
2.872455342475732778e+03
3.130331860869971933e+03
9.706729008376427146e+02
1.221682084082167876e+03
1.706052098265148061e+03
2.760073014706837057e+03
3.387221293244400385e+03
9.316232580001599217e+02
1.141932904859138034e+03
1.729390541883376272e+03
3.235695991807773680e+03
1.923661771227775716e+03
9.835882888303833624e+02
1.536205083342204716e+03
1.950450283803885213e+03
3.244961613323021538e+03
2.020050392699315807e+03
9.935661533495166395e+02
1.594397126622550786e+03
2.530645435695842025e+03
3.313259914702823608e+03
1.326455819449074625e+03
1.142865633866130111e+03
1.600083676888503987e+03
3.018160522050456620e+03
2.700281458635347008e+03
9.591250941031197499e+02
1.447929261346906515e+03
2.854206044973042481e+03
3.397226625409616190e+03
1.021774868782874364e+03
9.758547463473485095e+02
1.653268428852114994e+03
3.646164235490709871e+03
2.153871713837549123e+03
1.840090508148363142e+03
1.774539818379316785e+03
1.242741368850932304e+03
8.450850364334667120e+02
1.615581333868243064e+03
1.900818606664467097e+03
1.884662115887740583e+03
2.224898621508941687e+03
3.760027724181523809e+03
3.364545330895477491e+03
1.137374728255407490e+03
5.433761645147932313e+02
9.974634460716405329e+02
1.455891438536404166e+03
2.787163334730189035e+03
4.077507054609513034e+03
1.083898420075035801e+03
8.701963943193455862e+02
1.252047875045590672e+03
3.160071496853877306e+03
3.976463579312051479e+03
9.323449932074374829e+02
7.475633035791928478e+02
1.228682015638580651e+03
2.305755741069704072e+03
3.868806003274237355e+03
1.405887976825645410e+03
9.182660033420786476e+02
1.273399107425653710e+03
2.046327707252402433e+03
3.324155326705515108e+03
1.980202944839633574e+03
1.008429331253663236e+03
1.455926660026221725e+03
1.870763261212677889e+03
2.004292608129318296e+03
2.051799642694528302e+03
2.407357919261099596e+03
3.568900822670824255e+03
1.553213560527276059e+03
1.111065549935147374e+03
1.596858913915061294e+03
2.717638338724424557e+03
2.797124164498975006e+03
1.195543664369281714e+03
1.437436758985681536e+03
1.866806364316686540e+03
3.147941502036316706e+03
1.993055154098134835e+03
1.132689652174236471e+03
1.352152030546478272e+03
2.223359483226734937e+03
3.329844293060620657e+03
1.390225562111174440e+03
1.063614583084073502e+03
1.457964054290367358e+03
2.035244604986949525e+03
3.201158550184490196e+03
2.614623785795582535e+03
8.938904764995164669e+02
1.199051660835818893e+03
1.902491002237620023e+03
3.351385467333444922e+03
2.191939107798315945e+03
8.235241936525807205e+02
1.489512235741084169e+03
2.802938468535253833e+03
3.586428953578475557e+03
1.047440237735942901e+03
8.845306638032925548e+02
1.345911672848061016e+03
2.355414237954231339e+03
3.505164625183740100e+03
1.241726103465695815e+03
1.260285226560658657e+03
1.538852149562750355e+03
2.697722926578134775e+03
3.514073591389610101e+03
9.467114754791447240e+02
1.093847304389473948e+03
1.600670055155579121e+03
3.116285830604150306e+03
3.296087866925851813e+03
7.875338368185296076e+02
1.020947343439441624e+03
1.553071334597493205e+03
2.873962288731649096e+03
3.684439756276725802e+03
8.502889578683415266e+02
8.575235731880128469e+02
2.666072395684829644e+03
3.092016239181039964e+03
8.611563325625206744e+02
1.172869809592110641e+03
1.612990281921570840e+03
2.886782349974611407e+03
3.224562697537689019e+03
1.179820023885248474e+03
1.214478941200121426e+03
1.564072000317884658e+03
3.101139762560082090e+03
3.548491039757077033e+03
7.568184035891612211e+02
1.070865699137651518e+03
1.596163703657131236e+03
3.036148807794037566e+03
3.121420318247307023e+03
8.051475602476862150e+02
1.279529641400710716e+03
1.834527341376276354e+03
3.123130880593315396e+03
2.413448896296961721e+03
9.163519798238108933e+02
1.408361088913011599e+03
1.913014091280449748e+03
2.921894454164320905e+03
2.836237704672615109e+03
9.354146685989472871e+02
1.287383730813133980e+03
1.937328759325480860e+03
3.295650995364956543e+03
2.317826275820496903e+03
9.019606964531069480e+02
1.435033830316377816e+03
2.439774379423938171e+03
3.601235770629769831e+03
1.281594623646393984e+03
8.353898565532571183e+02
1.529598989627794708e+03
3.020477105916253549e+03
2.786366215540764642e+03
9.267565881814114164e+02
1.320959276867924473e+03
2.002983149552149825e+03
3.528713376226343371e+03
1.425476788531161674e+03
1.023033735907935011e+03
1.488910379212524958e+03
3.088168698376363409e+03
2.953388008541843647e+03
7.831174342210952091e+02
1.134688149847327850e+03
1.790752855484587371e+03
3.540970874144652043e+03
2.165217471195468534e+03
8.076804127013210746e+02
1.190328142722189341e+03
2.563763595279350284e+03
3.610495922683355275e+03
1.145300357454551659e+03
8.885656458823859793e+02
1.399734367466868207e+03
3.214972180354355714e+03
3.288038363249032955e+03
8.065647500460147512e+02
1.148775078079731884e+03
