3.701695161693750379e+03
7.606999218515960592e+02
9.304109113972119758e+02
1.324932679806676106e+03
3.956163833071947465e+03
1.015636477849500466e+03
8.181547710123344359e+02
2.522149415473007139e+03
3.024457487705206859e+03
4.389338440393569840e+02
8.107561395174883501e+02
3.074401793903905855e+03
1.804855221450878162e+03
5.742124439825422542e+02
1.197017874473493976e+03
3.929623421873654024e+03
1.082434797124617489e+03
5.923471140906956407e+02
1.296301498996287364e+03
4.118475885576745895e+03
9.029138573724846992e+02
4.001099919544886916e+02
2.264563825406434717e+03
3.300709744822610446e+03
2.507657377735000352e+02
9.755974407544331370e+02
3.759024520337875856e+03
9.184132264469403708e+02
3.820992170725203891e+02
1.944970546809610369e+03
3.567467726499395212e+03
3.892999737909948976e+02
7.743594204722818404e+02
2.473904568605008080e+03
2.286251553741374664e+03
6.930735813157222083e+02
2.107096013302877054e+03
3.166125644126437692e+03
6.348780216165137062e+02
1.105553676712761444e+03
3.601957455975337325e+03
1.096314088357028822e+03
6.350358831328715041e+02
2.124234340966870604e+03
3.284462832483178772e+03
5.556617484852155258e+02
8.558652188001775585e+02
2.586425747304803281e+03
2.978165377121245911e+03
5.037577284427638915e+02
9.278032915293224505e+02
2.991684839009548341e+03
2.332104554293852743e+03
5.072664547722420707e+02
1.628914985780720144e+03
3.834798154387430714e+03
6.189288090848434649e+02
8.323426404330343757e+02
3.398816924809126704e+03
2.231292913645311273e+03
2.719520716444520190e+02
1.134670540488843244e+03
3.715877133111389412e+03
9.967225032845609576e+02
2.987382128916765396e+02
2.108443421415667672e+03
3.936804307198763127e+03
3.931588682861934103e+02
6.112993798450518170e+02
3.310482105100086756e+03
2.747167919332282054e+03
-2.853954927977003919e+01
1.347370832611212336e+03
3.919241918525633992e+03
6.914703809236809775e+02
4.205430648439568131e+02
2.410835474746661930e+03
1.357692950734355236e+03
5.583408140132347626e+02
2.735960228050009391e+03
3.314420877119882334e+03
1.614065520672761238e+02
7.305181281414859313e+02
3.774677158889312977e+03
1.407442478134208386e+03
2.706163600931433848e+02
2.224040431305489619e+03
3.070806765410216485e+03
2.521816645701259745e+02
1.021139076463354854e+03
4.106961893559902819e+03
5.505605451562934149e+02
5.219512885124446484e+02
2.999363214106627311e+03
2.321971251765775833e+03
3.260439081028933401e+02
1.267767524342907109e+03
4.106173635029348588e+03
4.630062171159648301e+02
4.498410439374972043e+02
3.287661221260771981e+03
2.150840875947437326e+03
1.574989686143950109e+02
9.681231787719550539e+02
3.810532206328635311e+03
7.430174682526319430e+02
8.421958681083430065e+02
3.422542449190353182e+03
1.037042293567818888e+03
6.380581212974739174e+02
1.930364569215138999e+03
3.427513782445473680e+03
5.328401624255847082e+02
2.197994373377288412e+03
3.311202649266516346e+03
2.702927839450193233e+02
8.133045125894549301e+02
3.240322144985856539e+03
1.407212594733111928e+03
5.416908292836349119e+02
2.861310655178763227e+03
2.424629710814098416e+03
3.279214848412701144e+02
9.618568480954603501e+02
3.448898690890466241e+03
1.268391393431930965e+03
2.240277150612019796e+03
3.526577109665118769e+03
3.099821004390841495e+02
6.956841186973177855e+02
3.542474150296530297e+03
1.489608403957603514e+03
3.741586971481277146e+02
1.089964515402014740e+03
3.138916879371178766e+03
1.010847600715938029e+03
7.030683224157178302e+02
1.871522975489518331e+03
3.896100203556211000e+03
7.427959886275397139e+02
8.881433724982568947e+02
2.619411062906609914e+03
2.457296435248302259e+03
7.179927560939539717e+02
1.451075056667069703e+03
3.550103183389830974e+03
1.412788000338982101e+03
6.630290751483335043e+02
1.475792972619833108e+03
3.831052482554095150e+03
1.152366214793883046e+03
3.860784772990642750e+02
1.798268477556284779e+03
3.566893531920272835e+03
8.003238746127771037e+02
6.847389182482655769e+02
2.594222425982596178e+03
3.551087483968825836e+03
4.427609329044569222e+02
9.987500576021126335e+02
3.396805399235799086e+03
2.835570661157546965e+03
1.298423622944647605e+03
-5.671051991609709830e+01
6.133063548363620612e+02
3.621983814416108089e+03
1.210018534039568522e+03
3.256268525348017988e+02
1.644427399423273073e+03
3.875140296287935143e+03
4.273999590200101579e+02
7.008789966705938923e+02
3.352116633220224685e+03
2.235265366064900263e+03
2.008471604955852001e+02
1.074954341780216737e+03
3.740329808448712356e+03
1.602334360433517077e+03
2.877767635379603348e+02
1.262627171144040403e+03
3.836475370560968713e+03
1.009170841864982094e+03
3.853040577148352099e+02
2.389034625347759174e+03
3.605533782053451887e+03
3.037612146179017145e+02
6.616435834940201630e+02
2.743165607676974560e+03
2.641019279593970623e+03
3.400737130466586677e+02
1.200887691182390881e+03
3.769496447951803930e+03
8.488161917805863368e+02
5.822596552378139450e+02
2.281652167510241270e+03
3.480981983933465017e+03
3.726775129955618695e+02
9.312472479180963774e+02
3.491168978766123928e+03
1.855078038757008699e+03
2.357327908823033340e+02
1.614703999534127661e+03
4.042914173154333639e+03
1.970325472702536160e+02
5.336805010415342849e+02
2.657471618244429010e+03
2.747690003107504253e+03
3.327486602480919373e+02
9.101085408203875886e+02
2.931697644660994683e+03
3.124967572618690156e+03
2.839232540114542189e+02
8.736322862602323767e+02
2.847768383131359769e+03
2.429426205152722559e+03
5.111786769461450604e+02
9.993884073052777239e+02
3.411717394571684508e+03
1.742273876656435732e+03
5.337883287562069654e+02
1.199790182998295904e+03
3.601029855033526928e+03
1.596595421232198305e+03
4.922922753197349834e+02
1.699874841155895183e+03
4.022825377798930731e+03
5.987381383656539811e+02
5.532550376949096744e+02
3.015586557594483565e+03
2.959141029084052661e+03
-5.447491882672524355e+01
1.424910689865960421e+03
4.212666996160257440e+03
3.186280493197489250e+02
1.160353786014306081e+02
3.220607157721653493e+03
2.273821224622594400e+03
-9.041706613847640028e+01
2.324642231999808246e+03
3.059286580726599368e+03
-8.189044412693004915e+01
1.941512231113586722e+03
3.269265928431716020e+03
1.090061339574586725e+02
1.369871930619552131e+03
4.125308580667910974e+03
2.121498784412995917e+02
6.503190727214837352e+02
3.759325704087415488e+03
5.592629455028534267e+02
8.713805395766678430e+02
3.879869501490813491e+03
8.601491379067267644e+02
4.427123775395825191e+02
2.853749750967750970e+03
1.959329744884690854e+03
4.690910657824710484e+02
2.144466328741358666e+03
2.917566060426549029e+03
5.074259773981679587e+02
1.404074151335555825e+03
3.984041667408698686e+03
6.061123049277913424e+02
8.748054396975963982e+02
3.629255915389076563e+03
1.153414487700333211e+03
4.287681266178036594e+02
2.747221612061133783e+03
3.143580147407312325e+03
2.372925715065943564e+02
1.001629662709351351e+03
3.903454860681040373e+03
9.839542647648751199e+02
2.234205087435042572e+02
2.284995669483657366e+03
3.273391042350051521e+03
2.363464634940291091e+02
1.209461131609076119e+03
3.865380630815844142e+03
6.182213209360119208e+02
5.467278664542884599e+02
2.588037308776941245e+03
3.337680508809404728e+03
3.211125190574782664e+02
