2.867203865130582017e+03
2.806807306453930323e+03
1.098832723438708626e+03
1.173334556953479478e+03
1.355423744196801408e+03
1.849305758584237310e+03
3.177677407003868211e+03
2.062823630980606595e+03
1.214052062237276687e+03
1.105828979143428342e+03
1.609231538165336360e+03
3.029089913868087478e+03
2.207825251223309806e+03
1.281601326019198950e+03
1.248677862728426362e+03
1.983737363712928072e+03
3.326914231622204625e+03
1.632573870984086170e+03
9.644445022094186015e+02
1.454143801391859824e+03
3.082609559345933576e+03
1.884945234935180224e+03
9.878148176197842076e+02
1.318449168027864062e+03
2.888660571920888287e+03
2.029057117040196545e+03
8.932593488492815368e+02
1.149335934075447085e+03
2.800074212964803792e+03
2.403453978539088439e+03
1.024129601820757671e+03
1.114680306584822802e+03
2.832016719013992315e+03
2.139590068945304665e+03
1.315935230007001110e+03
1.219858577008606062e+03
1.971164179850806477e+03
2.875751051346296208e+03
1.773696640242697185e+03
1.282254423227907409e+03
1.847116055360649852e+03
2.730404066954810332e+03
1.526905175990923226e+03
1.216651616870809903e+03
1.841970104485245884e+03
2.779581663963676874e+03
1.491130850858894973e+03
1.271533607693889508e+03
1.839607134596403739e+03
2.783056895084580447e+03
1.462335324096240356e+03
1.225330577370395304e+03
1.459605092321877919e+03
2.728220050707655446e+03
1.956889524959452046e+03
1.330464957705384677e+03
1.206443411612256796e+03
2.619744944076141564e+03
2.554386842873136629e+03
1.184261584620622443e+03
1.051890090808346031e+03
2.037072840070070470e+03
3.143975341013594971e+03
1.380956003495066625e+03
1.144910001981230380e+03
1.218468121220875446e+03
2.731936956076687693e+03
2.837103886394368601e+03
1.081835723019093621e+03
9.257033226044268304e+02
2.049433661788358677e+03
3.345605989862002843e+03
1.475988468203236380e+03
9.860822602320831720e+02
1.289778584329625119e+03
2.730910728670605749e+03
2.615996238855321735e+03
1.477794989147560045e+03
1.738998190295463473e+03
1.631613907981238071e+03
1.485290259485221668e+03
2.798696704861997205e+03
1.899700501280028675e+03
1.189234568237444137e+03
1.309481768783931557e+03
1.864017599286637733e+03
3.188150832190697201e+03
1.489194566978396324e+03
1.089802308027881281e+03
1.376196158032596031e+03
2.309187337703463527e+03
2.969614964623633114e+03
1.214062042289773672e+03
1.138779082112529750e+03
1.512167302077724344e+03
3.042956270828439756e+03
1.846422390816882171e+03
1.304184275053463580e+03
1.165956388754625095e+03
2.148393277724766449e+03
3.125804852260163898e+03
1.481856552155545387e+03
9.739948056845493056e+02
1.864054843926280910e+03
3.262827774268517715e+03
1.189030228505972900e+03
8.653064266559190401e+02
1.717679034778467667e+03
3.199205854317503054e+03
1.988723660297903507e+03
7.575526385047133999e+02
1.102809135017955668e+03
2.715215178270607339e+03
2.674707241167322081e+03
1.074537573160129341e+03
1.075251553022942517e+03
2.991672295246052272e+03
1.926073206827969216e+03
1.223376957935558494e+03
1.160094750684563678e+03
2.211578540266765685e+03
3.037294908445093824e+03
1.333183063482190391e+03
1.114684913893266184e+03
1.356834754516170051e+03
1.462816749124202943e+03
1.882512294238351160e+03
3.454217209397415445e+03
1.898204272406168457e+03
1.030238508750407391e+03
1.337916801771347082e+03
3.045918749934089192e+03
1.872504233929073052e+03
1.187573161507822988e+03
1.242760731219384979e+03
1.350079072813377024e+03
2.788045864556990182e+03
3.403462870515236773e+03
1.563465703957907863e+03
1.253086297026873126e+03
1.365084562991610483e+03
1.515380694094676755e+03
2.288091707289670012e+03
3.113430128710150257e+03
1.493048777510204673e+03
1.054347262630016075e+03
1.282735123665964693e+03
2.743505662252031016e+03
2.417578085526864015e+03
1.266540415213188453e+03
1.145013405521191544e+03
1.442148986120983409e+03
1.718312919315505042e+03
3.092802673007690373e+03
2.002597217446387504e+03
1.277388617952728737e+03
1.274464621203914476e+03
2.113512442846883459e+03
3.221895037797474743e+03
1.564884428563786287e+03
1.146608154085065507e+03
1.594824171876163973e+03
1.829134026663421537e+03
1.751875685636767912e+03
1.780548939710203058e+03
3.279805812024527313e+03
1.840421925464622291e+03
1.115683493246058106e+03
1.272251275529978329e+03
1.957330405754295953e+03
3.295118832138498419e+03
1.431176025464624217e+03
1.051892050733247515e+03
1.302197782268319997e+03
2.992188070310703552e+03
1.754648183607180727e+03
1.157587464144069600e+03
1.314122046939954998e+03
2.569184458965044087e+03
2.565145084675421913e+03
1.321273165016711118e+03
1.144406131314430240e+03
1.449824398125071639e+03
3.263332853748776415e+03
2.076926568542966834e+03
7.997251794467198351e+02
1.604943350219441527e+03
3.180502367631489506e+03
1.255937837525591931e+03
8.074141262584504375e+02
2.626701796799898148e+03
2.278903909428619500e+03
1.037163545421425397e+03
9.930038861433050670e+02
2.627879681990158588e+03
2.748198259007063371e+03
1.189594135833115843e+03
1.057890961670511388e+03
2.691075981911861163e+03
2.186851142268904823e+03
1.140179996166199999e+03
1.309173152889539551e+03
2.180978085068267774e+03
2.879276144892886805e+03
1.325291036991958663e+03
1.122227533000706899e+03
1.413021321929049009e+03
2.134491560613050751e+03
3.072096820976405979e+03
2.075539364569158806e+03
8.877605445517336875e+02
9.126060389710803520e+02
1.342532610391589969e+03
2.660260822918284703e+03
3.447663392568063955e+03
1.485833814882264278e+03
9.714497430476341151e+02
1.192240735454430478e+03
1.438742703369006449e+03
3.053484880611866174e+03
3.082761098045567451e+03
1.444377631672537746e+03
1.222342157606381306e+03
1.381692130769064534e+03
2.292416300549911284e+03
3.017617624146395428e+03
1.695652041260145779e+03
1.210962948327492086e+03
1.272761370004595165e+03
2.805427441424171320e+03
2.026281109527048557e+03
1.159958670280235765e+03
1.181909827766427952e+03
2.727624742110812349e+03
2.179090357050156399e+03
1.208764215571154409e+03
1.296514798628646076e+03
2.367032227244063506e+03
2.643662573046838588e+03
1.213028943508586735e+03
1.141438511664567386e+03
2.245088184018119136e+03
2.665785328489194399e+03
1.476422371457685585e+03
1.287569534528855684e+03
1.493281163935863106e+03
2.713614342811882125e+03
2.431742272167103238e+03
1.374488020147690349e+03
1.289759040662815323e+03
1.804597288993016491e+03
2.584678212950154830e+03
1.436798171157568731e+03
1.287174506682270021e+03
2.429146564897439021e+03
2.285590396784416498e+03
1.296782279234962516e+03
1.358927831521597454e+03
2.435415685715251129e+03
2.390730317894851396e+03
1.358218949388809961e+03
1.401855956341282990e+03
1.611538170319052597e+03
2.596620834695143458e+03
2.181051979266023409e+03
1.197560579412466495e+03
1.123134137884038182e+03
1.696331381399868178e+03
3.126504649297624837e+03
2.366276739769894903e+03
1.066491460943354014e+03
1.153152099551712809e+03
1.157456723679822062e+03
2.356369418069876247e+03
3.350961157101770823e+03
1.607349652372350420e+03
1.080973290407858940e+03
1.080699456002060060e+03
2.163406432551543276e+03
3.198070063681748252e+03
1.849509314913424987e+03
8.652999149060171931e+02
1.069342112851876209e+03
1.938715634544136492e+03
