2.536849016362174552e+03
2.320042753495140914e+03
1.546333192172334975e+03
1.641446102449709770e+03
2.463131324610239062e+03
2.300958118072641355e+03
1.483730755140363726e+03
1.600040386500744034e+03
2.573773620838622719e+03
2.286676647457756644e+03
1.459975355729931607e+03
1.790872393712189705e+03
2.516334028965655307e+03
1.771241274634187221e+03
1.564500880678022213e+03
1.820831241182770100e+03
2.600799800302210770e+03
1.919509629116700580e+03
1.647329573134580642e+03
1.757607287426043058e+03
2.185112396397250905e+03
2.466964043833250798e+03
1.596830552719173738e+03
1.621858117023125942e+03
2.088808187683633605e+03
2.443684256066512717e+03
1.598101569237326203e+03
1.599966534744152796e+03
2.265536370767855260e+03
2.375731843033492623e+03
1.550190266050305127e+03
1.626609536870581906e+03
2.102592340167233488e+03
2.439999796699031322e+03
1.641754924584699438e+03
1.553506097818354874e+03
2.118893026428099802e+03
2.518630839950491918e+03
1.654593139415207816e+03
1.726479405719347142e+03
1.977771144576856386e+03
2.522812631427294946e+03
1.650601433738174592e+03
1.655002386236587199e+03
2.037688475294069121e+03
2.389050867329651282e+03
1.542862420046785019e+03
1.655763516833487756e+03
2.438331122808497639e+03
2.307826920447326302e+03
1.502516895492421099e+03
1.694959252631824029e+03
2.474958283722684428e+03
1.927626463881512109e+03
1.602283296289999498e+03
1.655462481007670249e+03
2.637779963580971071e+03
2.040340210760008631e+03
1.689377070944304251e+03
1.760299852317418072e+03
1.840939383077103230e+03
2.146014038252984392e+03
2.501907140512706064e+03
1.615736689038571740e+03
1.722617987988880259e+03
1.766451268751091447e+03
2.564683937770330431e+03
2.369402256775034402e+03
1.628839850341056263e+03
1.634035581811606789e+03
1.726909876627044241e+03
2.645819978345812160e+03
2.214171954435055341e+03
1.500503298599342770e+03
1.600203424890453334e+03
2.504202926072993250e+03
2.465315069799222329e+03
1.557722774080837780e+03
1.894203697348976448e+03
2.040261571426133969e+03
1.543439988040534445e+03
2.125445475439832080e+03
2.474541636453690899e+03
1.534538326058418079e+03
1.638276944544496928e+03
2.277720258858546913e+03
2.362852919941670734e+03
1.623366977342462860e+03
1.503562743097690827e+03
2.391726363548075369e+03
2.389244692852901608e+03
1.587813939940840783e+03
1.633087409558722129e+03
2.132202755772631917e+03
2.460980109270637513e+03
1.600028240951814951e+03
1.639333701555660582e+03
1.841981675074945315e+03
2.566856050104128371e+03
1.940885127832531907e+03
1.627221540899040747e+03
1.689302358384696618e+03
1.824857038654353119e+03
2.492090646194265446e+03
2.303549905627901353e+03
1.653898360329571688e+03
1.653510524397401696e+03
1.834359088818237069e+03
2.422906833896643093e+03
2.512604756034187631e+03
1.488795174488971725e+03
1.772681909016160716e+03
1.850702228278297071e+03
2.249215657619879494e+03
2.436959785466813173e+03
1.437411754512012976e+03
1.682985483417500518e+03
1.930662363497085153e+03
2.478757241625651204e+03
1.807380872946698446e+03
1.612047153929859178e+03
1.732756495067040760e+03
2.490391292529803650e+03
2.037517973532207634e+03
1.634394814572259293e+03
1.795292634903445332e+03
2.438551636025358675e+03
2.248007962984179358e+03
1.604212531040376234e+03
1.714258404724431330e+03
2.253574552730254709e+03
2.275121090950709458e+03
1.626912061517689153e+03
1.729836702129763580e+03
2.368303939326333875e+03
2.170298095911098244e+03
1.646994656979989713e+03
1.776394706959886662e+03
2.386040569308779141e+03
2.085823010616648844e+03
1.644765076910406151e+03
1.752257651829089809e+03
2.380709065286346686e+03
2.268552033361015219e+03
1.695846836825402306e+03
1.807914048609803785e+03
1.850451032406152081e+03
2.476220900393778720e+03
1.810026613698399160e+03
1.734244500275194923e+03
1.806953781946904655e+03
1.873998379420899255e+03
2.265407495667733656e+03
2.363102229265072310e+03
1.632309380632996636e+03
1.719688956924002014e+03
1.794156652326508947e+03
2.464131871098999000e+03
2.300785619818633222e+03
1.648461855056064906e+03
1.660518095123287367e+03
1.713477415577738839e+03
2.672582383972089247e+03
2.260365733798701967e+03
1.526189491451054209e+03
1.677431707479011948e+03
2.302490453817450089e+03
2.333026262756332926e+03
1.578995024059625621e+03
1.999047960529415150e+03
1.771585738738851887e+03
1.746109792512580043e+03
2.620871289324149075e+03
1.928704261043907536e+03
1.466070981410430704e+03
1.881230840769198267e+03
2.573852448366034423e+03
1.629423001536321408e+03
1.574137791668352065e+03
2.255254468955982702e+03
2.462846902428311751e+03
1.526397815310183887e+03
1.468398620539692502e+03
2.525993208923174279e+03
2.288366044907366359e+03
1.637030230389526196e+03
1.727393086365250156e+03
1.813329929359829066e+03
2.436784287342730295e+03
2.378991634850475748e+03
1.672976343897816605e+03
1.675063909817849208e+03
1.743304752561062514e+03
2.107304136719977123e+03
2.404886618663563695e+03
1.759907316741231398e+03
1.640083965810088330e+03
1.904556172206304382e+03
2.501933400014418112e+03
1.742683855618930693e+03
1.552172770786417459e+03
1.937063731183128539e+03
2.514965460309906121e+03
1.771780766610888350e+03
1.563463243785962732e+03
1.817721496554388523e+03
2.504882336599834616e+03
1.801384754495482639e+03
1.638249270595325470e+03
1.900424954545722358e+03
2.367853436240973679e+03
1.723283093741610173e+03
1.663382822137959238e+03
1.997101983687425673e+03
2.369157162781830721e+03
1.775061076325324620e+03
1.705826866899578590e+03
1.817509038168655707e+03
2.395881063700361210e+03
2.175405956860891365e+03
1.652254654269071807e+03
1.781011103288505865e+03
1.911341923778365526e+03
2.420298378189872892e+03
2.256498260757354728e+03
1.662161006304676675e+03
1.729409223852203240e+03
1.834906062155125255e+03
2.536970526350062300e+03
1.844509970249936714e+03
1.648667973823642797e+03
1.748923420931937017e+03
2.473051898741910918e+03
2.193350008010525926e+03
1.645036543585643585e+03
1.649392915574948574e+03
2.499500788064602602e+03
1.967150249800803977e+03
1.751651970608497777e+03
1.761208044514197127e+03
2.068905648335762180e+03
2.353087462711885109e+03
1.735713293675677960e+03
1.712827262808235901e+03
1.654298759745994630e+03
2.554044525229224291e+03
2.097883568920097787e+03
1.580806937520963402e+03
1.667497187882234357e+03
1.928456385306138145e+03
2.513390154284802065e+03
1.821098449694745341e+03
1.666684805713945707e+03
1.735983640916688728e+03
2.432634896303608912e+03
2.256047425260293494e+03
1.574382803776636820e+03
1.680155690592694327e+03
2.277783666883795377e+03
2.372586852710050607e+03
1.614286348826303765e+03
1.631298173824642845e+03
2.305085881311199046e+03
2.418808173218723823e+03
1.636967058013020278e+03
1.570801995023714653e+03
2.170819914898876959e+03
2.402866538034142650e+03
1.657092684737914396e+03
1.756664265863039645e+03
1.821802942879239254e+03
1.902125297976499951e+03
2.385562130549274116e+03
2.261042703161772351e+03
1.665814615835009363e+03
1.728083636739583426e+03
1.773486298511088989e+03
2.319752584722131814e+03
2.313766362519607355e+03
1.578097300706245505e+03
1.711299251890299274e+03
1.902291219228878163e+03
2.473415089419162996e+03
2.071052467598225576e+03
