1.921705907182962392e+03
2.849859113185224032e+03
2.606246399703221414e+03
1.907618302016486723e+03
1.883679088437257178e+03
1.897678520132454878e+03
2.851598867189360590e+03
3.090412959394891004e+03
1.626312401675905676e+03
1.552939066467998600e+03
1.810642363915015267e+03
1.927217148813875838e+03
1.934527122191705757e+03
1.905994491399256503e+03
2.037964875989677466e+03
2.991491940087051262e+03
2.055668107672405313e+03
1.601604252467596552e+03
1.600435335800449138e+03
2.110747874510777820e+03
3.249628127419729481e+03
1.788907420851696997e+03
1.640815126044815088e+03
1.927877776725220201e+03
3.154772473865236407e+03
1.813564141503527026e+03
1.519247232540997629e+03
1.484305616667940512e+03
2.508142516767499728e+03
2.956455504851951446e+03
1.530839722506286080e+03
1.407038326132029852e+03
1.856957631822760732e+03
3.235386929373667044e+03
1.846748020959372980e+03
1.275722596834827073e+03
2.257587986329886462e+03
3.166418197174587476e+03
1.489494791490334819e+03
1.387765903342238062e+03
1.847473443690787917e+03
3.293568220415274027e+03
1.629537591269855966e+03
1.320837809303526001e+03
2.563466033703929043e+03
3.160470260426972345e+03
1.433996704596638210e+03
1.265586317717885322e+03
2.889140994394925201e+03
2.972393554388734174e+03
1.280084760094669036e+03
1.239410487965696348e+03
2.829903187812999931e+03
2.488880445154179597e+03
1.199512288388343450e+03
1.519048142621691341e+03
3.540351267236414060e+03
2.035046469676168272e+03
1.378242285534563052e+03
1.338123978684268650e+03
2.647213292602605179e+03
2.504069719858682674e+03
1.317032637763828006e+03
1.217143672525841794e+03
2.509378105106933162e+03
3.118796878408013072e+03
1.333932057885119320e+03
1.219976825122658965e+03
2.258284941900355534e+03
3.077841648677647299e+03
1.437654656359414730e+03
1.257845345841956942e+03
2.097717081967712602e+03
3.284403415615312497e+03
1.641327948910772420e+03
1.397533993211474126e+03
1.314232283357326423e+03
2.719679016171300191e+03
3.091080443736779671e+03
1.487784890306962097e+03
1.329805130151226649e+03
2.289090914790906481e+03
3.396971807545749925e+03
1.540741770115625741e+03
1.285098003286958829e+03
2.032359957031105523e+03
3.273596086025538170e+03
1.584705427577565160e+03
1.293078847156741858e+03
2.373782027835532972e+03
3.110456722361062930e+03
1.470680561551766687e+03
1.287750900238242139e+03
2.220068680832630434e+03
3.209076300391443965e+03
1.498814269407815800e+03
1.269694745470083717e+03
2.056053658173610529e+03
2.906957731138789768e+03
1.440890825627194090e+03
1.705919234340951789e+03
1.685123178296334117e+03
1.821612167129772160e+03
3.574643953572621740e+03
1.960701947540541823e+03
1.281043974096670581e+03
1.854938947977810585e+03
3.552483930555742518e+03
1.577119019393205463e+03
1.257294258626101737e+03
2.284741042696190561e+03
3.519737522507206450e+03
1.308152151752530699e+03
1.200037751260804271e+03
2.806380288646947974e+03
2.232786028153088409e+03
1.134773521027776496e+03
1.558325242773975106e+03
3.185877676596009678e+03
1.840182400938568662e+03
1.131705762006366967e+03
1.953365462294713552e+03
3.472501320934243722e+03
1.531504356590304269e+03
1.210475013971858061e+03
2.075739518239352492e+03
3.363109122107762687e+03
1.517925441566250356e+03
9.452818730263122688e+02
2.287503996846630798e+03
3.414800538003425117e+03
1.390010480512150934e+03
1.130487615383705815e+03
2.406399109004768434e+03
3.225271923735360815e+03
1.498407032169108788e+03
1.318392175451375351e+03
1.499593035802307895e+03
3.118728608510217782e+03
2.446265007456216154e+03
1.364953516443108811e+03
1.511171862967079505e+03
3.170789827040220644e+03
2.264316964624135835e+03
1.263249545846568708e+03
1.438612391929827254e+03
3.159002323266601707e+03
2.358591252918340615e+03
1.177770990315760855e+03
1.538583378796449779e+03
3.246148383035659663e+03
1.883530887360346469e+03
1.258704113655644051e+03
1.643597746012142352e+03
3.387463952375164808e+03
1.669035875145735645e+03
1.174215562345360695e+03
2.512684580206095234e+03
2.842542005177914689e+03
1.350910376606228510e+03
1.192791190736217004e+03
1.663307711854809213e+03
3.029960853311231858e+03
2.284181369623474893e+03
1.326080496286673906e+03
1.626873281427077018e+03
3.540036133065333161e+03
1.824452781861892618e+03
1.132618308241432942e+03
2.050574011535585214e+03
3.620179551666540192e+03
1.413576900030455590e+03
1.126302598475606828e+03
2.929157841179843217e+03
2.333509952040870758e+03
1.127013731800893538e+03
1.755397098330817698e+03
3.610536881539134811e+03
1.480424428388222623e+03
1.073215833920500700e+03
2.700765142033655138e+03
2.792429251037720405e+03
9.544828881606720188e+02
1.951554487312532046e+03
3.650472575905016583e+03
1.361440793165970717e+03
1.064214754238078058e+03
2.528144057263310060e+03
2.789753113256862434e+03
1.296825424226114819e+03
1.283542591905103791e+03
3.186614732567328701e+03
2.037288902749812223e+03
1.131485606587489201e+03
1.756445510829247496e+03
3.539729576124681444e+03
1.633513617590919239e+03
1.065724091929277392e+03
2.209450993960544110e+03
3.235998153554419787e+03
1.319515057968532801e+03
1.181946491035146664e+03
2.661876797355326289e+03
3.284316173057468859e+03
1.310767436718286945e+03
1.194252441904558964e+03
3.105705849013359966e+03
2.651385280390114985e+03
1.122823808476966860e+03
1.321736384196101426e+03
3.180327569394939019e+03
1.939112303898260279e+03
1.128280051056787443e+03
2.091768324918068174e+03
3.629953866325169656e+03
1.446856688879979856e+03
9.610549145174999239e+02
2.166764690431034069e+03
3.616633632365780613e+03
1.468006666084058452e+03
1.103905038268212365e+03
2.023418940742586074e+03
3.459122349396698610e+03
1.579066801780369133e+03
1.064273758100830037e+03
1.841958074074044816e+03
3.263863223798610761e+03
1.609697647982176022e+03
1.242236370688980514e+03
2.195727951113542531e+03
3.178184941769889974e+03
1.485955476842323151e+03
1.177508667919621530e+03
2.386818969346184531e+03
3.027032707193235638e+03
1.416611257072672743e+03
1.252994727589049717e+03
2.201316708137635487e+03
3.281341212244415601e+03
1.541451945026575004e+03
1.263803316094082447e+03
2.281480106673755927e+03
3.375137177475721728e+03
1.571647343757057797e+03
1.230205808647963067e+03
1.970706215800263863e+03
3.437374415929138650e+03
1.795644165405783724e+03
1.241426942365402283e+03
1.865448847012611395e+03
3.428021338868646126e+03
1.709724143089863219e+03
1.260237661916388106e+03
1.756639995478393530e+03
3.419073760712971762e+03
1.533882906092416306e+03
1.202375544860051150e+03
2.418260589741255899e+03
2.973571587824920243e+03
1.341289754104846907e+03
1.266483294460859952e+03
2.871236625712718251e+03
2.797149870352302969e+03
1.196147633746047859e+03
1.321542169711395900e+03
3.072294606206355638e+03
2.815036890735423185e+03
1.165660257864665027e+03
1.485278335556380171e+03
3.144339301450731909e+03
1.976565069896149225e+03
1.213537005700002737e+03
1.781378420694444912e+03
3.346726074208482714e+03
1.701935140729785871e+03
1.096955515582406406e+03
1.890676436656448459e+03
3.398883180386393633e+03
1.632426254099116704e+03
1.159525155765144746e+03
2.102821834130765183e+03
3.427117021644302895e+03
1.416456284789077927e+03
1.065467018502431529e+03
