1.938202065284902346e+03
2.091900305956747616e+03
1.978561595650819072e+03
2.062338507830820618e+03
1.944247291265683543e+03
2.038093312682994565e+03
2.042171048439543711e+03
2.070550872454148248e+03
1.933617384773762524e+03
2.034873796751521013e+03
1.981505195745673745e+03
2.061141552506051084e+03
1.961117061418411367e+03
2.108943620762242062e+03
1.980075285460404075e+03
2.017484345630736925e+03
1.989063478711112793e+03
2.071275675362342099e+03
1.908670828407392264e+03
1.993284458296469666e+03
2.468102361496002231e+03
2.407696318671904464e+03
1.477461946554643418e+03
1.660954239633219458e+03
1.893493045642402876e+03
2.640112366375134570e+03
2.417256960717369111e+03
1.463987258143004055e+03
1.561796663812465567e+03
1.715157295996029916e+03
2.672734432217141602e+03
2.132590077311091136e+03
1.516811440929538776e+03
1.764178383666203445e+03
2.189314978822929788e+03
2.541589987519644637e+03
1.615933367591290107e+03
1.753010082687857903e+03
2.085245329509727071e+03
2.393190718638538328e+03
1.736417112968819310e+03
1.820185203988552075e+03
2.094562358957981814e+03
2.326795345398486006e+03
1.787032214108041217e+03
1.812869419656411083e+03
2.184344383441074115e+03
2.273995089547931457e+03
1.756038914402458886e+03
1.796298417228484823e+03
2.228016182001942980e+03
2.290846689134294138e+03
1.686768191924255916e+03
1.805303867291193910e+03
2.516416629803657088e+03
1.849055883024890363e+03
1.739115080154695534e+03
1.814102358670606691e+03
2.017103142184309718e+03
2.369889815609638390e+03
2.098690537636462523e+03
1.703321335075558864e+03
1.795344267575370850e+03
2.458738757981635899e+03
1.936263033557688914e+03
1.698676560897660465e+03
1.868882056685906264e+03
2.457459801438213617e+03
1.931209438994955462e+03
1.684226818164374208e+03
1.909464552229540232e+03
2.607730566132801414e+03
1.899628146365073690e+03
1.653236024616181794e+03
1.705559073583839108e+03
2.218179822767106089e+03
2.541218315585314031e+03
1.628134975070897099e+03
1.704464659696647686e+03
2.055445558629771767e+03
2.612754197728319468e+03
1.623636693665771645e+03
1.719160586597580277e+03
2.313322935332476845e+03
2.244268667351975637e+03
1.655901237974136620e+03
1.776575742896684005e+03
2.566497722227042686e+03
1.799076515113982623e+03
1.662241958289637978e+03
1.861517430024269288e+03
2.437244351265778278e+03
1.941782822135309516e+03
1.733740148495484164e+03
1.895964512754932912e+03
2.489127417212948785e+03
1.933293572324420438e+03
1.684670902117504284e+03
1.801495066194338960e+03
2.515599312357423059e+03
1.890606634780185686e+03
1.713271333035554335e+03
1.833945608618910910e+03
2.577820009965332702e+03
1.795852676162668786e+03
1.700313379716625150e+03
1.855876403754056355e+03
2.486752002950256610e+03
1.787686401410320286e+03
1.716599886758664525e+03
2.127096398741129178e+03
2.602959292663669657e+03
1.604155245016214394e+03
1.642487289066747735e+03
2.043144210648614262e+03
2.526655097353484962e+03
1.657506773533167234e+03
1.728381436113860900e+03
2.074719147285060899e+03
2.584580667180969158e+03
1.643523369399025796e+03
1.759650599491696312e+03
1.977125029767164278e+03
2.149471566955959133e+03
2.350628766197634832e+03
1.665037876404531289e+03
1.788303557150871484e+03
2.274966513032078183e+03
2.401182030979866340e+03
1.664069144338105161e+03
1.809969636657403498e+03
1.945585203178345864e+03
2.554726586590347779e+03
1.839994928769757507e+03
1.763361967864674170e+03
1.849641543539983786e+03
2.026887547784871913e+03
2.520451394171613174e+03
1.851237500488867454e+03
1.684531407270867248e+03
1.814453199541252616e+03
2.405053755119822199e+03
2.295968144963243503e+03
1.645457186738915880e+03
1.757788127246913746e+03
2.029467639012578275e+03
2.719702362170359265e+03
1.685293218909391953e+03
1.646303124752203530e+03
1.747212558768478857e+03
2.634613982546025454e+03
2.111698596786385224e+03
1.561855468371972393e+03
1.740814167992435841e+03
2.539754078495383055e+03
2.112855672458018944e+03
1.557767283252352172e+03
1.812395533658807835e+03
2.643522517618730490e+03
1.782234087031155696e+03
1.636910751533137045e+03
1.920843483327965714e+03
2.745339268135152906e+03
1.686959669875124746e+03
1.614826404723051610e+03
1.789523503462484541e+03
2.375488772096946832e+03
2.177110188386648588e+03
1.691683250142258885e+03
1.770111735046423973e+03
2.413958948478413731e+03
2.032934768507603849e+03
1.756482013530235008e+03
1.835785408047644296e+03
2.423359938595421227e+03
1.836886707253604527e+03
1.716282178909690174e+03
2.015169788692034217e+03
2.427660545137845020e+03
1.785366854617569743e+03
1.717875701780179497e+03
2.082266572124924551e+03
2.661949883393382606e+03
1.647107059101190771e+03
1.658433618571833676e+03
1.852694674292662285e+03
2.492732543466987408e+03
2.020539517181638530e+03
1.674958859098728908e+03
1.815336542330316206e+03
2.523156798911525129e+03
1.786997957762534270e+03
1.733927059756596236e+03
1.980446357109496603e+03
2.592836310187542495e+03
2.122039173047061013e+03
1.606602789709222407e+03
1.805399023767833341e+03
2.094042515443022694e+03
1.912687118749056935e+03
1.971225814427379419e+03
1.925873169124912010e+03
1.857600028540463654e+03
2.390698179666986107e+03
2.179295833176701763e+03
1.761151681558227892e+03
1.706644117880278827e+03
2.561603631354845220e+03
2.083994798204489143e+03
1.603462214039047240e+03
1.755228765441061796e+03
2.050396787271866742e+03
2.557475721008858272e+03
1.741752153041084057e+03
1.725105593923498873e+03
1.958055103523516436e+03
2.540722744202161721e+03
1.877636387229904585e+03
1.663782436249612374e+03
1.822214206811161603e+03
2.430975382938256189e+03
2.220763997869607465e+03
1.620624040208691213e+03
1.748958872064893512e+03
2.282028966385613330e+03
2.417537196047716861e+03
1.666327974702758866e+03
1.703929704238569002e+03
2.139017387496844094e+03
2.463500358462883469e+03
1.682881407260197193e+03
1.702605406013831043e+03
2.118886943476019042e+03
2.517417619773832939e+03
1.668830297045607040e+03
1.763205833372136794e+03
2.295306070555852330e+03
2.172733477022178704e+03
1.704604677502542017e+03
1.893340887394508854e+03
2.555375416258752011e+03
1.730475466340843923e+03
1.610660608856963108e+03
2.134363585046513890e+03
2.401234759007205867e+03
1.707513144255697625e+03
1.729943721759155096e+03
2.294542966945929493e+03
2.306298072147359107e+03
1.623014266255769826e+03
1.851056914373954896e+03
2.440895702325164166e+03
1.895736399114282221e+03
1.731580314287207784e+03
1.955815564078498937e+03
2.438516157379627657e+03
1.741863193858070645e+03
1.768273468118986557e+03
1.963104441150596358e+03
2.467786361023685913e+03
1.857903441364383525e+03
1.682515488221141368e+03
1.883188159059365034e+03
2.472675222175671479e+03
1.891681162171121969e+03
1.717039932004111961e+03
1.891970768629875238e+03
2.492146051918281955e+03
1.785411723591896589e+03
1.738740548348048151e+03
1.891765614781548948e+03
2.317422720013903017e+03
2.468359072191277392e+03
1.615355500568761045e+03
1.725451205744793697e+03
1.862712239102995454e+03
2.416106748022408283e+03
2.114365301483791882e+03
1.756268405099250003e+03
1.845057553272381028e+03
2.171565347967222806e+03
2.273770119010494000e+03
1.736065901141753784e+03
1.773456857503081437e+03
