1.272846404752211583e+03
4.358400653063496293e+02
9.275889140215481348e+02
3.130110006618268471e+03
3.557945054919865470e+03
3.840199922747611936e+02
6.730337231332900956e+02
1.212489272531244069e+03
4.191695081145207041e+03
1.665658120192384104e+03
4.605920408965414481e+02
9.425731248061943006e+02
1.639456204870384681e+03
4.129270480476292505e+03
1.221071186215147691e+03
7.025651386015490516e+02
1.380198988974536178e+03
4.164648886321837381e+03
1.178445249620409868e+03
6.281505171950385602e+02
1.294443215084120538e+03
4.091443134334770548e+03
1.273394314683022913e+03
8.330491005172909809e+02
1.151176430231180802e+03
3.926079270212452684e+03
1.849088958463205017e+03
3.451980490263491674e+02
9.816147069893354455e+02
2.702333222678941638e+03
3.799592542621740904e+03
4.762528521657630449e+02
6.787111680896053940e+02
1.170955757578870362e+03
3.430012158907769390e+03
3.613793483850725806e+03
5.845295949509657021e+02
7.095835966472150176e+02
1.512430543717831142e+03
4.086014810644934641e+03
1.447493245259319565e+03
4.390786884273179567e+02
9.951550333058386286e+02
3.662885931457271454e+03
2.735069527522822682e+03
4.066572184145764481e+02
9.279429466221492930e+02
2.985210328332678728e+03
3.336536823698062562e+03
4.234427237840869225e+02
8.504128630382421079e+02
2.372604813733307765e+03
3.922900934675469671e+03
4.073793384154998307e+02
7.021054365046192061e+02
1.224022037858504291e+03
4.007150356486868986e+03
2.367763881279049201e+03
2.802735369627437194e+02
8.330874747836791130e+02
3.012485382068048693e+03
3.515351831594945452e+03
1.913237191936479746e+02
7.285495062603006318e+02
2.380380535479319406e+03
3.935120370038171586e+03
3.713901249649151737e+02
7.403700892814136978e+02
1.781656811512787272e+03
4.153201611937149210e+03
5.201741756864447552e+02
6.266498741582757930e+02
2.602006010297149714e+03
3.816099352585283668e+03
3.403843817331003265e+02
6.834835519598401561e+02
1.436089703187388523e+03
4.212980434325233546e+03
1.646792495889307474e+03
2.486845662109446096e+02
9.139128472337583844e+02
3.686683925326048211e+03
2.457958816113645298e+03
2.548757868270164977e+02
8.088208337877858867e+02
4.112052318855498925e+03
1.773224748541640565e+03
1.746251811355548398e+02
1.213869203076764961e+03
4.186880130660518262e+03
1.463438327899819797e+03
1.636185874073547666e+02
1.994179331784864189e+03
4.098150045485822375e+03
4.387602989188960123e+02
5.526405960866171654e+02
2.202327151217973096e+03
4.125962534380271791e+03
6.226447708369013299e+02
5.681489477707838205e+02
1.592699895348306200e+03
1.651763643208753820e+03
1.567331999693923990e+03
4.242951878776364538e+03
7.863522977684557418e+02
5.372562018008537734e+02
2.347168641736114751e+03
4.002346542322251480e+03
4.766281683630982684e+02
6.650683302970824116e+02
2.783446354731716838e+03
3.633077656678319272e+03
5.784093675797321339e+02
6.417115336874650211e+02
1.859386298646993282e+03
4.184248069016914997e+03
8.524007919382147520e+02
6.355132965895987809e+02
1.112138033604637940e+03
3.191722577186004855e+03
3.982533038840999779e+03
4.429657278450649756e+02
6.946947135911182158e+02
1.036477990761047067e+03
2.026998224886651087e+03
4.162707233684938728e+03
7.780455845625917846e+02
7.134801487965066826e+02
1.106323590240859403e+03
1.454588084803532183e+03
4.083855694242317441e+03
1.855604322077015240e+03
6.884458979109605252e+02
1.085825266152005952e+03
1.494068370668839634e+03
4.106731743736137105e+03
1.684613325588087491e+03
7.738674790194987736e+02
1.136572051010521363e+03
1.421715418917404349e+03
4.003336990801431511e+03
2.513172699888975330e+03
4.075262963168240731e+02
9.310858817906276954e+02
1.333038602245410402e+03
3.988382661417128020e+03
1.971524551425991376e+03
5.150464871008805403e+02
9.998924256926377439e+02
3.477622016402006466e+03
3.018820413929268398e+03
2.713082351175723943e+02
8.356898315207579344e+02
2.625165788386681470e+03
3.918336259161820635e+03
3.709790137782874240e+02
6.790551396907320623e+02
1.741676022393053245e+03
4.210121009537492682e+03
1.043755891644745134e+03
3.162135946729985108e+02
1.285672644565782548e+03
1.637820444145105739e+03
1.561681020273028025e+03
1.694156099600711968e+03
4.215415921776934738e+03
1.219706883558116260e+03
5.659879988265282691e+02
1.123976643970171153e+03
4.188671948604500358e+03
1.580746037213325053e+03
2.430675818729918376e+02
1.319065794624600585e+03
4.196576966468854152e+03
6.972234526909811620e+02
5.597998508834011773e+02
1.632327587985214677e+03
4.221200193306003712e+03
9.054315625848118998e+02
2.483717773386853196e+02
1.661769487804069740e+03
4.193047942051599421e+03
1.286614744815072754e+03
3.503590973096112862e+02
8.753580696651011976e+02
3.446139529027566368e+03
3.093359191136796198e+03
1.780866075032692208e+02
6.783020164969626649e+02
3.546869740042717240e+03
2.821127946444868940e+03
4.140100569801918482e+02
8.174918765150343916e+02
1.622322044625150738e+03
4.209736377906057896e+03
1.012892481692752995e+03
7.317217346986915345e+02
1.107738095004355046e+03
3.594752355375690968e+03
3.192939345394199790e+03
2.212897069877350305e+02
8.543438924246027000e+02
1.503516956871948878e+03
4.178526345892641075e+03
2.073602714894429937e+03
3.365275463617574019e+02
8.394280669760929641e+02
1.363767664016324716e+03
4.173011498321860017e+03
1.765815725469805557e+03
4.309272225395542364e+02
1.030874321908383536e+03
1.675223681214866019e+03
4.194420006929738520e+03
1.650171111337572029e+03
4.679006402937370694e+02
7.947056286722615823e+02
1.524209832170748768e+03
4.197289596812658601e+03
1.176460419900879970e+03
5.512503641069207561e+02
9.410742245336319911e+02
1.754833108716487914e+03
4.230579876046804202e+03
9.893313005845911903e+02
7.183285814269944467e+02
1.332589131929312316e+03
3.981792277879075755e+03
1.691484456657935652e+03
5.980018668427485409e+02
1.074200528399582936e+03
3.716019101161900835e+03
2.366431386774831935e+03
6.945202551478270152e+02
1.034878581146492479e+03
2.057834258229524494e+03
4.095822833415391415e+03
7.291792433323580553e+02
8.574528392462834745e+02
1.310987395691690836e+03
4.122013226880887487e+03
1.258233169466612026e+03
5.496745268227255110e+02
1.109981406896564522e+03
1.750628988380080955e+03
4.215687218464995567e+03
1.521991945649137733e+03
6.679378601417685104e+02
1.017481112389490136e+03
1.628281752380675016e+03
4.201283849615578220e+03
1.048969887753124112e+03
6.940224056907879913e+02
1.597521436631882352e+03
4.126571542387724548e+03
7.971842572817130304e+02
7.516605107063240894e+02
1.189446829199247077e+03
4.205384335218190245e+03
1.289905983753616056e+03
6.144532230009110663e+02
1.160886069989167709e+03
3.013372786641640687e+03
3.264904197866628238e+03
5.256935872280165540e+02
8.720725897878922979e+02
2.346538294796409446e+03
4.099952855689978605e+03
8.305163495975234582e+02
4.873801713245135261e+02
1.075118160623065023e+03
2.198866989536397796e+03
4.109935045449765312e+03
7.298497418614645085e+02
7.022422347198223633e+02
1.087377045663416993e+03
2.678187419659890111e+03
4.140850609083657218e+03
8.796096532604748290e+02
5.076208529483602092e+02
9.827116575471726492e+02
1.564525319566414282e+03
4.196831019336927056e+03
1.796202658909201318e+03
