1.122979860027146515e+03
1.747979259797311897e+03
1.559535259677270687e+03
2.224352208540229640e+03
3.167462309915604237e+03
2.801814265109956523e+03
9.234976105468471133e+02
4.302532868342543679e+02
8.588594578410725262e+02
1.410028391661889600e+03
1.863478578132263237e+03
1.939821051589490708e+03
1.917717370538914793e+03
1.960274296929768525e+03
2.105790407476382825e+03
3.180970268278941148e+03
2.759880120755437929e+03
1.551951124311189233e+03
1.531976592188760378e+03
1.545282411545492550e+03
1.575351040349960385e+03
1.613145874341812942e+03
1.851088286724491127e+03
2.063354596670519641e+03
3.175109765240443267e+03
3.148599364962082745e+03
2.095060993489739303e+03
7.125448806211282999e+02
4.106151323383930389e+02
1.120204713656771673e+03
2.067116196723624398e+03
3.469289147713478087e+03
2.694539485566590884e+03
4.964427087878389671e+02
7.794561291793173723e+02
1.212590213328580603e+03
2.362928034728634429e+03
3.558734848455119391e+03
2.907748108403984133e+03
1.419617786431212153e+03
1.033998157826134275e+03
1.297005133341724786e+03
1.838782295087284638e+03
3.071281478558566505e+03
2.628308907589158025e+03
1.167345024616692399e+03
8.639126542836804674e+02
7.293511094784616944e+02
1.436686063626427313e+03
2.982999132174806164e+03
2.944811007019159206e+03
1.645061900790953132e+03
1.396127665114961246e+03
1.550281484932986359e+03
1.824049215010763874e+03
2.440597773041652090e+03
2.716446959088544645e+03
1.928945445235062834e+03
5.944751930007488454e+02
8.184751907784334435e+02
1.834515004400947646e+03
1.976830466681002918e+03
2.105931982399639310e+03
1.869940152925195207e+03
1.983184678285766267e+03
2.049380430068001260e+03
1.846985232247293652e+03
1.907347115566258481e+03
1.979403479702889172e+03
1.915466012598193402e+03
1.844221944801860673e+03
1.965888960855618734e+03
1.909141594471387407e+03
1.732496256223815180e+03
2.020212669954488319e+03
1.932271121371402387e+03
1.658328896627094991e+03
2.429436890618882444e+03
2.917372928057799982e+03
3.540520762489587014e+03
2.490340523409778598e+03
2.773206618981250244e+02
3.707257488616670571e+02
8.184516732971425199e+02
1.324325479826926767e+03
2.862000512332457674e+03
3.421045277004129730e+03
1.503205766406180601e+03
7.084023801965170151e+02
6.714035820581061671e+02
1.819385566303746145e+03
3.519535022854273848e+03
2.771305633719861817e+03
8.611358414112692117e+02
1.006089089636890435e+03
1.619548361180516395e+03
2.440614301036279358e+03
1.774276569757788138e+03
1.260907899319303851e+03
2.136282670245373538e+03
2.069561756546595007e+03
2.146147783289165091e+03
3.118739009021088805e+03
3.146726817427501373e+03
2.795108761807704013e+03
2.172073702844762465e+03
1.877867164671501769e+03
1.822211242908148847e+02
4.076327394488768618e+02
5.395689127476302929e+02
8.399052575772044520e+02
1.119468633341535906e+03
1.576414631771669292e+03
2.833899765073206709e+03
2.409934378462794484e+03
1.460880663111113563e+03
1.601596726693276651e+03
1.941332908669183098e+03
3.042959047523950176e+03
3.252493480295303016e+03
2.870062990486045237e+03
2.465417826108079680e+03
1.641951897433586282e+03
9.674149206892387838e+02
6.430820275946061884e+02
7.903461213847676845e+02
1.364840815710094830e+03
1.661172518203162554e+03
1.831891522373099406e+03
1.730559252444126969e+03
1.928220531507545729e+03
1.975052851964796446e+03
2.560784351470657384e+03
3.401650643373637195e+03
3.251611926001788561e+03
2.960910231684968494e+03
2.235415630355139456e+03
4.991291704556601871e+02
6.122061197271747233e+02
8.511133891387793255e+02
1.993852669105333689e+03
3.638359355494209012e+03
2.758649074360424038e+03
1.352845876762030230e+03
1.283259491695218458e+03
1.404042914717859730e+03
1.686241261924505579e+03
1.754324279624957171e+03
1.748921736461175442e+03
1.853780041327581102e+03
1.889980432671854942e+03
1.774610500784152009e+03
1.725262992967002674e+03
1.918299791778696317e+03
1.777697945838926444e+03
1.757760933684007341e+03
1.947725099593237246e+03
1.882944723544860153e+03
2.125317470799488092e+03
1.839539383485055396e+03
1.431691026861089313e+03
9.361088430878442068e+02
2.400087968606234881e+03
3.433755204247744587e+03
3.454578361495039189e+03
9.734709576601430854e+02
7.941565751287594139e+02
1.441275539019939743e+03
2.048084378551753161e+03
3.462576089247179425e+03
2.328343295272435626e+03
2.619358522820684357e+03
2.071977387473960334e+03
2.117347665183163826e+03
6.060970080697896947e+02
5.516306753036084274e+02
5.343537319823066127e+02
6.022680158616306016e+02
1.804399809587966047e+03
3.490094364789135852e+03
2.302970231508526922e+03
1.021802441310022346e+03
1.484549298499384122e+03
1.528832559270383399e+03
1.835513896260745014e+03
1.755290143333872720e+03
1.849580084961454077e+03
2.055675196542866615e+03
3.254647944087365886e+03
3.541304846681324761e+03
2.116226253703936436e+03
3.750676706550999597e+02
7.598931398299810098e+02
1.441237988511318463e+03
3.262547394820991030e+03
3.509926564367008723e+03
2.806222055798445126e+03
1.928582460257194043e+03
5.322936472026755155e+02
2.562560165878451244e+02
6.483781931547091517e+02
1.227308996868169515e+03
1.626177253423100865e+03
1.853172961854600544e+03
2.576226439649981330e+03
4.045511920877838747e+03
3.853446276765165294e+03
7.799803258039477214e+02
3.063132136937396695e+02
9.085132803612177668e+02
1.818667031035107129e+03
3.386331854026216661e+03
3.014634438969575967e+03
2.810106002792825166e+03
2.481106024199387321e+03
3.322306892514863534e+02
5.448167784399914382e+01
7.522167666644521660e+02
1.641658084302112002e+03
1.792123175942710759e+03
1.854734689747250968e+03
2.024736818554881211e+03
1.949853899279712095e+03
1.930313594383243071e+03
2.055394979702168257e+03
2.051779605309226554e+03
1.947033540459694450e+03
2.034480043174607999e+03
2.007113733400391766e+03
1.867984469210525504e+03
1.870966776429924039e+03
1.948455219176187029e+03
1.966639912129759296e+03
1.875582975345653495e+03
1.897262256934638117e+03
1.999653501594039199e+03
1.911178686871859327e+03
1.801218466753642360e+03
1.996766624491568791e+03
1.915205739719977601e+03
1.779947221968082204e+03
1.804447645466054837e+03
2.274745553948333054e+03
3.948674285488220448e+03
2.251136849462971441e+03
2.574466332887454882e+03
7.941854252894006549e+02
3.319929669408943482e+02
7.800952021240126442e+02
1.291482661148192847e+03
1.703726970775069049e+03
1.828051861294822402e+03
1.887602496206602837e+03
1.874513843374767475e+03
1.931314393032306043e+03
1.893001118143259873e+03
1.842760744493916263e+03
1.889596800350010199e+03
1.968402554068157315e+03
1.984273210835658347e+03
1.812168783786420590e+03
1.888337356095176801e+03
2.031805849348696029e+03
1.966117585957054189e+03
1.778124374674840283e+03
1.968033642854403070e+03
2.895898797997577276e+03
3.499695242583009531e+03
3.250988261166996381e+03
1.354179326035827899e+03
1.948328983698450259e+02
2.781568639495219486e+02
9.387785475327576705e+02
1.506641123324921637e+03
1.655638736765411977e+03
1.954571482499678723e+03
2.540235154707861966e+03
3.274909426288154009e+03
3.088377890221116104e+03
2.765685326005569550e+03
1.850975256674490083e+03
1.788822366573617046e+03
1.626755716564051909e+03
1.744151930432648214e+02
3.186562201013319964e+02
