8.434288750779414841e+02
1.359881727662790581e+03
3.126693438659177900e+03
3.670843739285564425e+03
7.880829405668918071e+02
9.135129265687497764e+02
2.477918502545329375e+03
3.095348961239726123e+03
9.382932917580335470e+02
1.208371210032661111e+03
2.738478184991759917e+03
2.964804661823326569e+03
1.145673310186695062e+03
1.393145070011314374e+03
2.416492027345018869e+03
3.688606764101883527e+03
1.352430409909486798e+03
1.176494578232829099e+03
1.826765875456030926e+03
3.811518601744317039e+03
1.623530120189689342e+03
9.660329755132169112e+02
1.888164511628500804e+03
3.447882202097657682e+03
1.272530827257812462e+03
1.256289101598773186e+03
1.764532972541127947e+03
3.549056659939395104e+03
2.163671437178516044e+03
9.607378295270385706e+02
1.270063591027102575e+03
2.836328715964043568e+03
3.315059163664680909e+03
1.050495237139299206e+03
1.136110256075926600e+03
1.967496007841880100e+03
3.416662177811183938e+03
1.351403123818906352e+03
1.158638328482940096e+03
2.720024855996515271e+03
3.427260520710802666e+03
1.001241771185499260e+03
1.110204679497453981e+03
3.129319715477238333e+03
2.490934527861426432e+03
8.710892108476421072e+02
1.326241238385153338e+03
3.200789765103796981e+03
2.264102582485052153e+03
9.220336769538656654e+02
1.315123662748885636e+03
2.636365804721332552e+03
3.320119152476696399e+03
1.075420339845733224e+03
1.140011012406715281e+03
2.051691870200168069e+03
3.543153575142165209e+03
2.005654997464763937e+03
9.357278501193450211e+02
1.270488500946519480e+03
2.006093983384639614e+03
3.453915017178445851e+03
1.818170253682415478e+03
1.391012729784089515e+03
1.580124133549424641e+03
3.099008956008825407e+03
3.379425353226858988e+03
1.341953279432807449e+03
9.065963868915131343e+02
1.783429065032831886e+03
3.907626628398576941e+03
2.196113147020543693e+03
6.275962650948021064e+02
1.024229075409456073e+03
2.900019386687959923e+03
3.113182848288012792e+03
1.111023888366524488e+03
1.324104167562298016e+03
1.401722896546237735e+03
1.468968002402626553e+03
1.586480438777985455e+03
3.908458338097996148e+03
1.845351046703037355e+03
9.567210319726916623e+02
1.849638213955771789e+03
3.821885368685785124e+03
1.653998652484649710e+03
8.827440142927362103e+02
1.593774658011087695e+03
3.612361312912280482e+03
1.622139129522824533e+03
9.753007615599265137e+02
1.721847048888392692e+03
3.684356987870063676e+03
1.898386078795994763e+03
8.883112540482417216e+02
2.349064850563848722e+03
2.849940912987492538e+03
1.004180530889036049e+03
1.341536454653501323e+03
3.127215586255058952e+03
2.630952238532772299e+03
8.731703682994445899e+02
1.383187170363902169e+03
3.623794292603792201e+03
2.630168504717380074e+03
8.734531795203282627e+02
1.304080751583912388e+03
3.822138118368769028e+03
1.755467080330413410e+03
7.431373361196534688e+02
1.214850499077644372e+03
3.845055498629341400e+03
1.790455476620101763e+03
6.056239296978271796e+02
1.129000648245968250e+03
2.617872489876228428e+03
2.494034103236745977e+03
1.363978794208312820e+03
1.485194981816992822e+03
2.800015516624576776e+03
2.968423019433727404e+03
1.295234229254012916e+03
1.413457027596930857e+03
1.888277629303529238e+03
3.367533229384833703e+03
2.976501576705846674e+03
1.403738358582793126e+03
9.005425371097152265e+02
1.547207171024265335e+03
3.240808623564326354e+03
1.448610767403051796e+03
1.277767085770532958e+03
1.793027715341206203e+03
3.187761740626505798e+03
1.840553408028708873e+03
1.359431970224515226e+03
1.600347279465456722e+03
2.456539639180929498e+03
2.953037988205321653e+03
1.374651512373109426e+03
1.494373850406318070e+03
1.947973789386848011e+03
3.003514198158775798e+03
1.810207666061509372e+03
1.596965652102993090e+03
1.978674039183154719e+03
3.459400242179198358e+03
2.940738874659272824e+03
8.436994447470866589e+02
1.116324323227571085e+03
3.052744247380569050e+03
3.512767489341554665e+03
1.217354907748066580e+03
5.590168114021752217e+02
2.156732788676263681e+03
3.315385294541021722e+03
1.355468372389597334e+03
8.594978843823377019e+02
1.896506007976737692e+03
3.544546566044080464e+03
1.748443786532925287e+03
8.672304572961836584e+02
1.389868557897054643e+03
3.368041561184828424e+03
2.031014714684094542e+03
9.241165346347279410e+02
1.716549996124054815e+03
3.725647925682796540e+03
1.993832895654267759e+03
8.764207030250566959e+02
1.290658721751073926e+03
3.206645358709504308e+03
2.307003895530736827e+03
1.002296816276310665e+03
1.211285830207819799e+03
3.121418437229470783e+03
2.995817710825346239e+03
1.224107325826459828e+03
1.008393358902479349e+03
1.687351161182731403e+03
3.242283415402758237e+03
1.743004958417980561e+03
1.426510885008643072e+03
1.555193898977469644e+03
3.022385321931215458e+03
1.956526117535548565e+03
1.239436267935687738e+03
1.731460531961475453e+03
3.309040626564828472e+03
2.041651082431381383e+03
1.183264369138889606e+03
1.769281460633645793e+03
3.177269618067141892e+03
1.728230966838909580e+03
1.333522322863103000e+03
1.439056232241125372e+03
2.857409064610889345e+03
2.813596038996020980e+03
1.289583943469864607e+03
1.324498279509162558e+03
2.382403115613216869e+03
3.399058734636606005e+03
1.381826736969301464e+03
1.591805064433611506e+03
1.483451255191077053e+03
1.523414177691685381e+03
3.505000112164828352e+03
4.123705209808876134e+03
1.781720153255505238e+03
-5.837299761440978330e+01
5.767669325845026833e+02
2.648548138942825062e+03
2.800052219613976831e+03
7.362079027530600115e+02
1.037920924266971724e+03
1.510452730577657803e+03
3.086080436873143299e+03
3.408437863189818927e+03
1.112745102497792459e+03
9.536607837380697674e+02
1.414913317781743672e+03
2.955317755623857011e+03
3.664958589888319239e+03
1.161475880052934372e+03
1.064491556348874838e+03
2.029062238488247431e+03
3.305308807453445752e+03
1.311711995024222915e+03
1.296101765185119348e+03
2.010728759985407123e+03
3.318041852486183870e+03
2.068827063225012807e+03
1.120062926177851978e+03
1.540847989820384100e+03
3.340419561865912783e+03
2.605225543602626658e+03
9.216011010628810709e+02
1.207205979569543615e+03
2.660040946650819933e+03
2.993932966288741682e+03
1.071584758798303483e+03
1.271497436919610436e+03
2.314981411854599628e+03
3.319291599450058584e+03
1.941082882639438367e+03
1.795244308104311358e+03
1.142888996572777842e+03
2.023777465186053860e+03
3.500426904345338244e+03
1.214336612188111758e+03
1.214817137986462058e+03
2.796529171364165904e+03
3.049799547840424111e+03
1.011363915400824339e+03
1.233272438656422992e+03
2.898744275322315389e+03
2.620406972322711226e+03
1.030235088027945721e+03
1.233693836194867799e+03
1.959635454697850037e+03
3.554991476768199391e+03
1.817524656838867031e+03
1.110366777854528436e+03
1.518741042099100241e+03
2.840447071872739343e+03
2.347182960626967542e+03
9.850017506759004391e+02
1.608826080538900669e+03
2.744897064753212362e+03
1.326125194956109908e+03
6.423307434782420842e+02
3.765726036071756425e+03
1.749311139554796682e+03
1.608694654802046443e+03
2.871776615917712206e+03
2.061972591820119760e+03
1.439324900686076035e+03
1.612421507093679566e+03
2.693338771769831965e+03
2.105588842633469994e+03
1.561571922423361912e+03
1.673016138885923738e+03
2.436117708965131442e+03
