3.496197715755259310e+02
3.293263192312895171e+03
2.699820798917031425e+03
2.131336639312239356e+02
9.004211301786929198e+02
3.576544412991610898e+03
3.032108681776620415e+03
1.305203482169950462e+02
3.258544722602773049e+02
2.635078434895886403e+03
2.941599151098947004e+03
5.203725449947806965e+02
9.968020534299016617e+02
2.151466671505803333e+03
2.824946347386092384e+03
1.249127803532305961e+03
1.013089014073847466e+03
2.387090391124907910e+03
2.672443477469553727e+03
1.175617366225816340e+03
1.250648484056217967e+03
2.062962916816277357e+03
2.496357703709923044e+03
1.273625050057520866e+03
1.196367490773558075e+03
2.208376841547828008e+03
2.822675246917305685e+03
1.162755315615545669e+03
1.051497702555820069e+03
2.225159390310617255e+03
2.580765648776546641e+03
1.084466170955042116e+03
1.210779792488895509e+03
2.428208445074852989e+03
2.769769170014148131e+03
8.658071966882552033e+02
1.054118330988553680e+03
3.612585283694564623e+03
2.653452355720034575e+03
-3.921144362437231479e+01
6.383404143183746555e+02
3.032436313145210534e+03
2.556565608225966571e+03
3.623074335158250960e+02
1.516257048862089277e+03
3.086917207745888845e+03
1.725497249708901563e+03
5.570794823927507196e+02
1.158805099285559891e+03
2.894411459010033013e+03
1.751504845101976116e+03
8.299116373074341482e+02
1.340733517217523286e+03
2.993642133367495262e+03
2.011588176565752974e+03
7.560760288299518379e+02
1.180838435117113931e+03
3.117919084663317790e+03
2.562137275188633794e+03
2.234048392694205063e+02
1.018788035335345626e+03
2.946693774493578530e+03
2.956188996487201166e+03
1.065052290549815325e+03
4.443789795926030024e+02
2.608048544448241955e+03
3.088697132731421334e+03
9.385415917888877857e+02
5.620269598617645670e+02
1.025710266040962324e+03
3.138232083732712908e+03
2.925580935752946061e+03
6.801708254708215691e+02
5.221073129596354647e+02
2.615981642151308279e+03
3.029441090450407955e+03
9.759891509800708036e+02
4.371736726658184011e+02
2.481884547474292958e+03
3.193840447694882641e+03
9.367284268801662392e+02
7.790991570608490520e+02
2.040307333524894148e+03
2.889735810126805973e+03
1.167052620651791813e+03
9.064347941651753899e+02
1.663614902508740897e+03
2.968413375775834083e+03
1.694490733889416106e+03
9.058661597182111791e+02
1.659344344749323909e+03
2.805601679697849704e+03
1.411127447429829544e+03
1.020755193474244379e+03
1.366657629253248842e+03
2.918406845065303514e+03
2.150281491304375322e+03
6.003578790661665607e+02
1.465613425947453607e+03
3.370884175864957797e+03
2.293034123803846796e+03
2.379263275510443805e+02
1.353580301456108600e+03
2.982366985703979935e+03
1.769599111518623204e+03
6.715869241750012861e+02
1.610142486065765297e+03
2.985998660954858678e+03
1.924390714241791329e+03
6.683614948316516120e+02
9.558711439373072380e+02
3.074305187911477788e+03
2.331610830608009110e+03
4.447252359144619049e+02
1.634181131372746222e+03
2.954893292309256140e+03
1.448306939656652503e+03
7.204126273682757073e+02
1.630863784694353171e+03
3.100853567556365761e+03
2.069978314606727054e+03
3.905456532610102158e+02
1.664078977784428162e+03
3.120801596400796370e+03
1.891046273525701508e+03
2.898446997554905806e+02
1.066779003438686914e+03
3.109554885476915842e+03
2.380829477590716124e+03
5.656055115349068956e+02
1.026594699987987951e+03
2.647785066294013177e+03
2.948674705949364579e+03
1.298441642717134755e+03
6.794464830135973443e+02
1.480060745444466647e+03
3.126000255927178841e+03
2.335150620285797231e+03
4.169221133681932656e+02
9.194062380193374793e+02
2.972785215525314470e+03
3.216234118162774394e+03
6.357523313639136404e+02
3.649016152251336393e+02
2.359689254534269367e+03
2.934548189720353093e+03
1.464544545032008500e+03
7.688257541515691855e+02
1.765726579602475795e+03
3.103164025589555877e+03
1.522692423243889380e+03
6.636510945710371061e+02
1.343307692438370168e+03
2.749238111970628324e+03
2.434417197725334518e+03
7.072328215671967655e+02
8.653306006636588563e+02
2.805727461222539660e+03
2.689165857276244424e+03
8.201302934482819182e+02
1.000082983076269329e+03
2.416371562174864266e+03
3.381847938424888525e+03
1.294332983172686227e+03
2.157249270777021195e+02
1.199834557366469880e+03
3.165484908030748102e+03
2.734293403841766121e+03
7.219115418906787909e+02
7.463019378751619115e+02
2.667997556664755848e+03
2.893958719999563982e+03
8.141849168647599981e+02
6.211553274191215905e+02
2.723003800863922606e+03
2.828389421244165533e+03
9.455968662059660801e+02
6.386272903901806330e+02
2.303315576400031659e+03
3.133075373643822331e+03
1.279881248486000004e+03
4.411596249695839447e+02
1.342351581924556058e+03
2.981726637861655945e+03
2.116373827722547503e+03
7.404822763102374665e+02
1.586855158665950512e+03
2.945819301799658660e+03
1.331450133731138294e+03
5.145741767138659952e+02
2.596022164261762555e+03
2.808256382752772879e+03
7.320607046892185963e+02
1.033335913936079351e+03
2.526611295147233704e+03
3.202953471014051502e+03
1.480068405398157211e+03
3.346832667828140870e+02
1.690000021151379997e+03
3.239898191723272703e+03
1.496176944095565432e+03
3.448038463622906420e+02
1.343395494371642599e+03
3.391681043567544748e+03
1.906042260911440508e+03
1.444298015108429922e+02
9.349027518910128265e+02
2.948007753219433653e+03
2.936760388449549282e+03
8.723130786556113208e+02
8.215183229695467162e+02
1.912145485338519165e+03
3.194459378330479012e+03
2.407261690179794186e+03
4.482812484231746453e+02
1.270510329738810924e+03
2.280177507884261104e+03
2.982987752842036571e+03
1.590499832876379287e+03
7.271375625268872227e+02
1.725767107419596414e+03
3.387260595374385503e+03
1.814016052212651402e+03
3.646964826355916216e+02
8.494649675358398326e+02
2.859089789727657262e+03
2.806046250938527919e+03
7.457408462673486156e+02
7.459108996836387178e+02
2.591820133559243459e+03
3.037200223095541332e+03
1.084431757895782539e+03
5.836371693648361543e+02
2.692393449454718393e+03
2.745319329421894508e+03
5.962047370934237733e+02
8.378908094704781888e+02
2.985106452975356206e+03
2.493475305255539297e+03
5.834111035897337842e+02
1.567692221154690969e+03
2.799294661716030532e+03
1.423779874309214165e+03
6.863645363455726738e+02
2.232070760767045613e+03
2.849914110513879677e+03
9.310082332746092106e+02
8.333580012034315132e+02
2.571992473002960196e+03
2.876178856555477523e+03
1.081124554547878233e+03
7.973763291503180426e+02
2.826953246875050809e+03
2.345796416178382515e+03
5.868640371496892385e+02
1.776138526429608646e+03
3.300706530429024042e+03
1.345693098686538860e+03
4.868821663589196191e+02
1.185175069308489583e+03
2.968040068006464480e+03
2.262657804363357627e+03
7.393622613123606016e+02
1.066662618078956484e+03
2.133945698143324080e+03
3.064396639749037149e+03
1.987769173559822548e+03
3.095639843819419639e+02
3.605207198372258972e+03
1.094473004112201806e+03
1.410050207376075150e+03
4.214293259541375960e+02
2.975846608528524484e+03
3.548411646306490638e+03
2.397293761843317839e+02
1.743461893112904875e+02
2.895660800942242076e+03
3.035677241312312617e+03
2.247138688152311374e+02
9.605077897442196218e+02
2.995369649303984261e+03
2.121480221734535007e+03
7.896567941543318057e+02
1.184426222328519543e+03
