2.591713596608001808e+03
2.625227560054941932e+03
8.867448313021766353e+02
9.259112144294256268e+02
2.968632460294271368e+03
2.610288576036013637e+03
5.114948257104166487e+02
1.206402470818529082e+03
2.896003379761474662e+03
9.711550196761671714e+02
9.944032409374405006e+02
3.325404357195290231e+03
1.862240376544413948e+03
7.823593114332717278e+02
2.177404051131417873e+03
2.614687696507550299e+03
1.326081450815495828e+03
1.286395398695058702e+03
2.830770291025233291e+03
1.719957505751136523e+03
9.363268796936521312e+02
2.465224613385283192e+03
1.890066578328967353e+03
7.799798170215364053e+02
2.566073691016957582e+03
2.152745955889825382e+03
7.997696888661646426e+02
2.203389979926292654e+03
2.667930796739480229e+03
1.008479659609680652e+03
1.504718252526809465e+03
2.887560741800235519e+03
1.228453174513053000e+03
1.057108281185481019e+03
2.713079631458171207e+03
1.734061703002011427e+03
9.650578634145359729e+02
2.600244693636440388e+03
1.746950505188161060e+03
1.269765048055655143e+03
2.902765017601049749e+03
1.468442621723350840e+03
8.981211092539283527e+02
2.431447459025798707e+03
2.281726205190484961e+03
1.036648475195026776e+03
1.787397105195547965e+03
2.973801224462053142e+03
1.212249718010657489e+03
1.037452935000619618e+03
2.678348956776713749e+03
1.761504217086040398e+03
8.611778732116173387e+02
2.186797958775135612e+03
2.698723462405770078e+03
1.090834489757431356e+03
1.183360312585189376e+03
2.774028740032544647e+03
1.951519337371364372e+03
1.139734035796839635e+03
2.337441577708944806e+03
2.181106106809483208e+03
1.056201820257076633e+03
1.752310536698412307e+03
2.714025839252853530e+03
1.330920602378376543e+03
1.204121585087420726e+03
2.651108447733040975e+03
1.643020763173760770e+03
1.195775849553790749e+03
2.279226764772649403e+03
1.756524988828896767e+03
8.602904571369853102e+02
2.301052069371969083e+03
2.313756539107669596e+03
1.123001912012533921e+03
1.700828880135971303e+03
2.906008029683654968e+03
1.332738972956109137e+03
8.660983273024880873e+02
2.793854278905541833e+03
1.803744059718294693e+03
8.581343202695043146e+02
2.203228147644821547e+03
2.526246943532057230e+03
8.761640716763621413e+02
1.391903643926377299e+03
3.149130179387228509e+03
1.271821707969805857e+03
1.193527572236699598e+03
3.210760674186542474e+03
1.344757998033828926e+03
7.678145488333465210e+02
2.794514276241155130e+03
1.702494406410153942e+03
7.371203984538716441e+02
2.676944830148192068e+03
2.105695708547220420e+03
6.013484019201065394e+02
2.528611560033707974e+03
2.839438703773460020e+03
7.879349995478107758e+02
1.399316291588454078e+03
2.903497367628175198e+03
1.111911490690650453e+03
1.339340330806024440e+03
2.967781770776374287e+03
1.247426903008243926e+03
1.335801344353830700e+03
2.878266860491197349e+03
1.265502896667140476e+03
1.153095596632003208e+03
2.827110802151380540e+03
1.660740921673013645e+03
1.006210093353190473e+03
2.739416879289332883e+03
1.827722382186871755e+03
8.079521963051748799e+02
2.144949502805666725e+03
2.495455419503801295e+03
8.759224942034585411e+02
1.603150862574458870e+03
3.317011186076506419e+03
1.495242539722136371e+03
6.266895106059450882e+02
2.124403233843041562e+03
3.006748308298416305e+03
1.118718249727669445e+03
7.348675509140344957e+02
2.284094591264873543e+03
2.482518210737194295e+03
1.078269907553162966e+03
1.243977417044678532e+03
2.812154878000389999e+03
2.047696057728572896e+03
8.643948338416387287e+02
2.036648915071471038e+03
3.040982746514809605e+03
1.074809892779788242e+03
1.083053053607167612e+03
2.798851918664009645e+03
1.949831505741716683e+03
1.131518000419106556e+03
2.147347565435358774e+03
2.752802338987383337e+03
1.410255968883662717e+03
1.282751371174533915e+03
2.553297675781867838e+03
1.344465865781154434e+03
1.162406453222301479e+03
2.764079628402631897e+03
1.742040231059393818e+03
9.052282114299224531e+02
2.615888436862749131e+03
1.835996800518673808e+03
9.432008873006882368e+02
2.592783537734267156e+03
2.227936938730994370e+03
8.773759031890988354e+02
1.706484123586284113e+03
3.023667484984707698e+03
1.483561079002512770e+03
1.217258532910175290e+03
1.305800337486517719e+03
1.854908925694272284e+03
2.510762234862201240e+03
1.006320645726843964e+03
2.050303494007925565e+03
2.639337828300133424e+03
9.591402312849430700e+02
1.736319110587909336e+03
2.866104831399499744e+03
1.070397976516454946e+03
1.417718345963492084e+03
3.138301813044628489e+03
1.373321970114022179e+03
7.000327954865059610e+02
2.704311707875463071e+03
2.211871930691200305e+03
6.766855367065600149e+02
1.963157042775957962e+03
2.901156609440314242e+03
8.615404214698771739e+02
1.446131070901152270e+03
3.000455106535657251e+03
1.222259331309046502e+03
1.300062908472593563e+03
2.979014964911295920e+03
1.371275626014486534e+03
1.037291076653948267e+03
3.032000904977267510e+03
1.658389125738762687e+03
6.214990905169743201e+02
2.405804357576701477e+03
2.337737163251161746e+03
7.812319309661594389e+02
1.966980564054932074e+03
2.912719814873139512e+03
1.132227035798521911e+03
1.230696203095840929e+03
3.146599852306896537e+03
1.453153630142548991e+03
7.797142812412502053e+02
2.743065772591242421e+03
2.154325853722977172e+03
7.574173896812766316e+02
1.678051818474825723e+03
3.276100073558508029e+03
1.164943946844207176e+03
7.720695922582634694e+02
2.611236568000066654e+03
2.235000893162742614e+03
7.307715354914536192e+02
2.218736061903958216e+03
2.697709278508844363e+03
1.005406677742664215e+03
1.667967008686398231e+03
2.909597252640280658e+03
1.096302843963692339e+03
1.405823455696393239e+03
2.970437047199841800e+03
1.425950106242043148e+03
9.207205792750445426e+02
2.670900045611641872e+03
1.843502820295158472e+03
7.717813849864310214e+02
2.435585735926233156e+03
2.227952389038456658e+03
9.964733033098439137e+02
2.338097600321485515e+03
1.898514086632207636e+03
1.015822947469092242e+03
2.392955300591921059e+03
2.230076776895186867e+03
8.377797439257301448e+02
2.166467699071202333e+03
2.517639621530802287e+03
9.677517462078384369e+02
1.755009350696979027e+03
2.832610934326281949e+03
1.197016571861367765e+03
8.647371953138417666e+02
2.775450962113827245e+03
1.748517631742794265e+03
1.543472601951931210e+03
2.612319597213442194e+03
2.239936102252382170e+03
1.186540028091466638e+03
2.051105060874381707e+03
2.578351673959854907e+03
9.430137770600049407e+02
2.213080110392018923e+03
2.568468763944127659e+03
9.786332844339383428e+02
1.920412830702144902e+03
2.768441172592322800e+03
1.069088865938323806e+03
1.305871912336881678e+03
3.046218373791994964e+03
1.344811143812347609e+03
1.148013122352817390e+03
2.885895550429160267e+03
1.515715202659331908e+03
1.025740789887152687e+03
2.737504441724800017e+03
1.594794451730883111e+03
8.860607173402113403e+02
2.770748969996664073e+03
1.540257834768470730e+03
7.536517663494694261e+02
2.795917791475601462e+03
1.698485379580089784e+03
5.637731776618844606e+02
2.578987772573307211e+03
2.090933213606529989e+03
7.389128049565500760e+02
2.226833315761074118e+03
2.623616945079640118e+03
1.009640015756331195e+03
1.322305913348117656e+03
2.885931240538159727e+03
1.630512017493492749e+03
9.512340257351245327e+02
2.375001874403869351e+03
