3.239398608239192072e+03
2.236121384358698378e+03
8.770181197164483820e+02
1.119164038215345499e+03
2.561233903079536049e+03
4.163614207182940845e+03
7.947956547790705599e+02
1.318778464084208224e+02
8.595182558942187825e+02
1.779464482041289102e+03
3.761413226262140142e+03
1.509420303200444778e+03
6.601985960692684330e+02
1.011742814252457492e+03
1.294783208694705536e+03
2.694509413621483418e+03
2.728222231060205104e+03
1.269802829327302334e+03
1.084030138159742137e+03
1.390504755652823405e+03
3.137824733868440489e+03
2.303149367032172449e+03
8.980847881909863872e+02
1.064017772772008129e+03
1.362497450965556936e+03
1.563245491454105832e+03
2.778338744380538174e+03
2.634272099764366885e+03
1.062905846860335032e+03
1.179948611750157852e+03
1.410519900192019350e+03
1.501093173903227125e+03
2.963907747958333857e+03
2.770086777330719997e+03
9.418484776349773711e+02
7.146685048852968976e+02
2.698229294766776547e+03
2.758952300022761847e+03
7.759259755359856854e+02
8.318969033764566348e+02
2.257888114270162987e+03
3.395376724170819216e+03
8.991832919234735755e+02
7.205190604132355929e+02
2.234823319383668149e+03
3.091011972206326391e+03
9.466619167158780783e+02
8.633994794409212545e+02
1.359118964594408681e+03
3.371580689426679328e+03
1.758665870716189374e+03
6.581798527982718952e+02
9.294296095704489744e+02
2.926673155501881865e+03
2.237925199790997340e+03
8.616254748548207090e+02
8.861207544106227942e+02
1.956958176006090525e+03
2.005844430779925233e+03
3.669570729028479946e+03
7.267642893102918151e+02
7.807968471112789075e+02
1.923017694862544658e+03
4.111867502800457260e+03
9.973425291698373485e+02
6.946603213045531220e+02
9.388270547508246864e+02
2.979949147032691144e+03
2.605377499900069324e+03
6.649366122411563538e+02
8.503045396799647051e+02
1.175237034035874558e+03
3.095618546089758183e+03
3.237402896082243387e+03
7.495435258138736572e+02
7.402094933021472798e+02
9.954494587839623136e+02
2.130054545684641653e+03
3.713961933566989956e+03
1.070846265877079304e+03
7.297783054246689289e+02
1.320415643720541084e+03
3.633433100530930915e+03
1.320715513400479722e+03
8.704523015398847292e+02
1.257259348808606092e+03
1.896428102362437812e+03
3.286423704891445595e+03
1.208489492537110891e+03
1.036886948296851415e+03
1.295189562373676154e+03
2.465319570394791754e+03
2.822316650066674811e+03
9.171770330845391754e+02
1.046528127431111443e+03
1.985343330614045044e+03
3.018500390183317450e+03
9.442223181897492168e+02
9.386486749767412903e+02
1.686421945338482601e+03
1.616139711529083797e+03
2.058330563457227527e+03
3.818568288254706204e+03
9.083505973499904940e+02
7.643817606564259677e+02
1.120667556245526612e+03
2.853839207142729720e+03
3.954280500114972710e+03
7.679665722914307935e+02
3.641196570099817222e+02
1.292422959006553810e+03
3.893023999523923521e+03
1.454975289096871393e+03
5.205978747890949307e+02
7.790419235312556339e+02
2.285966950964704210e+03
2.709425246846628397e+03
9.969652985122737618e+02
9.568897166542143395e+02
2.480680560318204243e+03
4.092200009536408743e+03
4.054719663563704671e+03
2.823579851712008804e+03
-7.060204976251391429e+01
9.815369984290535088e-01
3.806493260582788452e+01
9.546175193911628867e+02
1.668343680594456828e+03
3.627147119610687696e+03
1.229581724934985459e+03
1.301263910022495111e+03
1.986075838184794520e+03
3.499494160439195639e+03
1.174313910427452356e+03
1.070656247819754526e+03
1.496603244310550963e+03
1.852632589691074372e+03
3.410505255506356661e+03
1.796232753507742245e+03
7.840601083815215588e+02
1.273211130847469803e+03
1.624681114410417194e+03
1.698743401705103224e+03
1.689216639377305455e+03
1.765618607537127218e+03
1.773415613423843297e+03
1.736356401156954917e+03
1.761875032459861131e+03
1.847324480266691580e+03
1.833652591642447533e+03
2.170067743049170531e+03
3.527848800786764514e+03
1.269452137106383816e+03
8.978537490851623488e+02
1.243482362101207627e+03
1.498692260068418818e+03
3.004240883422490697e+03
3.759967897284352148e+03
4.659172298945276225e+02
5.953027135989927956e+02
9.662528946357972472e+02
1.697754305662401066e+03
3.718609781652329275e+03
1.300368894333840672e+03
7.841437819340873148e+02
1.241903887079037531e+03
1.574469888865491157e+03
2.926108787531762573e+03
1.508025628689301129e+03
1.208154810164924129e+03
1.436164906357016207e+03
2.386295653264859084e+03
2.084976312018898625e+03
1.119043772968676194e+03
1.399286738690867878e+03
1.601647038315340751e+03
2.327787761313536976e+03
3.000457609795654662e+03
8.504837833046715332e+02
1.070952719859693843e+03
1.419158765158209235e+03
3.143019874793892086e+03
3.794106261807879036e+03
2.657993650482169414e+02
5.029938024952364799e+02
1.917324355829286787e+03
4.139588515459355222e+03
7.457679581708131309e+02
3.094175220067996861e+02
1.098155055821256838e+03
3.754256152751961054e+03
1.639043413672764245e+03
3.739428467164696599e+02
8.437788487026368784e+02
1.924099371404612612e+03
3.653742263955075032e+03
9.043968727327260240e+02
8.577545474451042082e+02
1.141226947305995964e+03
1.567169050208694443e+03
3.471541364382077518e+03
2.120141313372833338e+03
8.535754075622716073e+02
1.077207595695090276e+03
3.159645354609654078e+03
3.996852019840807770e+03
4.909918701800044687e+02
3.312354210049597327e+02
8.788484804781567163e+02
1.367210415389720310e+03
1.528700898952375837e+03
2.545066923653371305e+03
3.308476434307212003e+03
9.711471349696399784e+02
8.796410772705792169e+02
1.183463427056806950e+03
1.594471375361275022e+03
1.806873050496364158e+03
3.279834177342386738e+03
2.045848818997195849e+03
1.003808213487874696e+03
1.280152668482249055e+03
1.525644176814410912e+03
1.645966169707859990e+03
1.917330749831635330e+03
3.153776346933064360e+03
1.235165823295662449e+03
1.211957553899180311e+03
1.432435848190936667e+03
1.566086036669449868e+03
1.569771782386899986e+03
2.599362815477836648e+03
2.868326084484724106e+03
1.064629167578348188e+03
1.094561757194597931e+03
1.331470386575331077e+03
2.285799298601196369e+03
4.010865388740031904e+03
1.192080012639025199e+03
6.439832949032455645e+02
9.250277647794505356e+02
1.719294736208697486e+03
3.826915173468580633e+03
1.867444710430377427e+03
5.751656446664628675e+02
5.969547983040727104e+02
2.675561072695377788e+03
2.375263944549671123e+03
7.883455537644194919e+02
9.590634336579009869e+02
2.099143767806343931e+03
3.034877071311036616e+03
9.915665594653282824e+02
1.032740209203469931e+03
2.110111196176140766e+03
2.750945448313696033e+03
9.479226398987394759e+02
1.147846980366674416e+03
1.408056707410057925e+03
2.888276539639062321e+03
2.587115764036674591e+03
9.388334629314024369e+02
1.034905268323644805e+03
1.927879281230470042e+03
3.289355112851499143e+03
1.031082058999875244e+03
9.797210489078395312e+02
2.219210847144725903e+03
3.832456145844087132e+03
9.459745202051672095e+02
7.612822994689528286e+02
9.313646954321416160e+02
2.405442552978845470e+03
3.818723439174274063e+03
1.370989525858190973e+03
3.643143576027669610e+02
6.691255039960868771e+02
1.421578168872532387e+03
3.470438276417805355e+03
1.862791165731808633e+03
6.822511825566404013e+02
1.066010947456268468e+03
2.685086726579944752e+03
3.103239446014589248e+03
