1.792244021419059663e+03
2.470887826509458137e+03
1.745687752235714470e+03
2.100066170092904031e+03
1.899429045454756306e+03
1.868490290186623497e+03
2.021802512757656586e+03
2.134134717745802845e+03
1.846007128123962730e+03
1.845341796129883051e+03
2.113753357726915056e+03
2.203185180149693679e+03
1.868509490305524650e+03
1.883037614668938659e+03
1.919306435037733536e+03
2.143171281938820357e+03
2.302315649659693008e+03
1.827052958416092679e+03
1.856601265240566590e+03
1.891405095746764346e+03
2.188407624194475829e+03
2.110768486962168481e+03
1.847966678804917137e+03
1.899344908122991001e+03
2.174214678436789654e+03
2.134299410104490562e+03
1.859231385601110333e+03
1.869673387131139634e+03
2.076881895638758579e+03
2.267073493217331361e+03
1.860277845874514696e+03
1.856844923255800495e+03
2.022821960490890888e+03
2.210699758183323866e+03
1.925916552812593409e+03
1.820898935327124946e+03
1.983309625401816220e+03
2.247316578468326952e+03
2.074556650713544059e+03
1.852862216259383558e+03
1.871207743901733920e+03
2.121203806857372456e+03
2.240825542334127931e+03
1.845915122144420593e+03
1.872876680353655274e+03
2.006336293893000402e+03
2.239641534226222120e+03
1.916030778143024918e+03
1.853671532291330777e+03
1.932069131428264200e+03
2.218725991400476232e+03
2.082725492923875663e+03
1.845066743044453915e+03
1.866064785334884164e+03
2.123132279272532287e+03
2.250611400827292528e+03
1.864507299759997068e+03
1.906683263445265766e+03
1.986676027321169386e+03
2.092866594672838346e+03
2.108297041951316260e+03
2.037831053495354809e+03
1.865410592859246890e+03
2.007296982195111468e+03
2.008443894952217306e+03
2.013942614822688483e+03
1.969394939954312576e+03
1.956105657249247770e+03
1.882695292919146596e+03
1.957874388964763511e+03
2.246879813883060706e+03
1.912704961132573999e+03
2.180506458381491484e+03
2.006714307342660732e+03
1.790220695916603063e+03
1.872473573688906754e+03
1.919387235806726039e+03
2.234197613586918578e+03
2.154031213341963849e+03
2.022677645561863983e+03
1.828493272321851009e+03
1.870173562472526100e+03
2.284436256303749815e+03
2.109266319533571732e+03
1.792037222069152449e+03
1.889964019322139166e+03
1.901083036974732067e+03
2.303462563580106689e+03
2.038777042270988886e+03
1.864295437784108117e+03
1.884164905140433348e+03
2.073707198073846030e+03
2.285125397773733766e+03
1.965344494370468510e+03
1.868440109080680941e+03
1.878942080104408205e+03
2.086645632241796648e+03
2.220072976696807018e+03
1.919249825370313147e+03
1.983992974195502256e+03
1.803980813062198877e+03
2.233910541599760109e+03
2.239456532871417949e+03
1.777156122640454669e+03
1.864315817739918884e+03
1.852955573025623607e+03
2.251079924860045594e+03
2.157640262624200204e+03
1.853988794646538508e+03
1.830943866807131826e+03
2.020308191725630422e+03
2.293175241783964339e+03
2.000889763061041549e+03
1.844953792393243020e+03
1.830898820300071975e+03
2.104495015818409684e+03
2.266565025600680201e+03
1.916359269589166161e+03
1.842023751021434919e+03
1.879958009146131417e+03
2.220517568574283359e+03
2.357582645876046627e+03
1.719587549130658317e+03
1.815456980422014794e+03
1.896697073053065196e+03
2.301156939130428327e+03
2.090085572578378560e+03
1.760334718534420290e+03
1.815254188920348952e+03
2.260381007302462876e+03
1.588287200575785391e+03
2.142375890665161933e+03
1.799012387881068889e+03
1.811005171096730919e+03
1.786685145455098564e+03
2.431634302541671332e+03
2.823813050424551420e+03
1.761973846386725882e+03
1.707788916467843364e+03
1.909000061790147811e+03
2.000943926114144460e+03
2.551468103813007019e+03
1.997426070450946554e+03
1.804472682289091608e+03
1.828165641737912665e+03
1.934928039003967569e+03
2.313193390172742511e+03
2.034585660136236356e+03
1.832731266406082568e+03
1.839190955499245320e+03
2.048878157492379614e+03
2.256335700387286579e+03
1.927070851233626172e+03
1.867578979213310731e+03
1.905606823735332910e+03
2.158800505777367107e+03
2.161061852878566242e+03
1.856170123053561156e+03
1.919193941188588269e+03
2.083050356764521894e+03
2.128993047026896420e+03
1.964334792251856015e+03
1.821677921754048839e+03
1.944339807471132872e+03
2.251806063926573643e+03
2.041058848200476405e+03
1.853012526838936992e+03
1.851591224410826044e+03
2.084373418524349290e+03
2.252493200247716686e+03
1.914676440233561834e+03
1.849934767795851485e+03
1.850970309563364935e+03
2.199674155312203311e+03
2.306432569937420794e+03
1.808612860889775675e+03
1.840622449269280423e+03
1.882873062924148371e+03
2.227915454839112044e+03
2.162631578067739156e+03
1.794974524348789828e+03
1.829185140841925659e+03
2.205183880705943466e+03
2.297898692431113886e+03
1.799553731039613012e+03
1.844341784304654084e+03
1.962356409486949133e+03
2.256445222321602159e+03
1.995209821391429159e+03
1.835653384263665657e+03
1.868094341299746247e+03
2.170524934617101735e+03
2.197901889493798080e+03
1.827773018285973194e+03
1.831981266140767957e+03
2.161051221789435203e+03
2.225960286278329477e+03
1.858758583798955897e+03
1.847498509727542341e+03
1.987172187080828280e+03
2.282782832553467415e+03
1.952886865565511698e+03
1.836610927344167521e+03
1.849061930163023590e+03
2.113405612992012266e+03
1.993326053445144908e+03
2.678997810746747746e+03
2.081578010012402046e+03
1.532596762557934426e+03
1.857265190766372598e+03
1.947243704657858416e+03
1.980801223583150659e+03
1.945037077922093886e+03
2.185515556209850274e+03
2.181768518635070450e+03
1.867200708216771091e+03
1.893587469763288937e+03
1.928386639403218851e+03
2.114118168271738796e+03
2.180353713072374376e+03
1.921476081516627346e+03
1.912181582589023719e+03
1.919048266367309452e+03
2.179698473757714964e+03
2.128877641049125032e+03
1.889188968722389518e+03
1.861854778338335109e+03
2.040262448551874286e+03
2.264500604682067660e+03
1.934068635248763712e+03
1.853636261620298683e+03
1.873817829735492523e+03
2.218010315784938939e+03
2.149056393979071800e+03
1.835367762857436901e+03
1.860800754523283103e+03
2.197266462900835904e+03
2.190750903725004264e+03
1.840323873855962574e+03
1.844497069535196943e+03
2.064712413367644331e+03
2.286110463477326448e+03
1.894947445028537913e+03
1.819663005220328387e+03
1.858002924866766989e+03
2.225543403031491380e+03
2.261351511123912587e+03
1.823891095278236435e+03
1.835167386354119117e+03
1.950224045989468323e+03
2.241624153856716475e+03
2.016772746626596472e+03
1.826531054344021186e+03
1.854831755976105796e+03
2.205819186251853353e+03
2.155964880861623897e+03
1.816707919369977162e+03
1.869863629073592620e+03
2.204181194631037670e+03
2.179693615890549609e+03
1.854218737791362628e+03
1.850902604078497461e+03
2.071731451175229722e+03
2.253549805113831098e+03
1.910426074928899652e+03
1.839857688512708364e+03
1.915335460836198763e+03
2.359222467048023645e+03
2.031259904849982377e+03
1.765741691438578300e+03
1.827048575321305407e+03
2.234860832590125483e+03
2.188867682223828524e+03
1.835965491494255275e+03
1.829577347821634021e+03
2.008586146772419397e+03
2.219477785384788604e+03
2.061506788683034756e+03
1.844634699882582936e+03
1.851758488196616099e+03
2.168206438088981031e+03
2.238465621895298227e+03
1.857084858550972058e+03
1.855297253444301532e+03
1.879892353876205107e+03
