2.043756621491524811e+03
2.036582889832773617e+03
1.953086079860544260e+03
2.040168357099709965e+03
1.984507019475759307e+03
1.986716383711550179e+03
2.007888153960659793e+03
1.931880453764598087e+03
2.007396863000574285e+03
1.980994762425874796e+03
1.942638227909910256e+03
2.002532378313318532e+03
2.218272115656717233e+03
2.389170948080685321e+03
2.079998005564526920e+03
1.374827278048977178e+03
1.616484160918480711e+03
1.972059466271736483e+03
2.427974149476596722e+03
1.886759568131988090e+03
1.712435529155126005e+03
1.920513861875532257e+03
2.109550080195539522e+03
2.393414066466252279e+03
1.776913898056572407e+03
1.611434654827095301e+03
1.783692029685187890e+03
1.936973183317360963e+03
2.008543550653801276e+03
1.941682144785795572e+03
2.006860452787137547e+03
2.388610292974813092e+03
1.719492447479647353e+03
1.738511196935929092e+03
1.959282305408763705e+03
2.197994604956605599e+03
2.227921666166460000e+03
1.516433944531405132e+03
1.848395722855479789e+03
2.111897709865723300e+03
1.978695272209014774e+03
1.802588799140600031e+03
2.113704188827672169e+03
2.015362700829820824e+03
1.777761118490750050e+03
1.926524847324522398e+03
2.216954638976628303e+03
1.782548347076314030e+03
1.886100481947582011e+03
1.943948572431060938e+03
2.297251153237003109e+03
1.731687047557910091e+03
1.859846034066521725e+03
2.062980252169772484e+03
2.223565167549301805e+03
1.696546126636560757e+03
1.866550152974316006e+03
2.384016361340193271e+03
1.744318886931144561e+03
1.740795535989141172e+03
1.855000300951956888e+03
2.427828194167764650e+03
1.840825707554266728e+03
1.698353787733310583e+03
1.907394242664796366e+03
2.387505362369275190e+03
1.670077296384942201e+03
1.777666405816944007e+03
1.935461667838896574e+03
2.454165465831672918e+03
1.645030681309323199e+03
1.770022454990928281e+03
1.848342295808808558e+03
2.449922200331038312e+03
1.759087900182228850e+03
1.692749434445417137e+03
2.017994913707845171e+03
2.496788332550957421e+03
1.763881685507367592e+03
1.623554497272991284e+03
1.767980816079027136e+03
2.007446859452384388e+03
2.216561521787385118e+03
1.752447389442021858e+03
1.939386191851614740e+03
2.423017656274431374e+03
1.588178610926854162e+03
1.866543088614817862e+03
2.031438194838710842e+03
2.347467839729995376e+03
1.672628898464274243e+03
1.828410631194541565e+03
2.374728007043799607e+03
1.759608650559939178e+03
1.811551038903170820e+03
1.913648153488654089e+03
2.317506283579103638e+03
1.680049258656775692e+03
1.880511129828499634e+03
2.386937598800120668e+03
2.006878752233988735e+03
1.576265009833792647e+03
1.829480738589168595e+03
2.383138843539520622e+03
1.889083493397863094e+03
1.689082483857722991e+03
1.879160156754937816e+03
2.366184390003266344e+03
1.739610265703631512e+03
1.761109464528070703e+03
1.973603454895102686e+03
2.498238257264627464e+03
1.625218793134594307e+03
1.702610402117343710e+03
1.927304020165803422e+03
2.364532563552307238e+03
1.842464632531684856e+03
1.726094438863954338e+03
1.917116297500163682e+03
2.292458999557461993e+03
2.339056591166179714e+03
1.483593099265516457e+03
1.768174657758456306e+03
1.931937052451067984e+03
2.003851206585042519e+03
2.322944634848696751e+03
2.273943889619201400e+03
2.119623636369266023e+03
1.589727647841153839e+03
1.591811171253775456e+03
1.791468370377512883e+03
1.921456467975269106e+03
1.982682300949782984e+03
2.009684115345622558e+03
1.991294699399446699e+03
1.957985994738086220e+03
1.999148046235865650e+03
1.960576232310278556e+03
1.928313162708522214e+03
1.973744370293176416e+03
2.275994897488683364e+03
1.974747738341528020e+03
1.727753473410042261e+03
1.809224495168070007e+03
2.193096999342280014e+03
2.180750278908959899e+03
1.663365016272064395e+03
1.805965703039626760e+03
2.207793173760103855e+03
2.227269922187679640e+03
1.658706649684625972e+03
1.801930012194861774e+03
2.259511969830393355e+03
2.115319203066218051e+03
1.690110068865610174e+03
1.773039305512281999e+03
2.404317951017523683e+03
2.024226906132830209e+03
1.642583170975335861e+03
1.844254749315733989e+03
2.261716580500856708e+03
2.251365535296333746e+03
1.525356700095330325e+03
1.854219022310585387e+03
2.202139236071623600e+03
2.103267937889000677e+03
1.689608949884720232e+03
2.136942179235885305e+03
2.063276578818561575e+03
1.775365698011100903e+03
1.841511141782308414e+03
2.378800924067502820e+03
1.709557606784517020e+03
1.759849475577594831e+03
1.905508787527111508e+03
2.388339263331650727e+03
1.712804322593390680e+03
1.885520925483164547e+03
1.884905221419775216e+03
2.370053251285194619e+03
1.693380585622904164e+03
1.819959212679957545e+03
2.313088640145196678e+03
1.952174030708048804e+03
1.646693970725019426e+03
1.826363443771161656e+03
1.916682931420971954e+03
2.422009268007723222e+03
1.714814909107047697e+03
1.712267814477356069e+03
1.948390810724997891e+03
2.386218914135773957e+03
1.749247717105934726e+03
1.773613381562762470e+03
1.885144150467418285e+03
2.202363921116479560e+03
2.189803993739095858e+03
1.639271408368852008e+03
1.873205795388268371e+03
1.989322288207217753e+03
2.428842804756666283e+03
1.728051310922736093e+03
1.727490432915313932e+03
1.846877982523151786e+03
2.308574791729872686e+03
2.169583193975230643e+03
1.537832651720589638e+03
1.863763422088787365e+03
2.048574136119783816e+03
2.360840992502807239e+03
2.227487352427887345e+03
1.628840728010253770e+03
1.609628307948327347e+03
1.773230861959770209e+03
1.990873708776523017e+03
1.944361075206354826e+03
2.042209673528034045e+03
2.260417187349583401e+03
1.784103369178711546e+03
1.827871286611223923e+03
1.938335224998870672e+03
1.961773446006383665e+03
1.987433251371082861e+03
2.118086443793124090e+03
2.287491589007622224e+03
1.617996263740045833e+03
1.821242967225710345e+03
1.971161307227065208e+03
2.382044929785185559e+03
1.754597636922687116e+03
1.704544617375850521e+03
1.882547968720440167e+03
2.209130056033542587e+03
2.073247888722475182e+03
1.673644981458274060e+03
1.913477831928330261e+03
2.281335564414036526e+03
1.981797893817972636e+03
1.719858517767132980e+03
1.903586181405647039e+03
2.195165020551318776e+03
2.272039665254609645e+03
1.564415482305952310e+03
1.843044473131893255e+03
2.043851256421603694e+03
2.270247654103821333e+03
1.635521490453666502e+03
1.763008058830601385e+03
1.934459392924366057e+03
2.367538010533632132e+03
1.682082040642308584e+03
1.863695738959140272e+03
1.964722404857589027e+03
2.396279687797641600e+03
1.711570889101306875e+03
1.782673836253138461e+03
2.266241422535460970e+03
1.928459307663904383e+03
1.776936481270983450e+03
1.832121633001016789e+03
2.356990436272184979e+03
1.733662844055439336e+03
1.799160529888586325e+03
2.292242734846108760e+03
1.825766482268549453e+03
1.746663705299710273e+03
2.340374206811331078e+03
2.335250866821778345e+03
1.442487439230205837e+03
1.747849045008477788e+03
2.088218107531619353e+03
2.442855061835323795e+03
1.700813700208675755e+03
1.636088701472533103e+03
1.895114556239707554e+03
1.942943762593622068e+03
2.284817639944112216e+03
2.261751147846699496e+03
1.515237594985456781e+03
1.843497791228909819e+03
2.003569277110735356e+03
2.386596205759471559e+03
2.320896283850231612e+03
2.042551478448682474e+03
1.423203686850087706e+03
