3.474876174308778445e+03
2.615994386976579335e+03
3.954383424610817883e+02
1.151602726935208239e+03
1.557022349113837208e+03
2.394332626208625243e+03
2.951190299510393743e+03
1.132007829076027974e+03
1.310090284226574795e+03
1.498931821713508270e+03
2.375632621672097684e+03
1.906786513837462053e+03
9.801645823388020062e+02
2.139035561586711083e+03
2.906841445354451935e+03
9.241294535562835790e+02
1.228040501032795873e+03
2.190939775838312926e+03
2.725372479591703723e+03
7.956464467396558575e+02
1.190561453398807771e+03
2.645383515526419615e+03
2.108327874071716451e+03
9.918112649755810253e+02
1.514490410765447677e+03
2.820832137875042918e+03
9.633068704820103676e+02
1.302253639622869059e+03
2.823662387964730442e+03
1.303397330153483836e+03
9.939866119228771595e+02
2.249781490511644279e+03
2.647060630586809111e+03
9.746111519379516039e+02
1.166252990804556021e+03
2.520798868889048663e+03
2.287646415088960566e+03
5.695915018488151418e+02
2.855491302783369065e+03
1.160528330313043625e+03
1.858256527733703024e+03
2.952950546640097855e+03
8.015959948159911619e+02
1.692444770853478531e+03
2.763789730879665967e+03
7.763120093299887685e+02
1.718427223225187163e+03
2.400365853451331532e+03
7.886709618517323861e+02
2.237458765451028285e+03
2.414712113270604277e+03
1.070485412426136918e+03
1.397362448311543631e+03
2.758496025185935650e+03
1.347828714538667327e+03
1.015163972093105144e+03
1.349283199900375848e+03
1.789274708132427122e+03
1.447903177009526644e+03
3.192549373947692402e+03
1.732335771297421616e+03
8.015565745951594181e+02
2.097540793509337163e+03
2.961901221817972328e+03
7.825944533324878876e+02
9.896083829136861141e+02
3.055611161918154721e+03
1.282160224142456173e+03
6.136534050791703976e+02
3.109206180551768284e+03
2.046005749356032993e+03
6.272876959774098395e+02
1.542801943609086265e+03
3.036944502554280461e+03
1.059949501221273749e+03
7.912255717559497725e+02
2.176125307080985749e+03
2.866870193028085396e+03
4.588809290966504477e+02
2.216275651462086898e+03
2.695307882159745077e+03
7.746944301734603187e+02
2.611023339250956724e+03
1.911553012369766066e+03
8.976854094353859637e+02
2.248647664580097626e+03
2.362496976243095560e+03
8.070409322633331612e+02
1.526561493140172615e+03
2.894431768859082240e+03
9.848513347681323467e+02
1.071168168722952487e+03
2.856305508872127575e+03
1.811430830247980339e+03
1.007124660613515971e+03
1.935998117548193932e+03
2.791841596300293986e+03
9.950068023866998601e+02
8.581412206830074183e+02
3.264628143938738503e+03
9.812191251330416435e+02
1.029897364714702007e+03
2.972199525477975840e+03
1.753231206839232527e+03
6.688361095246700643e+02
2.443903696666789529e+03
2.436129891018876606e+03
9.200384182191374975e+02
1.289737674899710555e+03
3.041884356080950056e+03
9.690082907371704550e+02
1.045335270955895112e+03
2.923141922076867559e+03
1.561618587280736165e+03
1.017188212994594892e+03
2.408255811953572902e+03
2.208001261030896785e+03
5.335248170214896390e+02
2.327481360271159247e+03
3.576714939261584732e+03
1.455484423616105914e+03
4.800154421601648664e+02
5.363819870612182967e+02
1.767698915679037555e+03
1.710080329871635513e+03
2.035338621613698251e+03
3.059725035778388246e+03
1.167967266987195671e+03
1.124777739981374907e+03
1.082167603289482713e+03
3.109838297122783842e+03
3.538927566771866623e+03
1.223545700517644946e+03
3.361788653618953049e+02
7.879358792676974872e+02
1.648350245556702475e+03
3.712026584732540414e+03
2.046864379325759728e+03
6.601275804503151221e+02
1.073779457617912385e+03
1.588647738229743936e+03
3.012136518658234763e+03
2.328189817914226751e+03
9.929256847244454320e+02
1.263394972600574420e+03
2.074704214573258923e+03
2.652516531871966890e+03
1.013737255072276753e+03
9.948428451731809901e+02
2.629085943487456916e+03
2.186806677235341340e+03
8.150972494245206690e+02
1.216935139631973016e+03
2.787502509436070341e+03
2.523480777924893118e+03
9.714255320072591076e+02
9.946977949371940895e+02
2.558480739282844297e+03
2.597267833091288594e+03
8.319465719986870909e+02
9.475576231005543377e+02
2.035820869494207955e+03
2.927660164838391665e+03
1.218598903735866770e+03
9.168854664153685690e+02
2.617801156671066565e+03
1.720068561702618126e+03
9.503406460458187439e+02
2.546845020396363907e+03
1.910069483214145293e+03
1.130159989264635897e+03
1.934066020614627178e+03
2.580810027385445210e+03
9.847800316164783681e+02
1.295226771946924600e+03
2.838231217644704884e+03
1.448525251284746673e+03
1.017691911474272729e+03
2.191747846662486609e+03
2.155161195234913976e+03
9.367608493811050039e+02
2.256984058774438381e+03
2.663010440487892993e+03
9.061064815756892585e+02
1.096395698464829366e+03
3.042211079160143527e+03
1.277536527222303221e+03
8.165491798404494830e+02
2.908211292956871148e+03
1.752884104283669103e+03
6.855753984017410403e+02
2.757478387431774536e+03
1.994301076029207024e+03
7.032623799695379603e+02
2.664193493955555823e+03
1.769438448580023532e+03
9.237771617788774847e+02
1.446024580640498698e+03
3.057177579882018563e+03
1.305219071025615676e+03
8.175242184203617626e+02
2.653043876016640752e+03
2.162353722968065995e+03
6.928976401240212226e+02
1.552410895520451731e+03
1.050676218615477183e+03
3.277393460502901689e+03
3.314448546904802242e+03
9.586207286301921613e+02
6.309776123553745037e+02
9.571046190458669116e+02
2.166526139046760818e+03
3.359354398463301095e+03
9.482061384813346194e+02
9.731491334789737948e+02
1.283144475526598626e+03
3.085067838245933672e+03
2.363538158080394624e+03
7.050060534787420465e+02
1.111777381380436509e+03
2.257702289231019222e+03
3.335886397116893477e+03
8.960852758216411758e+02
9.205560750315498808e+02
8.948728080989660612e+02
3.202328737045941580e+03
1.952413703630026703e+03
1.072358964136877603e+03
1.683324408649040834e+03
2.888022613483654823e+03
1.091875354833604206e+03
1.076246409768941248e+03
2.783727203286846816e+03
1.684141169443044191e+03
1.178817873194030426e+03
1.708327700264572741e+03
2.435255924606779899e+03
1.080924762954150765e+03
1.177758454872809580e+03
2.563485385798928291e+03
2.454943130782784465e+03
9.601274451164960055e+02
8.844184561105513467e+02
2.445883417533952070e+03
2.784496257848963069e+03
9.067473090531738080e+02
1.409679907658799948e+03
2.982713096022413083e+03
9.355628531239688073e+02
1.218949185366104075e+03
2.856038456577599845e+03
1.473385180922802419e+03
1.075064577854825529e+03
2.200666556989443052e+03
2.225354827667814334e+03
1.034657702502789789e+03
1.149872297517794777e+03
2.942842574246607455e+03
1.299647646514159305e+03
9.752638147661682524e+02
2.499894741448856621e+03
2.278842353310518320e+03
1.060462769833231505e+03
1.087287703442283146e+03
2.870830156699380041e+03
1.958940305405344134e+03
5.222881090221247860e+02
1.520621113469151624e+03
1.875978891001376041e+03
1.330108536663598670e+03
3.750904195002014148e+03
2.776123081347734569e+03
1.083075704701205495e+03
7.205009391662691769e+02
6.643491244345777886e+02
9.805069545389444556e+02
3.264453348236175771e+03
2.961453362784664932e+03
8.334123201959391736e+02
6.460271049158343430e+02
1.448871666139429635e+03
3.791128372018525624e+03
2.556819079740401321e+03
4.814995877379109857e+02
