1.393792213931549441e+03
1.692851894671220407e+03
2.720855352736517943e+03
3.147158235058102946e+03
2.200286130488970684e+03
1.716094220452731406e+03
1.276387094942285103e+03
1.163676024791480131e+03
1.587703199519265809e+03
1.887541351545065027e+03
2.002062254587768621e+03
2.128774616819737730e+03
3.571361504109499947e+03
2.376971666932843618e+03
1.292825318258682046e+03
1.385020997224392659e+03
1.612371751879854401e+03
2.381690714342299998e+03
2.790317328116953377e+03
1.560732027967070053e+03
1.605179763778776305e+03
1.618254811687850633e+03
2.381931193300591531e+03
2.431982768720557033e+03
1.496150582549533510e+03
1.683363948109707280e+03
1.882482296090909585e+03
2.902657867970723146e+03
2.216538960013464020e+03
1.290081342702675784e+03
1.531726050442973474e+03
1.587401997758011703e+03
2.837945387026662502e+03
2.806998307991925685e+03
1.286061592631395797e+03
1.320540024318151836e+03
1.542762188139424097e+03
2.724293019194587487e+03
2.622456810542441417e+03
1.572218803733607501e+03
1.676136030757271783e+03
1.894359064249399125e+03
2.632007298697869373e+03
2.174847616226049468e+03
1.579397939417679936e+03
1.628003858784764816e+03
2.032698719891229757e+03
2.561272828716913409e+03
1.810471539959552956e+03
1.599796303777686489e+03
1.672477738260770820e+03
2.358520727198867007e+03
2.463852281475864402e+03
1.555563048720335246e+03
1.646186632451714104e+03
2.077160482995149778e+03
3.027791201862802154e+03
2.352779034486362889e+03
1.458622470438426035e+03
1.304006115536517200e+03
1.648664432378807533e+03
2.254063453028899858e+03
2.560072983733904948e+03
1.697265939010801958e+03
1.637066937586394488e+03
1.590164486009275834e+03
2.636648108897617476e+03
2.494697812405798231e+03
1.446873395001848849e+03
1.598658508878184875e+03
1.698385541984901010e+03
2.647450035108732664e+03
2.598248290900390202e+03
1.761090656164984694e+03
1.412311753456611086e+03
1.523811520272926600e+03
1.848598866379267747e+03
3.895425378151975110e+03
1.616247524053884945e+03
1.297765074406494477e+03
1.154517206252870892e+03
1.491212746447799873e+03
2.110497831270534334e+03
2.352239030028456455e+03
1.823479185545415021e+03
1.750176201402739025e+03
1.760300921610060186e+03
2.444000077299314398e+03
2.385253016514229785e+03
1.566545815905064046e+03
1.656035369807763800e+03
1.766571695188939657e+03
2.822182649414827665e+03
2.094538126257147724e+03
1.621073387632848380e+03
1.663369354903599742e+03
2.574734223739584195e+03
2.661279004887966494e+03
1.458940010583858566e+03
1.292933375797462986e+03
2.732166405924791889e+03
3.003840933239446258e+03
1.633364464586789381e+03
1.279889307275464034e+03
1.459180307584009142e+03
2.259149802505798107e+03
2.761142679472949567e+03
1.722561534340302842e+03
1.419945679094940715e+03
1.616256817487253102e+03
2.729304720364950754e+03
2.519967760280451330e+03
1.451115846215168858e+03
1.469433096865308016e+03
1.879862783993431549e+03
2.890467075749706964e+03
1.975132260129945280e+03
1.441366641917792549e+03
1.509038278760025150e+03
2.042542635527524226e+03
3.527619977308916987e+03
2.890282593964177977e+03
2.323410554596016937e+03
1.485121746430666917e+03
8.777100740590950636e+02
6.278472058738409487e+02
1.149161470821639796e+03
1.927165960820000691e+03
3.308672203697125042e+03
3.041162178150342697e+03
1.752317805079187565e+03
1.231982922359530221e+03
1.298538430623226986e+03
1.454659785924515063e+03
2.367368994321274386e+03
4.131551424375388706e+03
2.377229751995024344e+03
9.303093960317968367e+02
8.603924420917485349e+02
1.010256375510193607e+03
1.440319811593133409e+03
1.989141494232495006e+03
2.118433315720853443e+03
3.294397987896175891e+03
2.218436838805342632e+03
1.513824949188177470e+03
1.680555400575231033e+03
1.863621042839195752e+03
2.353627829809487594e+03
1.993023701302003929e+03
1.805832286715910186e+03
1.843545757115230572e+03
2.270070903211253608e+03
2.918392949111670532e+03
2.042938578812999594e+03
1.686796179096810647e+03
1.657846972603012546e+03
1.759783302238989563e+03
2.417639487472748897e+03
2.215839725934524267e+03
1.576851048782584030e+03
1.668751579329357583e+03
1.720541204038066553e+03
2.554444438169228761e+03
2.676027755877183608e+03
3.301445931644513621e+03
1.537232120886735856e+03
1.416632980160625948e+03
9.459444200287449576e+02
1.130916826804382936e+03
1.403422774800568050e+03
2.882773957629129654e+03
2.392969345974556745e+03
1.538533502664783555e+03
1.631632757190779103e+03
1.870507189915959316e+03
2.818928571323215237e+03
2.138227439701750882e+03
1.415561548873725087e+03
1.648094782382466974e+03
2.347783169542801716e+03
2.730987981177239817e+03
1.790322279702040760e+03
1.406224660073408131e+03
1.507655463384561926e+03
2.820528236453410955e+03
2.714172802664096707e+03
1.413623205793807983e+03
1.496862850579203041e+03
1.832714907212540993e+03
2.958713188373164940e+03
2.147235861044905505e+03
1.235076307748398676e+03
1.509473495799252305e+03
2.253390513728287260e+03
2.914621354082505604e+03
2.226836453627487117e+03
1.134774486448383641e+03
1.386594149325064109e+03
2.830928161811811151e+03
2.944268564047038126e+03
1.390553998177388166e+03
1.175691278035161076e+03
1.167821848442324381e+03
3.183058407472833096e+03
3.200718273190820582e+03
2.438929239486749793e+03
9.639511365314059503e+02
8.729699148457426645e+02
1.199289869712352584e+03
1.641795033486516786e+03
2.886770180404698749e+03
2.490317313922073026e+03
1.384560761438276131e+03
1.571907554134580778e+03
1.907369808739239261e+03
2.815992730646061318e+03
2.273390403871447234e+03
1.476511324330003845e+03
1.568695163496778378e+03
2.811988544479835127e+03
2.852905939432944251e+03
1.485205796137689049e+03
1.445481666712594233e+03
1.545553338339735319e+03
2.054280242739211644e+03
2.968658211761066013e+03
2.128131768476517664e+03
1.408140223743884462e+03
1.488466805068122994e+03
2.493996261613964180e+03
2.602507312785304748e+03
1.605482206371645361e+03
1.572214537288509064e+03
1.730961663880630340e+03
2.572296610507919922e+03
2.157188791481489716e+03
1.431343927190989234e+03
1.624272059579535380e+03
2.668543270640179799e+03
2.484694799267916551e+03
1.485023256379208533e+03
1.523477087218567704e+03
2.052396944277912098e+03
2.931063226914412553e+03
2.810787957090181862e+03
1.248798929666181493e+03
1.092408751565524881e+03
1.585990153722319747e+03
2.615291666117272143e+03
2.235887113222577227e+03
1.330462052484896731e+03
1.573013245188144992e+03
2.430306844895578251e+03
2.132637803277105832e+03
1.663812129218764767e+03
1.753083523752257179e+03
2.520178445772086889e+03
2.306002697153613553e+03
1.554620471304750481e+03
1.654935594971456794e+03
2.198777366028412871e+03
2.444158955187412175e+03
1.634516570533560071e+03
1.551413184217873095e+03
1.919403811625651997e+03
3.533455092732846879e+03
2.709425109398003769e+03
1.292931872885101257e+03
1.056005814487899897e+03
1.205239079329972128e+03
1.470316945919375485e+03
2.690866439375622122e+03
2.199483678823323771e+03
1.905697449290984650e+03
1.663674309133806901e+03
1.839159899615573067e+03
1.804665452454277784e+03
2.314679445783446226e+03
2.775503024383680895e+03
1.942643420354549789e+03
1.562996194820533447e+03
1.568256533965325161e+03
1.786675088906107021e+03
