1.577380615979086997e+03
1.728505435270762973e+03
1.884403579110122337e+03
2.007832512956148776e+03
2.523387606529489403e+03
2.776824807881420384e+03
1.824836841596363683e+03
1.678541436935457341e+03
1.759196808456873214e+03
1.861072722184490885e+03
1.928511379417559510e+03
1.985948931733289783e+03
2.528545981327005393e+03
2.423066710181146846e+03
1.780890805662770390e+03
1.933707541249187443e+03
2.141877582326424090e+03
2.269781953080914718e+03
1.693490875042166181e+03
1.700863998240342653e+03
1.810505308535923632e+03
2.193005365685841753e+03
2.143273524571087364e+03
1.880152298681807906e+03
1.899773340516836925e+03
1.953916820204941359e+03
2.374174189733969342e+03
2.290885113689265381e+03
1.776970732330543342e+03
1.811635146868409493e+03
1.883407020430395278e+03
2.475806976019549438e+03
2.335900073613558561e+03
1.663431575347060743e+03
1.738790713993744248e+03
2.114431956769255976e+03
2.658970184395940123e+03
2.003641568143364339e+03
1.549969316189022720e+03
1.653924446033101958e+03
1.806899306669020007e+03
1.918524875506623630e+03
2.017282988077074151e+03
2.000026258762511816e+03
2.034686919644685986e+03
2.074980596871608668e+03
2.056310959285360696e+03
2.067257823249116427e+03
2.085004586889270740e+03
2.054486023926303005e+03
2.039701271072020972e+03
2.029881978391698112e+03
2.079135347262008509e+03
2.047482692154125061e+03
2.024224426012967342e+03
2.540635685511651900e+03
2.820064346615001341e+03
2.405742125668717563e+03
1.375921958080349441e+03
1.340994865217047618e+03
1.586730008046706189e+03
2.225039448338094644e+03
2.699092513307416993e+03
1.651175709893477688e+03
1.548982184136876640e+03
2.253423979113853875e+03
2.159908573377356333e+03
1.916934143101463860e+03
1.710421144988666583e+03
1.731487347741407802e+03
1.855280901055169352e+03
2.332946543865163221e+03
2.683082678828760436e+03
1.827212171820138337e+03
1.707479610538715860e+03
1.765130953973812666e+03
1.983412015825774233e+03
2.747192508373034798e+03
2.177440834267781156e+03
1.634489122555881750e+03
1.639989170024642590e+03
1.757096148959673428e+03
2.040494320611729108e+03
2.069741691177448502e+03
1.955661406364192999e+03
2.061934512971545701e+03
2.195517714760842864e+03
1.952180933453474381e+03
1.948991561866862185e+03
2.355571923190745565e+03
2.392253408216165099e+03
1.740732145508508438e+03
1.742963976007741167e+03
1.841957215373681493e+03
2.325773014231398975e+03
2.436998826197615472e+03
1.730497080214884363e+03
1.667968958396498465e+03
2.114676312033258000e+03
2.959200920351563127e+03
1.924916484197281989e+03
1.363035363160308862e+03
1.555878023990988140e+03
2.307214603219911169e+03
2.354235110110786991e+03
1.685561212455732857e+03
1.661901203853905372e+03
1.981122791217754866e+03
2.649335018321923599e+03
1.891195115089702313e+03
1.681675759947153892e+03
1.878086452182572657e+03
2.561294598079825846e+03
1.896053796981119831e+03
1.726221146604388878e+03
2.092635522621652399e+03
2.316609624018516115e+03
1.736529354773610066e+03
1.772832565123225777e+03
2.272311139902913965e+03
2.983523765138862018e+03
1.933227712115734903e+03
1.409672124890453233e+03
1.514431114728623243e+03
1.764988285793854402e+03
2.485008205095044559e+03
3.026470018042880838e+03
2.139232225403419307e+03
1.316302594311694975e+03
1.403314392905258046e+03
1.686870963240104857e+03
2.103743125896663969e+03
2.745835436273105643e+03
2.225856086808775672e+03
1.632274506284577228e+03
1.605929637750920165e+03
1.730496859735840189e+03
1.940170958773185703e+03
2.666527052959830598e+03
2.296968788794518787e+03
1.678731236599273416e+03
1.631099353329199175e+03
1.856457765513500362e+03
2.229236408029769791e+03
1.891964064816822884e+03
1.873506963981791614e+03
2.143336375556980329e+03
2.602772351888744652e+03
1.921406989733291994e+03
1.744171806488971697e+03
1.794258800496715594e+03
2.247653145330182724e+03
2.571902565554556077e+03
1.775896321559380112e+03
1.672518313317500997e+03
2.148220028773780996e+03
2.738624407452625746e+03
1.745686642895921295e+03
1.559705228803507453e+03
2.103333079050287779e+03
2.915216645803956908e+03
3.106891979436974907e+03
1.331477605663323175e+03
1.137604186144004188e+03
1.354075235445797716e+03
2.156865956822657154e+03
1.989443709671956185e+03
1.698516607361249726e+03
1.876262786513567789e+03
2.598948235253550138e+03
1.844438657465977485e+03
1.825997124791279475e+03
2.282664149714953510e+03
1.896802260676400920e+03
1.833293127305584449e+03
1.916723186612017571e+03
2.604096133396888490e+03
2.034057582958641206e+03
1.758262165973437732e+03
1.889239305700710020e+03
2.603275202745015577e+03
2.021547988984527137e+03
2.575900503358358947e+03
1.882399486372036563e+03
1.521793178892999777e+03
1.674499830969367167e+03
2.441163520537498243e+03
1.932718543908263882e+03
1.647273465041244890e+03
1.651925322779592989e+03
2.000169788956944558e+03
2.663568301885832170e+03
1.784770043894558512e+03
1.687120230012328875e+03
1.961186410843216208e+03
2.872564701209626492e+03
1.872075264973496587e+03
1.584615079036859697e+03
1.717304983112583841e+03
2.169792142691578192e+03
2.266885138125695903e+03
1.744656977757642380e+03
1.840542371233501399e+03
2.374935389766735625e+03
2.675615555641854826e+03
1.628167382729874134e+03
1.655281195875873664e+03
1.800274632136147602e+03
2.246521062007375349e+03
2.812651467621190932e+03
1.823296412241219741e+03
1.568946430590147202e+03
1.734421616062020121e+03
2.239374849072441975e+03
2.528640153500070483e+03
1.723097214221957302e+03
1.709659345890707073e+03
1.859364128681254670e+03
2.556497667689132413e+03
2.932021552575111855e+03
1.689918293752682303e+03
1.483382316461201754e+03
1.630147652493005808e+03
1.866387197122698581e+03
2.495932202644537483e+03
1.820542766937920760e+03
1.795579135435811395e+03
2.039058500371045056e+03
2.605408999518690052e+03
1.823474773571139394e+03
1.734168323866074161e+03
1.993685176272697618e+03
2.087616780808697513e+03
1.929674838082789393e+03
1.913180799202774324e+03
2.177639257791170621e+03
2.453297239156765954e+03
1.807622459997561918e+03
1.758207070177212472e+03
1.975962295509761134e+03
2.618154469582161255e+03
1.834668244846694051e+03
1.697189056100875632e+03
2.095584532685714294e+03
2.730812987114689349e+03
1.685181009767579781e+03
1.678572427115963137e+03
2.637933791663425382e+03
2.294430263777518121e+03
1.434042736059084746e+03
1.536165063362744604e+03
2.303647873865585552e+03
1.723066297714544135e+03
1.824016131293121816e+03
2.514520506098493570e+03
1.825873137714167115e+03
1.737835905804434105e+03
2.294579401390247767e+03
1.879181339919313132e+03
1.791794814432346811e+03
2.344319754569147790e+03
2.538064387543332487e+03
1.688031664279038978e+03
1.652858207282094327e+03
2.257432158597408943e+03
1.979057760290909073e+03
1.842435837569805244e+03
2.677634734192304222e+03
3.223061733872982586e+03
3.527220667243531352e+03
1.118471714098651091e+03
8.169134189054959734e+02
9.935633465698938380e+02
1.243885800225419189e+03
1.529550484482297861e+03
1.803469024130595926e+03
2.001430937051588444e+03
2.585018977895902935e+03
2.362424053429240303e+03
1.872546426881799334e+03
1.844906112164725755e+03
1.922250490686468311e+03
2.193283931454778667e+03
2.651688894757615799e+03
