1.735642123447219547e+03
2.380919821733689787e+03
2.766266336259642685e+03
2.535811008526893147e+03
1.816878862420545374e+03
1.546297088907601392e+03
1.620293212257598725e+03
1.845049838123504060e+03
1.779347277538456865e+03
1.564130853819259073e+03
1.723854870977703285e+03
2.035440342758693305e+03
2.887911867124422315e+03
2.016502605817323911e+03
1.572835129638804119e+03
1.657705954069972222e+03
1.950332077465994871e+03
2.097242469171946141e+03
2.144495110591236880e+03
2.031256841382668881e+03
2.132853572303726196e+03
1.969220550366332645e+03
3.050900373067296186e+03
1.691675574455133074e+03
1.517621298404733125e+03
1.774834619997815253e+03
1.997830679612546874e+03
2.039574618310981123e+03
1.973656003237330879e+03
2.081169914322710156e+03
2.708407901212983688e+03
2.509724070065374235e+03
1.253281022825990931e+03
1.498588554860736394e+03
1.882674447558973270e+03
2.043252959976843385e+03
2.005318719853106586e+03
2.779690872942535862e+03
1.881934637185617021e+03
1.421091782541737985e+03
1.904878585536488345e+03
1.894069951355002559e+03
2.086250284173819637e+03
1.936109703458478180e+03
2.115180925748122263e+03
1.977480217135807834e+03
2.677826334665847753e+03
2.426253654014692074e+03
1.323507785297633518e+03
1.704518014157138168e+03
1.817175954379400764e+03
2.029329486189677255e+03
1.932996916900756105e+03
2.798927129996461645e+03
2.070457807547477387e+03
1.434342521727463691e+03
1.629089207112393751e+03
2.506499421901288770e+03
2.670533367226546943e+03
1.497000166049829431e+03
1.379359950396450813e+03
1.721733784345223512e+03
1.988689557160493450e+03
2.523061099059823391e+03
2.809968309153959126e+03
1.468775642643407309e+03
1.448313763352726482e+03
1.780715669039975865e+03
2.078823583344415056e+03
2.803795364206070644e+03
2.102376642576007271e+03
1.378569903398797351e+03
1.571484167040251350e+03
1.955196097181282994e+03
2.627410653286391607e+03
2.620327294671902564e+03
1.424993170830962754e+03
1.527202745004892677e+03
1.796914391280745349e+03
2.775875232960962421e+03
2.501794639109812124e+03
1.164759622074218214e+03
1.677549910389133174e+03
1.843261569195869697e+03
2.725417659183622163e+03
3.018688883524841003e+03
1.560553413383350517e+03
1.108604934723804490e+03
1.772219807452574742e+03
1.988018682087648585e+03
3.116793986972492803e+03
1.954218922784843471e+03
1.313532803792093091e+03
1.754498855020583733e+03
1.803674734846967795e+03
2.003113131829921485e+03
2.481259059068445822e+03
2.754826283347981644e+03
1.496408826229391025e+03
1.413615122747306941e+03
1.800472246422776379e+03
2.746377747181410996e+03
2.295637074189068699e+03
1.342464767563507849e+03
1.813988219125592195e+03
1.835764231248540000e+03
2.766920733670908703e+03
2.291233327657848804e+03
1.438244199684474779e+03
1.760380629562956074e+03
1.971825146950236103e+03
2.116181459059090685e+03
2.699856174596286564e+03
1.767052309693838879e+03
1.437300214365087868e+03
1.784245726941570410e+03
1.861117817777563005e+03
2.671746995905403310e+03
2.281873075365583190e+03
1.459738351638818358e+03
1.694591712884409844e+03
2.429973169359207532e+03
2.445508984499612779e+03
1.476823388405769037e+03
1.963684019269132705e+03
1.842014668069774643e+03
1.787137079363602197e+03
2.574395522319722204e+03
2.794941342726563562e+03
1.622893745530116121e+03
1.353232347156661035e+03
1.634824393710634013e+03
2.294717553607883929e+03
2.801071548452792285e+03
1.991372482975732737e+03
1.222636013689947276e+03
1.648217480590743207e+03
1.950575338283814290e+03
2.671133121084238610e+03
2.325466212021086903e+03
1.297502426638316138e+03
1.727368722023420787e+03
1.873800324029958574e+03
2.889949432137237636e+03
2.201141898641657008e+03
1.386958358460354248e+03
1.807324907363756438e+03
2.566849485367716170e+03
2.299335127184853263e+03
1.700615775914078995e+03
1.917847228229639313e+03
1.871306880542215595e+03
1.922695644339219143e+03
1.721074442151635822e+03
1.744209182486086547e+03
1.941718888349028475e+03
2.406054752356814333e+03
2.742268029433049833e+03
1.441463509311006874e+03
1.579749394794170030e+03
1.778923225377786139e+03
2.688437301247478899e+03
2.708124400045432139e+03
1.466230620395152755e+03
1.336454605251204839e+03
1.662319374527387708e+03
2.093017354772943236e+03
2.874319365872778690e+03
2.016877607163758285e+03
1.426162578125812615e+03
1.738101171893302308e+03
2.051468587879932784e+03
2.792912635893595052e+03
1.862170123730295018e+03
1.445631679803639145e+03
1.827401829910558035e+03
2.057581602528661733e+03
2.835643202426777407e+03
1.990429194660417579e+03
1.401094346849437898e+03
1.744108865516022661e+03
1.792513214580101476e+03
2.631542059411068294e+03
2.764117811082106982e+03
1.511057653583158526e+03
1.365020453741050915e+03
1.695357027426506875e+03
2.242347474308387973e+03
2.769701959693431945e+03
1.725986481068545572e+03
1.452691752215433326e+03
1.833910570217149370e+03
2.287070570603659689e+03
2.731104272082917760e+03
1.616758248800582351e+03
1.396834765318961217e+03
1.785909176804053914e+03
2.152471645646972320e+03
2.951256828206088358e+03
1.909649903227063987e+03
1.493494572996057514e+03
1.820977522949385502e+03
1.817053100292823501e+03
3.290010565861258328e+03
2.037690737130562866e+03
1.207481102222203390e+03
1.327739945469887061e+03
1.705358367550149524e+03
2.236416079084072862e+03
2.912529073868300202e+03
1.827282465518869003e+03
1.425396010639964743e+03
1.692013563299478392e+03
1.983708965628324222e+03
2.188111836460245740e+03
2.691964417621270513e+03
1.889319801001430733e+03
1.519324847661014473e+03
1.810239214989511993e+03
1.784768040470809183e+03
2.196563682895856800e+03
2.685110625748225630e+03
2.153772099165323198e+03
1.372312148522443749e+03
1.742672382676071720e+03
1.922206463981244724e+03
2.017774834113384941e+03
2.674240791684557735e+03
2.505592678413560861e+03
1.489974734029901128e+03
1.544357165048472780e+03
1.930825588406757561e+03
2.145345310432432143e+03
2.836603830591841870e+03
1.817000800531052391e+03
1.479965726382000867e+03
1.766977248770859205e+03
1.889975128686239259e+03
2.520442662405299870e+03
2.644998425175010652e+03
1.538650165858894525e+03
1.421482478103981521e+03
1.777761299148789703e+03
2.369119075426433028e+03
2.764585664857647771e+03
1.715705353607441111e+03
1.317872945976174833e+03
1.643910922638402781e+03
2.676051725138303937e+03
2.532917158815868788e+03
1.460563472481000645e+03
1.545264349591919881e+03
1.908987081511710358e+03
2.637483461140353484e+03
2.555166542335812665e+03
1.511571749706824903e+03
1.467329651580075733e+03
1.831043133397127349e+03
2.238509215086460699e+03
2.725808195102056743e+03
1.734322617439413762e+03
1.582248600535614969e+03
1.719850692198863271e+03
1.988115320148122464e+03
2.633085506534229353e+03
2.491243000971210677e+03
1.317281110532934235e+03
1.582770651371313306e+03
2.024113982372306964e+03
2.771873652013079209e+03
2.062407015960836361e+03
1.349577307297967536e+03
1.783064091000647295e+03
2.188019002426737188e+03
2.762467174809789867e+03
1.985503546599546326e+03
1.392766820343514837e+03
1.511824497437714172e+03
2.002409044316071459e+03
2.619662890923795658e+03
2.275385391887780770e+03
1.419404697492799869e+03
1.777275388754871074e+03
1.861199470228621522e+03
