1.502459174251681134e+03
1.863693234310462003e+03
2.833595183980168258e+03
1.738893303317238860e+03
1.505741170795265361e+03
1.688691155990608650e+03
2.854051377274442530e+03
1.950165431700327872e+03
1.482496220392090208e+03
1.564704873223176492e+03
2.647804228060589139e+03
2.287232392762221025e+03
1.559467673198121247e+03
1.622305942295460909e+03
1.669358419283599233e+03
2.705157871194528525e+03
2.138538412132908434e+03
1.482526578259426287e+03
1.627158179899507786e+03
1.820872711285136575e+03
2.640118180497491721e+03
1.836237817630871405e+03
1.629036617740709517e+03
2.244253267463338943e+03
2.271527812198518859e+03
1.616063176388792044e+03
1.628134492355116890e+03
1.921651657433521905e+03
2.564323588431301232e+03
1.710754407538627447e+03
1.720169685742979709e+03
1.711093752506465080e+03
2.610000742397949125e+03
2.200049395964522319e+03
1.559580836146605179e+03
1.567656908391506477e+03
2.128834219378185026e+03
3.192584584826075570e+03
1.499004105751470433e+03
1.367914670438160101e+03
1.686549032574310786e+03
2.444121028699120870e+03
1.556254521770806832e+03
1.625836782811789135e+03
2.698037127734216483e+03
1.761499425484347967e+03
1.521673990485350487e+03
2.284251414662091975e+03
2.090632405050857869e+03
1.580123600604003741e+03
1.835167767982033183e+03
2.595169527449321777e+03
1.589302787145835055e+03
1.564005032224331671e+03
2.654473111077822978e+03
2.176724142467311140e+03
1.433071385077025298e+03
1.540348315896659869e+03
2.762652473481100969e+03
2.211984595481342240e+03
1.445043597398906513e+03
1.472084219329036614e+03
1.706466335489668154e+03
2.969552605409857733e+03
1.734427399954258590e+03
1.559466711301371333e+03
1.715292448819739548e+03
2.507462532794846538e+03
1.624635137613922325e+03
1.622948128399287725e+03
2.710071513323050567e+03
1.633190485163731182e+03
1.633620736815349801e+03
2.293130615014275008e+03
2.320555060509986106e+03
1.571807305660415295e+03
1.652719963112658434e+03
2.236916531754334301e+03
2.899418241928156476e+03
1.473754302343016434e+03
1.324904153275529552e+03
2.429476980830890625e+03
1.514514672864771455e+03
2.261190524394820386e+03
1.701776103992617891e+03
1.658320527338632701e+03
2.693132012802469944e+03
1.636793061473727221e+03
1.678676597267997977e+03
2.586255922060829562e+03
1.957599525151245871e+03
1.638548039012807521e+03
2.080309705071883855e+03
2.806487138773006791e+03
1.509462283342147657e+03
1.472493487138030559e+03
2.450083450185267793e+03
2.184700195380453351e+03
1.380008863239245329e+03
1.667013545436197546e+03
2.896468913159980275e+03
1.835069685425315129e+03
1.795287725269568682e+03
1.428392096958991033e+03
1.460282598515566178e+03
2.491511632253292191e+03
2.561930319479152786e+03
1.538479577590293729e+03
1.477804645876586164e+03
1.554916758104415749e+03
2.399984833785912087e+03
2.637281955199950062e+03
1.605427768046720303e+03
1.441293335941755004e+03
1.694149091906359445e+03
2.809909882435529198e+03
1.940816600661103394e+03
1.528948776537202093e+03
1.601009748908425081e+03
2.080452649194357946e+03
3.171349053654222189e+03
1.599763123383404263e+03
1.441364700182193019e+03
1.508793499137913614e+03
1.746076865256644169e+03
1.902179715324992230e+03
1.820054843899813477e+03
3.179422822751329477e+03
2.428368459621099191e+03
1.237062895634999450e+03
1.379158879513540342e+03
3.272608129867474872e+03
4.072096886977335998e+03
3.127374243723171276e+03
-1.772045041005901211e+01
5.073914476359099091e+00
2.810184141847266659e+01
1.019803214182631791e+03
1.737497631270650118e+03
3.149771465854664257e+03
1.835368056388493869e+03
1.748277449574405409e+03
1.848033266472658397e+03
1.930223657570107889e+03
2.272173165528821755e+03
1.938195217249759025e+03
1.902899832572011064e+03
2.159736226011398685e+03
1.931369520241459895e+03
1.941517488267433691e+03
2.020708875860068929e+03
2.269850020022317949e+03
1.916634989218144483e+03
1.928727818120469919e+03
2.121966134940499614e+03
1.882624968000268154e+03
1.917523421006902709e+03
2.782699837670293164e+03
2.479469835101102944e+03
1.507248882740973386e+03
1.533273940380208614e+03
2.467111765759224454e+03
3.722808903303484385e+03
2.096500506768472860e+03
5.208942618263245095e+02
9.897320923033732925e+02
2.161230411397338685e+03
2.222756963024564811e+03
1.396255159107783811e+03
1.552584071924326054e+03
2.698912420164723244e+03
1.746098765923871269e+03
1.484871670148545036e+03
2.124898057314708694e+03
2.521280394717972740e+03
1.592035799866186835e+03
1.635527338639951040e+03
2.607655292221302716e+03
1.647907073853677502e+03
1.539684536556532294e+03
2.512609073506000186e+03
1.983435911635462617e+03
1.520334406437633788e+03
1.686184623754609902e+03
2.896785156345284577e+03
1.820722759787639916e+03
1.546860165135127090e+03
1.634043115040653674e+03
2.271813576354938959e+03
2.586839403094021691e+03
1.501039382732584954e+03
1.565686098293058649e+03
2.092080247499543930e+03
2.551859037345298020e+03
1.635159060540404653e+03
1.587253617455031872e+03
2.003618265557296354e+03
2.848072251302652148e+03
1.641086124149945363e+03
1.476294936687617110e+03
1.623788010508180150e+03
2.493092019623078613e+03
2.148320724405770306e+03
1.506188685366788150e+03
1.613244012623800472e+03
2.771949615841178002e+03
3.360235146895348407e+03
1.364258790230962859e+03
1.172156589270013455e+03
1.489206935224725157e+03
1.771537461866151943e+03
1.676053254850604844e+03
1.994636688822689621e+03
3.989188767714664664e+03
4.145169093205448007e+03
9.068245399897124344e+02
-1.887441218232003592e+01
4.761945723007848983e+02
1.085360849891766065e+03
1.430516452638288456e+03
1.728342851728357118e+03
2.176447976405255758e+03
2.642384996399816373e+03
1.813782629969601430e+03
1.845497952237910113e+03
1.870025825254655501e+03
2.111050722201441658e+03
2.340872576203599692e+03
1.853357382950636520e+03
1.837376215430189404e+03
1.874263996326196320e+03
1.962394688578130399e+03
1.939195906699080979e+03
2.005214952528967160e+03
1.993922656206913416e+03
1.938299446535888592e+03
1.967452209445949165e+03
2.443236412787121481e+03
2.921919584730079350e+03
1.519315270554044673e+03
1.573417568810022203e+03
1.971076613851831553e+03
2.945692651090092568e+03
1.750261055265444156e+03
1.382483776517146225e+03
1.576394826939914992e+03
2.998072962679313605e+03
2.307620674642821996e+03
1.050453128927121952e+03
1.420845251979886825e+03
2.822526127964524676e+03
1.598218093812557754e+03
1.433603553643147734e+03
1.967156682976919228e+03
2.747682764969310938e+03
1.453895360301959954e+03
1.464706031654838398e+03
2.410132622867096416e+03
2.003284803956821634e+03
1.514638079559274274e+03
2.122528554711904690e+03
2.224956956564616121e+03
1.499574917565516216e+03
1.754698287876720997e+03
2.910547778006691260e+03
1.616025146242637220e+03
1.461948861795835455e+03
1.755827433519536044e+03
2.881383231075797539e+03
1.802496439752529341e+03
1.473113654631773670e+03
1.600714644849086199e+03
2.479504621909493380e+03
2.566683952890441105e+03
1.510193971679125752e+03
1.535767314582517656e+03
1.670571568006432017e+03
2.822537939725730212e+03
2.053411808633485180e+03
1.367595337596449554e+03
1.554772495579252109e+03
2.226625470648472856e+03
2.609654725024138770e+03
1.542363042164668286e+03
