8.024281532032160840e+02
1.042373846310834324e+03
2.204180469582289788e+03
3.542793048822082710e+03
8.246112366340213384e+02
8.878546997042445810e+02
2.416085975442800645e+03
2.839516246518253865e+03
6.534974483814336281e+02
1.186157645621381789e+03
3.067503621308278980e+03
2.851228508883236373e+03
5.442416058795339495e+02
9.072343125024954134e+02
2.316069928841229739e+03
3.437140084481640315e+03
1.177396650510618656e+03
8.833050695394159675e+02
2.710139469008168362e+03
2.578751433428206838e+03
7.118298041148046877e+02
1.748423722712679364e+03
3.007319648385207984e+03
8.475786806507808251e+02
1.095059331865427112e+03
3.169283706929825712e+03
1.799667860343300163e+03
8.202106441997198090e+02
2.421486966155369373e+03
2.691248473537836162e+03
7.726232139338341085e+02
1.397835605365457241e+03
3.263897683006814077e+03
1.225630375750304893e+03
1.148057970749299102e+03
1.896876947850280203e+03
3.319978911614677600e+03
1.320545330895838106e+03
6.998698473192586107e+02
2.189986892040073599e+03
2.643905098071445991e+03
9.938065251116569243e+02
1.454128325975585312e+03
3.185665454419363869e+03
1.378917912372335877e+03
1.030285458331401742e+03
2.540128036924051230e+03
2.470946297819513802e+03
7.598299973188816239e+02
1.642103753883656964e+03
3.214397795491424404e+03
1.169153478964524993e+03
8.821321583553744858e+02
3.053016113252913783e+03
2.000194588593844855e+03
9.609298538456456527e+02
1.579369864722151306e+03
3.276278057483734301e+03
1.207787047755894946e+03
8.399850356524777908e+02
1.609387949992561516e+03
3.204406773368564700e+03
2.044668810295295543e+03
6.664906029053842076e+02
1.297733254352993754e+03
3.317198512991264579e+03
1.448882090986151297e+03
8.367438167956244115e+02
2.480411132571457074e+03
2.795699971070996526e+03
1.014300837873559658e+03
1.276757430663706600e+03
3.212691449337611175e+03
1.441808132635454967e+03
7.270549687416381630e+02
2.950671028661377477e+03
1.982775453115110622e+03
6.826436498056166329e+02
2.535476212107574156e+03
2.952583454245440862e+03
5.511708266126697708e+02
1.183218926787046939e+03
3.372280593257861256e+03
1.221327861092301646e+03
7.404213514937355285e+02
2.866962780816304530e+03
2.108371177242349404e+03
7.805856118801700632e+02
2.457150356777619891e+03
2.584123424301350042e+03
8.597161852191371736e+02
1.499279441069977338e+03
3.310920608614823777e+03
1.157361280920187937e+03
8.034571791901022380e+02
2.974997123252584970e+03
2.417545518275587256e+03
7.289430666106954959e+02
1.370972472901977198e+03
3.597167364506070498e+03
9.930096586739465465e+02
7.124449941572664784e+02
3.085079690293463500e+03
1.676347642877028420e+03
8.984202732797436965e+02
2.966129580631642511e+03
1.978956911073938954e+03
1.049419862996814572e+03
1.537873135179493147e+03
3.112026414689649300e+03
1.189295237054981726e+03
9.488376730080752850e+02
2.794054035622465562e+03
2.304178856076805459e+03
7.328077284414275709e+02
2.004551501041799156e+03
3.083158354059723024e+03
9.534857812848933918e+02
1.075954002713956697e+03
3.232994985155743962e+03
2.370837600998909238e+03
4.554637113053528310e+02
1.515759627653376810e+03
3.409417773700970429e+03
1.336499134377653263e+03
4.185484917290102089e+02
2.736518729872561380e+03
3.178855819267470906e+03
6.637491401096251593e+02
9.831427934593573355e+02
3.498645263268339477e+03
1.638559717430529417e+03
4.779144213660193827e+02
3.056453727176621214e+03
2.262419096202309447e+03
4.480215339449450198e+02
2.454622757740205543e+03
3.100886093030682332e+03
8.231526132374630151e+02
6.858513279924338804e+02
2.959774006597147036e+03
3.260724487844918713e+03
7.121577563116821921e+02
8.238934766184479486e+02
1.873687832999411512e+03
1.829811310060099458e+03
1.954955901747633334e+03
3.610168319032905856e+03
1.110312964459536943e+03
7.360899722174574435e+02
2.972171026992650241e+03
2.615343856088779376e+03
8.822339643668597091e+02
1.230489881530762887e+03
3.294287821636645731e+03
1.002159614122397329e+03
7.299843736909023164e+02
3.326267133473920239e+03
1.853932096391011783e+03
7.146619137767628445e+02
1.493846246881779052e+03
3.632221789695251118e+03
1.244200556306544968e+03
7.479983900728697108e+02
3.010002667693192507e+03
2.078368704109482678e+03
5.681226055354437676e+02
2.390064725462737897e+03
3.186002343370326344e+03
7.955498045300438434e+02
1.206595868465282592e+03
3.413256263816330829e+03
1.084286839137708512e+03
7.209360402267948302e+02
3.184100308175155078e+03
1.881977141046842917e+03
5.159584015024126984e+02
2.100327047234084603e+03
3.250746391739526189e+03
8.038103109974292693e+02
1.143154908642605960e+03
3.279888736672664891e+03
1.038472873751290081e+03
1.094698556160936960e+03
3.554555540322079651e+03
1.202010378027747265e+03
8.715389366542891594e+02
2.076387576058809827e+03
3.253513739100654675e+03
1.052454656046153787e+03
1.287353175626535631e+03
3.250758222353180372e+03
1.370560568230293711e+03
8.811589188960502952e+02
2.639069412873175224e+03
2.697136634688616141e+03
6.903379871899138607e+02
1.284959567455935712e+03
3.248998127070591636e+03
1.396767157568321409e+03
7.332336305551899613e+02
2.680925146594006947e+03
2.373641919820974636e+03
8.586774896186799424e+02
1.446978813383699617e+03
3.287432085135961188e+03
1.432412864648521918e+03
6.607147533090662819e+02
2.146948090269313070e+03
3.250131200854034432e+03
9.082159233787087942e+02
9.829515543690125696e+02
3.164055355531605983e+03
1.875473014910182656e+03
7.028649102500678509e+02
2.129608504829815047e+03
3.181851944330115202e+03
7.194008053046629811e+02
8.533812327504433597e+02
2.364158380369051883e+03
3.342719177570791999e+03
9.705005004174133774e+02
1.000976106489882000e+03
1.771993563484667675e+03
3.397834299412429573e+03
1.891529589085585258e+03
8.165968081340433855e+02
1.457029980838069832e+03
3.220321840586530470e+03
1.247315314317480670e+03
9.401903908287803233e+02
2.750031239897812156e+03
2.372967309165416282e+03
6.974491239481017146e+02
2.209934486294951512e+03
2.716929047084525791e+03
7.307241850184810801e+02
1.768621603642389573e+03
3.174009652931760684e+03
9.191246220835631675e+02
1.277433561953471553e+03
3.200902010553619220e+03
1.545891399992550760e+03
7.301272922211946934e+02
1.826169472528196138e+03
3.401520069788464752e+03
1.134972793547642596e+03
5.711920793644139849e+02
2.899673006188822001e+03
2.251906688134211890e+03
6.047490385316392576e+02
2.405386436340516866e+03
2.901216340715379829e+03
7.260546673829423980e+02
1.341200928572176508e+03
3.412435961749965372e+03
1.205164580434582376e+03
6.884064307916760299e+02
2.207223537168013536e+03
3.391982509287785433e+03
9.723837682164950138e+02
1.029574809077915006e+03
2.204626683161656274e+03
3.262628732752492397e+03
1.033909493436495040e+03
8.088950897407734146e+02
2.682879411260044890e+03
2.894519467712152618e+03
8.676453343247490011e+02
1.161768360193128046e+03
3.295560555539979759e+03
1.839906471053632231e+03
7.554204256577648948e+02
1.383999252590417427e+03
3.372081521128197892e+03
2.074285021876334213e+03
6.772709689550580379e+02
8.818858154341866111e+02
2.734320724045874158e+03
2.852922135782847818e+03
7.629484896649033772e+02
1.204360513297778880e+03
3.493492455125804099e+03
9.389485569240748646e+02
