3.763331049639135017e+03
2.591333516433881414e+03
1.466493655730904266e+03
1.293134509972830756e+03
2.280819712653516490e+03
3.421825228521858662e+03
2.311041247095814015e+03
1.068540927002442231e+03
9.039722026436426177e+02
1.394289649309031347e+03
2.830637636238011510e+03
2.881936088873191693e+03
1.505412298644142993e+03
1.069886205183077664e+03
1.273212962138362627e+03
2.749869442597910620e+03
3.460002358948244819e+03
1.937223932920551988e+03
1.354228299359229140e+03
2.103155355468591551e+03
3.289573486722865255e+03
2.250464190146088640e+03
1.133649832703009452e+03
1.101940531381606888e+03
2.502018808003969752e+03
3.360832956421823383e+03
1.754613073253549373e+03
1.447095143032083342e+03
2.880847408884481865e+03
2.229392769584421785e+03
7.351393462223082906e+02
1.423293318396241148e+03
3.093279872321490984e+03
2.439985947144651618e+03
1.113061138712780348e+03
7.947882140885234321e+02
2.458462349782119418e+03
3.378538545336025436e+03
2.005603663768891010e+03
2.669917953726674114e+03
2.918801535500827413e+03
1.555658367610064488e+03
2.170310154479238463e+03
2.857274241490488748e+03
1.599374742222423265e+03
8.031436248446125319e+02
1.226359736252149105e+03
2.819821469345352398e+03
3.130113105367718617e+03
1.598739079332764504e+03
1.597092990949920704e+03
2.818978618805218957e+03
2.018596663789410059e+03
7.434004310322877700e+02
8.267672718570328243e+02
2.224300313106102749e+03
3.404397031234270344e+03
2.116920503194215598e+03
1.164372898197306768e+03
1.121656250650654783e+03
3.069331205488947489e+03
3.510687157730316358e+03
1.922774732864449561e+03
1.081224642743924051e+03
1.319462852563855222e+03
3.236654409369629320e+03
3.222803566697347833e+03
1.486274664862440659e+03
9.225316133809031953e+02
2.283515217196790218e+03
3.607755544400919007e+03
2.010980873253757636e+03
9.838694704434650475e+02
9.724727017382782606e+02
2.800721136842455053e+03
3.028189281855648915e+03
1.548268560712604994e+03
1.400044820635838732e+03
1.259648719174464077e+03
4.048293754355694318e+02
1.197405104094573971e+03
3.666436756899259308e+03
3.540172760068425305e+03
1.241663855207040342e+03
2.267588035673377817e+03
3.719559163831104797e+03
1.884662808924869978e+03
8.189361795675270059e+02
1.686189035979317623e+03
3.545869712390230234e+03
2.749123995463625306e+03
9.930633450992103235e+02
1.314969895402950215e+03
2.825312023658781982e+03
2.427948353117960323e+03
1.109579023073897815e+03
1.416115142646145841e+03
1.429756787526661583e+03
1.621688286838056683e+03
3.327227274227658654e+03
2.918721862892186437e+03
1.226496988389654689e+03
1.285364239357071256e+03
2.082968297386864833e+03
3.232014811029998327e+03
2.415476126164670859e+03
1.243218760068744587e+03
6.012165013351641392e+02
2.506729294971303716e+03
3.368537989746525000e+03
1.902911869739230269e+03
1.793008000764801864e+03
2.989009898770899781e+03
2.845936082060840363e+03
1.161586813547421571e+03
2.194846880510384381e+03
2.888069091599956209e+03
1.430190289851695752e+03
8.452049483031687487e+02
9.320110457128321286e+02
2.692860231095742165e+03
3.509378129821839138e+03
1.410377116618128866e+03
8.122909123079459732e+02
1.216060726951004426e+03
2.842179920894217958e+03
3.978842439998860300e+03
2.318056137721223422e+03
1.072092477145668681e+03
9.854906801746431029e+02
2.286256156981853110e+03
3.925824903277835347e+03
2.647422954574205050e+03
1.224914335810198054e+03
1.251013488436264652e+03
1.951461943754257618e+03
3.412967456344000311e+03
2.506211004030372806e+03
8.200257691203088370e+02
6.207046180228428511e+02
2.518143976216916144e+03
3.973131726280568273e+03
2.278537796248373070e+03
1.080199989184008246e+03
1.271643010861166658e+03
2.363677998952610324e+03
3.519577000886291898e+03
2.098612329553930067e+03
9.865232144999544062e+02
2.002670350496217679e+03
3.401167721862974759e+03
1.981601374691198316e+03
9.668298120146986321e+02
3.483822392447319203e+02
2.228677239828573420e+03
3.408837449987076070e+03
1.861018535654678772e+03
9.615526786157379320e+02
1.265697660176612999e+03
3.083408866352373025e+03
3.225781193461657949e+03
1.582483608899196042e+03
1.595532502177749848e+03
1.018346407550296476e+03
8.738316705977071024e+02
3.092407255376601825e+03
3.629196019262250502e+03
1.936512245432710642e+03
1.968621740102440754e+03
3.513287121443865544e+03
2.554504301320146169e+03
1.069611061793489625e+03
1.308048374336040752e+03
2.668714506076839825e+03
2.365496897847223408e+03
1.104322339981434425e+03
1.106208676477644758e+03
1.577074028004203910e+03
3.109136760393396798e+03
2.643175986597640076e+03
1.281655627106131533e+03
8.106214903609866269e+02
1.052129556827607757e+03
2.892709423479577254e+03
3.422334584348581302e+03
1.844619866068440615e+03
1.403636625067512341e+03
2.425882666786660593e+03
3.288467795157420369e+03
1.581698418483111709e+03
1.080425518813882945e+03
2.742748894024871333e+03
3.238633532407021448e+03
1.195316280363891110e+03
5.074501058972297756e+02
1.602740727975630307e+03
3.356079282417855666e+03
2.761402648104397940e+03
1.363726232770341085e+03
2.623453353026282457e+03
2.939938093445516188e+03
1.451189095048480567e+03
7.084655825922251324e+02
1.571785247249992835e+03
3.269772890426660524e+03
2.804634156930980680e+03
1.171740549267992265e+03
7.723621676284087698e+02
1.140290323634969582e+03
3.019991498863552806e+03
3.508955844991048252e+03
1.981853069386998641e+03
1.141735046445263606e+03
1.724482425508467259e+03
3.419226020118617726e+03
3.031539292411494444e+03
1.355253665989422643e+03
8.140980771865824863e+02
1.179393995441194193e+03
1.367274567893590074e+03
2.422348389949845114e+03
4.039665434035570343e+03
2.837393570208714209e+03
1.018406892788436721e+03
1.087101025093674025e+03
2.335371766056230172e+03
3.692530435372296324e+03
2.172393581113123673e+03
9.993894714019982075e+02
2.697459644163079702e+03
3.079250991355517726e+03
8.731080682177744166e+02
7.428609737647536804e+02
2.696380922970313350e+03
3.257816969555031847e+03
1.455116382262402340e+03
8.360321371532029389e+02
2.162750894441289802e+03
3.142033614972817759e+03
1.722369127510787621e+03
8.910217503090937043e+02
2.439124357395979132e+03
3.259336580565631266e+03
1.257537257194384665e+03
7.968330640121902206e+02
1.962723726468215318e+03
3.559112642487761150e+03
2.519055659572082732e+03
1.539015070584503974e+03
1.762284022329366053e+03
3.281826000642041890e+03
2.807666541556925495e+03
1.245330253546830590e+03
1.841356865170836500e+03
3.062111026938657233e+03
1.936193810119430054e+03
6.974424028597967435e+02
2.030287923179607105e+03
3.096756757382226169e+03
1.487007821505402944e+03
2.061658969771669035e+03
3.195886604232888658e+03
1.296907134874443955e+03
1.192297248251786641e+03
2.617842658835161728e+03
2.120893555880795248e+03
8.907185037771500902e+02
9.665176579371549224e+02
2.174295230665106828e+03
3.330464710462962557e+03
2.378075275554271684e+03
1.220842302519988380e+03
1.280641992023146713e+03
2.530532717781357405e+03
3.328009069485776763e+03
1.937063176458935004e+03
1.003274978638707012e+03
1.258178038770967987e+03
2.776127875153869354e+03
3.221350763345789801e+03
1.809750268954614512e+03
1.133445825078295002e+03
1.385059935391348290e+03
3.017040649097407822e+03
