2.593988843000910947e+03
2.176120327704609281e+03
1.465023361406408185e+03
1.730507323721168177e+03
1.989605354715085014e+03
2.678403177403659356e+03
1.686269505454466071e+03
1.502756399286756960e+03
1.868421465473676108e+03
2.455221881519536964e+03
2.232698739863097217e+03
1.470179406055399340e+03
1.777295866073771094e+03
2.161518126608893908e+03
2.659818251485663495e+03
1.492352784528814709e+03
1.580246368591540204e+03
1.762864427170629142e+03
2.566738559393624200e+03
2.184979919481304933e+03
1.490485789417399019e+03
1.755094936525948015e+03
1.988721571111768753e+03
2.590864083372529876e+03
1.622842772313440037e+03
1.640879005486130154e+03
1.836674331330448467e+03
2.226042756936030855e+03
2.438570555852185407e+03
1.497409971994947682e+03
1.711560245099068197e+03
2.033372450770519208e+03
2.531432591210011196e+03
1.535916774287182534e+03
1.656148626339231669e+03
1.919597858423004482e+03
2.619782297701755851e+03
1.785354414649405953e+03
1.544263738594635015e+03
1.721368204742680518e+03
2.521367038941811188e+03
2.406701814897037821e+03
1.424602672104427484e+03
1.631012542584836638e+03
1.941502928274931719e+03
2.654797944416816790e+03
1.887050580187205696e+03
1.495698843402925831e+03
1.736866239204063959e+03
2.507302941991942134e+03
2.416852989847762274e+03
1.434109698987558204e+03
1.671777231719511974e+03
1.952856861279956092e+03
2.602341962622355368e+03
1.883571525812810023e+03
1.399893989284758618e+03
1.791903513995674302e+03
2.494902947768398008e+03
2.375731884465118583e+03
1.658376353839692683e+03
1.695447966883636809e+03
1.727501325642557049e+03
2.641176289662664658e+03
1.889731185699818070e+03
1.655761666534053347e+03
1.724750729701048840e+03
2.547572701874931681e+03
2.312242511709304381e+03
1.467630008040432131e+03
1.722992154599519608e+03
2.004658863940461288e+03
2.577245078374918194e+03
1.567807398736947334e+03
1.621770946372294929e+03
1.679411149071440377e+03
2.677363716167193161e+03
2.350087513031921844e+03
1.398180854583519931e+03
1.672566439136553299e+03
1.817292102447153866e+03
2.640736806149686345e+03
2.121235653164456380e+03
1.494482857630507624e+03
1.686708358163610001e+03
2.598346980447922306e+03
1.884897253720694152e+03
1.610830289323251236e+03
1.809390502002910125e+03
2.670763189177120239e+03
1.641767824358886173e+03
1.608048131943778571e+03
1.827869419226897890e+03
2.625207462663885053e+03
1.710741094521294144e+03
1.677542216411601885e+03
1.858440224493809865e+03
1.870573229104041275e+03
2.191396591284985789e+03
1.905015699839159197e+03
1.905618573967607290e+03
2.671318748799269088e+03
2.237573256873120499e+03
1.321000426410900445e+03
1.717226209082381047e+03
2.249400803383635321e+03
2.587734973291542701e+03
1.454543320496605929e+03
1.521087102838200281e+03
1.844800412688853157e+03
2.698314476722132895e+03
1.709037270437054076e+03
1.570545420916362445e+03
1.806312622530790122e+03
2.692382320621871713e+03
1.661857018411474201e+03
1.539448496032910043e+03
1.913755507035936716e+03
2.673254977818003681e+03
1.652755281259157073e+03
1.499034511776331556e+03
1.757527302604782790e+03
2.750625454780178643e+03
2.010761079161072757e+03
1.556854425242246407e+03
1.707078982320492969e+03
2.266024991843012231e+03
2.542129011796557279e+03
1.469376892116088356e+03
1.666425683536962424e+03
1.805437646378695945e+03
2.573136768068097808e+03
2.351061801518196262e+03
1.418111202249346888e+03
1.729469280849246616e+03
2.027971364709350837e+03
2.580209393686278872e+03
1.506880715168467759e+03
1.665555978526072749e+03
1.842287921590430415e+03
2.404029829181391506e+03
2.434036787688234199e+03
1.459687421990296116e+03
1.707777201570727811e+03
1.856504393429506308e+03
2.418271493339428162e+03
2.437883995613647585e+03
1.516150275651399170e+03
1.639673337644313506e+03
1.793441914786385041e+03
2.659840938080863452e+03
1.958786129557339564e+03
1.545999129875091967e+03
1.760798106996051729e+03
2.392813843359382645e+03
2.437149143634613665e+03
1.529203879399425659e+03
1.664082825124556621e+03
1.889411889358441613e+03
2.606007654064486815e+03
1.600343593543328097e+03
1.570918850267681592e+03
1.777950675312729118e+03
2.667577667027997450e+03
1.853431097601750480e+03
1.597871448403733439e+03
1.781507020958506928e+03
2.085683615355667825e+03
2.560862813195161834e+03
1.544871063098354625e+03
1.665908318950536795e+03
1.826165492275240695e+03
2.627005363911549011e+03
1.745582543301220539e+03
1.485509645325472775e+03
1.905686929368602023e+03
2.636948589078665009e+03
1.750992059224609648e+03
1.604825640425847041e+03
1.779594854975753833e+03
2.598747048518650899e+03
1.924055711338008678e+03
1.469649289619763067e+03
1.780937486550383255e+03
2.670318213112840567e+03
2.023435218529005624e+03
1.564342533559250114e+03
1.675093101720067125e+03
2.583574460575576268e+03
2.186955531482225524e+03
1.525354459058263956e+03
1.683338283850155904e+03
2.402107401687673701e+03
2.437907751554241713e+03
1.394640993970537238e+03
1.660618686376209325e+03
2.442134966587411327e+03
2.324364880092395197e+03
1.487377205846246852e+03
1.739693338906006829e+03
2.575317108194898992e+03
1.750980604810295972e+03
1.569418453562950617e+03
1.736197805675247309e+03
2.651101997563921486e+03
2.198255440158346119e+03
1.455011261620438745e+03
1.711328465612759373e+03
2.096779638137603797e+03
2.496965600594277475e+03
1.802247937145757533e+03
1.593417425335956295e+03
1.772144855117936459e+03
2.045235521332393319e+03
2.565647031345732557e+03
1.691943995686608787e+03
1.673625955385059569e+03
1.827915666803586646e+03
1.932251190567609001e+03
2.571061145245794251e+03
1.836448896670576460e+03
1.626064737270051182e+03
1.806694973559430537e+03
1.872363200286542678e+03
2.620620545774521815e+03
1.742957199778361201e+03
1.654135051393639969e+03
1.787680625894401828e+03
2.542726460552682511e+03
2.080570869420108011e+03
1.509683630302090251e+03
1.752812944650012469e+03
2.182654368189656907e+03
2.476254904765145966e+03
1.487587361649107834e+03
1.682145618149319489e+03
1.893210147914385743e+03
2.620396667617106687e+03
1.768340498153421095e+03
1.583141355434674779e+03
1.769349110509707543e+03
2.537285046486280862e+03
2.299180576998014658e+03
1.504800869970616532e+03
1.655451495439599512e+03
2.389742973083650668e+03
2.477251516822005669e+03
1.437132010776823108e+03
1.684757350076769171e+03
1.839828644027181099e+03
2.644728742984258588e+03
2.028920155035470316e+03
1.566787302333792695e+03
1.709324947468627897e+03
2.405025399470303910e+03
2.211299373768711121e+03
1.576332563465695102e+03
2.090032013517829455e+03
1.927774215223739247e+03
1.770259319850945303e+03
1.812960961471225346e+03
2.736050746371121022e+03
1.884506107762524834e+03
1.534316809479530093e+03
1.820811245357735743e+03
1.868848431313961555e+03
2.761168636927148782e+03
1.825030109279655335e+03
1.560966383126466098e+03
1.808643836052963024e+03
1.979099950499499300e+03
2.635154722072397362e+03
1.656252823306505661e+03
1.586308832339760556e+03
1.792071026541846777e+03
2.087102211101263947e+03
2.551116201371372881e+03
1.638499182674541089e+03
1.587296363835970396e+03
1.755255666565266438e+03
2.132695508414797587e+03
2.590892555902617005e+03
1.585887074636006446e+03
1.636376707640678887e+03
