1.903691607208702408e+03
2.018539233770887677e+03
2.507669365834707605e+03
2.129527339069234131e+03
1.623455003008680706e+03
1.761471182375782291e+03
1.808070229756717481e+03
2.015093179373538760e+03
2.428724127338207381e+03
2.410551875787000426e+03
1.509157464815905769e+03
1.662122794770195469e+03
1.880825209050206695e+03
1.820258973516132528e+03
1.972887844612331037e+03
2.354180495672480902e+03
2.452966741084228943e+03
1.543957032559106437e+03
1.649841639945275801e+03
1.813806495881897263e+03
2.020085392038253531e+03
2.044487528599213420e+03
2.410768277558679529e+03
2.164971669670933352e+03
1.785226687433420466e+03
1.849999507413618630e+03
1.956283937099891546e+03
1.632912658717233626e+03
1.719694256605292594e+03
1.844135453282720164e+03
2.011217432927353002e+03
2.448012540094111046e+03
2.189433262199978799e+03
1.619168722922032430e+03
1.794811035563288897e+03
1.835782927933023075e+03
2.311850444054985473e+03
2.443943979044116531e+03
1.455929642258707645e+03
1.694900655306901854e+03
1.979192582860012635e+03
1.916600069252892808e+03
2.347048741477706244e+03
2.155768960561836593e+03
1.572229819064758885e+03
1.762346860237000783e+03
2.028262214034076123e+03
2.266650973581022299e+03
2.308801697572302601e+03
1.608244849491100922e+03
1.785696332272408199e+03
1.866118468813635218e+03
2.024253115254380646e+03
2.441684239843445994e+03
1.932456399739930703e+03
1.613615891152549693e+03
1.916680319678344176e+03
2.073237241207882562e+03
2.497200983583249126e+03
1.767598701159486609e+03
1.916562825103115756e+03
1.626903926398465273e+03
1.766373593763242070e+03
2.409134167550609618e+03
2.585655990901682799e+03
1.641189311941277083e+03
1.476380765782768322e+03
1.678119720268273113e+03
1.991500605427190294e+03
2.395014513480574806e+03
2.370955318204305513e+03
1.535814915302545614e+03
1.959331018255547178e+03
1.767271584970709455e+03
2.073122059032727066e+03
2.637396030808952673e+03
1.591549911919089254e+03
1.537644785367286659e+03
1.803926083157384483e+03
1.976800653390293746e+03
2.076709173130677755e+03
2.168201805361725292e+03
2.484739897042094981e+03
1.604675353826168021e+03
1.717281009334083819e+03
1.928854938708590453e+03
1.904704260430032264e+03
1.921722946128860940e+03
2.493728988703757750e+03
2.111141089430751890e+03
1.504131579611716006e+03
1.737021433650515064e+03
1.923620624264573053e+03
2.264571330974438752e+03
2.534243539044608042e+03
1.579294414287841391e+03
1.527085690331783326e+03
1.899839047893446377e+03
2.100224163125986706e+03
2.491800913629250317e+03
1.737241699762562348e+03
1.562041706581599783e+03
1.909970354107481626e+03
2.036015341186692012e+03
1.970424696540092782e+03
2.465281590321111253e+03
1.786000614908604348e+03
1.516583888431709966e+03
1.934564391401985858e+03
2.026950782897467889e+03
2.171398780233891557e+03
2.578816923424587458e+03
1.543527087709525631e+03
1.657643865090571126e+03
1.820974566490408733e+03
1.995714665919655545e+03
2.319388522520671813e+03
2.479868678724549227e+03
1.488565611421256108e+03
1.567658473677557367e+03
1.931505841149110211e+03
2.041044896819728820e+03
1.995271711644752713e+03
2.471641147448611264e+03
1.744647810150577243e+03
1.703813323743255978e+03
1.834551563174023386e+03
1.976802724172418039e+03
2.069076636625904484e+03
2.069046610095891083e+03
2.471805253245071071e+03
1.842830981677876935e+03
1.569164175407392577e+03
1.791630024854053772e+03
1.868608727957526753e+03
2.319182222912553698e+03
2.482505767554218437e+03
1.495918516250055291e+03
1.659765247760444481e+03
1.990673541913898589e+03
2.096414094233528431e+03
2.453865210864721575e+03
1.594982548662829913e+03
1.784307119711632595e+03
1.892442277870722364e+03
1.939860347938571067e+03
2.538548234628162845e+03
1.870220063442120818e+03
1.577812582293249079e+03
1.725163370171264432e+03
1.839183184699397316e+03
2.419653748090047429e+03
2.408396056563737147e+03
1.474908979601572128e+03
1.632939177855921344e+03
1.936735946309924429e+03
2.085099433720714387e+03
2.667911854342133665e+03
1.595874773936433940e+03
1.598912946527919985e+03
1.796428382592326898e+03
2.019549400958383558e+03
2.482151478498961296e+03
2.330825978575367117e+03
1.422522637707726062e+03
1.741330977236551462e+03
2.001675136526365804e+03
2.042911429515934287e+03
2.491435757528058730e+03
1.631300577650926016e+03
1.731626952006980900e+03
1.924198367760528072e+03
1.998104317736213488e+03
2.449654183108575580e+03
1.700532027820839858e+03
1.729803029266791100e+03
1.823096800023311062e+03
1.937010207404141966e+03
2.460011056185357575e+03
1.997880679168584948e+03
1.556127683959865180e+03
1.847350096836742523e+03
2.018341379444879976e+03
2.209057324636958583e+03
2.455113656226609237e+03
1.576986048497432193e+03
1.706731657348695535e+03
1.813230375147837094e+03
2.074403530791080357e+03
2.578803051252403748e+03
1.628305678123886537e+03
1.596514086275911268e+03
1.813576636987058919e+03
2.046180205704027230e+03
2.456301772566166164e+03
1.900762979212405980e+03
1.547203878913629978e+03
1.894255665277467642e+03
1.991776967825107477e+03
2.191599866664298133e+03
2.408071228003262604e+03
1.589923421407508158e+03
1.787656845298781036e+03
1.854275788157535999e+03
2.324714977777873628e+03
2.283399342970431007e+03
1.597904085956385870e+03
1.788145945467120782e+03
1.835586158302570539e+03
2.287701012113993329e+03
2.565953307917011443e+03
1.532704667282192304e+03
1.590380835773790750e+03
1.888071346883858496e+03
2.032354411260014558e+03
2.182071479798071323e+03
2.491145763702613749e+03
1.580038856431945760e+03
1.709024222349616366e+03
1.866740468366413552e+03
1.996509693150389921e+03
2.614186324696395332e+03
1.935469861577413212e+03
1.461403393604810844e+03
1.808343117157287907e+03
1.995696890586049904e+03
2.062511899925113084e+03
2.585248093260201131e+03
1.586989052084424202e+03
1.690422423161557617e+03
1.970705227487738966e+03
2.513811645962060538e+03
1.652019259792494950e+03
1.913654230485848302e+03
1.801957458301278621e+03
1.842685925669368999e+03
1.865437384130902274e+03
2.380258307169769978e+03
2.464933168094404209e+03
1.448181231777284211e+03
1.670754063265438617e+03
1.966165031009775021e+03
2.330689676480286380e+03
2.503519471246582270e+03
1.390467719809714708e+03
1.693025670595698557e+03
1.981228367208074587e+03
2.241411114570792506e+03
2.513835944603952157e+03
1.441809260696733872e+03
1.686375898856882941e+03
1.989641082491223415e+03
2.234385175663791870e+03
2.413759864400506558e+03
1.567665922766115727e+03
1.793031336176269178e+03
1.917673500361183642e+03
1.887558182494720995e+03
2.534631732922012816e+03
1.888482144965686530e+03
1.530650965910378090e+03
1.774263382736406129e+03
1.980370596140328644e+03
2.391104297211769790e+03
2.425885889177052377e+03
1.407729042284692923e+03
1.693025086987620398e+03
1.992127067482209668e+03
2.508927160774340337e+03
2.173937686500260043e+03
1.514031402304211042e+03
1.837814540466436938e+03
1.844744753408920133e+03
2.456846928334012318e+03
2.121172248526697786e+03
1.556872888915053636e+03
1.752871614713080589e+03
1.964345815056433139e+03
2.193086358523315994e+03
2.482272915337279301e+03
1.681499023015686817e+03
1.618354615064890140e+03
1.778870325607054610e+03
2.012894910154524496e+03
