1.988148760665744703e+03
1.994415610035527379e+03
2.042975137101118207e+03
2.036023447155885151e+03
1.993217516082279190e+03
1.983835805100338348e+03
2.000878860350179821e+03
2.072817379791651092e+03
2.021836928893077584e+03
1.991698886790363758e+03
1.983654083345907793e+03
2.054724006383172764e+03
2.049569768557404586e+03
1.979464221987332621e+03
1.978518336725337576e+03
2.036735416640165113e+03
2.123148282144511086e+03
1.993486881217528435e+03
1.969724369124624445e+03
1.976835532584567318e+03
2.099340520968817145e+03
2.007657191292954622e+03
1.970003953660119123e+03
1.979812276742570020e+03
2.091514504045831018e+03
1.992964993411633486e+03
1.960901480951994699e+03
1.974350138597304749e+03
2.072878095198637311e+03
1.992332421535590811e+03
1.967765533511972535e+03
1.976261651234318379e+03
2.072490249643392417e+03
2.004753644945972383e+03
1.969323787831998288e+03
1.984732563338246109e+03
2.079044374674840128e+03
2.010420852214225306e+03
1.977081881576628575e+03
1.984299165137976615e+03
2.081551366149978094e+03
2.016920737777993736e+03
1.975957783973737151e+03
1.999263295515763275e+03
2.095972400991480299e+03
1.990831312997837585e+03
1.965364807425404706e+03
1.975736199643472673e+03
2.079494959806344013e+03
2.009205334737826888e+03
1.969730907230231423e+03
1.968199876799150161e+03
2.046910992953786263e+03
2.076250378085435386e+03
1.972156654602636763e+03
1.959571390876347323e+03
2.019278384750434725e+03
2.112657618501262277e+03
1.994222150306887215e+03
1.957371813035788136e+03
1.954404023341125821e+03
2.020699763448010344e+03
2.100303708687713879e+03
1.987285966486982943e+03
1.960079571522881224e+03
1.971407649592280450e+03
2.089488978067303833e+03
2.024886292112250658e+03
1.966803674247396657e+03
1.953294175606653653e+03
2.027998925967616287e+03
2.112532873320023555e+03
1.990093283063410126e+03
1.957012053157541914e+03
1.952144649644233596e+03
2.003906736043100182e+03
2.105306540910304648e+03
2.014429163866356021e+03
1.970873372103393194e+03
1.989247873517150083e+03
2.143803000304073521e+03
2.006983927281932893e+03
1.946036419998230031e+03
1.974972748651385018e+03
2.104284839815335545e+03
1.988808917428366158e+03
1.946384198473003835e+03
1.961236833791861955e+03
2.070635789377137826e+03
1.990958858013379313e+03
1.964894334970822683e+03
1.980055733808616651e+03
2.082845627592068467e+03
2.006893251743265864e+03
1.965149485808108011e+03
2.008665773454127475e+03
2.085499917420341262e+03
1.981030979215172465e+03
1.969889362839928026e+03
2.078118291943046643e+03
2.068735231212171129e+03
1.951868075849085926e+03
1.945403108835945432e+03
2.045072568205395328e+03
2.099417474366572151e+03
1.956021176264838687e+03
1.942831719609835091e+03
2.020450518718834473e+03
2.055230491362079192e+03
1.964560342507665837e+03
1.959604757703457381e+03
2.016229531126087522e+03
2.073897598460490372e+03
1.985911904162528572e+03
1.969222221192064808e+03
1.999500998691635914e+03
2.084123261203311358e+03
1.995985360099450872e+03
1.971212096877420663e+03
2.003283125991985116e+03
2.088569898718989862e+03
2.056267691712722353e+03
1.985121150569156725e+03
1.959619847252773752e+03
2.022428097627994021e+03
2.115405510894733652e+03
1.968725074581257559e+03
1.961504209203206983e+03
2.053539550159877763e+03
2.064363620379978784e+03
1.960852870360910174e+03
1.952801380480294711e+03
1.985272093568887385e+03
2.035039263608966166e+03
1.974664053659651245e+03
1.967729276518952020e+03
1.975380832807815068e+03
1.986465177580930231e+03
2.039842509354337835e+03
2.082165428995426737e+03
2.006873815143852198e+03
2.009938423211990994e+03
2.013449170248989049e+03
1.999912157095311841e+03
1.986549152885806507e+03
2.067013579335886789e+03
2.139686011379254523e+03
1.981157171394235775e+03
1.957385790177736453e+03
1.960513213699693097e+03
2.000870964014015271e+03
2.180018184894917795e+03
2.107451744869465983e+03
1.960512053890098969e+03
1.925558902657918452e+03
1.945877976953134066e+03
2.078872175419468931e+03
2.037283470900312977e+03
1.962956958839281015e+03
1.940353213982821444e+03
2.004748392289235426e+03
2.101294992638505391e+03
2.001824473623320955e+03
1.951154787569657174e+03
1.954089963611021176e+03
2.035375763183716799e+03
2.049594786133378420e+03
1.969980502763883123e+03
1.963912250856962146e+03
2.041192455832449014e+03
2.086495217273653452e+03
1.979635392696862482e+03
1.960535202979490577e+03
2.001101268907272924e+03
2.127145511848259957e+03
1.997600917963514121e+03
1.957963242632983338e+03
1.994114509679968023e+03
2.113503499185230794e+03
2.000623731466520439e+03
1.949517120401663760e+03
1.962567465901206788e+03
2.099481298362452890e+03
2.058355774800648760e+03
1.956771421060754392e+03
1.950512902408911032e+03
2.023388444887322976e+03
2.120756845183308997e+03
1.968280896580408807e+03
1.948784701053210028e+03
1.988123628174310397e+03
2.092774803599965253e+03
1.969073119261013289e+03
1.953066271443625737e+03
1.985526933323263393e+03
2.048792087877713584e+03
1.977482596856898681e+03
1.973342477723775801e+03
1.988397034424265712e+03
2.029745052865513344e+03
2.017160763615683436e+03
1.989130755613001838e+03
1.990533905990663698e+03
2.058040448630274113e+03
2.110395339152317774e+03
1.989336874477568699e+03
1.965850672852459638e+03
2.027408447074453989e+03
2.221285792493170902e+03
2.012772383438811858e+03
1.969938292613539488e+03
1.959387216056884427e+03
2.070540633689647620e+03
2.008075816519566160e+03
1.935950608520993455e+03
1.938917532999618061e+03
1.956246494781257979e+03
2.032113948054619414e+03
2.023383709304935337e+03
1.972087240824622313e+03
1.967863030757964907e+03
1.977255394110945872e+03
1.999446437932622530e+03
2.042334030602283747e+03
2.013992658922001965e+03
2.007331659090202720e+03
2.005912813870344280e+03
2.025403480810362225e+03
2.001836290516968120e+03
2.073181936969405797e+03
2.148655676990567827e+03
1.980785145715930867e+03
1.965234136390312642e+03
2.144124404904597668e+03
2.098830165983388724e+03
1.910803505206164800e+03
2.007350943505613714e+03
2.159236104677851017e+03
1.909201842812895165e+03
1.902042414265102479e+03
2.023287173645685471e+03
2.033079022289067098e+03
1.929066780751573333e+03
1.931026218617321774e+03
2.008474193077772952e+03
2.069401800688654475e+03
1.962769723343579244e+03
1.957119015172536820e+03
1.970240944832659579e+03
2.012099803283390202e+03
2.013993969880393479e+03
1.991649979416656379e+03
2.009581221571085734e+03
2.023074019312261953e+03
1.997286745328040752e+03
2.002068660505813341e+03
2.119315593856883879e+03
2.036683282831658744e+03
1.976794974661367860e+03
1.988629747550034153e+03
2.151172553331024574e+03
2.089696382942005584e+03
1.936610163065740608e+03
1.941195966760829378e+03
2.053918927238677952e+03
2.041484273978218425e+03
1.946719988733025502e+03
2.002269695591229492e+03
2.082513460187434703e+03
1.951993886680465948e+03
1.938376147384355590e+03
1.970409466803430405e+03
2.031928380201937898e+03
1.982430474682827935e+03
1.971918666034076068e+03
1.981851331493541011e+03
1.994311676779850586e+03
1.993576167623882384e+03
2.019100074945843744e+03
2.013081195263228437e+03
2.002542723971126179e+03
1.994009737280660147e+03
2.060088028524424317e+03
2.214358856761942207e+03
2.323253756940890526e+03
