2.400574240822705633e+03
2.017271388166812130e+03
1.521240926283290264e+03
1.577417768126478904e+03
2.752768315084949336e+03
2.657331698621364922e+03
2.267315279125958568e+03
1.450032290143864884e+03
1.275290551637872568e+03
1.603123911694253366e+03
2.983463973635810817e+03
2.555016819894303808e+03
1.322453802826401443e+03
1.156825279808304913e+03
1.375538035778074573e+03
3.040778465312926073e+03
2.578248305968268596e+03
1.245911497218274235e+03
1.443551590741165683e+03
2.906785286155411086e+03
2.015529855808838875e+03
1.286350187313960078e+03
1.792373144958373359e+03
2.717256422739640129e+03
1.751302732137715338e+03
1.272041720366429672e+03
1.620362025131201335e+03
3.032569398885802457e+03
2.300459293825601890e+03
1.486490215957845294e+03
1.421278703516431278e+03
2.470505154341138223e+03
2.761558213963302933e+03
1.276056572053737000e+03
1.483520047956537610e+03
1.905653122609163120e+03
2.718950818401876404e+03
2.048492952261429309e+03
1.429856274057236533e+03
1.519583141543368811e+03
3.082029238756515042e+03
2.298075375074372914e+03
1.440591953901565148e+03
1.642689924994447438e+03
2.618494948676884633e+03
1.596387527032536582e+03
1.286311401791107755e+03
2.853821988432348007e+03
2.320584393747001286e+03
1.308901732611188891e+03
1.633531811500895856e+03
2.772231799500561010e+03
1.919167618589893436e+03
1.403192887048415059e+03
2.026024189297080738e+03
2.691982860590129803e+03
1.029006935914048199e+03
1.601128663856402000e+03
2.820117009899682671e+03
2.310910252606494396e+03
1.372753905291098818e+03
1.694847765642874947e+03
2.917486719870730212e+03
2.096483602538540254e+03
1.508971359396349726e+03
1.389259466708030004e+03
2.694813931013638921e+03
2.485740753188234976e+03
1.402159617503691607e+03
1.404871087174763716e+03
1.917172957886389440e+03
2.968063251344521632e+03
1.573066031787657721e+03
1.271974356123579582e+03
1.739635181718650756e+03
2.761612115370463926e+03
1.964145068641333864e+03
1.215791401525226775e+03
1.549999098774644381e+03
2.276429016172002775e+03
3.203132331665278798e+03
1.966775606108513784e+03
1.314598366833155524e+03
1.284751124055615492e+03
2.865330106198066460e+03
2.661753146455514070e+03
1.066054603146091267e+03
1.472563571288864750e+03
3.124113774053147608e+03
1.932245869955526132e+03
1.251146570328485723e+03
1.583616380957951151e+03
2.952225095150049128e+03
1.647555596249696691e+03
1.382759989572332643e+03
1.723616683659191267e+03
2.726931616030653004e+03
1.569151816917212500e+03
1.133693475251335940e+03
2.528016155750989128e+03
2.530829674736452944e+03
1.639798095817533067e+03
1.461167779712696074e+03
2.724587984672653874e+03
2.505382255018310389e+03
1.242897457008344645e+03
1.214615585324630956e+03
3.100695886195932871e+03
2.093298555362277057e+03
1.248079099925764240e+03
1.513351202019512812e+03
3.216510391519474069e+03
1.789963789432020576e+03
1.275268808038416410e+03
1.070433817286643261e+03
3.294784118506690447e+03
1.934077511138103091e+03
1.083341753514044058e+03
1.676974604142669023e+03
2.873966540898211406e+03
2.203764777824785142e+03
1.171954104571970447e+03
1.401220903218804324e+03
2.235302201217487891e+03
2.684114413502938987e+03
2.343016701350622498e+03
1.345425935667602971e+03
1.364196075152012781e+03
1.548516012711036410e+03
3.075630745709664097e+03
2.634797537506377466e+03
1.033111457654221795e+03
1.252464846198281521e+03
2.280669242338447020e+03
3.028885656219907105e+03
2.002017459725569552e+03
1.120624547604079680e+03
1.411950687662527343e+03
3.069754434234061591e+03
2.685806152598052904e+03
1.822720682477358650e+03
1.361934018860797551e+03
1.549586446561882212e+03
2.841433774262051884e+03
2.558805415193181943e+03
1.481348203819298988e+03
1.416941063270212226e+03
1.621158839444167597e+03
3.005331396492549629e+03
2.314809169538216338e+03
1.389765288142264126e+03
1.492768972082421215e+03
1.586475579769030219e+03
1.666414534666790360e+03
3.011437476625522322e+03
2.567100171493096241e+03
1.730815995402586850e+03
1.197483605558876434e+03
1.485754412258713273e+03
2.778974887526837847e+03
2.472337687425739659e+03
1.941045216594024168e+03
1.296964214090899759e+03
1.306178845482183078e+03
2.478420417781409469e+03
2.771256372541996370e+03
1.590415607325702695e+03
1.307586129882051864e+03
2.332755931878810770e+03
2.379200134491240533e+03
1.712475164041673906e+03
1.268864857534541216e+03
2.184379915269717458e+03
2.731230388438056252e+03
1.527697715205822988e+03
1.090951190838895855e+03
2.834648967859495770e+03
2.406251441023513053e+03
1.241833389208853760e+03
1.535931630710631225e+03
2.837626814198918055e+03
1.847632866795684549e+03
1.039576654379767433e+03
2.242138877065668112e+03
2.734356383958539027e+03
1.748851941786124826e+03
1.264107331470730742e+03
2.459347335351503716e+03
2.796886183639576302e+03
1.109670840923801507e+03
1.413289805211657722e+03
2.867890437236683283e+03
2.018029500388767929e+03
1.303867286369388694e+03
1.293418128603095283e+03
3.350063585204031369e+03
1.930613149552014875e+03
1.130081612703083692e+03
1.617829968386978635e+03
2.938102693037229983e+03
1.729827222249057286e+03
1.038956168712328918e+03
1.553096467541750144e+03
2.001826382429570231e+03
2.930361669660027474e+03
2.601978393549913108e+03
1.368320556759642841e+03
1.309137952691207374e+03
1.344703683137100825e+03
2.553213827822721953e+02
3.896768038228735350e+03
3.293794446103799601e+03
1.947115040034895401e+03
1.163442463980971979e+03
1.343496922660003747e+03
1.599136249200802240e+03
3.115721465055752560e+03
2.664499643985069724e+03
1.180216843745615506e+03
1.292033253440229146e+03
1.459398645599743077e+03
2.875437917492187808e+03
2.827158477799310276e+03
2.261846280584940814e+03
1.198181219428609893e+03
1.277353779420957153e+03
1.738371729349494899e+03
3.455167382955659377e+03
2.085856198985099127e+03
1.361782405631990059e+03
1.435724405207869268e+03
2.682616651697598627e+03
2.501737607137700707e+03
1.318787580702324249e+03
1.288701287771327998e+03
2.395271958556978916e+03
2.516470787150999513e+03
1.379240919527991991e+03
1.240924309030049244e+03
2.487177405043972612e+03
2.738133038586641760e+03
1.161521549022696718e+03
1.457931183678522530e+03
2.702607243475157702e+03
2.266157328382502783e+03
1.009656165484967119e+03
1.518539617392950504e+03
2.967339523011493839e+03
1.739963577211797883e+03
1.259436061237008062e+03
2.998275355714050875e+03
2.007321919784481679e+03
1.235952258087596647e+03
2.635086144060117476e+03
2.555234892304295499e+03
1.231215002730248898e+03
1.576432541848801975e+03
2.797905808060304935e+03
1.569052513963654746e+03
1.188659182570059556e+03
2.768309030861332758e+03
2.565701480408719362e+03
1.099002978397656079e+03
1.606508194857688068e+03
2.626931353347704317e+03
2.233809996873051205e+03
1.185296471450355739e+03
1.429104331230953221e+03
2.626082803907223024e+03
2.485134154132944332e+03
1.625992170004067930e+03
1.151562818419187352e+03
1.460549700528658150e+03
3.032666332544507895e+03
2.622473435087462349e+03
1.503407232658887551e+03
1.108896297342708294e+03
1.444820080091421232e+03
2.981698844706736509e+03
2.731993287853710171e+03
1.628510036315941989e+03
1.330706145159789685e+03
1.676608682322585082e+03
1.801623233170731282e+03
3.281770965053358395e+03
