2.422236480649671648e+03
1.578418285492319683e+03
1.756625275262038713e+03
1.899906732545281557e+03
2.005627583441339084e+03
2.585239102625619580e+03
1.577054684462993237e+03
1.660393535599019287e+03
1.903773021211098012e+03
2.002267984604363164e+03
2.579497751728975800e+03
1.715209660379066690e+03
1.563467077562738496e+03
1.917218229026788322e+03
2.020338815202193928e+03
2.395319213783024679e+03
2.177678626923870524e+03
1.404414882556703333e+03
1.814800098724128247e+03
2.046802119905957852e+03
2.514207472986312041e+03
1.777494809708504590e+03
1.545403460023727348e+03
1.848518548981369122e+03
2.013227113319400587e+03
2.541077060900110155e+03
1.830407993059277715e+03
1.547854847672753522e+03
1.828451489195526619e+03
2.151242354497695032e+03
2.447989662991141358e+03
1.540910779456253294e+03
1.641550460219812294e+03
1.890890403025434352e+03
2.014463720358176943e+03
2.472037065932377573e+03
2.103539190770309688e+03
1.357573574288658165e+03
1.864241114279516751e+03
2.028047817151009212e+03
2.350381117992334111e+03
2.283249109917741862e+03
1.436463409793991787e+03
1.692110701364816123e+03
1.998456241277289109e+03
2.385611967366028694e+03
2.313645444891576517e+03
1.382832196020518495e+03
1.722706882639376545e+03
1.995100263709010051e+03
2.344167983310754153e+03
2.296411349176615659e+03
1.419606804407296295e+03
1.733649382168150851e+03
2.028863754583318951e+03
2.406998616516507354e+03
2.310947367327862594e+03
1.422452667959657447e+03
1.677413531976308150e+03
2.074681481282693767e+03
2.541238677985404593e+03
1.901197512320295800e+03
1.595965527345990040e+03
1.730801572961835063e+03
1.929535770450240761e+03
2.501056235461034248e+03
1.883219039435512968e+03
1.620587148938996734e+03
1.834555334742947252e+03
2.302483416249864604e+03
2.293527479168871650e+03
1.547624648103769459e+03
1.759757962925429865e+03
1.959809469157474496e+03
2.415897907097496500e+03
2.202191427536989067e+03
1.449628624295093459e+03
1.663542535117170701e+03
2.073647763877154375e+03
2.012420624526829442e+03
1.940371245826537688e+03
2.570428642402456262e+03
2.195526914530485556e+03
1.464187227137877244e+03
1.883916906291298801e+03
1.921297435500843221e+03
2.418540806024980611e+03
2.042961137270494874e+03
1.530889109573075984e+03
1.934138212761471323e+03
1.983156941161185387e+03
2.445087186704280157e+03
2.032556814618204726e+03
1.439612498337686020e+03
1.908887666808994936e+03
2.023560137913522112e+03
2.462582516010072140e+03
1.954982729822233296e+03
1.466286488693414412e+03
1.877795619052170423e+03
2.480394543064448953e+03
2.368069115561605940e+03
1.471238726320871365e+03
1.722792789811787316e+03
1.844551645024115260e+03
2.543145055812291957e+03
1.901140050163739943e+03
1.626612516283186096e+03
1.833720987781874101e+03
1.952830643989840610e+03
2.439667858841761699e+03
1.837767874039001526e+03
1.680368088017512264e+03
1.825817751483018810e+03
2.382878403752987651e+03
2.313621559407738459e+03
1.520071519234795687e+03
1.834574500925324173e+03
1.842388267496371554e+03
2.513362996575726811e+03
2.372216978060323072e+03
1.400362257635001470e+03
1.766440050553966785e+03
1.901183746237744799e+03
2.431519008877102806e+03
2.265142731199454829e+03
1.546143560368816679e+03
1.860724415141545933e+03
1.946827045401514397e+03
2.406615735545120515e+03
2.026913028874353813e+03
1.610020624319066656e+03
1.913152099357566613e+03
2.084921151746197665e+03
2.371616639210725225e+03
1.672520679516406290e+03
1.696742746102415822e+03
1.969001534197488581e+03
2.225413958908276982e+03
2.385921560701136968e+03
1.402997494957074878e+03
1.768838363975715311e+03
1.920508308294187373e+03
2.457908685520127165e+03
2.239500361708912351e+03
1.405721482629746106e+03
1.717565098059801358e+03
1.985258895390621547e+03
2.515990614534975521e+03
2.193210607651573810e+03
1.406086794593848253e+03
1.672752818331105118e+03
2.251863211717361992e+03
2.522405579124313135e+03
1.560355484273041611e+03
1.671915547955557940e+03
1.796207845998503899e+03
2.331805704820966639e+03
2.427821490470063054e+03
1.517811045382422662e+03
1.764538585214573004e+03
1.909492192793435834e+03
2.435484949893508656e+03
2.120265399909383632e+03
1.465823656266288253e+03
1.850744687239343193e+03
2.400565508367811617e+03
2.377509998837197145e+03
1.627957249160437641e+03
1.632080267755652812e+03
1.949162499945288346e+03
1.888765714309300165e+03
1.859170811208316536e+03
2.505915206909568951e+03
2.278408622065920554e+03
1.398781609604283631e+03
1.813948061426568074e+03
2.005203709662336678e+03
2.478528942360810106e+03
2.404968506670218630e+03
1.306084870964948095e+03
1.598353919116719226e+03
1.974761050519099854e+03
2.577759671126608282e+03
2.083183775465692634e+03
1.557218568530428684e+03
1.781807507928535642e+03
1.936204508715676639e+03
2.450065562992300329e+03
1.772084518882767952e+03
1.647630173855766316e+03
1.897658846185183620e+03
2.063773699137263975e+03
2.461707817649078606e+03
1.686486385922355794e+03
1.539775340770209596e+03
1.868101954045998582e+03
2.093414835934033817e+03
2.542018952153950977e+03
1.675315425199938545e+03
1.485804558822580475e+03
1.845052989425715850e+03
1.986964893793742476e+03
2.609797713176325487e+03
2.115482822409761411e+03
1.407061663748762385e+03
1.743849301106035455e+03
1.910715075051776239e+03
2.457204861947172958e+03
2.364898756499421324e+03
1.401370742391368822e+03
1.645320536856511353e+03
1.863102763525163709e+03
2.284777781183203842e+03
2.562117111200403087e+03
1.449181232450237076e+03
1.577167049583528751e+03
1.834316210790250580e+03
2.082613627982153503e+03
2.554978543644288948e+03
1.900002715779083019e+03
1.438747568373174317e+03
1.782801807853554465e+03
2.231903998212045281e+03
2.520977154633661485e+03
1.622885394192011518e+03
1.623777393969817922e+03
1.857366474269727405e+03
1.940672193391258816e+03
2.526594899108275513e+03
1.831727369993418733e+03
1.686110403369776577e+03
1.871547687976611542e+03
1.990593087560836238e+03
2.435280328974799431e+03
1.724755940216241925e+03
1.717032107936536704e+03
1.914370294185092462e+03
2.355826186464928014e+03
2.245412962115093706e+03
1.408864660498658168e+03
1.880564028493267642e+03
2.084457254335758080e+03
2.459207695839972075e+03
1.516254851698355196e+03
1.601851250499819344e+03
1.893314432817057195e+03
2.637136594709883411e+03
2.047374654205062598e+03
1.556885497509561446e+03
1.876473218215389352e+03
2.051173689511276734e+03
2.434337046101212763e+03
1.643643706557234509e+03
1.705377390204292169e+03
1.932907043470931740e+03
2.294936573895588481e+03
2.307991701379636652e+03
1.432322673830806934e+03
1.816123922386345157e+03
2.012742820763128520e+03
2.323853995905105421e+03
2.293239387426404846e+03
1.401858106220830450e+03
1.919320639947298559e+03
1.979097854475676058e+03
2.246662656436702036e+03
2.426462397488317947e+03
1.489991584227457679e+03
1.723738883624246682e+03
1.887963387128605291e+03
2.414805841340690222e+03
2.493830417088928243e+03
1.207894779954740216e+03
1.545166356947377835e+03
1.915441333018242858e+03
2.425472546903415150e+03
2.470727570549810935e+03
1.376730427709294872e+03
1.593376030637075019e+03
1.865415349087845470e+03
2.463654452944619607e+03
2.371736044415099968e+03
1.469424120071181505e+03
