2.192284268723793048e+03
1.086119799691731032e+03
1.810422332485382867e+03
1.962138152404890207e+03
2.246227316183318635e+03
9.962735411367187908e+02
1.819205218978148196e+03
1.830877457461300537e+03
2.177326753321947763e+03
1.127007955092745078e+03
1.785420130821012890e+03
1.831348420109915196e+03
2.151893180929493155e+03
1.305011635218251058e+03
1.597683099010636852e+03
1.752669133923797062e+03
2.084521699455007820e+03
1.574013889350301270e+03
1.436688554669979339e+03
1.745858332352737534e+03
2.087302893999076787e+03
1.832841034017259972e+03
1.320151792715954343e+03
1.678339963613771715e+03
1.884616371975308084e+03
2.159560747120299766e+03
1.263259421628659538e+03
1.583501707028777673e+03
1.846791002343072478e+03
2.188496231842919769e+03
1.328948999872530521e+03
1.494389377697708596e+03
1.850971125266671834e+03
1.748908399767934270e+03
2.065763552881294345e+03
1.617599964397938265e+03
1.391750885846798838e+03
1.694355499389169836e+03
2.200371435419420777e+03
1.979667363901659655e+03
1.242216562774759950e+03
1.639762821237967501e+03
2.046499768296409684e+03
2.158447229392505051e+03
1.207228097460778599e+03
1.651749693854172165e+03
2.023336989901737297e+03
2.149132335469902955e+03
1.181883925614023838e+03
1.565030645798829255e+03
1.787031693170172957e+03
2.178215050124840218e+03
1.954055477598104062e+03
1.206226239976787838e+03
1.686338307155046550e+03
1.845446908157020516e+03
2.217629731290180644e+03
1.280139763629988011e+03
1.404644710264162541e+03
1.834907354100636667e+03
1.794698556062613761e+03
2.333948537663543902e+03
1.369790433965563579e+03
1.382526973009327321e+03
1.690218764841268694e+03
1.825035914761770300e+03
2.133404462926572251e+03
2.078384086809093333e+03
1.164066094319656713e+03
1.635214008123602980e+03
1.757754676600207404e+03
2.213581037302349159e+03
1.621449070711588547e+03
1.351598426863916757e+03
1.616775932070693443e+03
1.872718310720395039e+03
2.272952376429699598e+03
1.316129194648231305e+03
1.425721960763181869e+03
1.878208518466158466e+03
2.233462939864047257e+03
1.226678578174739414e+03
1.686304849709387554e+03
1.908566893513007244e+03
2.228365055423926606e+03
1.213683264442479413e+03
1.526870854454722348e+03
1.808604799378451617e+03
1.856110994354887225e+03
2.173170446505959717e+03
1.216697388630966088e+03
1.568080295086643901e+03
1.720855392692533087e+03
1.900000148031220760e+03
2.180087029196555704e+03
1.233285350493539681e+03
1.562526068555233678e+03
1.717377148939462813e+03
2.123419444376520914e+03
2.048705940799896780e+03
1.167457842758867173e+03
1.715475306725454402e+03
2.037680329814231982e+03
2.094948778277321253e+03
1.303496942041135526e+03
1.450930621565251158e+03
1.776055021192581762e+03
2.222644187575260275e+03
1.494548480430157042e+03
1.448588130280063297e+03
1.781030879025731792e+03
1.682134895620003135e+03
2.140675804772063202e+03
1.568212369986297517e+03
1.794293264079924256e+03
1.403824996241460440e+03
1.848356870285222840e+03
2.156361885190462090e+03
1.462285351408569568e+03
1.440010792038642421e+03
1.729574705767623982e+03
2.211427995560521595e+03
1.592325473511536075e+03
1.339319831121282277e+03
1.709968245933361231e+03
2.244563084516033086e+03
1.928560316612019278e+03
1.242978054084414907e+03
1.591406909205799366e+03
2.149348950006902669e+03
2.073523072133690221e+03
1.207664156024173963e+03
1.683289046891117096e+03
1.864515626634457021e+03
2.304923563575969638e+03
1.441424924963380818e+03
1.444075684463415655e+03
1.765794171361258350e+03
2.094584680931462572e+03
1.654104667732741063e+03
1.404095244424458087e+03
1.722354222980568693e+03
2.027942050204481802e+03
2.078462967167982697e+03
1.234005633455729139e+03
1.674131323809164087e+03
1.992018987713396200e+03
2.237978179367296434e+03
1.151282752661657469e+03
1.497665804440096281e+03
1.803662359783141937e+03
1.882845268940379356e+03
2.278636257312673479e+03
1.242200642483604952e+03
1.440137040009247812e+03
1.695167217644473794e+03
1.725522376830778967e+03
2.218018987249124621e+03
1.834696476493627642e+03
1.251996519880687629e+03
1.640091411052726244e+03
1.993271349538708819e+03
2.165450858491444251e+03
1.194382986604680582e+03
1.637254196600717250e+03
1.720979168355547017e+03
1.713092683494837502e+03
2.279788406074005707e+03
1.526161233396549505e+03
1.393175220614884665e+03
1.663177882884062001e+03
2.039460781722778393e+03
2.207692013081479217e+03
1.125688613738710274e+03
1.613026771376731404e+03
1.775246060211554322e+03
1.749058310006817692e+03
2.110637481937302255e+03
1.780980087849095526e+03
1.360150827398736283e+03
1.623892383684951028e+03
1.887815603010756604e+03
2.308572593806249643e+03
1.144825090229637681e+03
1.508140389008341344e+03
1.712977612345592888e+03
2.053186138702308654e+03
2.242780580201547309e+03
1.138550510744507392e+03
1.501578398690913900e+03
1.832430585924478464e+03
1.800599209490841758e+03
2.095294103537855790e+03
1.583848849380102365e+03
1.393023143338600448e+03
1.735381213215581056e+03
2.108449427891252071e+03
2.165213307693796196e+03
1.144486876986557036e+03
1.610889746014966249e+03
2.156551875960401958e+03
2.099290453297738622e+03
1.133819475806081755e+03
1.716727650424812964e+03
2.039608335437410688e+03
2.166553870409255524e+03
1.084076578568764035e+03
1.651709101711648373e+03
1.740028190029043799e+03
1.862368630478308205e+03
1.801405242404725414e+03
1.686472158859921365e+03
2.359337174688618688e+03
1.093680637030221078e+03
1.594611624207044997e+03
2.028383969458686806e+03
2.205883330969775670e+03
1.184402370171786288e+03
1.673256509436023180e+03
1.916325588810145518e+03
2.216138284722877415e+03
1.149150389975314738e+03
1.634890067719682520e+03
1.754145460995456688e+03
2.153529938391696305e+03
1.766679193600590906e+03
1.298513384716890641e+03
1.592396747998185674e+03
2.139279359445451519e+03
2.186956969765518807e+03
1.055023619771603990e+03
1.623723354241590869e+03
1.717081150219082019e+03
2.137298867329828681e+03
2.175778892491221086e+03
1.181178382940001484e+03
1.624164661036794541e+03
1.767910184822010478e+03
2.184254613067049377e+03
1.689410524394082586e+03
1.354641689008848971e+03
1.703215167463092712e+03
1.698935135232892890e+03
2.166089517432322282e+03
2.075344289427951480e+03
1.153219171558110020e+03
1.623203485282563634e+03
2.117823050980806329e+03
2.124802555428864707e+03
1.320802669598441298e+03
1.449903930544442119e+03
2.174636954172829974e+03
2.165293362289954075e+03
1.197485366397168718e+03
1.556421933274539015e+03
1.897888773105186829e+03
2.268227575503511162e+03
1.385392292565850084e+03
1.430459787963891131e+03
1.701225225165934944e+03
1.800592761133343402e+03
2.214276787256745138e+03
1.484088225875108037e+03
1.469196932289896495e+03
1.651405409030287956e+03
1.734808789407468566e+03
1.819420806518021664e+03
2.239703472042645444e+03
1.623796012552840011e+03
1.324024968195334168e+03
1.643422512889343352e+03
1.734478897606278451e+03
2.357352944481637678e+03
1.514733943792108903e+03
1.312219746162315687e+03
1.717046860894364499e+03
2.041811867737613511e+03
2.150369491970169292e+03
1.204564278850950359e+03
1.605255914093916772e+03
1.868156988788485705e+03
2.193435488833079944e+03
1.225565264502977470e+03
1.579027990721276865e+03
