1.367008414449659085e+03
3.722126941619300396e+03
2.435183747959695665e+03
-4.815630594874534154e+01
8.271990838823234071e+02
3.756304473117912949e+03
2.470999906379704953e+03
-5.851452314010038691e+01
9.915422759602309952e+02
3.572438742944774276e+03
2.137873707609838220e+03
8.873154081280740968e+01
1.500356043638832034e+03
3.676148694178555616e+03
1.857254303450130010e+03
-2.766196398064827977e-01
1.236756808952611664e+03
3.628257144715881168e+03
1.448861364577973291e+03
-9.298780148252490108e+00
2.522261705576214808e+03
3.874180664900907232e+03
6.227377775841191578e+02
1.802465988974083757e+02
2.850617148830137012e+03
2.762822734064715860e+03
1.738828975861799506e+02
1.671892894160053856e+03
3.383973339964710703e+03
1.027609333622506256e+03
2.432627081762136925e+02
1.216560515110975530e+03
3.637825376841810339e+03
2.637406151678583228e+03
3.848091129894222604e+02
7.331970968587866082e+02
3.052975877680236863e+03
2.915712922283801618e+03
6.137302977480621848e+02
5.062267676436644592e+02
3.011545608942955823e+03
3.863578060666481178e+03
3.863369103778345561e+02
-7.095393102293446930e+01
2.465262830903055601e+03
3.970221929526047461e+03
5.513419987459175218e+02
6.915211886967645682e+01
2.812440606560828655e+03
3.271938809690363996e+03
4.200254649627322010e+02
7.749381334568561215e+02
3.117880635698952119e+03
2.411181744246519884e+03
8.851126918579619485e+01
1.859202311130024782e+03
3.785170988772111286e+03
1.134737021753307999e+03
-9.252586718620879935e+01
2.139035756391651830e+03
3.791459178997561594e+03
1.497735821490133958e+03
2.775159479007446066e+02
8.236556118816312164e+02
3.780866656953327492e+03
2.705372073613853445e+03
5.872579422814737171e+01
3.764361292041527349e+02
3.243663553191737719e+03
3.494187802273815123e+03
1.287036346594640577e+02
3.916831036240682806e+02
3.021820484035159552e+03
2.803110533610134553e+03
5.538384718216742613e+02
4.753738821598226991e+02
3.141427230351199341e+03
3.720042629383090116e+03
1.428890625800637508e+02
1.633762343028284363e+02
3.048688017256274179e+03
3.370894182757845101e+03
-1.965899892931238568e+01
1.191350484460733469e+03
3.957719518176130805e+03
1.064691005970312062e+03
-6.237672183395984149e+01
1.622615774803862905e+03
3.869350936579827248e+03
1.381672032623202313e+03
2.079619988118081153e+02
1.667710370534099184e+03
3.909864158082776612e+03
1.912991221718605175e+03
3.603674983780297225e+01
2.067503986028336840e+03
3.522624148206863993e+03
6.579324981582816463e+02
3.917223827657214219e+00
2.713777539498943952e+03
3.681647117425974557e+03
6.771613824703155160e+02
1.118013871278298410e+02
2.395363846078486404e+03
3.850746959251412591e+03
9.682613878672605097e+02
-6.120877690083550959e+01
2.144787270309236646e+03
4.049752323924076336e+03
1.352225459461713172e+03
-9.695089917792452638e+01
2.043140150302798702e+03
3.818078537240457081e+03
1.130800407884732067e+03
1.345415988415100799e+02
2.330767115715379077e+03
3.818275952004036753e+03
1.100873033844770134e+03
-7.278858320016482253e+01
1.641163740992899875e+03
3.785049282141417279e+03
2.289313569052175353e+03
-9.785736126806602542e+00
6.388222965197032863e+02
3.474324492367080438e+03
2.638272800967655257e+03
3.038634493203589386e+02
4.070472450880585029e+02
3.216765966155246588e+03
3.235217883013312530e+03
7.303887649917402314e+02
2.444520469418315542e+02
2.308813479515560630e+03
3.554337696633982887e+03
1.443297189694416375e+03
2.848977004868697449e+01
1.870592993161974391e+03
3.537532608026636808e+03
2.426692588349405469e+03
5.851319369974553553e+01
3.918248758277272259e+02
3.284810056338546929e+03
3.556037710656248237e+03
4.012287439713060166e+02
3.242387855031703481e+01
3.207921240785300142e+03
3.793062642812322792e+03
4.764986248673509408e+02
-7.226980314583323661e+01
2.039228393403906239e+03
4.037536914994417202e+03
1.071691792264520245e+03
6.374548341811952668e+01
2.539803989225501027e+03
3.890298265724297835e+03
7.541725076105195740e+02
-2.639117607680585564e+01
1.844346381184858274e+03
4.129246574497065012e+03
1.579610731715761403e+03
-5.121503839799644453e+01
1.033499083290696490e+03
3.868069562113345910e+03
2.177084027730428716e+03
7.184994549531957091e+02
1.222717744030096583e+03
-2.318671350052430569e+01
3.238711386043418770e+03
3.978958221088925256e+03
3.263672990179219369e+01
1.765558207559872130e+02
3.881087137027711378e+03
2.158523159567548191e+03
-1.279124877368093820e+02
2.266520825599190175e+03
4.034656450229663733e+03
3.999490232719990672e+02
-9.071169360441923857e+01
2.710374257399091221e+03
4.181270061281743438e+03
1.049952496144350334e+03
-1.002808981513443314e+02
2.356191927456174199e+03
4.140155408332557272e+03
6.852888587486852430e+02
-6.785211399605780969e+01
1.994055490673751592e+03
4.199254815378562853e+03
1.175500535485614819e+03
-1.080535431560084447e+02
2.415182291025347695e+03
3.795866886144321143e+03
2.433694763238969244e+03
-2.344142403685468423e+01
1.949207503911255230e+02
3.607863725017458819e+03
2.647367790697675900e+03
4.480970345192162974e+00
9.654769934393247013e+02
3.475095107445814847e+03
1.962470549658199388e+03
-4.932384417408987076e+01
1.623168043921054050e+03
3.771353089261630430e+03
1.389590214340935745e+03
2.484800878289094683e+01
1.974732892483948262e+03
3.887665351162494972e+03
1.420553349710295834e+03
-3.677414378133403261e+01
1.700670460127111937e+03
3.749025883167753818e+03
1.913668701501776468e+03
9.835669078502458262e+01
1.623039745048195755e+03
3.628059672371901797e+03
1.875963121708163271e+03
-2.152820870229970041e+01
5.164972473465577423e+02
3.515961215651867406e+03
3.414417302248721626e+03
3.739294865717952234e+02
7.138808992297511757e+00
2.636571994779786564e+03
4.098809385197805568e+03
1.187951313348740541e+03
-6.070066718531295891e+01
1.249063340931630592e+03
3.828580887882024399e+03
2.363646117092797795e+03
-1.896045481544106437e+01
8.987097505598069347e+02
3.907456108722651607e+03
2.342257186685771558e+03
-4.781761073665227002e+01
3.165915673999555224e+02
3.477678360129930297e+03
3.304825259708859448e+03
3.167143795775386366e+02
1.640815893804700352e+02
3.183988969896615345e+03
3.347467947885409558e+03
3.413763582718746648e+02
4.334522817512959136e+02
3.033382567659748929e+03
3.530841625660248155e+03
7.194592443292929147e+02
1.998499161853406463e+02
2.603677078409574278e+03
3.570451655896038574e+03
1.027748028797039069e+03
-4.089239037586084180e+01
1.773503025856302656e+03
3.924122812347278341e+03
1.684174357035681396e+03
-6.326975990506224434e+01
1.217762903067555499e+03
3.791096551095246923e+03
2.372773516762792951e+03
1.697738895570612954e+02
5.218714787151445762e+02
3.323926908966394421e+03
3.060260905238845680e+03
3.479859202553351452e+02
5.813940415210024639e+02
3.222217141821473433e+03
3.042452327436663836e+03
1.121351415973661915e+03
1.189276187207801058e+03
-8.836945282136683488e+01
1.839589595031844738e+03
4.179932049648245084e+03
1.504833200118753439e+03
-5.358101773705932658e+01
1.007042442779092767e+03
3.850793480028579324e+03
3.135516628918669994e+03
2.958046453387137831e+01
2.105737284504859588e+02
3.339761658243031434e+03
3.818331184031163048e+03
3.069929385484592217e+02
-3.493257611229552850e+01
2.597962680355731209e+03
3.717170141739467908e+03
