1.837356540356467576e+03
2.766270266401167646e+03
1.768897524829328177e+03
1.512569601367285486e+03
1.912337554665435391e+03
2.809675093985247713e+03
1.407746670725326339e+03
1.517384254847101374e+03
1.851608267549068159e+03
2.799402808915530841e+03
1.435186251201500227e+03
1.620565275113875032e+03
1.891228531652218408e+03
2.795148639753043426e+03
1.547230950114417737e+03
1.887896780293449638e+03
1.901036382502577908e+03
1.727887838645187912e+03
2.545553786070628121e+03
2.323293974031626476e+03
1.318489608690600107e+03
1.763765134173388333e+03
2.201623856116177649e+03
2.757779555484577031e+03
1.287893092718886010e+03
1.624677982560127475e+03
2.317514562046422725e+03
2.747581125192298259e+03
1.108925979072031396e+03
1.567493437452688113e+03
2.500064510405892179e+03
2.739733527421504732e+03
1.170829786789492118e+03
1.620635940097524099e+03
2.387969776509747135e+03
2.688184374205429776e+03
1.165093998684896633e+03
1.711111101031803400e+03
2.180355002347678692e+03
2.683753682227545141e+03
1.368423428440057933e+03
1.676253861993723149e+03
2.709247381527291964e+03
1.737366777398276326e+03
1.560191492317755319e+03
1.947119213473045193e+03
2.861572010974085515e+03
1.208904922650160870e+03
1.637966555870294997e+03
2.469390784937602348e+03
2.343760692602066229e+03
1.385827912484688113e+03
1.818107146162310300e+03
2.590375247876375852e+03
2.213575875279007960e+03
1.392801935039398586e+03
2.320472262256861995e+03
2.969688511867232592e+03
1.111839908655727641e+03
1.589315108180320976e+03
1.879440908025935187e+03
2.831529405407521608e+03
1.508013900045737955e+03
1.367216583185861282e+03
2.241761985288555479e+03
2.710967542196975955e+03
1.378399955059282092e+03
1.476942600222310375e+03
2.249415348636087856e+03
2.767442636093461260e+03
1.241011128744068174e+03
1.566369921521620427e+03
1.869593910406774057e+03
2.773571156192991111e+03
1.682794190968007115e+03
1.469045484977293427e+03
1.888467494856676467e+03
2.829763570385077855e+03
1.527284359239178912e+03
1.770250162226720931e+03
1.807572838730671037e+03
1.601253001832091968e+03
2.885218259810550535e+03
1.307173608063337042e+03
1.613394048943714097e+03
2.307720217779269660e+03
2.741378611359605202e+03
1.194906550599533375e+03
1.656845806268529941e+03
2.792362471261407336e+03
1.460077258362672410e+03
1.478692702495410003e+03
2.881529972253073538e+03
1.886765391336961329e+03
1.335383875624055918e+03
2.108759652943652782e+03
2.775578227691910797e+03
1.108738144580002199e+03
1.708591739181810453e+03
2.832174984733415840e+03
1.816041886903235081e+03
1.563583315648927510e+03
2.059871024743253201e+03
2.892657088541062421e+03
1.215950263381249215e+03
1.506565375831121855e+03
2.361630199274168262e+03
2.713444667354674039e+03
1.098473769559983111e+03
1.726981787860767099e+03
2.668257349962389071e+03
1.626807235354797285e+03
1.580319723052845802e+03
2.075714441833676119e+03
2.877409371645916963e+03
1.086098644243701074e+03
1.687359256110088381e+03
2.895461663460589079e+03
1.571955364286984377e+03
1.459027758916879293e+03
1.759223076110955617e+03
2.677837344952049079e+03
2.056439366046663054e+03
1.501681844697032147e+03
1.799446917245462828e+03
2.327269690668170824e+03
2.419360676730303567e+03
1.506405777223268160e+03
1.763670708531827813e+03
2.454595228662026784e+03
2.184048898976622240e+03
1.511961080852730447e+03
1.754927603026241968e+03
2.676710268660842758e+03
2.049227412056728554e+03
1.475584823625970330e+03
1.733678610751304404e+03
2.712308337043347365e+03
2.461162857344950226e+03
1.199693442236273086e+03
1.688251436388810589e+03
2.319677956061583245e+03
2.897955702068818027e+03
1.450837285736564127e+03
1.447126720479042660e+03
1.893631985206866375e+03
2.747379041956824949e+03
1.773333619812612369e+03
1.379489762869491415e+03
1.664125487957951691e+03
2.820151975631978530e+03
1.887645355872752589e+03
1.293951573019083526e+03
1.921519166738895137e+03
2.839371483360166621e+03
1.526877516857130558e+03
1.392831225047732232e+03
2.106807353734893695e+03
2.848699489682995591e+03
1.304733555629969715e+03
1.490620606880786681e+03
1.956472435700879259e+03
1.904420785337338202e+03
2.052703984562144342e+03
2.954153027600478254e+03
1.221908888639120050e+03
1.627532620100752638e+03
2.668472459785622050e+03
2.426565433055956419e+03
1.185970574276548177e+03
1.778810576780543670e+03
2.913307556585492421e+03
1.716806066788557928e+03
1.330562604289358660e+03
2.529703596338093121e+03
2.449708665361099065e+03
1.164721033564412892e+03
1.804406397731078869e+03
2.875105477876909390e+03
1.221827258252659476e+03
1.586755198297227935e+03
2.559922341557397885e+03
1.621664519028224049e+03
1.650906359875461249e+03
2.230099531784660030e+03
2.800563260118410199e+03
1.136646077919947402e+03
1.795509073075211973e+03
2.852330245473678133e+03
1.692526213861209726e+03
1.400845887931953939e+03
1.887483605129339367e+03
2.891608379326342856e+03
1.333603135299309770e+03
1.495881617461028327e+03
2.352742083836209076e+03
2.704248702665625842e+03
1.078889093898776991e+03
1.730871235061141078e+03
2.745369089081025322e+03
1.658452259726622970e+03
1.470781014706773703e+03
2.036295239932638424e+03
2.793248802703391902e+03
1.507464938910982482e+03
1.749585003512917865e+03
1.832281367946947967e+03
1.626945672335675681e+03
2.709619523047332223e+03
2.299870885496522078e+03
1.194510783193361704e+03
1.748000743055653174e+03
2.807400434239135848e+03
1.927029333141427969e+03
1.391092633835000242e+03
1.770386953974364133e+03
2.833352990027008673e+03
1.836890812411990737e+03
1.318451453781324517e+03
1.764169328296537515e+03
2.660490632505603571e+03
2.065698015081587528e+03
1.261305774999563255e+03
1.838945117426942716e+03
3.016398592082218784e+03
1.621400688766230587e+03
1.346821310202946052e+03
1.909166416009743671e+03
2.957208058224223805e+03
1.240608806802120625e+03
1.464984024684169526e+03
1.894071184471761399e+03
2.867087913923918222e+03
1.328395616920198108e+03
1.604650690345074963e+03
2.115946426451406751e+03
2.906103604564680154e+03
1.085699547431674773e+03
1.695591658894063130e+03
2.663965553821812136e+03
3.064182597601151429e+03
1.000219225418693327e+03
1.452824506542204972e+03
1.995420239342026207e+03
2.771519182170471140e+03
1.138968580874667396e+03
1.685562099614126737e+03
2.182913549625234282e+03
2.709804017537052459e+03
1.206558787585136315e+03
1.790814601106757209e+03
2.167563574655730463e+03
2.647456908567301070e+03
1.246190447854074137e+03
1.779077989356488843e+03
2.401650819304760716e+03
2.442408570845091162e+03
1.345260641315796875e+03
1.830826966834972382e+03
2.517027023954281503e+03
2.292880394488150614e+03
1.349717349626633450e+03
1.776815122838100024e+03
2.691437380608691456e+03
1.983436615112730124e+03
1.440761668701744156e+03
1.884455936335206161e+03
2.823064631181907316e+03
1.177155815925921161e+03
1.673930733210358312e+03
2.398509106948386489e+03
2.910217333187569238e+03
1.011546989134503860e+03
1.558345226473031971e+03
2.404567560105541816e+03
2.847370686841109546e+03
1.287381466401459420e+03
1.418327358702501442e+03
1.876899373975064009e+03
2.789849945309211762e+03
1.745235138594691989e+03
1.406325516811996749e+03
1.732885174956283663e+03
2.552433207614427829e+03
