2.352082837339628895e+03
2.348926437265148252e+03
2.320578771631128348e+03
2.286355994014392763e+03
2.220042065177347922e+03
2.250000219208833187e+03
2.242105712275755195e+03
2.205887143834534527e+03
2.153067484804664218e+03
2.129797214524527590e+03
1.545847179579315480e+03
1.167787913220340442e+03
4.131804119418244227e+03
2.515790473524084973e+03
-5.219652195291112662e+01
6.766596316609981159e+02
4.046600118816536451e+03
2.699238082123707500e+03
2.537434846145355039e+02
9.594344386187497093e+02
4.014271491463797702e+03
2.092181706033461978e+03
5.500186696633647898e+02
1.259441829339043807e+03
2.910498674320112968e+03
2.978013327690887763e+03
1.097308147991950364e+03
1.574504410760841893e+03
3.321296327161017416e+03
2.499808073816383512e+03
9.629240958303570324e+02
1.717596060206617267e+03
3.532348656881683382e+03
1.739884887206389749e+03
1.099245342076959332e+03
2.076351942874150154e+03
3.585700599850644267e+03
1.871729109649591692e+03
9.000004793875639280e+02
1.688431128254174610e+03
3.433369168127054763e+03
1.468082683391036653e+03
1.146704143878561581e+03
2.619092173261663902e+03
3.011215761429720715e+03
1.246127126083810253e+03
1.374553373376949367e+03
2.731311604403334059e+03
2.720088237152562215e+03
1.009725773029338143e+03
1.910674113459120690e+03
3.323227990765630693e+03
1.298808178095084486e+03
1.353737026688015021e+03
3.247835226496637461e+03
1.641628472297153394e+03
1.081488402804773614e+03
2.669549241924912621e+03
2.981012389507222451e+03
1.881399122231364800e+03
1.966723045626047224e+03
2.012769653060649034e+03
2.185752512829607895e+03
1.435131263929210263e+03
1.872098508039350463e+03
2.816278170873035378e+03
1.419012889086829091e+03
3.566630249092227132e+03
1.864503925356493937e+03
1.594933344231882074e+03
1.828804906540198999e+03
2.174236785814220639e+03
2.054004075489179286e+03
8.911825565163519514e+02
1.077257609468479814e+03
3.879428172556858044e+03
1.622481401209564183e+03
6.053021046886730119e+02
2.253586422648506414e+03
4.000564332860360992e+03
9.337018772981981556e+02
9.268155433717813594e+02
3.313269857787558976e+03
1.815665347857416009e+03
1.001210776858583358e+03
3.148852817774610230e+03
2.098244819437219121e+03
1.213482801090358180e+03
3.116528210194258918e+03
2.147297955400033061e+03
7.825528361236417823e+02
2.962701376868317766e+03
3.071528873412891699e+03
5.874963388713842960e+02
2.167641141006058660e+03
3.564692663589893527e+03
9.919147257673095055e+02
1.024241358907466974e+03
3.287953506568815101e+03
1.955360852489834997e+03
9.075602115729956267e+02
2.998155235894173529e+03
3.000024424082360383e+03
7.243551551952667751e+02
1.982494554166526314e+03
3.506288990169239696e+03
1.134787439769044113e+03
1.018293644516331597e+03
2.827980652967860806e+03
1.861446363375172496e+03
1.398553739798113156e+03
3.102833876500142651e+03
2.134894732848507829e+03
9.506575576936814969e+02
2.599790063622859179e+03
2.898601802387209318e+03
1.051643738081593938e+03
2.271851197683988630e+03
3.182184576603804089e+03
1.069258024028029695e+03
1.626415450377082379e+03
3.217760585029964204e+03
1.949447851988354842e+03
9.022736607339052171e+02
2.505420948412027428e+03
3.230817811168041771e+03
1.651561184446971765e+03
1.868944883649888880e+03
8.177674261602933257e+02
1.702619629893325509e+03
3.679487368248055191e+03
1.535061808592218085e+03
8.330766472436940830e+02
2.421485203034428196e+03
3.774461905841681528e+03
1.136989334821309512e+03
7.979764994884184262e+02
2.976223510428771988e+03
2.958595353222025096e+03
8.262929675588080727e+02
1.732653247631853219e+03
3.650479193657071846e+03
1.565630708263634006e+03
1.043471891745796711e+03
1.950992439525745340e+03
3.346792964255161223e+03
1.953192668913300849e+03
1.801375486957467501e+03
2.009600786838349450e+03
1.562461889787663949e+03
1.380533924854083125e+03
2.981997324443389971e+03
2.911016807523951229e+03
9.955825808118058831e+02
2.105715831978284314e+03
3.490306744524973965e+03
1.611011776566729623e+03
1.802862841299359843e+03
2.145420739124747342e+03
1.819931650255182376e+03
1.399514787552655434e+03
1.816598031669496322e+03
3.729903443261695884e+03
9.446297647748909867e+02
7.612675453493162649e+02
2.957134721797103794e+03
3.389230575188136754e+03
7.167971527852530471e+02
1.471452371831822120e+03
3.764831106811893733e+03
1.339577225518233035e+03
9.047750232038199556e+02
3.200509616843221465e+03
3.046106624965298124e+03
4.233039494789596233e+02
1.655268491174498649e+03
3.924192703234674809e+03
1.486921457590742875e+03
1.772836875637869753e+03
1.427390765096710311e+03
1.026895685029292508e+03
3.535477276984292075e+03
2.280846491762796177e+03
3.901808898634965317e+02
2.950806212445556866e+03
2.971167734747179111e+03
7.992261312731577618e+02
1.852691194550713135e+03
3.736647220223522709e+03
1.272907346420915246e+03
9.391156886891874365e+02
3.410539418319903689e+03
2.706987887472984767e+03
5.214696718141588008e+02
2.228800911904604618e+03
3.587784351082475496e+03
1.065504403949233165e+03
1.025757111401771908e+03
3.431264210393836038e+03
2.478701936564104471e+03
1.699139755901756189e+03
1.884681627989344406e+03
1.976936822025630818e+03
1.953384624032531747e+03
2.203621711521562702e+03
1.053768346240793107e+03
1.077222718448758542e+03
3.800488016256706942e+03
1.930702157428865121e+03
1.361637459568430813e+03
2.165719132573814022e+03
2.210547894389449539e+03
1.123283257616593801e+03
2.487304755549144829e+03
3.708706048099118561e+03
1.932793003247668821e+03
1.962270345703826706e+03
3.591578968250263415e+02
1.719256420193713211e+03
4.191486895306888073e+03
1.616901332053799024e+03
2.477412632537443926e+02
1.581534934277176035e+03
2.319009757290407379e+03
2.215657668191150151e+03
1.882735213245157638e+03
2.603166734138112588e+03
3.993557530037413471e+03
1.639929887251877290e+03
1.795994089926783772e+03
1.730171054542734055e+03
1.758552859874237811e+03
5.538994358115181740e+02
2.393938080228188937e+03
3.333687064067567007e+03
2.031559847886607940e+03
1.786053951234734768e+03
1.810381843051541637e+03
5.566824612883607415e+02
2.660801095496311063e+03
2.831858254222452160e+03
1.963605328074772160e+03
1.980424199317190642e+03
2.377371321239388635e+03
1.510051024275590407e+03
8.708935879420497486e+02
3.104225726530702104e+03
3.594389157919337322e+03
8.354070205063712820e+02
9.206165400588133707e+02
2.588203797754618336e+03
3.759464699327687867e+03
1.083964522682518009e+03
9.518584395765248019e+02
2.831128336192183724e+03
3.538055760393171113e+03
1.659685148969285137e+03
1.867546101614316512e+03
2.234193252756396760e+03
1.213019760368882771e+03
1.144748364698033356e+03
3.173056081521394844e+03
2.339692114011559170e+03
9.966511455291337143e+02
1.850519818971545646e+03
3.271055499359506484e+03
2.584471096908954223e+03
7.200493336480260496e+02
1.978203808933191794e+03
3.717515273519294624e+03
1.226148049274478581e+03
9.401334412084949008e+02
2.638738135158179830e+03
3.683693904242802091e+03
5.781551275015726787e+02
1.385085220763418647e+03
3.253198438183675989e+03
1.310720080452963430e+03
1.335292740560500079e+03
2.848096530730755148e+03
2.974093557334855177e+03
1.656072274867789474e+03
2.043407004159476855e+03
2.202839235001624729e+03
