1.140185631718296918e+03
1.270045557956497078e+03
1.749804198903373845e+03
3.126961981664201630e+03
1.453747455023619068e+03
9.566912742210304259e+02
1.110136120360205950e+03
3.173864536857675375e+03
3.619462175725488123e+03
5.338324849560636949e+02
1.209777076568062597e+02
1.150052133180617375e+03
3.334056337143436849e+03
2.170843584125692360e+03
9.116676838879462821e+02
7.858214224049454515e+02
3.291821564692786069e+03
3.620418494755627762e+03
9.602576369729929411e+02
6.464205978000350115e+02
1.190875603581743917e+03
2.977239529923057034e+03
2.871812402934378042e+03
2.345149984130011376e+02
9.567559234568818738e+02
2.625317360912330059e+03
2.453333410400386128e+03
8.259474743016726279e+02
9.396781527703707297e+02
2.892287550452152573e+03
2.112161933394080734e+03
9.260147468498175840e+02
1.678659874869826353e+03
3.294463374677919546e+03
1.164029842698863604e+03
4.162975845519671338e+02
2.212375931810092425e+03
3.131529360208273374e+03
1.437578943078074190e+03
6.202841526186499550e+02
1.253561191671547704e+03
2.960167112808815546e+03
2.451047772295947652e+03
6.740991738372297277e+02
6.305402599707712170e+02
3.093251153378694653e+03
2.144595497594733843e+03
7.064697536520820904e+02
1.417777672825834088e+03
3.003698029121374930e+03
1.818231081129530594e+03
7.879602879370686423e+02
1.399945088611588289e+03
3.008741972355897815e+03
2.035393670681889034e+03
2.161206111165874972e+03
3.895157287996286414e+03
4.181917391402679641e+03
4.313497732973140728e+02
2.023276544008559164e+00
-2.516750346843064889e+01
7.201522296082838466e+02
9.262703598928484325e+02
1.401496568674786886e+03
1.748194633640133816e+03
2.054049485306687984e+03
1.712027780056884694e+03
1.486472981059554058e+03
1.944961862165822595e+03
1.986071902361441744e+03
1.739700573511092216e+03
1.610657551956343923e+03
1.752499846622325322e+03
2.545644958757356108e+03
1.327192047506884137e+03
1.535112882501635340e+03
1.472659252811638908e+03
2.612194687883758888e+03
2.134980012276248999e+03
8.988902792691364994e+02
1.337366162825315541e+03
1.555418369363479769e+03
3.067638787227993362e+03
1.430278471544647118e+03
1.225260238501742379e+03
1.870137960394014726e+03
2.713131911475367815e+03
1.056206646341007854e+03
4.866453017357080171e+02
3.275928297688883958e+03
2.795435098382755314e+03
1.010130717220620227e+03
1.062570402881915015e+03
2.629073704795229332e+03
2.500853519573080121e+03
2.676276513700913142e+02
6.465497911068576968e+02
3.511817422218210140e+03
3.150001693371737019e+03
7.142870720633552537e+02
1.295566537839668626e+03
2.675548162965415486e+03
1.622421269302397377e+03
9.170335995925954649e+02
2.329039798591687486e+03
2.367802184033192134e+03
7.306013044424441887e+02
7.078943697853882213e+02
3.097767439877830839e+03
2.036271541525445173e+03
8.344438722042913241e+02
2.009205127695766350e+03
2.726582820143453773e+03
7.392449169632327539e+02
2.470232186788218769e+02
3.356551939481268164e+03
2.923334475832643420e+03
3.068192185459338361e+02
-9.282108636984986560e+01
3.953431620166898483e+03
3.679746525513110100e+03
1.073669259489446858e+03
-6.371448784785072483e+00
6.506394719786235328e+02
4.198320752527923105e+03
2.182940081445869964e+03
2.543621133063192019e+02
5.850131511439223004e+02
3.537939010054350547e+03
3.304672202674532855e+03
7.525048036707581787e+02
1.543841287651220227e+03
2.815839894743658078e+03
1.208018047938312066e+03
9.448047251526641048e+02
2.040861296971438151e+03
2.840088938987953497e+03
5.570439947738175306e+02
7.711618227372750880e+02
3.440843612912461140e+03
2.481381842018217412e+03
4.936875076431970797e+02
1.007581309702392787e+03
3.084937483342565429e+03
2.988439847323770664e+03
1.152028401904527072e+03
1.008234840207058596e+03
2.214918153912209618e+03
3.168384764219436875e+03
1.116609569401144881e+03
7.658508357542665408e+02
2.344477056627742968e+03
2.670018908811421625e+03
8.717435193897240424e+02
8.658184806527247019e+02
3.001132484177082915e+03
2.380133340956759639e+03
4.606615537936055489e+02
8.387719713237659107e+02
3.084014478753401818e+03
2.998524201974173593e+03
5.117463920097149526e+02
5.277577042969403465e+02
3.226126411888782286e+02
3.455115759986236299e+03
3.136834425696804374e+03
9.187141303093691249e+02
9.945121624303943690e+02
3.187791232507807308e+03
2.331087826201925964e+03
8.340197841922453108e+02
1.628561841993646340e+03
2.930568571043822431e+03
1.420057409204943042e+03
7.488403722652807346e+02
2.133276696949061716e+03
2.857855406722599128e+03
1.167784419696812392e+03
1.097704065035650046e+03
2.551974633081982120e+03
1.534592897462980090e+03
1.096007105566037126e+03
4.044133036469043873e+03
3.356965112031990429e+03
2.614895798506302640e+02
4.827701895788630395e+02
8.031980222090276129e+02
1.341241827729113993e+03
2.126138032933121394e+03
4.087035565950994283e+02
1.312145846360219252e+02
3.379781779189977897e+03
2.672764067350137339e+03
8.882370145493531481e+02
5.237666530507952984e+02
2.541960038034977515e+03
3.253556305710616925e+03
1.179181376682792916e+03
1.101908690626639100e+03
2.654450075983791066e+03
2.949056126091795250e+03
8.205334761267287149e+02
8.804773920697376752e+02
2.616976952287261156e+03
3.005640261228974396e+03
7.938149789908140974e+02
-9.024943937150777629e+01
2.403849354666523141e+03
4.065548618094253470e+03
1.339155894630704552e+03
2.626217929097138040e+02
1.357802303442536413e+03
3.981714782353215014e+03
1.807871489085630174e+03
3.274702076385638065e+02
5.294901490102417938e+02
3.812586344751047818e+03
3.350925790577191037e+03
8.608762254830455731e+02
7.569024625849434074e+01
3.954769220117145210e+02
4.023608044467154286e+03
3.000536512345383017e+03
6.550215212365602611e+02
5.610291743778579985e+02
1.759426586894322099e+03
3.424347957365619550e+03
1.480137417303931443e+03
8.945326560109064076e+02
1.812699491081993301e+03
3.327768206565894616e+03
1.667748678632111933e+03
7.512422638379514410e+02
2.372131178857245231e+03
2.891185505868541895e+03
8.106739270949202592e+02
3.713684592781134484e+02
2.891441170692769447e+03
2.432191626198307858e+03
9.332599641457871940e+02
9.712335675478456665e+01
3.293861704834715965e+03
2.546553188062739082e+03
7.429279100302720735e+02
1.191010154587430634e+03
2.778354268393740767e+03
2.374375159018899467e+03
5.939914856040093127e+02
1.317941774045773400e+03
2.986421733838121781e+03
2.202650692185610296e+03
8.108828074129899051e+02
7.520744035586893688e+02
3.348339762554566278e+03
2.259748878880442135e+03
8.051689782970246370e+02
8.641658159522207825e+02
2.532821577303192043e+03
3.020384855526725914e+03
7.538934886549565135e+02
6.030906339779864993e+02
2.645890310164259517e+03
3.007165900672645421e+03
1.002743364223085791e+03
6.914611009978939364e+02
3.103934607306499856e+03
2.861272509721830374e+03
6.809557057874148995e+02
5.416957941581697469e+02
1.556724637614887115e+03
3.154961783124646445e+03
2.306335430136944069e+03
3.192785646017564432e+02
9.627626225981950938e+02
3.187604401597764081e+03
2.454190667791967826e+03
5.303285991266722021e+02
7.350097986281582507e+02
3.324093129455657163e+03
2.560622680781217696e+03
1.160756892271837444e+02
9.489326959432847843e+02
3.565354354668619635e+03
2.326486445864659345e+03
5.811221148511849606e+02
