1.331986454365601730e+03
1.734895827937981267e+03
2.755428281215926290e+03
2.564392415314790014e+03
9.764412741530113635e+02
1.284346587127282419e+03
1.950399766617815430e+03
3.000443063175394400e+03
1.491950393955505433e+03
1.075362941781175550e+03
1.565678916967724035e+03
2.686673762709789571e+03
2.524958997500159512e+03
9.918058575630270752e+02
1.332054115396974566e+03
1.804865548296580300e+03
2.329134670283994637e+03
2.839195198828949742e+03
1.195022773524978220e+03
1.288350356266793142e+03
1.905038604258202668e+03
2.973303739319629130e+03
1.651262814887486002e+03
1.063584200735599552e+03
1.507806264601074417e+03
2.714797138641425136e+03
2.106587108102070943e+03
1.153956094140313780e+03
1.386477619758880337e+03
1.921113063794375421e+03
2.845168521573451471e+03
1.780027069069240042e+03
1.143407253782870612e+03
1.444334891020445639e+03
2.182489112671996281e+03
2.944263239878035620e+03
1.510317688683093593e+03
1.041555698237515799e+03
1.542477151208236364e+03
2.183907355503410599e+03
2.855480025037152700e+03
1.728568919744600862e+03
1.053920175054543279e+03
1.471655456199812534e+03
2.391037281557070401e+03
2.878531523347093753e+03
1.297926260555791714e+03
1.045245240378845438e+03
1.475016660593492816e+03
2.414809556122355389e+03
2.816440082085518952e+03
1.356188148175111564e+03
1.191725835688460847e+03
1.605980391654459254e+03
2.138040702332576529e+03
2.807425814670214550e+03
1.409537700387360474e+03
1.118600946994007245e+03
1.751824577073417686e+03
2.942920496641149839e+03
1.993369269727907749e+03
1.026969788324429601e+03
1.371988821669115396e+03
2.167385272342779444e+03
2.902175999482376938e+03
1.495836836471847391e+03
1.113233694623952260e+03
1.529164525842554212e+03
2.774505302102214046e+03
2.297633589918962116e+03
1.048575767196718061e+03
1.283327397855229492e+03
2.187261323777635880e+03
2.930102001935499629e+03
1.447758665660579254e+03
1.159349516645339236e+03
1.479360314505998304e+03
2.429083342645284574e+03
2.837762684067598457e+03
1.241641392242624988e+03
1.320668213146990411e+03
1.921953279132159651e+03
1.786571952346981334e+03
1.568290908442177852e+03
2.019496199475549929e+03
3.118366598740512472e+03
1.506228200692500877e+03
1.100085867124590095e+03
1.543908764963992780e+03
2.121185729153687134e+03
2.936470576896671446e+03
1.369364636145658551e+03
1.205563605908728505e+03
1.485715962745236538e+03
2.184440099803741305e+03
2.864025410305063360e+03
1.559413339457822076e+03
1.173841492077535122e+03
1.431281824964131147e+03
2.443323203549181926e+03
2.751097808892485773e+03
1.182510916699167410e+03
1.226405690945445031e+03
1.730314726901912309e+03
2.886990892828072447e+03
1.823841321190082908e+03
1.071619699527653438e+03
1.489714015172694872e+03
2.684155896082823347e+03
2.586921609188938419e+03
8.836002331570989554e+02
1.292774461587756832e+03
2.128088288186695991e+03
3.009937471247274516e+03
1.463870562753799049e+03
1.007257667192596728e+03
1.527977985248703135e+03
2.478010198525670603e+03
2.619810488230744795e+03
1.154485630632940911e+03
1.313552769470498106e+03
1.882340535822249876e+03
2.904510222225088910e+03
1.777222808993219815e+03
1.075845573123076747e+03
1.475353283068339124e+03
2.076882745175401851e+03
2.905099855295439284e+03
1.596200124108549289e+03
1.128398634094806312e+03
1.496040285600152401e+03
2.200073974488509521e+03
2.968896983647734032e+03
1.466588857827097399e+03
1.054567527902274605e+03
1.596186793083459179e+03
2.335506667637388546e+03
2.789176234190792002e+03
1.245720226703022718e+03
1.254125500832294392e+03
1.913706056390296453e+03
2.906067558425827883e+03
1.870314108969153040e+03
1.108073704722647790e+03
1.400276261111577014e+03
1.835747551175318904e+03
2.923392798516491439e+03
1.996793656865212370e+03
1.045936906293108223e+03
1.295375806298858834e+03
2.282705967767868060e+03
2.770428181664596650e+03
1.416198651571152823e+03
1.249667029638397480e+03
1.803358330627499299e+03
2.853756496649438759e+03
1.692697497582610822e+03
1.096002443436460453e+03
1.454187661620904692e+03
2.386204412952452913e+03
2.631801350842187276e+03
1.291376815812087443e+03
1.672247189387022672e+03
1.682521176689143431e+03
1.499942255403285571e+03
1.698610754087995474e+03
2.944804247185571057e+03
2.178459269928178401e+03
1.011684516634545275e+03
1.338205824776796362e+03
2.430304706037107735e+03
3.070160160749946954e+03
1.184316493692155746e+03
9.690604136635569148e+02
1.523791687763932259e+03
2.729975593167452189e+03
2.711076886674101388e+03
1.006802588084739000e+03
1.145119371526331406e+03
1.850915710995519248e+03
2.916927972816481542e+03
1.597482173792810499e+03
1.132597718816732140e+03
1.511819072270533979e+03
2.689270614410153485e+03
2.441330686673930813e+03
1.117997097202606938e+03
1.342933278466197862e+03
2.265132362988398654e+03
2.883392009958799918e+03
1.219927054255327448e+03
1.144586078598351378e+03
1.816839166875001865e+03
2.865081128957450801e+03
1.835521129965084810e+03
1.127758543157244048e+03
1.381717926404206992e+03
2.072789818597609610e+03
2.796124352742760948e+03
1.516284375597550479e+03
1.287123840445870655e+03
1.612661582332480521e+03
2.603437919539872837e+03
2.424735380347067348e+03
1.001962811202008311e+03
1.383468567200167627e+03
1.743677817227268861e+03
2.853174202210323983e+03
2.279984548736254965e+03
9.766190374097482163e+02
1.396458516109865741e+03
2.170197597701969244e+03
3.031726663738604202e+03
1.313544365646354208e+03
1.010953244831413826e+03
1.558367466189207335e+03
2.679770932962311235e+03
2.512765603183444000e+03
1.035833907017604361e+03
1.369004028035922374e+03
1.736343619970576810e+03
2.668022133633865906e+03
2.376639729515515683e+03
1.172745239380436942e+03
1.325082578009442841e+03
1.847753603567448863e+03
2.764775219813605872e+03
1.575136415123804909e+03
1.260106283707612192e+03
1.842778391159367175e+03
2.857069406580559644e+03
1.781517276441571994e+03
1.067180796737877017e+03
1.482046801109705484e+03
2.326061005384136024e+03
2.784011301737605208e+03
1.327541166847601289e+03
1.194538557863072811e+03
1.702451645947942552e+03
2.629711598805100493e+03
2.029765123453455772e+03
1.146447044730648486e+03
1.470619886852927493e+03
2.477536957597857509e+03
2.402249498088964174e+03
1.087418545105539351e+03
1.393869287638501191e+03
2.434019539532367162e+03
2.822490794171218567e+03
1.231386614154067274e+03
1.177448698532372418e+03
2.171450210113484900e+03
2.907343986097836478e+03
1.305496516244297254e+03
1.137917741749274683e+03
1.796818728574393845e+03
2.811093925237245003e+03
1.889310760298762943e+03
1.021127660701165155e+03
1.456097997688114674e+03
2.066881528421961320e+03
2.842757086805429935e+03
1.774406348576648725e+03
1.112802813449009363e+03
1.443603320447266697e+03
1.768665550361942906e+03
2.846408948200050418e+03
2.341733462720998432e+03
9.275813940282172325e+02
1.311400283676474373e+03
1.918170649115455717e+03
2.963326135852327752e+03
1.846182058866529815e+03
9.833682617945784159e+02
1.437848130579951885e+03
2.095330094300931705e+03
2.922034998936549982e+03
1.481370806700945650e+03
1.186150302717583372e+03
1.549520905240475940e+03
2.232819413281747075e+03
2.853844744983045530e+03
1.361877390734238588e+03
1.186636088756027220e+03
