1.786302047868985483e+03
2.003623458779442217e+03
2.434683297884893818e+03
2.673707682497324640e+03
1.379134427006541955e+03
1.763227014579467095e+03
1.966701703392734316e+03
2.720609130519876544e+03
2.360862166535342112e+03
1.347189170713015073e+03
1.785958679790290262e+03
2.149329328308313052e+03
2.687036430277065392e+03
1.734055072344083783e+03
1.648914669828215665e+03
1.891036406128335329e+03
2.129692671723768399e+03
2.968234762153280826e+03
1.666771952137155040e+03
1.462518946706394672e+03
1.871453638489069363e+03
2.771957054446983875e+03
2.168625671835041430e+03
1.392449642445919380e+03
1.782987170831058393e+03
2.555254466713092370e+03
2.760274940577035977e+03
1.278618228053992425e+03
1.669705255696851737e+03
2.043532596721545360e+03
2.941615118366408296e+03
1.604447927403994754e+03
1.487020855878086650e+03
1.848295574930917610e+03
2.833613675925141706e+03
2.317985737100730148e+03
1.312496573537788208e+03
1.703750125752389067e+03
2.314194865507056875e+03
2.946293560035663177e+03
1.404919665308113053e+03
1.537951345920308768e+03
1.931919588225724965e+03
2.930255979336003747e+03
1.743881650280400663e+03
1.474128832372506395e+03
1.834814576725604411e+03
2.743785714168815048e+03
2.153696442903498337e+03
1.392126169767360807e+03
1.839989749326460242e+03
2.903635418251210922e+03
2.050593594099062102e+03
1.286195732919249622e+03
1.824543350304451451e+03
2.734057997636628443e+03
2.672021696763186810e+03
1.200304855611629364e+03
1.640771515397693520e+03
2.624598496495757445e+03
2.879578305711395387e+03
1.278132055262432232e+03
1.520538084569450803e+03
1.843602099809177389e+03
2.797422303040521001e+03
2.684420135520098484e+03
1.397462878894624737e+03
1.586675801886068257e+03
1.934314562497070938e+03
3.018178928834763155e+03
1.961000584140606861e+03
1.350264082996440720e+03
1.743272281047451997e+03
2.577533528292530718e+03
2.807432124843358451e+03
1.295070498020042351e+03
1.601770971303298893e+03
2.207374813934788563e+03
2.897403863748827462e+03
1.447958925332951821e+03
1.561390151633434016e+03
1.897988252007941355e+03
2.864130880301137495e+03
2.261250388418508010e+03
1.401859148734581822e+03
1.765754107425909069e+03
2.014098906222149026e+03
1.831212615819273651e+03
2.620016173977784092e+03
2.844394024443713533e+03
1.404229613377581927e+03
1.521614331266276849e+03
1.864706164080470899e+03
2.687890197614210592e+03
2.675734781962949000e+03
1.313467245945084414e+03
1.672682303971529336e+03
2.108456093665612570e+03
3.033482025919868647e+03
1.417289106377158987e+03
1.570164556054903414e+03
1.997495873360738415e+03
2.967780136990217215e+03
1.702509310356146898e+03
1.397977848475828978e+03
1.873342880097187845e+03
2.424061778636736108e+03
2.940842930991071626e+03
1.217113183870098283e+03
1.662464945303370314e+03
2.296129048405624872e+03
3.037803288952807179e+03
1.333316223392599568e+03
1.522117016357508192e+03
1.928857429205601420e+03
2.919506561387543570e+03
2.230454735583052297e+03
1.267792732600389854e+03
1.734632040561724807e+03
2.899696247007278544e+03
2.414755136532759934e+03
1.150538803089177009e+03
1.739572803787128123e+03
2.687601791107415465e+03
2.809298140084580155e+03
1.216145416988242005e+03
1.590955336818595242e+03
2.710529732518981746e+03
2.416541449560332694e+03
1.171171754694773199e+03
1.758655385304878337e+03
2.966009194671250498e+03
2.031666338430961787e+03
1.237423470654967332e+03
1.817450353726205321e+03
2.960320879746563151e+03
2.223920038558205306e+03
1.240139725602020917e+03
1.729696251027598919e+03
2.780291326204376219e+03
2.484409955548012022e+03
1.267222555808407833e+03
1.721676990278724588e+03
2.497191427270968234e+03
2.944386412786760502e+03
1.415181451638501358e+03
1.477905788386894528e+03
1.850570233146963574e+03
2.867440252452213372e+03
2.562772512103710596e+03
1.273226273867709324e+03
1.613529805021638822e+03
1.901750758093724244e+03
2.946468061036642212e+03
2.151002028474063081e+03
1.382934495217878293e+03
1.935620583545656473e+03
2.098911502062314867e+03
2.877812456080575885e+03
1.297305755913473604e+03
1.496219301217589646e+03
2.681316193861107422e+03
2.844279851168407276e+03
1.230285104967562575e+03
1.570407320835461405e+03
1.943558570747090016e+03
2.996490210266970735e+03
2.022332211943454240e+03
1.282620430108458095e+03
1.770539927893924414e+03
2.133474056394628406e+03
3.049121875483249369e+03
1.538887839176738680e+03
1.447786490686377419e+03
1.852080382624272488e+03
2.794254688245191574e+03
2.499622824696753014e+03
1.250271556292370633e+03
1.717111506702653287e+03
2.042035104819239450e+03
3.026798087929675603e+03
1.957019600081808221e+03
1.251369857510108204e+03
1.787955920674313120e+03
2.874608692812663776e+03
2.290416901354457877e+03
1.336939461009967317e+03
1.728324381210715728e+03
2.264204977898607012e+03
3.095777205890935420e+03
1.440961129791164012e+03
1.448744417685898497e+03
1.863971185393108726e+03
2.942564921206802410e+03
2.249490942030896804e+03
1.231363187534324197e+03
1.742501624740353691e+03
2.649752879008329273e+03
2.866507505050110012e+03
1.215315502849537552e+03
1.567215736189999006e+03
1.986441230451621777e+03
3.095357844563361596e+03
1.780164678633817402e+03
1.290673913267505668e+03
1.940307609261188190e+03
3.129630888113495985e+03
1.730305275729917639e+03
1.259322961512712709e+03
1.788583733922101146e+03
2.759452796610688893e+03
2.889518101122276221e+03
1.146059703048110123e+03
1.576718823379553896e+03
2.166362088877186579e+03
3.107695495828137155e+03
1.483897955357538422e+03
1.400312089769419572e+03
1.812815307353791013e+03
2.824596885734350963e+03
2.708713061168438799e+03
1.233527052976775394e+03
1.590446259526179801e+03
2.165080460667328225e+03
3.146485290716332202e+03
1.459654476585991688e+03
1.390213948859415041e+03
1.820646168686707597e+03
2.919170541622920609e+03
2.425145813376764636e+03
1.193786214569353433e+03
1.681117558858612028e+03
2.603485832986968035e+03
2.812914175393804271e+03
1.230270848682392170e+03
1.560265430850921121e+03
2.327640040030020373e+03
2.993461353980814692e+03
1.517127601233125006e+03
1.431756605294786823e+03
1.882285503313133404e+03
3.038298379641353222e+03
1.746226847803475039e+03
1.380128548446367176e+03
1.808918009097994172e+03
2.970940411704866165e+03
2.021847416067134873e+03
1.322430077913476907e+03
1.781095089202923873e+03
2.628635981386988533e+03
2.872513695329148049e+03
1.212938168179939794e+03
1.606908662023810848e+03
1.995092927715223595e+03
3.035578477130382907e+03
1.703550014863463275e+03
1.392171524002825436e+03
1.855537347920300590e+03
2.964317879341798289e+03
2.152867951740092394e+03
1.260775375218050385e+03
1.752394679027594748e+03
2.939283342923742111e+03
2.077132189090687007e+03
1.251907722123041594e+03
1.755314340154656975e+03
2.853880103676819999e+03
2.604660545629496028e+03
1.037930759767370773e+03
1.692512521922287078e+03
2.952362696967051761e+03
2.391040642537681833e+03
1.112696005588595426e+03
1.720916409188561602e+03
3.113182701325014477e+03
1.889474444949463759e+03
1.275682026134178159e+03
1.791955715677257558e+03
2.789531028349059852e+03
2.777688895409434281e+03
1.144870819173667542e+03
1.617730834319536370e+03
2.499360356476745892e+03
3.097521505679326765e+03
