2.013093860453948082e+03
3.586214759042637525e+03
2.520567711652204252e+03
1.112890422959831540e+03
9.786424267157835857e+02
9.890718221987432344e+02
1.829593979618170579e+03
3.338356893860611763e+03
2.002314997747931784e+03
8.736853102434204175e+02
8.306617181199134166e+02
1.224819286061428556e+03
2.781899315997575286e+03
3.567772338798049532e+03
1.440586708902969576e+03
1.136623252306290169e+03
1.251340503772290958e+03
1.636963369850654544e+03
2.693224905735416087e+03
3.064438372016497851e+03
1.586000200457703841e+03
1.450392812207181578e+03
1.572250357814738663e+03
1.751714549499663008e+03
2.933801107535014580e+03
1.887482708867253223e+03
1.161519987410185877e+03
1.220819294248968845e+03
1.894560405160094660e+03
2.963581932905288795e+03
1.647341148656029191e+03
1.329306861160423978e+03
1.423682683742233621e+03
2.083485635390921288e+03
3.104035851631707828e+03
1.382465847739335004e+03
1.079374606065385024e+03
1.241260870783661630e+03
1.630857697065706589e+03
2.388179077983033949e+03
2.411078953295705560e+03
1.432660399839286811e+03
1.475621663486473608e+03
1.488904700672920853e+03
1.661644875066316217e+03
2.146352367684068668e+03
2.554497700289511158e+03
1.480150831662434030e+03
1.408784835265219272e+03
1.674858630971383718e+03
2.242544823031616943e+03
2.034893981626885989e+03
1.358486615909772127e+03
1.566051023799087716e+03
1.449997198596821590e+03
8.114035898945739973e+02
2.295349156501151811e+03
2.917578329031582598e+03
2.077134699951489893e+03
1.361012120431938229e+03
1.536660888200879526e+03
1.855079490958986980e+03
2.296170242082288496e+03
2.148231705519555362e+03
1.489940840840964484e+03
1.595320706328851657e+03
1.643926606828937111e+03
2.405545807704237177e+03
1.777924975312447714e+03
1.421225738389896833e+03
1.394975832330556841e+03
1.053737144201632645e+03
2.035877201461194090e+03
2.706497147325902461e+03
1.866968442318722055e+03
1.260119637296161727e+03
1.325574114736708452e+03
1.548397905150897031e+03
8.145096889703471561e+02
8.507201978591590432e+02
3.131562440894785141e+03
2.732561695511035396e+03
1.717439666483511473e+03
1.562285141436036611e+03
1.624920613305961524e+03
1.551425083512910305e+03
2.433488692369216096e+03
2.844193763441678584e+03
1.705761329277892855e+03
1.186623685576909565e+03
1.263260194912750876e+03
1.849751416754741967e+03
2.795785985393443752e+03
2.138881113178949818e+03
1.152095514847809909e+03
1.446438324351347774e+03
1.420795561590597345e+03
2.472011175611904036e+03
2.726911398598585492e+03
1.185279191886946137e+03
1.098538873068889870e+03
1.236714155079996317e+03
1.206809701432188376e+03
2.666760584522595309e+03
3.060899972926863029e+03
1.395509255871894538e+03
1.038561219748585700e+03
9.389046953109124161e+02
9.824938818447850508e+02
2.358398783773974628e+03
3.314682967333081706e+03
2.371593485636251899e+03
1.133438082009706932e+03
1.232751797103536546e+03
1.463705165453556901e+03
2.811420812201562512e+03
2.883686138156759625e+03
1.715319006148745302e+03
9.227882852116322283e+02
9.025074937004760613e+02
8.127863440688830678e+02
1.363982004005863928e+03
1.687306720070106167e+03
2.193593528305722884e+03
3.672278933490053532e+03
3.108726792396359087e+03
1.015473126265139058e+03
1.041540171180928382e+03
1.186441624455862666e+03
1.150721051795437234e+03
2.650244470961422849e+03
3.578873863018841803e+03
2.321537947351604544e+03
1.223032517895088176e+03
1.143050618620667592e+03
1.358344279948716576e+03
2.389228189887330700e+03
2.742194096878198252e+03
2.329036751299066509e+03
1.135002528310717253e+03
1.514625929805224359e+03
1.491192616681451000e+03
1.721129774120664024e+03
2.043803762519031125e+03
2.174649964013924091e+03
1.570576443754330512e+03
1.614226307189799854e+03
1.916477136733991074e+03
2.012490901011251253e+03
1.855326448250283875e+03
1.602333588916996177e+03
1.553046214831365432e+03
1.963631332863486023e+03
2.398520341083702988e+03
1.820345366856264263e+03
1.348308011815960526e+03
1.377246165858044606e+03
1.805676407819591304e+03
2.449988371291355179e+03
2.842372323438427884e+03
1.103001837854349333e+03
5.109206477799410777e+02
7.618442627465550459e+02
1.091909861715857232e+03
1.348124865880123252e+03
2.883457044112870335e+03
2.852637197904183722e+03
1.966882710601686085e+03
1.401573080940647287e+03
1.462615875385153458e+03
1.578966795500270791e+03
2.552787848151779144e+03
2.680240626524381241e+03
1.698149528718276997e+03
1.294332398575101479e+03
1.246583082212897125e+03
1.188150466027496577e+03
2.681349791856780939e+03
2.682418648033701174e+03
1.669563660778066151e+03
1.064478240560539234e+03
1.129167105980531915e+03
1.923635331316753764e+03
3.194115566444701926e+03
2.311311529544946552e+03
9.429176396371408373e+02
1.082484209647707985e+03
1.005674443446017904e+03
2.134987854231208075e+03
2.940208818278896615e+03
2.337348638004938948e+03
1.262679113250944965e+03
1.221269304845495526e+03
1.333993163994171255e+03
2.810477841992023968e+03
2.565552272836790962e+03
1.336439115482460238e+03
1.214762153357810121e+03
1.418167539625445215e+03
2.137019117278783142e+03
2.613879562946292481e+03
2.051925790143171071e+03
1.267583966866245191e+03
1.187514617110289464e+03
7.939400818152421380e+02
1.739375078600336337e+03
3.151653089804375668e+03
2.447738878142629801e+03
1.354912183858267554e+03
1.270705602696268897e+03
1.422936359932917412e+03
1.840873663869146640e+03
2.598850502396150659e+03
2.261522823322407476e+03
1.405767470397606530e+03
1.496778162297161543e+03
1.466568903822517541e+03
1.934056795577073672e+03
3.020857932518524194e+03
4.047752887222340178e+03
3.186634925476234912e+03
1.533209406102110961e+03
4.698526553980521925e+01
2.160910012208642854e+02
7.441952569820823555e+02
1.045444984503641535e+03
1.563270990655734295e+03
1.544580505944139077e+03
2.178934656559046743e+03
2.497535920885436553e+03
1.581239995498012831e+03
1.568514788324944675e+03
1.506111353269155416e+03
1.604771958639185641e+03
1.998243015221740961e+03
2.514936975480348337e+03
1.589073401456920465e+03
1.514419988605899334e+03
1.633646440337092599e+03
2.104234626666513577e+03
2.576621089333605141e+03
2.004728751442656858e+03
1.782866524221224836e+03
1.639993713801733520e+03
1.558995511139188238e+03
7.344347846531042023e+02
9.265318967117599414e+02
2.281481514066209911e+03
3.641858861910983705e+03
2.496177353113346726e+03
1.014285733540121214e+03
1.507921602150733634e+03
2.221937953409898000e+03
3.070076410568428400e+03
2.597044036011131084e+03
1.259087214179093053e+03
1.503578234419367618e+03
1.538895159543998261e+03
1.994152762196858248e+03
2.406943612577585100e+03
1.548233985323554407e+03
1.282171514160884044e+03
8.545830195648476320e+02
1.039962118770926281e+03
2.554258743645677441e+03
2.967765029432320262e+03
1.493050795362851431e+03
9.983490852629422534e+02
9.566657013230876601e+02
1.156269368701661733e+03
2.263319121531647852e+03
3.052744622865636302e+03
2.849390106989802007e+03
9.749050967869098940e+02
7.429915940119972220e+02
6.865897431621625628e+02
5.646329478425517436e+02
2.143133347143740593e+03
4.117585785744545319e+03
3.023128566342430986e+03
1.070851588720860718e+03
9.867277048694642190e+02
9.216899874370044472e+02
1.855193060350930409e+03
