2.017529905634266242e+03
3.130293361008178636e+03
1.348422645886446389e+03
9.235815515782834382e+02
2.372242595984717354e+03
4.034003668727567856e+03
1.879050977311386760e+03
6.411946225697400905e+02
8.456005606979593949e+02
2.567078134921045148e+03
2.708550897237180834e+03
9.275214402655713002e+02
9.134919753174215202e+02
2.185550004021609311e+03
3.198858569598999566e+03
1.438373383506878099e+03
1.093348397127629823e+03
1.235504758661896403e+03
2.840544010274217271e+03
2.956639689350119170e+03
1.278764014429503050e+03
1.118568164442887564e+03
2.647771570454342509e+03
3.664901817526813829e+03
1.314668201301671161e+03
9.535102433835432976e+02
1.464148893209353218e+03
3.245440228851022312e+03
1.963036355706101858e+03
1.106134883622206871e+03
1.241392654164983014e+03
2.723193180157233201e+03
3.429133289104184314e+03
1.224438841072139439e+03
9.513924078522070431e+02
1.175977367635279734e+03
2.638990114489386997e+03
3.577783161911710977e+03
1.595571733955147693e+03
1.074704268050438259e+03
1.116134403823756429e+03
2.451056975963733748e+03
3.305375646469192361e+03
1.343707952578903360e+03
8.902576718562581846e+02
2.694388801216910906e+03
3.432836943891308238e+03
1.029595582788939510e+03
1.023841213807718304e+03
2.963425951564463048e+03
3.377584162294315774e+03
9.261419574646579349e+02
5.651959791020309467e+02
1.673672998147094631e+03
3.453418197217416946e+03
2.858484150168580527e+03
7.575242525438851544e+02
5.388152646430793311e+02
7.271988993158563517e+02
2.031796003113912775e+03
3.397522750801023449e+03
1.920724187503644544e+03
9.915117641123005114e+02
1.131360207823645624e+03
3.108522128803501801e+03
3.470781291692322156e+03
1.514434714025253015e+03
6.224814145132943395e+02
1.020083254797479754e+03
2.895032927145588019e+03
2.358983745784526491e+03
1.050472181938894664e+03
7.333584013182836543e+02
2.459664303943757659e+03
3.487685761839838960e+03
1.563502853677441408e+03
6.478807630113308278e+02
2.169673182844728672e+03
3.578823549497887598e+03
1.556512411373923669e+03
6.682690535852029825e+02
7.684513777477591248e+02
1.994687603561545075e+03
3.424107174485133328e+03
2.034996270630253775e+03
9.248646028937689607e+02
2.251572099846409856e+03
4.137530679990242788e+03
2.060772836668707896e+03
4.236087544182901183e+02
5.852194247089001919e+02
2.462246721922194865e+03
2.452680661657481778e+03
1.029550026914051841e+03
1.086868432415240704e+03
3.031360642029322662e+03
2.801330779902184986e+03
9.307334922432662552e+02
8.094982653624662134e+02
1.340544674781840058e+03
2.736688760387155980e+03
2.168807325808318183e+03
1.056050830821702220e+03
2.865838710643497052e+03
2.957175133752906731e+03
1.191392937352399031e+03
9.711478811438339562e+02
2.314158040241797153e+03
4.055503345212786371e+03
2.415074857303663521e+03
8.547579138349931327e+02
6.842411712390135108e+02
2.005658950580090732e+03
3.038080164338164195e+03
1.343515720311106179e+03
7.898515408018146218e+02
1.996496439258536611e+03
3.430490958405830952e+03
1.575393607279139815e+03
8.285484351573741151e+02
1.964612479078095930e+03
3.922228496852892476e+03
2.433547687378821593e+03
6.290622496404304229e+02
7.635228137825079102e+02
2.671612508482515750e+03
3.391702225058611475e+03
1.054887124567360615e+03
7.081322762633781167e+02
1.741983545845717799e+03
3.124579901484381480e+03
1.421564897345662530e+03
8.524567985663961736e+02
1.188918664669366308e+03
2.744287963953243434e+03
2.567355071407027935e+03
1.145036271963067293e+03
1.203128368077171672e+03
2.618914642665137308e+03
3.074628994111197699e+03
1.311672855771490276e+03
1.012210603689174263e+03
2.087498756958256763e+03
3.534958118147832010e+03
1.765815653614480880e+03
9.072106709460468892e+02
1.969411705917633299e+03
3.651230520177672133e+03
1.989857454032236319e+03
9.275201394333955704e+02
1.958925504478093444e+03
4.046103677691732173e+03
2.619275420076854061e+03
3.327387301104468520e+02
2.394669309056501163e+02
2.024708696007046910e+03
2.775290307507210400e+03
1.256779334744468770e+03
6.346920741061450144e+02
2.748730807688636560e+03
4.071709475770213430e+03
4.054382417127993904e+03
3.327128692719497849e+03
8.856852060759381118e+01
2.852133398774165052e+00
-1.551814016987073108e-01
6.793898533007539098e-02
-4.395026476984899233e+00
1.536236684265845724e+02
1.675047163578845357e+03
2.731426226697550646e+03
8.943937257447857974e+02
8.599930192299179907e+02
1.085727377883400095e+03
1.308577740686573406e+03
3.208805139153235814e+03
3.257028560316739004e+03
1.188163230087429838e+03
1.219564775954801917e+03
1.729031080154950587e+03
3.770158953856481730e+03
2.406642737098250564e+03
1.278222640498576084e+03
1.431649142475270992e+03
3.099493313647021751e+03
2.911305834256638718e+03
1.375617563247519001e+03
1.235758899431734790e+03
1.608739390772418119e+03
3.339223034130887754e+03
2.552091678218015659e+03
1.268214867161724442e+03
1.298152187523236762e+03
2.033199221713022325e+03
3.496720109194001907e+03
1.769080472756680138e+03
1.309234635887034983e+03
1.494047412194926210e+03
3.032221946346734967e+03
3.481328803097847413e+03
1.491852410377894557e+03
1.153663859921980247e+03
1.402278631108586751e+03
3.045602536375138243e+03
3.655806607973328482e+03
1.411615866306373391e+03
1.067315672931633571e+03
1.783625594030366983e+03
3.280501157871756732e+03
1.770543710900486531e+03
1.080777949894018548e+03
1.390950482422045752e+03
2.964756183622101616e+03
2.666245089043967255e+03
1.170345671235476402e+03
1.210815549960525459e+03
2.824301604242556550e+03
3.965871185095753390e+03
1.586873450341332955e+03
7.961003452333200130e+02
9.100554241106547124e+02
1.893332114981967152e+03
3.267875231239594541e+03
1.658411639199357296e+03
1.022162389276424051e+03
1.277213688095268026e+03
2.743578024146713233e+03
2.685629312922802910e+03
1.161454651528257955e+03
1.073710391566571161e+03
1.981189564697933065e+03
3.542160978386868919e+03
2.098636596788052429e+03
9.980397823834771316e+02
1.114566059877549606e+03
2.667617733390767171e+03
3.323407282139475683e+03
1.325316272430625759e+03
9.595221085375465009e+02
1.364849012034051839e+03
2.867568825244117306e+03
3.027494232211565759e+03
1.239919159865278061e+03
9.965733467856134666e+02
1.443635981846199229e+03
2.980470910496773286e+03
3.252345181744187812e+03
1.381663466715633604e+03
9.224945917982751098e+02
1.205402466146635561e+03
3.146218113225279012e+03
3.095442609057763093e+03
1.110483437319370069e+03
8.947517196094192968e+02
2.224726094184063186e+03
3.573955271154569800e+03
2.584500901934182821e+03
7.194244361536621000e+02
6.735790247534448554e+02
2.490523607370743775e+03
3.053370553143912730e+03
8.898757020571348448e+02
6.285059298105630887e+02
1.461261903015825965e+03
2.982725766477483830e+03
1.993295223690364992e+03
8.256302607479150311e+02
1.110780336673846477e+03
2.783517715125466111e+03
3.263831410201874860e+03
1.129851279512405654e+03
8.534218529220796654e+02
2.619978147564874689e+03
3.616299531351102814e+03
1.353825675121191125e+03
6.880325761074803950e+02
1.892671219755352467e+03
3.614199628048918385e+03
1.837444948491210653e+03
7.727109009966244457e+02
9.591228652915652901e+02
2.702921678631535087e+03
3.787468527186118536e+03
1.641168567412468747e+03
