3.533437527723441690e+03
8.082092754351924668e+02
1.030905889583332055e+03
2.816834057809508522e+03
2.891293141425732756e+03
7.845654746354322242e+02
1.417368035563086096e+03
2.852890605578857958e+03
2.146788670062701840e+03
1.125977486850833884e+03
2.517244656250041317e+03
2.960625745375574297e+03
8.591716133422153234e+02
1.503713492540294965e+03
2.813318110880538825e+03
3.979410977813489808e+03
2.475169663419093524e+02
9.305941363731978981e+02
2.736745132511202428e+03
3.532295934479173866e+03
3.833694080319435216e+02
1.434662147771620766e+03
3.554182621934520739e+03
1.567194689963811470e+03
6.809648364526043451e+02
2.720097879481130349e+03
3.288644245004915774e+03
5.634838105641682660e+02
1.245414327015281060e+03
2.981526369999507097e+03
2.459108567717712049e+03
1.032939566306149800e+03
1.684724853007658112e+03
2.866909452436693300e+03
1.823701958117889717e+03
1.160917206918295506e+03
2.754325947480009745e+03
2.676807083027159933e+03
1.186167085544308520e+03
1.410765715212791292e+03
3.169929272266896533e+03
2.319982945584683421e+03
7.598820281654116116e+02
2.235543675623035597e+03
3.408157783948428914e+03
8.601929823587597639e+02
1.140290420157634344e+03
2.812919263089780998e+03
3.442701369455015993e+03
7.044509566883100433e+02
1.167061935250149418e+03
3.056227469316003408e+03
2.401809502478743070e+03
7.425133012482945105e+02
1.795240350028863304e+03
3.450300268328717721e+03
1.161045051949652589e+03
8.550358966514758094e+02
2.220880089583500194e+03
3.268807268423251116e+03
1.089612095045064734e+03
1.318636303958572398e+03
3.292142103248044350e+03
2.374548420076198454e+03
6.741568731843560727e+02
1.405947336935748353e+03
3.207808464963489314e+03
2.275098880963672400e+03
8.596648242369964237e+02
2.106575319046835830e+03
3.187799609747564318e+03
1.037362126223462838e+03
1.294885608058646994e+03
3.048035404229613050e+03
2.743610069305830166e+03
7.472915381782881923e+02
1.401006674457182271e+03
3.189063673455067601e+03
3.180891906036096771e+03
4.344367248171777192e+02
1.222772184252703255e+03
3.319475380553135892e+03
2.784044986537367549e+03
7.030026486959991416e+02
1.353503679030124204e+03
3.338726401188263935e+03
2.267996702527832895e+03
7.467644584388617659e+02
1.661784270232273911e+03
3.468378330060440476e+03
7.982130270215765222e+02
1.070946323630785400e+03
2.901698163097167253e+03
2.743861616161857000e+03
8.222080794067359193e+02
1.290481143050365063e+03
3.286139499194729069e+03
2.227235178527698281e+03
7.345036218765209242e+02
1.947248956284308406e+03
3.555144521341923337e+03
9.872131179658575775e+02
1.055408914440269427e+03
2.702368460495900308e+03
3.238590367252408669e+03
8.259103298679968930e+02
1.145314028585642973e+03
3.041005009196642277e+03
3.088476211325126769e+03
5.636234071204137308e+02
1.349750281649155795e+03
3.313105624278390223e+03
2.006263453848924655e+03
7.675856512292922389e+02
2.262974702908434665e+03
3.494187288129716762e+03
8.017298923714242846e+02
1.102732141229599620e+03
3.162531471493051868e+03
2.531183372096020776e+03
5.714944308356259626e+02
1.588563897972700261e+03
3.461208522288588028e+03
1.897729264514901615e+03
7.911668247149617628e+02
1.560983942251726148e+03
2.944626357470167022e+03
2.932919781075061110e+03
9.080747243280177372e+02
1.425295702755769526e+03
3.055896432856708088e+03
3.537485685105408265e+03
6.966166104947849362e+02
1.099696813288029716e+03
2.362595565547222577e+03
3.338829309850782010e+03
1.100933539404771636e+03
9.081698930484781158e+02
2.159783959475862048e+03
3.173071160942830375e+03
1.173377217861739382e+03
1.193731968856690173e+03
2.564387781861498752e+03
3.217342320001665939e+03
9.913854537223347734e+02
1.195975010496152208e+03
2.805816874740985440e+03
2.792599017340723094e+03
9.645769022214501547e+02
1.206773587690311388e+03
3.133004180415196515e+03
2.516438684199860745e+03
8.888196500038774275e+02
1.453257344631958404e+03
2.934819808631611977e+03
3.135783391695012597e+03
9.187586807330020520e+02
1.040124837485101125e+03
2.983729470811198553e+03
2.838464465749425472e+03
8.564001607622981282e+02
1.069681746962154193e+03
3.438631002038518545e+03
4.110256077519204155e+03
2.319291946693519151e+02
3.126283093193890181e+02
2.113366560602298250e+03
3.357833068519000335e+03
9.585284936168735612e+02
9.854602063562285821e+02
3.265739029000620576e+03
1.949665448965867881e+03
7.893633324649175620e+02
2.448860405694328620e+03
2.924110444578522220e+03
9.269991000760119277e+02
1.400954774109097116e+03
3.358370069146264996e+03
1.862454203162021713e+03
8.817346468476407608e+02
2.215508658684054353e+03
3.309817861931497646e+03
8.027329557447028492e+02
1.149921987431549496e+03
2.953462105128017811e+03
2.399337482332324726e+03
9.250534596958580096e+02
1.750183184492487953e+03
3.359326297022746985e+03
2.031625977669886424e+03
9.322250095874635463e+02
1.493536704637620460e+03
3.071072810246299468e+03
2.264441726273082622e+03
1.003007185939763758e+03
1.704953159663668202e+03
3.248327808573291350e+03
1.201779930719888398e+03
1.126443192361880620e+03
2.593625756550794449e+03
3.165584387924416205e+03
9.354669826108615780e+02
1.279098019755350606e+03
2.634739082659938504e+03
3.578400913377273355e+03
7.904363182923333397e+02
8.332605586447647283e+02
3.311402654997177251e+03
4.126514280625216998e+03
1.532037420959118208e+03
-6.048842013543160334e+01
8.980863394605578378e+02
2.366750623257645657e+03
3.921034821366262804e+03
1.436922668808403159e+03
3.625925071329755269e+02
1.564063255231745643e+03
3.338974242631437392e+03
2.014655635638117246e+03
1.298953631979928787e+03
1.540395886614112896e+03
3.236715301098639884e+03
2.187905226028355173e+03
7.968885580324645161e+02
1.518550344520249837e+03
3.267348409570027798e+03
1.360130824611619346e+03
1.265954729649137562e+03
2.759773061644297741e+03
2.538945307398909335e+03
9.898561702936272013e+02
1.872062899072844402e+03
3.220298471731723566e+03
1.211587750267620095e+03
1.088278692239360225e+03
2.702100961858946903e+03
2.775307980376035175e+03
9.934011031647766004e+02
1.474394186743062619e+03
2.959653870718888356e+03
2.533789957200777735e+03
9.121136808514421546e+02
1.829215695824194881e+03
3.292561780188369539e+03
1.430714864952529979e+03
1.131964879540473021e+03
2.292626287270568355e+03
3.473431778401157317e+03
1.114160105402658246e+03
9.587306482366810769e+02
2.310057882440031335e+03
3.844419137049816527e+03
1.070560758318021271e+03
5.859119679517928034e+02
2.341102132570768845e+03
3.551083912269828033e+03
5.382213235582887592e+02
1.102924752223121914e+03
3.199093566813015514e+03
2.732199293282445979e+03
4.940155772725831298e+02
1.392332775799912270e+03
3.258393567545672795e+03
2.814998035152964803e+03
7.010412998364101895e+02
1.266100762119557885e+03
3.093729193796352774e+03
2.993317040487964732e+03
6.766736341714592982e+02
1.429927013326182077e+03
2.909073293096336329e+03
2.656448314360151471e+03
9.669737541131620446e+02
1.448215933004739554e+03
2.919747352665609014e+03
2.128598048926498905e+03
1.007293825096349110e+03
2.012907131523458247e+03
3.411916838523593924e+03
1.717580771018572477e+03
6.796754800088239108e+02
1.388216743669261405e+03
3.140201571152738779e+03
2.544014222170518678e+03
