3.203501882919741092e+03
1.440035700406628848e+03
1.065813888777038073e+03
1.520713987724136132e+03
3.364305086290401960e+03
2.915624610867997490e+03
1.343879735025474474e+03
9.561181418741380185e+02
1.528863154371882047e+03
3.161004938962050346e+03
1.979730548723806123e+03
1.346696804576662771e+03
1.557090097498041359e+03
2.664794919812992248e+03
2.284831366226377668e+03
1.584546376088513171e+03
1.573332747152819366e+03
2.984804093701559850e+03
2.423484195857325176e+03
1.423240565750689484e+03
1.292435523725591111e+03
1.598730214241672911e+03
3.051406653459825520e+03
2.543252069045137432e+03
1.403982561138644769e+03
1.198875138669175612e+03
1.552847380066418737e+03
3.190761892880747837e+03
2.633806482599524315e+03
1.344061830358052703e+03
1.110116711207179833e+03
2.072789022236413075e+03
3.326509998322060710e+03
1.596513110152646050e+03
1.038112712971011888e+03
1.808755498872003272e+03
3.646173827688870915e+03
2.279747897940595976e+03
1.204838866669925210e+03
1.130172180457050217e+03
1.830385888003319906e+03
3.274232157695576916e+03
1.840199966398833340e+03
1.261177786553924079e+03
2.039311984335530042e+03
3.037621372461366718e+03
1.595257059305328539e+03
1.274018910587869186e+03
1.625824522240825672e+03
2.515856428303025496e+03
1.933167210887834926e+03
1.640211135329208673e+03
2.082902193208452445e+03
2.562931323636066736e+03
1.724494360230037273e+03
1.493461137611341201e+03
2.425868449779420189e+03
2.365427013145203546e+03
1.595034572455151192e+03
1.469947816433910020e+03
1.840818936084192501e+03
3.327389278970692885e+03
3.158144885521022843e+03
1.358150016740711862e+03
8.750777171174100886e+02
2.050422975181578295e+03
3.915137304517269513e+03
2.182094574688204375e+03
8.193073381847221981e+02
7.420173443489967440e+02
2.508531542844293199e+03
2.943952395259900641e+03
1.257972068126201748e+03
8.541129420013116942e+02
2.496986975796070510e+03
3.437678924603509131e+03
1.584941836980269500e+03
9.410993461222404903e+02
1.322687568147680850e+03
2.004153083438304748e+03
3.620099251438883130e+03
1.867347256304331495e+03
1.121203081546554131e+03
1.124177108602115140e+03
2.978994315422532964e+03
2.937426023729225108e+03
1.326919998499377471e+03
9.639458347493953170e+02
2.214385617752542657e+03
3.670231582054497721e+03
1.547964059161866317e+03
1.106967238630813881e+03
1.345879910790361464e+03
3.170900973964285186e+03
1.974600858377546047e+03
1.180266656920747891e+03
1.664516019759191067e+03
3.450194943812607107e+03
3.245446065625954816e+03
1.093545451454716385e+03
7.735643565773438013e+02
1.168308249338165297e+03
3.084652300548940730e+03
2.218982900838447222e+03
1.391506163714014747e+03
1.372335498646824817e+03
2.862029481902208317e+03
2.613907069590664378e+03
1.384488169956518277e+03
1.206740413795791028e+03
2.413415242143013074e+03
3.347891987441172660e+03
1.572095743637388523e+03
1.480399083166527589e+03
1.179834191640999961e+03
2.941609930383580831e+03
3.151388297531473199e+03
1.486322899199958329e+03
1.166613690979557532e+03
1.800540593865886876e+03
3.591439681074375585e+03
2.060854995738327034e+03
1.197869849873265821e+03
1.139447383102285357e+03
1.578369451698000375e+03
2.092819993112390875e+03
3.650331208287190748e+03
1.924853766931993505e+03
1.236245311052991156e+03
1.233928088268399279e+03
2.343404622418658619e+03
3.575428603016115176e+03
1.825396578053865369e+03
1.062499773066363559e+03
1.146099344685137339e+03
2.464096721665417590e+03
3.678709443126703718e+03
3.815875779938139658e+03
1.210203963190098193e+03
5.321363401100983310e+02
8.661990335963130292e+02
1.310596684494916417e+03
1.648340311141075063e+03
2.573634652932948484e+03
3.001333390871390748e+03
1.568784944470466371e+03
1.320629169093528844e+03
1.737589175736057541e+03
3.084062669635338807e+03
2.935678817248346149e+03
1.327028550375337318e+03
1.072385146718315127e+03
2.102713792136271422e+03
3.385175341287434549e+03
1.756719956831774880e+03
1.099425403523407113e+03
2.136031112585729716e+03
3.592745072873526169e+03
1.772520735000893183e+03
9.683412429715473309e+02
1.069240359311235579e+03
2.699598747660290428e+03
2.742823486957560817e+03
1.893508048100605947e+03
1.156326240868315608e+03
1.338221267256783221e+03
3.229767148725580682e+03
2.200814141727067181e+03
1.178205812204899303e+03
1.246181386548312048e+03
3.333982235914926150e+03
2.072771959189763493e+03
1.105210906661247463e+03
1.554590440136535108e+03
3.613927703369145092e+03
1.697704245960949265e+03
9.184688524072051905e+02
2.448870938674711397e+03
3.043760448376745899e+03
1.267217226136046293e+03
1.097469708532832783e+03
2.794929549428608880e+03
2.564707675336524517e+03
1.140157659296567317e+03
1.077784063301821789e+03
2.351458621377689724e+03
2.867033825859077751e+03
1.532123702056633874e+03
1.287958512199801135e+03
2.130284724788671610e+03
1.680234679327326148e+03
2.347168242641444522e+03
3.482940638745202705e+03
1.758932892167175169e+03
1.181119220848388522e+03
1.206750634696773659e+03
2.642206546870755119e+03
3.584890630857449196e+03
1.603403633130520120e+03
9.854969041960885079e+02
2.140667634735127194e+03
3.265118419222026205e+03
1.555875226773787517e+03
9.406354188029424677e+02
1.978934469841748523e+03
3.471938289057478414e+03
2.086381640042938216e+03
9.757670741412380266e+02
9.829497829882412816e+02
2.699136218138360164e+03
2.911230069449870371e+03
1.483910327389467966e+03
1.178512879356726899e+03
1.716260887922942629e+03
3.137436195284732094e+03
2.065593643363626597e+03
1.399776234304900072e+03
1.361080003361700165e+03
1.948518847941469858e+03
3.063941339762713596e+03
2.190720279422991553e+03
1.461592339462830296e+03
1.347149358564642853e+03
2.348460592802291103e+03
3.442258228455444169e+03
2.420289661422999870e+03
1.203216130733854470e+03
1.156040390573659579e+03
1.346056517956075822e+03
2.451392918055967129e+03
3.277032334944923605e+03
1.672845152706002182e+03
1.293337925173400436e+03
1.493076207241755128e+03
2.112833595196254919e+03
3.147294064637937481e+03
1.708863844323523153e+03
1.294128357582374292e+03
1.977056094973987229e+03
3.112444267894545646e+03
1.681223095982019458e+03
1.110411290957765232e+03
1.582398875642672010e+03
3.201086980603584379e+03
2.388871663157426156e+03
1.220262320018672881e+03
1.538030281794485290e+03
3.343104500300271866e+03
2.084969465137993211e+03
1.107234729801565891e+03
1.288362702992257027e+03
3.148525342517014451e+03
2.528276208697604034e+03
1.073179448976590493e+03
1.140959721368459213e+03
2.973326633516558559e+03
2.472257112485731341e+03
1.120494104010203500e+03
1.226014689901713837e+03
2.856988694130236581e+03
2.001127583919265817e+03
1.260150034161722942e+03
1.900050566008422720e+03
3.171906072785989181e+03
1.707221354192059380e+03
1.309119982279294618e+03
2.541514194496330219e+03
2.621973877524204909e+03
1.334194746979725323e+03
1.066305099412211121e+03
2.103069380814069063e+03
3.184894650036433177e+03
1.767659159340454153e+03
1.208080905880173759e+03
1.863320271284531600e+03
3.011794163677187498e+03
1.834811089104502344e+03
1.396250291719799179e+03
1.786725491847940930e+03
3.042842106676218009e+03
2.176761372771096831e+03
1.309508012122097853e+03
1.156221100824426458e+03
2.547133427604434019e+03
