1.639710498396708317e+03
1.516206221146347843e+03
1.699542843047773886e+03
2.344921940235471084e+03
2.534635492464110939e+03
2.017795224833530938e+03
1.479746751171539017e+03
1.701499446748470973e+03
2.009034537472821967e+03
2.493054809322742585e+03
2.352181949449072363e+03
1.476751088508259727e+03
1.667918561656940028e+03
1.909694684946501638e+03
2.445524480611673880e+03
2.366390083581386534e+03
1.639980787784020549e+03
1.784078238844059570e+03
1.977226503633137099e+03
2.505127076649667742e+03
1.963580610996149289e+03
1.636100264241920968e+03
1.814045058819638371e+03
2.229268946802644678e+03
2.491456446877757571e+03
1.717614446672286249e+03
1.660407155136654865e+03
1.889193819665154024e+03
2.487580336659522800e+03
2.256256162025129015e+03
1.545224553141265687e+03
1.655634643779755152e+03
2.366041975430061484e+03
2.513401817618183031e+03
1.608435402493199035e+03
1.603937527339694270e+03
1.986626813788686832e+03
2.435811647617878407e+03
2.006185688125503248e+03
1.540476905923381992e+03
1.709604196970517933e+03
2.451053260402690739e+03
2.347303607532051956e+03
1.596667797108540299e+03
1.724616765674703174e+03
1.879727969793128523e+03
2.503886203253855001e+03
2.201450372907945166e+03
1.603265997579784880e+03
1.742295892664357325e+03
2.205386324501743729e+03
2.450460629805505050e+03
1.712347945899684873e+03
1.706772562485491562e+03
1.846673812344361295e+03
2.465629748717492021e+03
2.412640526111449617e+03
1.568771609674834508e+03
1.666471734180493740e+03
1.900932810361551901e+03
2.648493325407005159e+03
2.206907880065613426e+03
1.485094216010174705e+03
1.669402543683683234e+03
1.870454730381061836e+03
2.642695750890890849e+03
2.387395205997056564e+03
1.468667824856839161e+03
1.604922304019150943e+03
1.677259338861440028e+03
2.584384273770872824e+03
2.686332991472617323e+03
1.517059747841319449e+03
1.562221043009378263e+03
1.658619385251403173e+03
2.603203682491906420e+03
2.416488066670131502e+03
1.621588046958421955e+03
1.981308778311334663e+03
1.834270853023861719e+03
1.751483887048224688e+03
1.859814797099359339e+03
2.251784871429758368e+03
2.553783643803588802e+03
1.659185618027337114e+03
1.744617834628583523e+03
1.881648999289617223e+03
2.164932994267669983e+03
2.563196836715815607e+03
1.803141269771395173e+03
1.639424907109740616e+03
1.796558169639180505e+03
2.317323820922237701e+03
2.563522380738044831e+03
1.896976739961369049e+03
1.533879468234729984e+03
1.719797451296026793e+03
1.888053514314071208e+03
2.477608061772539259e+03
2.659690031258113322e+03
1.206580413439690346e+03
1.507726178159424308e+03
1.862629722056679384e+03
2.315535856958952536e+03
2.571151746860844924e+03
1.981119408408545496e+03
1.604039135514065947e+03
1.743565744969663911e+03
1.829306395245521571e+03
2.531974166731279183e+03
2.398773985056386209e+03
1.575160449549594205e+03
1.704059130525017963e+03
1.816959321191840218e+03
2.558775839369146979e+03
2.466809012773886025e+03
1.460791188306609001e+03
1.675403196117877997e+03
1.825472151698628977e+03
2.707423047029876670e+03
2.691682199270958790e+03
1.364012326221115927e+03
1.581166291570611520e+03
1.880422022198058357e+03
2.672892771525027001e+03
2.374855025566341283e+03
1.317378464568143499e+03
1.596835654762751801e+03
2.059687593846900199e+03
2.624260546883266670e+03
2.292329167925703587e+03
1.364643288512233084e+03
1.663450190263708009e+03
1.969880240933873665e+03
2.602199985862162976e+03
2.373656912732808905e+03
1.446844240432786819e+03
1.691248363111453500e+03
1.852922081825910936e+03
2.261907100836844165e+03
2.573891435933716366e+03
1.750476359335576944e+03
1.733076124297413571e+03
1.898147015421449396e+03
1.966337423010143311e+03
2.430343159831255434e+03
2.227583046887742967e+03
1.716092026558173757e+03
1.802024684574909770e+03
1.835115932090770002e+03
2.213560020094272659e+03
2.444319107139368498e+03
1.790459856643812373e+03
1.802779733761489524e+03
1.838093989749575712e+03
2.178064429530216785e+03
2.497885386325184299e+03
1.788098855775591119e+03
1.672292657781996240e+03
1.744681806984677905e+03
1.851589925798263721e+03
2.559569886792807665e+03
2.639229660899884948e+03
1.450960629204126008e+03
1.584502334164276817e+03
1.791569688072017016e+03
2.328054206457474720e+03
2.677060702933259108e+03
1.675052301331110584e+03
1.549886083955482491e+03
1.718468297588182168e+03
2.283641161725610345e+03
2.683571720460633060e+03
1.635760598296819126e+03
1.606475337350932932e+03
1.768078199544161635e+03
2.472264454534835295e+03
2.570412031878644939e+03
1.499420961988625095e+03
1.623058180023474279e+03
1.934058672011364024e+03
2.634854459471580412e+03
2.099915341780791550e+03
1.499221525773596568e+03
1.638849816679142123e+03
2.319602217603754980e+03
2.630685881472852088e+03
1.796010400157378626e+03
1.545372179717440531e+03
1.674417808632008246e+03
2.368323344905621070e+03
2.704455492332422637e+03
1.603040070525903502e+03
1.568561813116917619e+03
1.684948784633483001e+03
2.638010802808246808e+03
2.565850168760191082e+03
1.407331710780066715e+03
1.568889461395756143e+03
1.781340795971949319e+03
2.656720411234678522e+03
2.424135041433743936e+03
1.469217170487820340e+03
1.686086006866233674e+03
1.875469673884635540e+03
1.926943585605848057e+03
2.481208805305581791e+03
2.493979140290264695e+03
2.094117099780501576e+03
1.482467470867881275e+03
1.704823375534755542e+03
1.806480943704391166e+03
2.049378569083228285e+03
2.515178562609828077e+03
2.439684574439440894e+03
1.542295630448881866e+03
1.648397361071919704e+03
1.813667091468433000e+03
2.486793862245643595e+03
2.422493421558632235e+03
1.627382905673712685e+03
1.632528679757672535e+03
1.880332717805194306e+03
1.910805732614837780e+03
2.288507890475204931e+03
2.404678197013906356e+03
1.767741870866510226e+03
1.754047957447440922e+03
1.791884304116765179e+03
2.216549684763918776e+03
2.463634198407721669e+03
1.908116857383922479e+03
1.696455871515414401e+03
1.818112480221367150e+03
2.120194256299937933e+03
2.525921842143415233e+03
1.963295078962828711e+03
1.608972380845787939e+03
1.810859680697986505e+03
1.933788231636589217e+03
2.580995308422998733e+03
2.363313147168104479e+03
1.490771137574785143e+03
1.660961367633634154e+03
1.804576371215887548e+03
2.474304865369711479e+03
2.583570851085421509e+03
1.733506479874939714e+03
1.633227808812993999e+03
1.783729248309704872e+03
2.095514205783893885e+03
2.579945432104560950e+03
1.959215580157909926e+03
1.566284072201946628e+03
1.694365226892458622e+03
2.164183535609591672e+03
2.614524529571970106e+03
1.942173347133174275e+03
1.530422795702428857e+03
1.683617111296475514e+03
2.165589992648196130e+03
2.600330347492369128e+03
1.989834182753852929e+03
1.565000708079518972e+03
1.626632188687308826e+03
1.896850838359790032e+03
2.580393597680897074e+03
2.512062552007848808e+03
1.465652963359913429e+03
1.541750917874539027e+03
1.722422671890875108e+03
2.609524435310367153e+03
2.774973325636830396e+03
1.435920947463648645e+03
1.500049750917471783e+03
1.704854062412011217e+03
2.388877911725898230e+03
2.622440439419187896e+03
2.134602890006836333e+03
1.403722318908375655e+03
1.657056295318706589e+03
2.042832307286443438e+03
2.660100311640346263e+03
2.066333940212474317e+03
