2.046539134547612548e+03
2.021128980594498216e+03
1.987857799934716695e+03
1.992679805374656326e+03
2.246836951578614844e+03
2.138713509444349256e+03
1.936219217640919851e+03
2.000682963906953546e+03
2.154598232243594339e+03
2.137456008694279717e+03
1.891441670247597131e+03
1.972032360933727887e+03
2.149112288475651894e+03
2.149947740255439385e+03
1.960804877195119161e+03
2.026581255104497814e+03
2.118842159010186606e+03
1.983423003867988655e+03
2.167144693464700140e+03
2.254418501968166311e+03
1.876701558828503948e+03
1.875814567302875275e+03
1.951297125090124382e+03
2.252949706392049393e+03
2.061176339467533580e+03
1.855483670507871011e+03
1.967213720479306858e+03
2.270109173304728301e+03
1.943830036205188890e+03
1.859629156355629448e+03
2.027758947745580826e+03
2.243563621364984101e+03
1.968152040311036217e+03
1.983603733716818397e+03
2.069139560521599833e+03
1.924044995018724194e+03
1.928632898266071152e+03
2.198945951152538782e+03
1.981999078487017414e+03
1.943552574905670326e+03
1.966033974384740759e+03
2.173417297025352582e+03
2.015635666659558865e+03
1.940267978472845471e+03
1.991545273397913661e+03
2.073815496893062118e+03
2.079975593917041351e+03
1.924029497952748443e+03
2.111396899488561758e+03
2.107547797956888644e+03
1.906959804611453592e+03
1.980447888847457079e+03
2.154081666993658928e+03
2.083675047486515723e+03
1.898784505258613308e+03
1.988944368296653920e+03
2.121042689640005847e+03
2.201070887335108637e+03
1.840580373009961022e+03
1.995936725096337113e+03
1.978471802047542496e+03
2.017817642523438508e+03
2.288327595754944923e+03
1.975988918678031723e+03
1.884139560501690084e+03
1.958098327786822210e+03
2.292294139653639377e+03
1.919623253193236224e+03
1.878683219016739031e+03
2.039770140449192468e+03
2.243506733174223882e+03
1.855682521064567482e+03
1.988242726903437188e+03
2.248516043795216774e+03
1.893405083543130331e+03
1.875855221984225864e+03
2.050150472782228007e+03
2.288338860846401076e+03
1.892508285438750818e+03
1.871365886873487625e+03
2.089221052900154973e+03
2.201170062410536048e+03
1.944059917565223259e+03
1.971577110658887932e+03
2.051089312151386821e+03
2.181061304484884658e+03
1.929284641965721448e+03
1.938454422836035064e+03
2.230730501224749332e+03
1.908019008552350670e+03
1.984249157718363222e+03
1.954942520178274208e+03
1.892569480829218946e+03
2.211694996340711441e+03
2.161000854389597862e+03
1.896805386196793961e+03
1.871257358128484839e+03
2.184280781000494699e+03
2.243890450374577540e+03
1.864750581843107739e+03
1.915803740241408605e+03
2.276760830669646566e+03
1.884628125306642005e+03
1.889014771698985214e+03
2.176755226102521647e+03
2.157838703163111859e+03
1.827125434206569253e+03
2.002310499066894408e+03
2.277005073750957763e+03
1.823574415833314561e+03
1.882777090437637526e+03
2.267380838959244102e+03
2.077854041624728325e+03
1.823598144101104026e+03
2.089821188437915680e+03
2.216361004369944112e+03
1.832982863477181581e+03
1.948285690160721742e+03
2.234034476955044283e+03
1.981811795967763373e+03
1.874956282304960951e+03
2.102198973399120860e+03
2.215403978695044316e+03
1.870459699952104984e+03
1.927907672550393045e+03
2.093017725210909248e+03
2.227822705112117546e+03
1.883734333418615506e+03
1.919969927311955871e+03
2.093184014075338382e+03
2.193229955585981770e+03
1.876898955934439527e+03
1.995956257763797339e+03
2.015420121902324354e+03
2.272190665833774801e+03
1.915151541462095111e+03
1.899134334859699720e+03
1.970675790105474334e+03
2.237342239125983724e+03
1.945696461040629629e+03
1.937997287427973561e+03
2.192699912081074217e+03
1.938757529321770789e+03
1.912984072793441101e+03
2.049646681304608592e+03
2.218010920745501153e+03
1.925484797333185043e+03
1.955709667394106418e+03
2.063217740627287640e+03
2.144215498261400171e+03
1.921577798734496355e+03
1.984116895115748321e+03
2.197563706640484270e+03
1.921706302967916145e+03
1.932208997362749415e+03
2.123090203911272965e+03
2.142680472171084148e+03
1.935727272288224412e+03
1.963979561327650572e+03
1.970618432395493755e+03
2.231902319063302912e+03
2.279480602352648930e+03
1.878273924754535528e+03
1.830332781722630898e+03
1.889273628554708466e+03
1.988572517852940791e+03
2.200396443367438678e+03
2.050475291959833157e+03
1.952183164248928506e+03
1.926239928179639037e+03
2.193095396812323543e+03
2.069347909535063081e+03
1.920767926713657289e+03
1.929826936203563946e+03
2.164177404298688998e+03
2.075833351822150235e+03
1.946773506903393354e+03
1.991157842568341721e+03
2.079622591417291005e+03
2.044421492435871414e+03
1.989037432989897525e+03
2.001138047101060693e+03
2.140014910576253897e+03
2.197691561007394739e+03
1.981933311263826226e+03
2.009035201103845111e+03
2.004287839939139531e+03
2.005382102640011453e+03
2.004472149638679866e+03
2.018032780457025410e+03
2.016294257729001856e+03
2.011489703984831522e+03
2.005208475426986297e+03
2.018034026802045673e+03
2.023621627614535555e+03
2.016656796503919850e+03
1.875352274448932576e+03
1.941437999694901009e+03
2.290568993045483239e+03
1.982426986095397297e+03
1.919271605032160778e+03
1.985035531813823809e+03
2.014713576375139610e+03
2.156810633251001491e+03
1.954572907601091401e+03
1.988469328710452373e+03
2.085903367941727993e+03
2.189010301539909506e+03
1.989858569470565953e+03
1.987312161352494059e+03
2.134267556583021360e+03
1.924150026881854274e+03
1.970874182200922860e+03
1.958693282958190139e+03
2.203820963832636153e+03
1.977266951298783624e+03
1.948575503315546030e+03
2.129618836733599437e+03
2.069914128963386247e+03
1.941748653897473105e+03
2.009275394952104307e+03
2.081545584320641865e+03
1.935766121693260857e+03
2.118663782174285188e+03
2.026238389731818870e+03
2.140554841405795287e+03
1.957404549437657806e+03
1.990150979816372683e+03
2.008086684346812490e+03
2.031570721387795629e+03
1.954192506480338352e+03
1.991852447634691316e+03
2.222479574704011611e+03
1.965747803537427899e+03
2.007186326469699679e+03
2.010649893882270362e+03
2.044097022897272382e+03
1.897567771017255154e+03
2.016803946344549104e+03
2.192959242000459199e+03
1.976222449596429669e+03
2.008490354527781619e+03
2.021059084083342668e+03
1.944964731559242182e+03
2.000975866575732198e+03
2.217868599248820829e+03
1.900630378779079820e+03
1.944189165533210371e+03
2.035442709354173530e+03
2.167485977122337317e+03
1.941966617146475528e+03
1.969775050731905822e+03
2.097006103476764565e+03
2.078691063240880794e+03
1.970535901554122120e+03
2.033258983031066919e+03
2.130644946295717091e+03
1.938524775137312417e+03
1.979761938976427473e+03
2.154851688824514440e+03
1.941925106403088648e+03
2.000482541493691542e+03
2.177654797547901126e+03
1.895115271652379761e+03
1.951993043961474768e+03
2.155148851382975408e+03
2.108106814466670585e+03
1.855066046608515990e+03
2.033207433477824225e+03
2.242984613696847646e+03
1.889023679678334247e+03
1.972899353601429084e+03
2.104312187961947075e+03
2.131450812568704805e+03
1.862462282292729697e+03
1.981741828908558773e+03
2.201777947247750944e+03
1.987768186986395676e+03
1.879573774432853270e+03
2.032859178032185355e+03
2.194651977233707385e+03
1.928162175910580572e+03
1.973557126838985369e+03
2.092210102721344811e+03
