2.529129623374662970e+03
1.768815083251176702e+03
1.505276014639935056e+03
1.627423798311445125e+03
2.589691198656078541e+03
2.767395684400303253e+03
1.393182678887738348e+03
1.251488109899064284e+03
2.160784363544123607e+03
2.646259460019834023e+03
2.548828184506117395e+03
1.313271157652223565e+03
9.929050354916287233e+02
1.612730278456946735e+03
2.589043319507984506e+03
2.155435163106819800e+03
1.421135051783292056e+03
1.551534054422239933e+03
2.586816506887092146e+03
2.200788548950173663e+03
1.184228909730357145e+03
1.839373567928410466e+03
2.744245004446239818e+03
1.774034417306359728e+03
1.184542018391633519e+03
2.063942672099278752e+03
2.609647515916453813e+03
1.619745565153048119e+03
1.387083109154411659e+03
1.982365441910938898e+03
2.630883270587355128e+03
1.868584326307044421e+03
1.341401131038594258e+03
1.696497412130724797e+03
2.531656502840325174e+03
2.331549301442695651e+03
1.240003530952227266e+03
1.481205443171827937e+03
2.174190237559190336e+03
2.595751820038944061e+03
1.859046548223192076e+03
1.630696483569194015e+03
1.937044128466756092e+03
2.443613500062278945e+03
1.765551642247115979e+03
1.476249602913228500e+03
2.127751881565303393e+03
2.262590251540979807e+03
1.580018484551332676e+03
1.617641840132293055e+03
2.030020279343646962e+03
2.347092327906965693e+03
1.783243165180239885e+03
1.630746205000262080e+03
1.806234404545445386e+03
2.330612816442033818e+03
2.158360567140011881e+03
1.683162449280787087e+03
1.824391313603003027e+03
1.744038587292672901e+03
1.759690812371569791e+03
2.258694923551251577e+03
2.127191004932629767e+03
1.719603748980360706e+03
1.896041888761771361e+03
2.350621283573170786e+03
1.977330460295406510e+03
1.813953421676990729e+03
1.874555415880461851e+03
2.175041437486188443e+03
2.192108367203883972e+03
1.624447767089491435e+03
1.571454388839899821e+03
2.039898640967387564e+03
2.418143169804981881e+03
1.872916646076381994e+03
1.577603415210238381e+03
1.746682529247767661e+03
2.478201026179263408e+03
2.185086391970569821e+03
1.442426698607238450e+03
1.158652720041254497e+03
2.201856060802757383e+03
2.644472789138075314e+03
1.716559431099428366e+03
1.153452797289124419e+03
2.356496616418750818e+03
2.429257388285174329e+03
1.381310063780455948e+03
1.462480292826258392e+03
2.495926970465586237e+03
2.243883141587392402e+03
1.353210470066414018e+03
1.435674051538866706e+03
2.355185394650993203e+03
2.378140822234245661e+03
1.465898955588739909e+03
1.394861648942711554e+03
2.304303758281970204e+03
2.595837442758684574e+03
1.559302974040539539e+03
1.402172164653914251e+03
2.316628981917773217e+03
2.465194714016489797e+03
1.498321147860414158e+03
1.486027931492270909e+03
2.398635509177521271e+03
2.367306462084447503e+03
1.558272515437329503e+03
1.501060364239707496e+03
2.010116513128895349e+03
2.694336159828732889e+03
1.842006353926933343e+03
1.425804593368683527e+03
1.648792027581331240e+03
2.373009698782178930e+03
2.144605118620836038e+03
1.468333091320794665e+03
1.614220177424818530e+03
2.145398651469859033e+03
2.831938228715369405e+03
1.852223334542211433e+03
1.368855392361261238e+03
1.519671646392240064e+03
2.044755984631862020e+03
2.667503614374813424e+03
1.871910113025486453e+03
1.526162454098734088e+03
1.624788792565433596e+03
2.143288912271734716e+03
2.382691692478776076e+03
1.677657608137596753e+03
1.529127751111524276e+03
1.935025113065796631e+03
2.399759995954523674e+03
1.839378832674142814e+03
1.673273309085267329e+03
1.754273568295188852e+03
2.101774850370290551e+03
2.174608315335393854e+03
1.795139077788648365e+03
1.808700732553988246e+03
2.140659227195339554e+03
2.327135597924025205e+03
1.794089610632785707e+03
1.739023798164952495e+03
2.302104663751284988e+03
2.253555503937020603e+03
1.637142515624630278e+03
1.540851597144481275e+03
2.131919388294199052e+03
2.641892131905645783e+03
1.843029260249615163e+03
1.468038778991709933e+03
1.607865170106266305e+03
2.414821355489032157e+03
1.900271315110537671e+03
1.554752316879122191e+03
1.823835279757003491e+03
2.485725292307536165e+03
1.777210650407981120e+03
1.114073335391036380e+03
1.731732294425222108e+03
2.484838543236997339e+03
2.062017555863742473e+03
1.396016262005614180e+03
1.633615110731461982e+03
2.635555929532694790e+03
2.097569500532012171e+03
1.257386614672480846e+03
2.010113690406594742e+03
2.689170505020472319e+03
1.557354741113524597e+03
1.353322650346510045e+03
2.438887666763852394e+03
2.277611124847487190e+03
1.397400413872416948e+03
1.440666949250448624e+03
2.459657039414883911e+03
2.133841068318090038e+03
1.448108525625056473e+03
1.427040356544162705e+03
2.479547866662160686e+03
2.465202220483768087e+03
2.034063363622010002e+03
1.250224086755376447e+03
1.782169619852945516e+03
2.504815809672814794e+03
1.574704331804455023e+03
1.339006641453996508e+03
1.971453311170110055e+03
2.718481835852724998e+03
1.755865103793717708e+03
1.361833719835106422e+03
1.705128877755667190e+03
2.595428208332497888e+03
2.258391931072537318e+03
1.552342084730773195e+03
1.544783542163975653e+03
2.265550349572224604e+03
2.664967546810779822e+03
1.614200495539535268e+03
1.452656890522664980e+03
2.081259250125707240e+03
2.812018150860762034e+03
2.425539640759363465e+03
1.309395195321043047e+03
1.343164867245246796e+03
1.489626662413510303e+03
2.391101503915117519e+03
2.912840255698185956e+03
1.492631670212418612e+03
1.279121739829527542e+03
1.548488029302812492e+03
2.217950725829619387e+03
2.495151839628439575e+03
1.647198964082956536e+03
1.489593912198316048e+03
1.886869629490140369e+03
2.697581384563878601e+03
2.247176443821410885e+03
1.439195680786614730e+03
1.564386591965756224e+03
1.690098943934090812e+03
1.982274299335808792e+03
2.444865472536125253e+03
2.246747386507397096e+03
1.649379754492332495e+03
1.529709370535013022e+03
2.177140102952181223e+03
2.573403052090035089e+03
1.660016250967373480e+03
1.416617499547821353e+03
2.090668197819071793e+03
2.448644914800897368e+03
1.585241401239561128e+03
1.584961537204935439e+03
2.014948727523146999e+03
2.440835382333640155e+03
1.772251454129084095e+03
1.514979119337961720e+03
2.019654471866427002e+03
2.550236541518540889e+03
1.786379664004031611e+03
1.440881201016528621e+03
1.921720046765429288e+03
2.497303048914685405e+03
2.327146710748678288e+03
1.508451368510149905e+03
1.434519069250841085e+03
1.954127158904908811e+03
2.606380147522233983e+03
1.805513618655689243e+03
1.301103316923140937e+03
2.136660686737221113e+03
2.573857037414885781e+03
1.545691499886942893e+03
1.417221184011640389e+03
2.388565235541436778e+03
2.481704791817025580e+03
1.444217480730734223e+03
1.330239393470187906e+03
2.149952222265799719e+03
2.541438980785834701e+03
1.560342296650127082e+03
1.408848441646136735e+03
2.444907478886946592e+03
1.937073486875733124e+03
2.155196860367454065e+03
1.731634400434096733e+03
1.424456491276092038e+03
1.626982791115653072e+03
2.447749478977744275e+03
2.367451974068683285e+03
1.524082282326920904e+03
1.563757305020586500e+03
2.206373391257580806e+03
2.425110560668788821e+03
1.695791438077724251e+03
1.586836088785561969e+03
1.737313408242841433e+03
2.523124887348684297e+03
2.199469557782610082e+03
1.511076390771978140e+03
