1.801376404319896437e+03
3.309107040500454332e+03
3.506737360437812185e+03
1.303216624285033049e+03
6.429890526245327464e+02
8.329334907049197909e+02
1.481497332389900521e+03
3.478604853455760349e+03
3.244385651936784143e+03
8.539846002001125953e+02
8.658369979912996541e+02
1.274259191846326303e+03
2.263107629882257243e+03
3.548969596613449994e+03
2.405865145307363491e+03
6.800313331234316365e+02
9.976943842662019506e+02
1.469281582559564868e+03
2.125067417945721900e+03
3.658537539546370226e+03
2.470442277741839007e+03
9.084433729958996082e+02
1.079994974000403545e+03
1.360737053888681203e+03
2.702945045611301794e+03
3.663543548583533266e+03
1.876384234982748012e+03
7.111383145734630489e+02
9.848221161661119822e+02
1.353688083985260846e+03
2.878397648232084975e+03
3.497310523610062774e+03
1.474982873235149100e+03
7.778809049826288629e+02
1.140047722606196658e+03
1.638075930507123758e+03
3.378222459858047841e+03
3.309420034698217023e+03
1.009975478397532243e+03
9.757573480444477809e+02
1.621211496707149536e+03
3.510323414480992597e+03
1.473412920431685507e+03
7.849386635717884246e+02
1.145373481048135091e+03
2.803730709453045620e+03
3.780492346453842856e+03
1.409369372045864338e+03
8.964520593748934516e+02
1.167445981047629402e+03
1.362997646726261564e+03
2.899873170198045955e+03
3.604609840099749817e+03
1.314402894089483425e+03
7.742519098952724335e+02
1.055465238687525698e+03
1.509410459352409816e+03
2.039248524576159298e+03
2.390400633680839292e+03
3.819523265608149359e+03
1.427306311015100846e+03
8.580922736838198261e+02
1.070079156022843108e+03
3.177883693516821495e+03
3.862136465146852515e+03
1.375325014847856664e+03
7.253854894873284138e+02
9.449006208035933696e+02
1.296391957530500576e+03
1.790252461300963432e+03
3.660500928158613988e+03
3.415097233542260710e+03
1.187373040738864120e+03
1.054480681703419577e+03
1.251323538707458511e+03
1.414858219202133796e+03
1.514608396233933718e+03
3.241958512572562995e+03
3.419538929296394144e+03
1.039873682602342569e+03
6.387846455993163772e+02
1.175755234212139840e+03
2.972098808772973371e+03
3.761159287229874735e+03
1.146739661408615802e+03
5.740500736042598646e+02
1.226350768409770353e+03
3.491811538974915038e+03
3.250728846932191118e+03
7.968064287129784589e+02
6.716823537308049481e+02
1.379944341711239531e+03
1.636745304285172779e+03
1.951943719058944680e+03
2.059587944775166761e+03
2.039944413767118021e+03
1.985502953087633841e+03
1.925520991680672751e+03
1.915015013701654425e+03
2.105650455913676524e+03
1.969041411658610741e+03
2.240487516016368318e+03
3.835589178253268074e+03
3.124207702068673825e+03
3.913346883621637744e+02
2.125267299157648537e+01
2.145837103425703845e+03
3.890004876293807229e+03
2.214199850179056284e+03
4.216111852908591118e+02
4.242978095848189923e+02
1.373435755705577094e+03
3.750481553316170448e+03
2.900488840546623123e+03
7.018976568480098877e+02
7.867456141894526809e+02
1.308133418064527405e+03
3.570509634263128646e+03
2.985701921727575154e+03
7.673748598333390873e+02
7.674119212178942462e+02
2.087940005514161840e+03
3.572267883526859350e+03
1.890934521649950739e+03
7.782605079304644278e+02
1.077786136541953056e+03
1.566378157491164075e+03
3.183539636952865749e+03
3.465538592466266437e+03
1.084692646783236569e+03
7.788118242616341149e+02
1.254336149998096971e+03
1.709239375189489692e+03
3.320357324422041074e+03
3.297024997562526551e+03
1.018964915585566246e+03
9.120940205583764282e+02
1.395597276954785912e+03
1.715464743971495182e+03
2.165187344643633423e+03
3.577853704897656826e+03
2.484849048800130277e+03
6.953466993503942604e+02
1.066129478739961996e+03
1.660235638387161771e+03
1.865758207026402715e+03
2.188262804980834062e+03
3.641572336917718530e+03
3.188558552210162361e+03
9.567234416247223407e+02
9.102016923251087519e+02
1.145122057204021075e+03
1.402212470166366302e+03
1.633674860492614016e+03
1.835286859581032104e+03
2.002898643337749945e+03
2.046799335367903950e+03
2.036545015167911515e+03
2.043324685350685286e+03
2.010704071634620959e+03
1.921780520199510875e+03
1.862786289317323508e+03
2.793340276001973507e+03
3.734372430367006018e+03
3.079849342631088803e+03
2.314810201736491706e+02
-1.386513864974794785e+01
1.919311794513322639e+03
4.107400111141533671e+03
3.490486969913567009e+03
3.813526253330952045e+02
3.890363977909596827e+01
5.507072856936783865e+02
2.900216434604477854e+03
3.598909171506433722e+03
1.580165293293824789e+03
5.783269839822321501e+02
9.638112056654858861e+02
3.104069133523056735e+03
3.392197503932053223e+03
9.384224202994513462e+02
8.424969114213115517e+02
1.377083967029701626e+03
2.471521759747744909e+03
3.514840846092536140e+03
1.911873459720233996e+03
1.820845257953664941e+03
1.212099126201221452e+03
9.365215604641887239e+02
1.293104915024828415e+03
2.757689021830964521e+03
3.564218287063507887e+03
1.436379504790444571e+03
8.620957161707100340e+02
1.228866346602218300e+03
1.648776921089684947e+03
3.471729092266418775e+03
3.350702334856063771e+03
9.373703818163961614e+02
9.202386765046098844e+02
1.210502525850491793e+03
1.573914359297313467e+03
1.999497965758872851e+03
2.904141859519760146e+03
1.416267333439896447e+03
1.572163574170417178e+03
3.174643100660456184e+03
3.347470696673891325e+03
1.343929363511085967e+03
6.257573335899804761e+02
1.035636835013162226e+03
1.986549759934000122e+03
3.413134729202008202e+03
3.055163210502238144e+03
1.106600873736615995e+03
7.742922973535594338e+02
1.049087604745385761e+03
1.590725996809696881e+03
3.414760917448199052e+03
3.388081196824176914e+03
9.640695015507901644e+02
7.009197717872473277e+02
1.088555879820587961e+03
2.760805019181552780e+03
3.610337034223204228e+03
1.757249052304416637e+03
6.414127285057780909e+02
1.154959401071786942e+03
1.493819248949539997e+03
3.168324429992901514e+03
3.685695896510185321e+03
1.371945406853616305e+03
6.500006276375164589e+02
9.585631703401109007e+02
2.232294747981022283e+03
3.623065860365381923e+03
1.733292205623546124e+03
7.963218073537564123e+02
1.148608588829937162e+03
1.544039211369219629e+03
1.764830889608082316e+03
3.457633580393042394e+03
3.288420598154017625e+03
9.340446556218514615e+02
9.004790801098502016e+02
1.257037881877920427e+03
2.242290609023435536e+03
3.446430952497765247e+03
2.370295451282182512e+03
8.942370883006493614e+02
1.080229077863442171e+03
1.732361253229913245e+03
3.400636796915280684e+03
2.288222537748693867e+03
8.517178038204510813e+02
1.057484547920221075e+03
1.448691020245965092e+03
3.186230705476558796e+03
3.518626890514763090e+03
1.065105066789540388e+03
8.291319339611287660e+02
1.389524033251063429e+03
3.428753907665960014e+03
2.838673384327135864e+03
7.011846537943354178e+02
8.818850615034905331e+02
1.307467463414311169e+03
1.793655910438079218e+03
1.791835367349522130e+03
2.029925515690149950e+03
1.924802991615149494e+03
1.907763860742328461e+03
2.381425775087531747e+03
3.862680914571082667e+03
1.912937573639467473e+03
5.641778044980990217e+02
7.358021830302475337e+02
3.028873800970623051e+03
3.687703296275403318e+03
1.702701812026479502e+03
5.451219159562365348e+02
6.997357205481145002e+02
1.777849797829387398e+03
3.602834491139027250e+03
