1.476989494059381286e+03
1.633624758523582386e+03
3.192376132819792929e+03
2.611113792759163061e+03
1.594912881103024574e+03
1.600920224114088569e+03
1.455919154180272017e+03
2.112709311813533077e+03
2.460742933917747905e+03
1.817622479349303376e+03
1.450511842824415226e+03
1.472747113145510639e+03
2.280565487030586155e+03
2.651461134988508547e+03
1.841582139176392729e+03
1.672880351893441912e+03
2.010325214135219767e+03
2.481342573724032263e+03
1.852641325451445255e+03
1.503401339011062646e+03
1.890087749972462916e+03
3.272172335647251657e+03
2.257241985760793796e+03
1.448498216049603343e+03
1.096260190695581969e+03
2.542739561227538616e+03
3.734462888552940512e+03
1.232037123907780142e+03
8.207892157434888531e+02
1.313734095606713026e+03
3.847224582730934799e+03
2.499592022964090575e+03
8.790682429415491015e+02
6.267211005793697041e+02
2.659903739117409714e+03
3.941151398737088584e+03
1.101836864531913989e+03
7.296000802989659633e+02
1.012709862032907495e+03
2.029176845728333774e+03
4.122855871532466153e+03
2.119977462738463146e+03
1.006715308281033572e+03
8.564118616128102985e+02
2.520883151170368819e+03
3.785805660186537352e+03
1.298344626504044982e+03
8.123856591040938611e+02
2.241327592581220415e+03
3.644322260339540662e+03
1.601285759699498840e+03
8.972731989179628727e+02
1.902531106316863315e+03
3.655360948850233399e+03
1.647806629581268908e+03
1.082520601242047860e+03
1.309329877734051934e+03
3.342203803738799706e+03
2.548324586709652067e+03
1.454430471215578109e+03
1.200237267324592040e+03
1.730511417238024478e+03
3.298451860328618750e+03
1.894302892201315444e+03
1.096717390250556491e+03
1.670924353356377878e+03
1.527012883540044413e+03
1.214533561352773177e+03
1.524623675509026498e+03
3.452680556022436576e+03
3.026460090312720695e+03
1.590270050255557180e+03
1.144353480420191318e+03
1.633603969630519032e+03
3.881868172603769835e+03
3.105020123561025684e+03
1.154386850092892246e+03
7.082216091627093419e+02
2.605598199680694051e+03
4.021069650765595270e+03
1.681017588140647149e+03
8.874540713739775128e+02
9.003221335134702485e+02
3.629141311436344949e+03
2.086728209941669320e+03
9.433127186338460888e+02
7.864858601834168894e+02
3.563228152133842741e+03
2.997550828555370117e+03
1.134840478187456256e+03
5.803874951220849425e+02
2.309448827411137245e+03
3.828819037187946833e+03
1.561695911964542574e+03
9.070553219579672941e+02
7.995831748193216981e+02
3.358210088325982269e+03
2.517343238430464680e+03
6.583977226539366256e+02
1.592084223507660681e+03
3.858662886473116032e+03
1.866480629975179909e+03
9.328306898934866922e+02
1.234991376670658155e+03
3.903683841171454333e+03
2.109626712027046779e+03
6.478467391001728402e+02
1.049336360337511223e+03
3.908180340688712931e+03
2.540533670050277578e+03
7.784034731983003894e+02
5.159802006582941658e+02
3.338917946581643264e+03
3.162707552199395650e+03
9.740250045231484819e+02
3.810638535003146785e+02
2.418737071989759443e+03
3.941848661097498734e+03
1.411258746995179308e+03
8.500414919155301732e+02
6.460896186552930658e+02
2.937908617174858591e+03
3.876362539524270687e+03
1.687023755256593404e+03
7.727210679917758398e+02
7.422352907284264347e+02
2.129241123010253887e+03
4.078534427103303642e+03
2.081506961261775359e+03
1.206126397802603606e+03
1.135467121464381535e+03
3.099903883397395475e+03
3.348544208968996372e+03
1.185741855926971994e+03
9.145004985473743773e+02
1.303957123975840432e+03
3.860100517609536382e+03
2.649686098415811557e+03
8.343318063914828144e+02
8.419119014039296189e+02
1.162028738630391217e+03
3.848558166902040284e+03
3.129322451926941994e+03
1.257106581081230615e+03
9.835089424555900450e+02
1.275608181963286825e+03
3.692435905328322406e+03
2.418729494200576937e+03
9.227913088454175750e+02
8.329533620640922891e+02
3.616443407073594244e+03
3.170013919076630827e+03
1.115903471638723886e+03
6.689432827607028003e+02
1.777114136814733456e+03
4.015133605088713921e+03
1.781946639538275576e+03
8.920439833669904601e+02
1.036215221133261593e+03
3.620371546137052064e+03
2.410617580518190152e+03
1.757587125793374298e+03
1.637876450364879474e+03
8.895510498776195618e+02
9.630918498832539854e+02
3.255886326692574130e+03
2.444158028696724159e+03
1.452377612868442611e+03
8.796022182571019812e+02
3.634493520775308752e+03
3.093453796755892654e+03
1.206892086459627308e+03
7.036663605265929391e+02
2.465288248503549312e+03
3.762341127230075017e+03
1.559301844008264652e+03
6.958676081843361771e+02
3.197927045804198769e+03
3.390157474900637681e+03
8.288522347707934159e+02
2.292704073056495986e+02
2.647110233073285599e+03
4.081303345038391853e+03
1.910586269652176270e+03
8.452485979622508694e+02
5.283478031190904858e+02
1.449772715552034924e+03
4.153535648397431032e+03
1.840070933294079623e+03
8.001142388733985626e+02
6.095024051375315821e+02
2.710267903664155256e+03
3.584816253127394248e+03
1.401191603629851670e+03
8.269981324748447378e+02
1.305144967037865626e+03
4.069498337395566523e+03
2.150247371080516132e+03
1.095099247656893112e+03
8.840005527076491489e+02
2.735713428836904313e+03
3.775789303826852574e+03
1.284189310131247112e+03
7.726548826898579136e+02
2.375048077087894853e+03
3.823249083047115164e+03
1.654320395370168171e+03
1.313723617520847256e+03
1.067107488473468948e+03
3.677407280828021612e+03
2.503336868243204663e+03
9.593627257662217289e+02
9.506977889922715121e+02
2.971747631144378829e+03
4.142556846573923394e+03
1.760460170361738165e+03
6.800052324809323636e+02
2.425766129731050569e+02
1.974949919043093587e+03
3.994305672393418718e+03
1.627755945176063051e+03
8.608849277220514296e+02
6.656528987681106173e+02
9.721748650397262281e+02
3.737388614965753732e+03
3.081791560790490166e+03
1.258696139366927355e+03
8.347600408532043730e+02
2.703410488476427417e+03
3.606788569073054987e+03
1.306739797765865205e+03
8.735659116821635735e+02
1.321673368942753768e+03
3.977764500623736694e+03
2.105192177474448727e+03
9.835044634953404739e+02
7.389954030698751239e+02
2.624505712970602417e+03
4.025640422363801463e+03
1.734793350933743341e+03
8.688751535839579674e+02
8.968096583514624172e+02
3.518219237542669816e+03
3.257714135614967745e+03
9.091564102307060011e+02
6.356183910352435760e+02
2.580678722416635537e+03
3.390505929829610977e+03
1.601499106673654296e+03
1.121013194417597560e+03
1.470248431037620094e+03
3.339317093709019446e+03
2.386885095419238951e+03
1.194914131994539957e+03
9.438781903842450447e+02
1.927629729798463813e+03
3.607651648113002921e+03
1.886570199869725684e+03
1.221491539461798766e+03
9.596542148890436010e+02
2.986004213649336180e+03
3.612050914941949031e+03
1.604444087904714934e+03
9.895598233174792995e+02
1.240938128198996765e+03
3.513889443675360781e+03
3.587727208983410947e+03
1.175635450369627733e+03
1.043383653963654979e+03
9.074153764364559720e+02
9.044018619471744387e+02
2.840464573827166078e+03
2.968801544113158343e+03
1.333667102744047497e+03
9.530650853077722786e+02
2.038880676994567011e+03
3.713595474384302179e+03
2.067592565330351135e+03
1.114965676179925140e+03
8.963006567434300678e+02
1.469758430651904519e+03
3.795928815167196717e+03
2.229599871218828866e+03
1.397301667646074065e+03
