2.135562878335760615e+03
3.381907950908825569e+03
1.585258278884129140e+03
9.457682171753398279e+02
1.693575959500800764e+03
1.962819990029683595e+03
3.670671616199218533e+03
2.031139833052348649e+03
7.243505296812621737e+02
1.381429712808506110e+03
1.796911317753035291e+03
2.085145489197999268e+03
2.070220466633690648e+03
2.025064615148409302e+03
2.012810349457236498e+03
1.930278797141599853e+03
2.990212709821494173e+03
2.562693358687675754e+03
9.240607569154863086e+02
1.508489870037844184e+03
1.958964337222738095e+03
2.120098902251465915e+03
3.184873453023767979e+03
1.640521820197374154e+03
1.018049418027055026e+03
1.800560179221028875e+03
1.846481494448615877e+03
3.027241658181027560e+03
1.970117563117571535e+03
1.136596295087903627e+03
1.731181705456316422e+03
1.816367453205292577e+03
2.359193068493786541e+03
3.107000740005284570e+03
9.974991301808970547e+02
1.313674226128707232e+03
1.957313591126896199e+03
3.164741966655828492e+03
1.651907232242571808e+03
1.316879070404889944e+03
1.710966607863805166e+03
1.982353287557719113e+03
3.049336974304467276e+03
1.780150081026423550e+03
1.227335375384714780e+03
1.679714526771974306e+03
2.068404148179978165e+03
3.212680770900892185e+03
1.655308412683988536e+03
1.065923524534633998e+03
1.707411155086471581e+03
2.464256314999960068e+03
3.174830084004544915e+03
9.743788161929928719e+02
1.378637789320407364e+03
1.876788024462871363e+03
2.575567596807267364e+03
3.388175663242814608e+03
8.737432959279457236e+02
1.100486308116249120e+03
1.768668888536911709e+03
1.917198369061089352e+03
3.066755869405404155e+03
2.738692894956938289e+03
8.689898997624088679e+02
1.412135365561693106e+03
1.757617873742259007e+03
2.567643213226845546e+03
3.448680429153095702e+03
1.010173713017382624e+03
1.078224611301592176e+03
1.752163347095856125e+03
1.879044716189270503e+03
2.590607389056180182e+03
3.200756060862107461e+03
8.178204207163697674e+02
1.442841770437702962e+03
1.723692448322401560e+03
2.509480426547920615e+03
3.343868333951959357e+03
1.169751329899209850e+03
1.033706147662432159e+03
1.671544105345074058e+03
2.320952454161268633e+03
3.326883167422835868e+03
1.220709297110342959e+03
9.706162993254093863e+02
1.761873341491527299e+03
2.989935697792635892e+03
2.655915516602514344e+03
9.912249642840201886e+02
1.439115780478541865e+03
1.847286176434401341e+03
3.062232266424448426e+03
2.617436711734061191e+03
9.147939014154213737e+02
1.552541540518159763e+03
1.880335437721153539e+03
2.393203809916414684e+03
3.272886087294511526e+03
1.018493046119993096e+03
1.305860731802727742e+03
1.717505925340808290e+03
2.059196467246551947e+03
3.216975024888541611e+03
1.875507673935081584e+03
9.894819754339093834e+02
1.612978919751565400e+03
2.021403964086535552e+03
3.160712278865924418e+03
1.602418278845882696e+03
1.220070467655415086e+03
1.683057442716158903e+03
2.417774275563265746e+03
3.179747744687698741e+03
1.200668327605815648e+03
1.188330125210998176e+03
1.731918266098312870e+03
3.151583507168430970e+03
2.932120142814822430e+03
1.466976469984211917e+02
1.576454593136059884e+03
3.491462405338665121e+03
2.451523900723768293e+03
6.582873350213376398e+02
1.450027742543799377e+03
1.846744952171840623e+03
3.330787014297041878e+03
2.592547748514022715e+03
6.652052337930064141e+02
1.950451012328890556e+03
1.894739884961603593e+03
1.704107667717535833e+03
2.090064313714696709e+03
3.646327738127748034e+03
1.204493802827221771e+03
1.281500330803497263e+03
1.644222695851895423e+03
1.744137745391769613e+03
1.962455705938830306e+03
3.242461966170982578e+03
2.797808960664906408e+03
8.156800572856922145e+02
1.472205788049917146e+03
1.722729771988206721e+03
1.815000972345965465e+03
3.290122075216679605e+03
2.617676050110349479e+03
7.691263513950989363e+02
1.380164296009083046e+03
1.748183952808008371e+03
2.936833002064384800e+03
3.107526932522703191e+03
7.979451521640315832e+02
1.407196817829240217e+03
1.724219193394269041e+03
2.412046652074861413e+03
3.387065113545775148e+03
1.055173781177449428e+03
1.207565753090351564e+03
1.736823811042233046e+03
1.846460381020384148e+03
2.791695459337217926e+03
3.320509912477144553e+03
8.521386149546334536e+02
1.267439573179860190e+03
1.680198412307775243e+03
2.149085982760012939e+03
3.254419685212510103e+03
1.677984316433346748e+03
1.049860210453299942e+03
1.631672135220545215e+03
2.046909137764639581e+03
3.088255917220557876e+03
1.893741187899146780e+03
1.120246389064776622e+03
1.705231523527301761e+03
2.077831601724250049e+03
3.119601682248915495e+03
1.638468093485759709e+03
1.212706988382826239e+03
1.643837128170313008e+03
2.364996679863781537e+03
3.331213913562401558e+03
1.263205652239279061e+03
1.194462931757123442e+03
1.670926237623914403e+03
1.866166817781215968e+03
3.146813927872450677e+03
2.383828557649953837e+03
8.792501792363069626e+02
1.656827567976519049e+03
1.685323674063723956e+03
3.143715078225669458e+03
2.360357424520334007e+03
9.608519848070340004e+02
1.578974099024514544e+03
1.884164325526314542e+03
3.159494647654367782e+03
2.230464694711004540e+03
9.166933400260097642e+02
1.507952785513343542e+03
1.925364494900093632e+03
3.278330856573866640e+03
2.708743633667013000e+03
5.764205994048875255e+02
1.294223897217489593e+03
1.965181983646433082e+03
3.556979328045246348e+03
1.610351978066743413e+03
8.935666704429049787e+02
1.583957569004950301e+03
2.315304681001963218e+03
3.495491584757786768e+03
9.308699167351542201e+02
1.218989706701744581e+03
1.799700367186235326e+03
2.802592506901467459e+03
2.891289235373711108e+03
8.551197729550128770e+02
1.572039380251344710e+03
1.900886619335243267e+03
2.840873694074434752e+03
2.343947480900013943e+03
1.057663709302464440e+03
1.688949883692410367e+03
2.202975701370408842e+03
3.354730672784645321e+03
1.482076588929587160e+03
9.860848478873193699e+02
1.658639267528229766e+03
2.370508759784742779e+03
3.235672248978001790e+03
1.118243695971918442e+03
1.222697154678759716e+03
1.734664795198861384e+03
2.492129139213918279e+03
3.383364888809480362e+03
1.085842811013691517e+03
1.073397874026044065e+03
1.653624371018653846e+03
2.774750766907282468e+03
3.128522171265927682e+03
9.724429765115398823e+02
1.154514557892067387e+03
1.652522400978342603e+03
3.184076421906589076e+03
2.581432878504153905e+03
9.736052089066043891e+02
1.463785682402228531e+03
1.769429937045587167e+03
2.935338953935074642e+03
2.654659108705895051e+03
8.876285992322298171e+02
1.676588698463792070e+03
1.743252351391917728e+03
3.140200415573247483e+03
2.346418106273066314e+03
9.026012202944820046e+02
1.597568152346195802e+03
1.798072016130592601e+03
2.908015198652507479e+03
2.960443702976976965e+03
9.517297112581735519e+02
1.408252896913365021e+03
1.711790861025867116e+03
2.939470811767002942e+03
3.242686298638730477e+03
6.085514292999856707e+02
1.236666069297071772e+03
1.792459166549474048e+03
3.227206159172171738e+03
2.376858738648369581e+03
8.474175381901673063e+02
1.617881360532977851e+03
1.831526661017907145e+03
2.858003629576193816e+03
2.810811800855972251e+03
9.712164852442396068e+02
1.477256746800590690e+03
1.798282808117259265e+03
3.195352083303626387e+03
3.001610667071930493e+03
6.040582538930032115e+02
