6.609927579376578706e+02
1.309152014282692789e+03
2.007244873157153506e+03
3.568597658274263722e+03
4.053101279931345744e+03
4.624605958998164965e+02
1.043086717079750315e+03
2.208406981980640467e+03
4.110729507611490590e+03
2.107355122567367744e+03
1.960910162202301876e+02
8.784501244974533165e+02
1.898814832465308427e+03
4.143621173657144936e+03
2.661526784575191868e+03
4.400870421728155293e+02
9.082119568564178280e+02
3.867517280369666423e+03
2.991204554640443803e+03
-6.425310945382014438e+01
9.475432808879533013e+02
4.135420020692561593e+03
2.270725340243631763e+03
2.017064487127135806e+02
1.546295373679948398e+03
4.026921201724298953e+03
2.652434557233987107e+03
2.669228781218407107e+02
1.114939490307079268e+03
3.788694510421342784e+03
3.286033485090786144e+03
8.683030024865022369e+02
8.634289492123413083e+02
3.597142923890144175e+03
2.827765599486825067e+03
2.116505129638908898e+02
1.253860048657684047e+03
3.302393712987814524e+03
3.401348953341413562e+03
5.726338198466421545e+02
1.370534992878790490e+03
2.192378522339502524e+03
3.997139935220188363e+03
1.396678982590442274e+03
6.037515525571320723e+02
1.562791629255845010e+03
4.047126141602865573e+03
1.791757895811624394e+03
5.993358718221603567e+02
1.686564704845075994e+03
4.040082471234557033e+03
2.113006348800408887e+03
3.563734867477512012e+02
1.270974760308608893e+03
4.088734212476174889e+03
1.893566950202873613e+03
9.082510655273954399e+02
4.000154884734088228e+03
1.798399173327229846e+03
3.514896281840186703e+02
1.449804520870098941e+03
4.129162858801754737e+03
2.006405081333577755e+03
4.021532220615491156e+02
1.081959652620343832e+03
3.727005936293673130e+03
3.200996505970406361e+03
6.321570218572156818e+02
9.222106054526429944e+02
3.438851807069303504e+03
3.164574247560390177e+03
6.057021163943296642e+02
5.816014908462872199e+02
2.693925903009797821e+03
3.893496426856274866e+03
1.058367616897297694e+03
2.306709105132657385e+02
3.089198706054533886e+03
3.949774079128247649e+03
5.919569178729865371e+02
5.173715258776180690e+02
3.165458657798968943e+03
3.885411880480518903e+03
4.044843784853413240e+02
5.002905158760502218e+02
4.070577563552846641e+03
2.519653920251396812e+03
3.134982807238432088e+02
1.289314753473293194e+03
4.192823281918314933e+03
1.751193059186107348e+03
4.222361969141082341e+02
2.220889397385823486e+03
4.141282166167818104e+03
4.632507866648626873e+02
7.600836674518108111e+02
3.552861671409289556e+03
3.687713576409072175e+03
4.580302673348801932e+02
1.136871609913647035e+03
2.442339660388727225e+03
1.646211149609789800e+03
4.046990012428553200e+03
1.321238491670754684e+03
4.701284030478874456e+02
3.694298020263254330e+03
2.388016363571900911e+03
2.128080939628013368e+01
2.440275788262099923e+03
4.076658381178534910e+03
7.783480670231690510e+02
9.419394431083070458e+02
3.650092708610328373e+03
2.221102010652528861e+03
3.653577357001194059e+02
1.862127934487761195e+03
4.156816297718842179e+03
7.508566647694673293e+02
6.654783786138339110e+02
3.031782003784074732e+03
3.354656412133656431e+03
5.327370110172912518e+02
1.119569109170401134e+03
3.342462979665921466e+03
3.331145303930301452e+03
3.809384816303719958e+02
1.087431703364849000e+03
2.201423137484191102e+03
4.180263368773698858e+03
1.257312766216513182e+03
5.315961903467391494e+02
1.500159084697098024e+03
3.601215701385747252e+03
3.395502944234555798e+03
6.245735750987969368e+02
1.310532178871054839e+03
1.765958146975673344e+03
3.538073181884834867e+03
3.658860602670347816e+03
3.136366986150433718e+02
9.172587555774870225e+02
2.883118653478562464e+03
4.067107574095728523e+03
9.101262131656874317e+02
3.248392030293020980e+02
1.679585015389423461e+03
4.148302349221097757e+03
2.358601016619087204e+03
4.898519718538562984e+02
7.358343005207483429e+02
2.665016722895446492e+03
4.131419376095918778e+03
1.128059732139000744e+03
6.524261356354097643e+02
1.504078146203473352e+03
4.145519574548215132e+03
2.437995513684292291e+03
1.767012333475381070e+02
1.004177373321850041e+03
3.070228940403691468e+03
4.127365520723893496e+03
1.255054336138387271e+03
1.928559769087495965e+02
1.649162837568499981e+03
4.165331724183395636e+03
2.042833393784759664e+03
3.404729564682723435e+02
1.129779820700268147e+03
3.964431758397428894e+03
3.260301566558525337e+03
3.639274191320844238e+02
1.011160750123495177e+03
3.447361689778672371e+03
3.481325220509368137e+03
4.325541535709587038e+02
1.076316744319928830e+03
3.854622069262852619e+03
2.438576606652936334e+03
3.554405593696728829e+02
1.983586409743291597e+03
4.122503606015403420e+03
5.537421295626774054e+02
9.349412298485115116e+02
1.949794131900026287e+03
1.919829423339681625e+03
4.237362120506820247e+03
6.902687027020078858e+02
-5.179876871172508146e+01
2.658454529002542586e+03
4.118995940487276130e+03
4.440721163767964867e+02
8.913011804831429572e+02
3.017046174251338471e+03
3.870801532901450173e+03
1.417780315539702372e+02
1.399282352046204778e+03
4.227561026952026623e+03
1.024793722453765895e+03
6.051223372677752650e+02
2.320255098687264308e+03
3.989070849313588042e+03
1.750223739792764945e+03
4.835586850870321314e+02
1.360534967956279388e+03
3.313478459856339668e+03
3.827689125678664823e+03
7.644437038514464575e+02
5.689287132768832862e+02
2.182183639845413381e+03
3.798297865564015865e+03
1.091591274789085219e+03
6.203465741673519460e+02
2.191013270855029077e+03
3.975100982208277401e+03
1.329159934768868197e+03
1.015794828635554836e+03
1.640374644895780648e+03
3.367256760907730040e+03
3.380369903845822137e+03
2.544747590888742366e+02
1.198679906952247393e+03
2.865021968609878058e+03
3.831122875814322470e+03
6.840270057024224570e+02
1.140110315300955335e+03
2.806041176422881563e+03
3.833364459909257221e+03
7.028976055288782163e+02
6.792231675806217481e+02
3.796115212486309701e+03
3.088128594888871248e+03
1.201573528667978081e+02
1.287598542343540430e+03
4.173009818277369050e+03
1.712185974053163591e+03
8.102019401430236485e+02
2.057525871244630707e+03
4.073222261178998451e+03
1.152522173621045113e+03
3.666801608630329383e+02
3.089278600162333078e+03
3.194113726081517598e+03
5.433800835216858331e+02
1.023025354258315815e+03
3.927417925084470426e+03
2.969435169817554652e+03
5.922690675813847605e+01
9.237196410603324921e+02
3.454741736416831827e+03
3.736330021397828204e+03
3.724447121553739066e+02
9.363676433295474908e+02
3.857901659206908789e+03
2.459878476268429495e+03
3.909490061528830438e+02
1.465493637477577522e+03
4.065108973864500967e+03
1.871914678430966887e+03
3.805164591723838043e+02
2.198918493656279225e+03
4.085618197009336200e+03
7.420613546310178208e+02
1.017879120833817979e+03
2.835198147803538632e+03
3.666062937668860741e+03
8.481368212121848273e+02
1.825723555088073681e+03
3.089963338137726623e+03
2.317847467735221471e+03
4.177505560932676190e+02
1.588265414565274114e+03
3.982782360319818508e+03
1.232762460948754324e+03
7.949422465524498875e+02
2.095101228296236513e+03
3.675708868431714563e+03
9.302153651431934804e+02
1.371428165756080489e+03
2.747495935780554646e+03
3.762903126830563451e+03
7.633723552806760608e+02
6.362947980176007832e+02
2.004021440463061936e+03
3.894870136240693228e+03
