2.164410362637925573e+03
3.201369402135337168e+03
3.928072501316517446e+03
4.043645259433606952e+03
3.610444137794697326e+03
9.068245144700646279e+02
3.896235442586718136e+02
5.158459390291501450e+02
8.063502750442735305e+02
1.783660207028972764e+03
3.447579575234983167e+03
3.443264387298725524e+03
1.452734551179680011e+03
1.088966084662488583e+03
1.059774856622882226e+03
1.269233815654565433e+03
2.515096524981180664e+03
3.361525090282916608e+03
1.908392407475948403e+03
1.193711077765364280e+03
1.490231460096989167e+03
3.139100018003590776e+03
2.393630641703186939e+03
1.331211677354360745e+03
1.390113358276948020e+03
3.086102342808703270e+03
3.241310451682199528e+03
1.561176177871501295e+03
1.007785291625522518e+03
1.184068871101642117e+03
3.051643407069812383e+03
2.771979736117578341e+03
1.253661244203351998e+03
9.732248297656220757e+02
1.832940465077819226e+03
3.242248352332567720e+03
2.536543695901244973e+03
1.332877003482110922e+03
1.302624719197437798e+03
1.573403191355979970e+03
1.763852045101960130e+03
3.074923068799949306e+03
2.453045922825981052e+03
1.581285839157441160e+03
1.385766354891896981e+03
2.274652010959206564e+03
3.256896311573098501e+03
1.774548777134035163e+03
1.184339191530866174e+03
1.525347103296770456e+03
2.900198443324606160e+03
2.922608961186189845e+03
1.342469338707105862e+03
1.130867092125637555e+03
1.585195749024748920e+03
3.069728658828835705e+03
3.755022890182919127e+03
4.056609898118008914e+03
3.513714933370854396e+03
7.899602905590555793e+02
4.029942880340943816e+02
3.057978974235518876e+02
3.444780831822712912e+02
4.932864136257569498e+02
7.177144424873802109e+02
1.012048794701470001e+03
1.726904873108660695e+03
3.237646392885832029e+03
3.255046396038408147e+03
1.581041412081755880e+03
1.070146222827110023e+03
1.109161551424876961e+03
1.426755311839946216e+03
3.254649090816636544e+03
3.381673511270478230e+03
1.796330976389439456e+03
1.331567908881959283e+03
1.825241490446920579e+03
1.528491131878418400e+03
1.613124238836001041e+03
3.042635032969173608e+03
2.449422345376753583e+03
1.664712587921812201e+03
1.449690803143788116e+03
2.794571369909428995e+03
3.054584733032243093e+03
1.788557667238283784e+03
1.420722188592944804e+03
1.412052230980381182e+03
2.571391635780329580e+03
3.390271409808842691e+03
1.982979437378762896e+03
1.271570458230108443e+03
1.016926919966143032e+03
2.615856208372603305e+03
3.486266948364415839e+03
1.889374215761726191e+03
9.311255136426290164e+02
1.090808153383539775e+03
2.933846315220789165e+03
3.004514877673698265e+03
1.346413843600885230e+03
8.618049523517374837e+02
1.651808636377956191e+03
3.313676178812992021e+03
2.510061587132731347e+03
1.004806164619500464e+03
1.447233078036413417e+03
3.027357632607868254e+03
2.311907667601399226e+03
1.040771158409114832e+03
9.380675629556462809e+02
2.795159598144534812e+03
3.052501629521685118e+03
1.554153612138117524e+03
1.012037359661953246e+03
2.527752007710224007e+03
3.177058464529325192e+03
1.390150554134516824e+03
9.064729626394754405e+02
2.667663448040355888e+03
3.627369256294882689e+03
1.891847633793110617e+03
1.160292285149060035e+03
1.120043539539102539e+03
1.992172019082061297e+03
3.154759962444748908e+03
2.213472436851614930e+03
1.311822434723673723e+03
1.356983495776444897e+03
2.608102972964315086e+03
3.265022447870709584e+03
1.575689002920656094e+03
1.132097474865797494e+03
1.156439018378579021e+03
2.248225170310522117e+03
3.223182351200895937e+03
2.688408543075359830e+03
1.203940738776715079e+03
1.046830660334876939e+03
2.050879922424475353e+03
3.340643921444887383e+03
2.309425539678371024e+03
1.077266378697034952e+03
7.122000850662058156e+02
1.500644316085532409e+03
3.405596916624877849e+03
3.467546218946015415e+03
1.543332668229395949e+03
1.043364055351646357e+03
7.993381917722379058e+02
2.749323349960195628e+03
3.688653077685598419e+03
1.792213295490884093e+03
1.147556870577144764e+03
7.613247731840491497e+02
1.885056069097984619e+03
3.476946990682672549e+03
2.593178217919298731e+03
1.064424276176520834e+03
7.924951489382347063e+02
1.475975342095458018e+03
1.423942845696521772e+03
3.277888163497935238e+03
2.525102577312030917e+03
8.608416388126933043e+02
9.697424897420534080e+02
3.128822395780363877e+03
3.303763518293886136e+03
1.642059944636555429e+03
1.608645552769399728e+03
1.695296371238077199e+03
3.358609121193198007e+03
2.225231519675851814e+03
1.089010344790253157e+03
1.434234506555233111e+03
3.492253613932005464e+03
2.388132602768519519e+03
1.055666220551574952e+03
1.133540930844552804e+03
3.055985945532175720e+03
2.510699553110283887e+03
1.561320932105923021e+03
1.772469260957230972e+03
1.565976767491275268e+03
1.215863182299327036e+03
2.680793239753194484e+03
3.449794767365202915e+03
1.576249804769295451e+03
9.190655386281420078e+02
1.575544522843621053e+03
3.317993455556391837e+03
2.361568739499751700e+03
1.008448446076993150e+03
1.354076711829260375e+03
3.106107865592123744e+03
2.508810777239308663e+03
1.194062806149144080e+03
1.185710097548134627e+03
3.006253512595090797e+03
2.499242860475069392e+03
1.072454964900147843e+03
1.354489142158756295e+03
3.170071180439023010e+03
3.303275791120526719e+03
1.392106380363116841e+03
1.097306703180138584e+03
1.593792613475565076e+03
3.192875069928606081e+03
2.582452217528163146e+03
1.162440165331270691e+03
1.157298831684109473e+03
1.443817325903289884e+03
2.912544554959796187e+03
2.901986934255280175e+03
1.386269944256357121e+03
1.178493673938202392e+03
1.265302482971937479e+03
2.656737690332476632e+03
3.300370649018759650e+03
1.662812163235739263e+03
1.252213450505423680e+03
1.175398518004129073e+03
2.207221030112578774e+03
3.239308599528004379e+03
2.128203363520954554e+03
1.282724447108063941e+03
9.707395364375769304e+02
1.759223004063723920e+03
3.275887317512181198e+03
2.434109492671160297e+03
1.090946322903044802e+03
8.444503592883870624e+02
2.294257003268473909e+03
3.478033482044076209e+03
2.200121100877139725e+03
1.153765263022622094e+03
1.086873597513940922e+03
2.468081288031328768e+03
3.482745334550696043e+03
2.063482952190503966e+03
1.251876092233904046e+03
1.199472109008396046e+03
2.325028876644804768e+03
3.346895247843729521e+03
2.139604032341100719e+03
1.155551206726085638e+03
1.317150796741267413e+03
1.689474583342503593e+03
2.003232848392219466e+03
1.961197004294443104e+03
1.960188393265727427e+03
3.268037652214689842e+03
2.577952611361680738e+03
1.325320238965727185e+03
1.261451655251860757e+03
3.112042768646162131e+03
3.329462644307512619e+03
1.583325887634786113e+03
1.044830429893863084e+03
9.196717060585399395e+02
2.856708642373857401e+03
3.014723505465722155e+03
1.421237512348903010e+03
7.657283322204788192e+02
9.637730884590262121e+02
3.077499842107138647e+03
2.843093417949440209e+03
1.429253953765049573e+03
1.303515694165776949e+03
1.475981089235809122e+03
2.515195809907502280e+03
3.474730021545445652e+03
2.885765789505690464e+03
1.237939168325167202e+03
9.371046198765687905e+02
1.298330280717331107e+03
2.914328444598179885e+03
3.242853067161388481e+03
1.405475975111874050e+03
1.046601874441835662e+03
1.420152425584579532e+03
2.955409855286551192e+03
2.814128939874597108e+03
