2.867451514296659752e+03
1.284957318708942239e+03
1.101673200610091271e+03
1.550268466799503813e+03
2.350658801526304160e+03
2.520885756280405531e+03
1.146740580962476088e+03
1.252537856359187572e+03
1.561363858969072908e+03
2.480734962309220009e+03
2.303716499193282289e+03
9.022646971108210892e+02
1.388147085953038868e+03
1.981178361588692724e+03
2.627450879536552748e+03
1.216217019872542323e+03
1.145329729037154948e+03
2.192611594302662070e+03
2.603403433802369818e+03
1.123816228841739076e+03
1.191275338824624669e+03
1.973689066679506595e+03
2.585436288432842957e+03
1.155409316699361625e+03
1.235818198997665377e+03
2.173237828014634033e+03
2.327991833444562872e+03
1.072824298752823324e+03
1.412674390243138987e+03
2.497041218108244266e+03
1.735541715602294062e+03
1.064962497327107258e+03
1.672721701980311764e+03
2.620194884027682747e+03
1.226130877968442974e+03
1.157000545325172880e+03
1.838396927491088491e+03
2.570845510933926107e+03
1.342751461411196942e+03
1.161996775277725419e+03
1.936631257200391701e+03
2.444449651838362570e+03
1.230426087116328063e+03
1.285690972492724768e+03
2.068677941133483728e+03
2.411464379631133852e+03
1.250619404549222963e+03
1.321324798282375468e+03
1.978355193441649135e+03
2.533197840932852614e+03
1.338011164435971750e+03
1.169641218671108845e+03
2.164929560393985867e+03
2.338322369123489352e+03
1.156317538853451197e+03
1.331989632747803171e+03
2.345334982659167053e+03
2.068216850751886341e+03
1.081340949623311417e+03
1.378989070304880670e+03
2.423863431739003772e+03
1.800321508784036951e+03
1.285324023046645834e+03
1.463029674521355446e+03
2.497545634612900812e+03
1.682346305264423108e+03
1.234747887608769815e+03
1.656529149161696296e+03
2.562225580438236648e+03
1.493271041030850711e+03
1.089443995149476905e+03
1.825576983088808674e+03
2.479329222197710351e+03
1.399265911607115868e+03
1.122763767101165058e+03
1.777671789598871783e+03
2.476892469290202826e+03
1.497445859734244550e+03
1.033082965765481504e+03
2.018556300287253407e+03
2.479824463152591306e+03
1.136538725580067194e+03
1.295472883595718713e+03
2.450491534542436057e+03
2.197798701688861911e+03
1.158863196898007800e+03
1.179878707824181220e+03
2.342774592980375473e+03
2.287024284819759487e+03
1.201138810469317150e+03
1.213474748021213372e+03
2.124222190339191911e+03
2.407968856971174773e+03
1.246078316926551224e+03
1.289616843458381936e+03
2.187827762846763562e+03
2.376957955233317534e+03
1.160042661357531870e+03
1.245369985032853492e+03
2.285063790585819788e+03
2.350419454016473082e+03
1.206652400022966731e+03
1.113100890208923829e+03
2.388355037218997495e+03
2.310896008346119288e+03
1.153286571710272028e+03
1.245361522057545471e+03
2.224725910611759900e+03
2.444514736093869033e+03
1.114671643504756730e+03
1.235764774241868508e+03
2.342729333648653210e+03
2.361269368610423953e+03
9.987340536311468213e+02
1.328585024220611103e+03
2.442816017676978845e+03
2.063463125853812016e+03
9.886074847678629567e+02
1.508685603813155922e+03
2.479048239811622352e+03
2.206443810765854778e+03
1.132145202346332781e+03
1.272716277237437680e+03
2.061658737455532446e+03
2.406608977780845635e+03
1.166664168386452957e+03
1.271991918487913381e+03
2.081749097476747920e+03
2.471863048891504150e+03
1.231233220571966285e+03
1.248457536979380620e+03
1.920024572973350814e+03
2.492174638021089777e+03
1.360409611616608572e+03
1.131784507831850078e+03
1.710709815328317745e+03
2.552748823962247570e+03
1.460419929339832606e+03
1.154763232397381216e+03
1.557716538355291732e+03
2.435029284110376921e+03
1.957510257058863999e+03
1.148021254355867541e+03
1.440141477543716974e+03
2.401293643924814660e+03
2.048169910605427049e+03
1.268420199823515077e+03
1.347257799708163930e+03
2.136831881609393804e+03
2.406812784207049390e+03
1.348076232627165382e+03
1.185810212155185127e+03
1.942895649690249002e+03
2.235582748874506706e+03
1.248654878701671578e+03
1.487587761637302265e+03
2.394535339647584351e+03
1.449376126723812376e+03
1.432956711860878386e+03
2.409975472375586378e+03
2.160534424568637860e+03
1.047201488626970786e+03
1.174798133495347201e+03
2.182446332723375690e+03
2.531062827573983213e+03
1.041989189183897224e+03
1.380293148866553111e+03
2.525471343867941414e+03
1.643729338925350703e+03
1.142454239386186828e+03
1.867550797532900560e+03
2.370795228798127027e+03
1.181103990351843549e+03
1.397784502838907201e+03
2.232435414767423481e+03
2.263797777849167232e+03
1.249282618812762166e+03
1.351868562831231429e+03
2.537664787556947886e+03
1.961523074893192188e+03
1.133291067349324749e+03
1.456189753284863855e+03
2.441324362845922678e+03
1.786663279550115021e+03
9.541069931553895458e+02
1.633652866569397247e+03
2.570512435790167729e+03
1.703303072956868846e+03
1.080237977906555898e+03
1.867287349222730654e+03
2.528549192303123618e+03
1.312004581309122386e+03
1.113465321668655179e+03
2.115217365113317555e+03
2.430300405814616624e+03
1.083717121704167539e+03
1.282579279053751179e+03
2.172667446661300346e+03
2.425407536315070956e+03
1.082306638973099552e+03
1.314329205242142280e+03
2.341654658364433089e+03
2.095693380191335109e+03
1.083718643267729931e+03
1.496651575999229635e+03
2.541137860830483987e+03
2.004486099783850477e+03
9.554414365102412603e+02
1.390211741668532795e+03
2.341956693538757918e+03
2.356392210995681125e+03
1.003008640964712185e+03
1.315203885459392268e+03
2.020471088212900213e+03
2.543739015450733859e+03
1.396270274852903867e+03
9.908759732791904753e+02
1.631297334150700181e+03
2.701572051051334711e+03
2.020209311567954956e+03
8.283232190160413211e+02
1.355550983602146971e+03
2.554839294067720402e+03
2.373602241875391883e+03
9.990747392143648540e+02
1.276395194838339421e+03
2.369730658698187199e+03
2.471504656301418891e+03
1.054329724548884087e+03
1.192122398591958245e+03
2.371733979978045681e+03
2.366349380175368424e+03
9.988426024681474473e+02
1.433810008407809391e+03
2.561029764361597245e+03
1.642307601530046213e+03
1.067487373204338382e+03
1.900798056424587003e+03
2.488582841127578831e+03
1.275791154361555527e+03
1.167356591632359823e+03
2.062609789535694290e+03
2.450339671290001661e+03
1.129470974300522357e+03
1.309266344123697081e+03
2.452879026405761124e+03
2.162532690369686861e+03
1.054610441629705520e+03
1.354845924688010427e+03
2.297917255519589617e+03
2.409474628926933292e+03
1.117947420068112478e+03
1.211585956251910375e+03
2.324482959468056379e+03
2.243102986796392543e+03
1.204975958374873244e+03
1.304677649558287840e+03
2.362728890535324808e+03
2.013012312125081053e+03
1.141120233229070209e+03
1.414954226652388343e+03
2.549919141192728603e+03
1.673152765425947109e+03
1.106915300536206814e+03
1.841552889284996581e+03
2.355536614323206777e+03
1.705125320477268360e+03
7.041320394539218341e+02
1.576383199216231787e+03
2.540515166814067470e+03
2.362499039979471490e+03
1.284646040108822262e+03
1.263170229818499820e+03
1.987880084324516247e+03
2.435817240551135455e+03
1.498271641313826194e+03
1.119064625039370640e+03
1.720151777642275874e+03
2.527857855105507952e+03
1.697478073424694912e+03
1.156351026427014858e+03
1.365849570720485417e+03
2.301401135160452668e+03
2.383210691392908302e+03
