1.601777109176550084e+03
1.996028538411725094e+03
2.577136558154468730e+03
2.290652671087530052e+03
1.770724454132012625e+03
1.655814624678243035e+03
1.728209818207940316e+03
2.271268981342682764e+03
2.422175863925244812e+03
1.928271186479579001e+03
1.739032941729399454e+03
1.843635856012911290e+03
2.394205422130866737e+03
2.473579893003559391e+03
1.822258675215701942e+03
1.665306721731727521e+03
1.995129690645853998e+03
2.369579251547310832e+03
1.922415311681586900e+03
1.719470432395771013e+03
1.949391004297269774e+03
2.484990289808245052e+03
2.025859570014117253e+03
1.733435746402580662e+03
1.950770248937186125e+03
2.396850843464826994e+03
1.912108560870949077e+03
1.723419835208720542e+03
2.232221529987496069e+03
2.341595435630204520e+03
1.853601393648790918e+03
1.690023565964000682e+03
2.330794737080365849e+03
2.666312771188621809e+03
1.897188023950318438e+03
1.487222821457076179e+03
1.809858019920846345e+03
2.340153603233647118e+03
1.850062888669101767e+03
1.664617139442042799e+03
2.109967270117565022e+03
2.229046242325349795e+03
1.809052356671417101e+03
2.042500750433785925e+03
2.198806225708038710e+03
1.811885873162995949e+03
1.916389178414708340e+03
2.380346891736516227e+03
1.987927569431062921e+03
1.783409849518996452e+03
2.382160782903451036e+03
2.107342582374753874e+03
1.727877406533980547e+03
1.884334546684303405e+03
2.436054041351019350e+03
1.925821388384004194e+03
1.693995826248843741e+03
2.378467425063357950e+03
2.479124708112856297e+03
1.782906769982051628e+03
1.619955597478679692e+03
1.992604972129325915e+03
2.155808357549061384e+03
1.782634258536889320e+03
1.882092544805633224e+03
2.320919278541955009e+03
1.916701709351163345e+03
1.806344428032778069e+03
2.324402650939763134e+03
1.938617060344240144e+03
1.715433277575702050e+03
2.330075351327109274e+03
2.118176610538853311e+03
1.724536449081432920e+03
1.881133317095855318e+03
2.389541426845364185e+03
1.948860401268906344e+03
1.727669263823796427e+03
2.497018135497944058e+03
3.328655884426503690e+03
3.961954053764371110e+03
1.776607429270518878e+03
1.050587292225070996e+03
1.033730741692855190e+03
1.158534034950695741e+03
1.365824284829221142e+03
1.515236556545615713e+03
1.662090806602003795e+03
1.793443875293453857e+03
1.948761074389021815e+03
1.945355207429238817e+03
1.992945898650871868e+03
2.061471614369977942e+03
2.061345509407081408e+03
2.058491045900927475e+03
2.301174930392706756e+03
2.843168157403715213e+03
2.178204218628515719e+03
1.908858744925528072e+03
1.893747838012408693e+03
2.565587852487508826e+03
2.649046268622910702e+03
1.889721215963775421e+03
1.620171798175216281e+03
1.758550478088159934e+03
2.254770890255267204e+03
1.897573588944327867e+03
1.708100973100255260e+03
1.875572720521099882e+03
2.208460167245930734e+03
1.860999447825572588e+03
1.761839923797164602e+03
2.036583532088597622e+03
2.507926884459476696e+03
1.997059318515342056e+03
1.787667960847160657e+03
1.765839024761189648e+03
2.203558235611235432e+03
2.064736743455257965e+03
1.835112367584468075e+03
1.939709390991313512e+03
2.622083096222881068e+03
2.352948031830409036e+03
1.771372525161002386e+03
1.651198190019979847e+03
2.206987073668047742e+03
2.333032924404358710e+03
1.826549416713467281e+03
1.677480313585100703e+03
1.815680359661003195e+03
2.346216666945564612e+03
2.005027351521485116e+03
1.698541042177096642e+03
1.842280162300445227e+03
2.482250926529544358e+03
2.500684218727470125e+03
1.841417112078361924e+03
1.698759807241893895e+03
1.961892463298745724e+03
2.476505094468043808e+03
2.137166486408759283e+03
1.669752199603980443e+03
1.671280429973006221e+03
2.276302606108542932e+03
2.094598845034299302e+03
1.702145845549697469e+03
1.977494242264682498e+03
2.251952984229466892e+03
1.841353975059425238e+03
1.897267618200476136e+03
2.352867240936570397e+03
1.972482440680626269e+03
1.773475459672014722e+03
2.283757479324645374e+03
2.164422758520923708e+03
1.732516630476206728e+03
2.067571813515230588e+03
2.281359979074245075e+03
1.762384678007588946e+03
1.969424668590252168e+03
2.488505339433389508e+03
2.229918054370381924e+03
2.006832689746550159e+03
1.606629908186718012e+03
2.160933522630084553e+03
2.217908546729931913e+03
1.694345570082396307e+03
1.701201606279632642e+03
2.444325427069184116e+03
1.930423487487716102e+03
1.592829337104786418e+03
2.336293334145235804e+03
2.187177991912200469e+03
1.688399811743176315e+03
1.904089137427611377e+03
2.353931126048978513e+03
1.855396061517395538e+03
1.712633268940955304e+03
2.307347806515901539e+03
2.034740831404391656e+03
1.692961913488099981e+03
2.068982841540595018e+03
2.644810607981517933e+03
1.970509016097576932e+03
1.659927036257956843e+03
1.767185957881006743e+03
2.227803518243321378e+03
1.841218246487830356e+03
1.685388769514459227e+03
2.112769275445245512e+03
2.072144106748784907e+03
1.772454001415401535e+03
1.979563709792193322e+03
2.482254876699686520e+03
1.939277355976690615e+03
1.778712917953868782e+03
2.109022065439874950e+03
2.404874961737437843e+03
1.927129555407941325e+03
1.693332619755791484e+03
2.076740714558508444e+03
2.581949506256209133e+03
2.003142542721451264e+03
1.658270263051040729e+03
1.911609268835222565e+03
2.460735238662748543e+03
1.957177780227754965e+03
1.677654298553988383e+03
1.988765985742084695e+03
2.415706723648176194e+03
1.908900092156597339e+03
1.684206248437513750e+03
1.996995694188484777e+03
2.621761365815067165e+03
2.806821386068715583e+03
2.120589326707027794e+03
1.543148872668532249e+03
1.460740840636932489e+03
1.744982794417732293e+03
2.370995671655353817e+03
2.030011662234370760e+03
1.598444832125548601e+03
1.610092141926460272e+03
2.087776089003288234e+03
1.974043379026383036e+03
1.751920718260034391e+03
1.975300589819092693e+03
2.080499522149157656e+03
1.901589554557793690e+03
2.039770271490846653e+03
2.573592654669455442e+03
2.132206336536988147e+03
1.897884567646442520e+03
2.445086398886153802e+03
2.184703089784693020e+03
1.749220404948845498e+03
2.280861053878593793e+03
2.966677395186633930e+03
2.687528690418065707e+03
1.587125305923381575e+03
1.391219978649302902e+03
1.483011321544059911e+03
2.159944173698191207e+03
1.922733546114053297e+03
1.593992204334387679e+03
1.636297042218612205e+03
2.131968912254798397e+03
2.631707705303288549e+03
1.971631962407191395e+03
1.673820565659462545e+03
1.673927493659942229e+03
2.031750304388152017e+03
1.975531625110188770e+03
1.836134989626672223e+03
2.128509089639941521e+03
2.255842313623270911e+03
1.981145654337816950e+03
1.867363886155233558e+03
2.223177368168830526e+03
2.026280479688288551e+03
1.816830820930814070e+03
2.149416255481742610e+03
2.647820668745429430e+03
2.025898165814647427e+03
1.809397136805303035e+03
1.843778635422601383e+03
2.374093523784079935e+03
2.739714616395882786e+03
2.344005585182925188e+03
1.643615533500366382e+03
1.431729180024627340e+03
1.710715314267710255e+03
2.211111083687238079e+03
1.756095734066548857e+03
1.634626308071027324e+03
1.956419524268826308e+03
2.194228158188199359e+03
1.849839644822971195e+03
1.751331676460426706e+03
2.046751946441042037e+03
2.469295018273171536e+03
2.005976242689476294e+03
1.757587744791138675e+03
1.982927744945106724e+03
