6.765646170439546268e+02
8.201030370271602123e+02
1.563724835987875622e+03
3.857872898487485145e+03
1.785491075615098453e+03
7.096856288025728645e+02
1.629894176536724899e+03
3.841760716995968323e+03
1.011901524065145168e+03
9.145996545170897889e+02
1.534139576002124386e+03
1.944447738092301506e+03
4.185581047561633568e+03
1.227462171162695768e+03
9.057242718057113962e+02
2.567191823200234921e+03
3.626001213306991303e+03
7.398956094117822886e+02
1.050767791530821796e+03
2.668959609200794148e+03
3.327923895127315518e+03
7.608709395358024494e+02
1.214948557140197863e+03
2.643343254814274587e+03
3.444165534710555676e+03
9.695110877057528569e+02
1.247395499574051655e+03
1.848865877277487925e+03
3.719575375576419447e+03
1.556152033057506287e+03
9.263650727224679713e+02
1.550460447687240276e+03
1.923901303409793172e+03
2.026471443552572055e+03
1.761389059300837971e+03
3.955177701012502439e+03
1.764941162423861215e+03
8.954387171095638678e+02
2.373065953521347637e+03
3.483743956833084212e+03
8.032998785192517062e+02
9.658602645792090016e+02
3.174202964966240415e+03
2.784661537182353186e+03
7.446102794672153777e+02
1.332236431177441546e+03
3.588638061392511190e+03
1.713077598489077673e+03
8.945220119149166749e+02
1.442690198946340161e+03
3.584787420720743285e+03
1.921071058698350953e+03
8.071172336795542606e+02
2.067861120360296354e+03
3.638171072252980139e+03
8.890023571026813443e+02
9.141483262661278104e+02
3.774443986101564860e+03
2.574563293572597559e+03
6.149754568312225729e+02
1.626189827289829282e+03
3.831416357570170476e+03
1.122410461099315171e+03
8.005188360771139742e+02
2.390971848891305399e+03
3.633792490672789427e+03
8.662928728623933239e+02
8.222095831771922576e+02
3.266003140178875128e+03
4.080907725767469401e+03
3.102666905490312274e+03
8.577559769312332492e+02
1.020494981315487053e+03
1.545925472279320047e+03
5.338743834038392606e+02
8.078850022574755485e+02
1.444387775897908341e+03
2.043913058929033241e+03
3.650170018852422345e+03
2.642915349622459416e+03
1.102698862259541102e+03
1.420965478516602843e+03
1.808295271944115711e+03
3.770160087466298137e+03
1.368190482464605793e+03
1.072086228460055736e+03
1.636461553631576407e+03
3.552849040152478665e+03
1.869946961929151939e+03
1.078700503132116182e+03
1.789435975967538752e+03
3.736597924772364877e+03
1.201955604502443748e+03
1.096353434411198350e+03
2.463813288222447682e+03
3.121002699689358451e+03
1.015347305618486644e+03
1.253325724466427801e+03
3.865761478606219498e+03
1.408362481408152462e+03
1.844309885487235988e+03
1.269824981899175327e+03
4.008676984126881052e+03
1.153965695896455372e+03
7.923214397490405645e+02
2.711594350478642809e+03
3.255641864303274360e+03
8.080957030169113295e+02
1.275240951094226830e+03
1.852790251577318486e+03
2.000955429428570596e+03
2.059139848921796784e+03
2.249987049155676232e+03
3.821723368131482857e+03
1.199790011937077679e+03
9.526511793520561469e+02
2.168479679207986919e+03
3.668858702158283904e+03
9.159567088060530295e+02
9.452171755228499705e+02
1.445806126409541776e+03
3.916366483044465895e+03
2.824061316641188569e+03
3.746139218310790966e+02
1.127400890864637404e+03
3.883371590207218560e+03
2.617172134927525804e+03
3.861608283343329617e+02
1.340073602408568377e+03
2.509152807139768811e+03
3.609278260701009003e+03
7.839779450758342136e+02
1.139108454242207472e+03
2.000530820603005850e+03
3.828183783223325463e+03
1.267661855913904901e+03
9.486945546343978322e+02
1.619428745537172063e+03
2.915665469453335845e+03
3.807487670740349131e+03
3.111728593578723121e+02
1.009373860516462287e+03
3.225218832748290879e+03
2.986734603208973567e+03
5.460528815039367601e+02
1.183532698217642974e+03
2.643591362922148619e+03
3.678233156137707283e+03
5.869167805923422065e+02
1.014792143111070004e+03
3.215456047042858700e+03
3.019994458298921927e+03
7.143927930018973029e+02
1.305488444274174753e+03
2.956527315909589561e+03
3.376873134106989255e+03
2.811163997297455808e+03
1.370072089255774699e+03
1.219315480534984999e+03
1.328953730345558142e+03
8.603404151450881727e+02
1.445198777567214620e+03
1.882076820016715601e+03
2.248902429964409748e+03
2.358743221253346292e+03
1.965071993737169578e+03
3.819681517445329973e+03
8.978948075699901210e+02
1.086630917203654917e+03
3.319620144271980735e+03
3.009024969049936317e+03
6.807699264647342261e+02
1.084431130406329657e+03
3.428198377254786919e+03
2.635305742058333635e+03
7.592708571545399536e+02
1.409410350150212253e+03
3.242482355864302917e+03
3.402746504079021179e+03
1.600591903797149598e+03
4.795215706144539922e+02
1.233095007410357994e+03
3.643195076278723718e+03
2.111058844749349191e+03
6.916901248770062693e+02
1.358473655715096584e+03
2.592842471155772728e+03
3.386828914195249126e+03
9.738685665493255783e+02
1.326847468970767068e+03
1.876300290985198444e+03
1.976939537221992850e+03
2.495478727643293951e+03
3.356525705589840982e+03
9.555523247349528901e+02
1.462329560847777202e+03
1.805780821935391714e+03
3.454782763751726179e+03
2.184113376712916306e+03
9.707819195928557292e+02
1.567412717207589594e+03
3.313375488332373152e+03
1.839355591885325566e+03
1.025190800092463405e+03
1.445219158194360716e+03
2.455588279488926673e+03
3.920304771577792508e+03
4.096660583962863029e+02
1.069526725470229621e+03
3.381840329265115543e+03
3.192340364411797509e+03
3.024469805586943494e+02
1.232956154626393527e+03
2.397078719503952470e+03
3.777511006454097696e+03
8.357905649818012535e+02
1.012785831892284818e+03
1.632734132465833682e+03
2.287260129866640455e+03
3.844419118703740423e+03
1.253192456741584465e+03
9.821231420956208922e+02
1.669021849529023939e+03
1.909263084297870819e+03
3.075306492600315323e+03
3.320585251346210953e+03
6.576771449026699656e+02
1.279805622899864829e+03
2.694804519260441793e+03
3.129151803919179201e+03
8.586052644754089442e+02
1.205279560751920826e+03
3.168450790884653998e+03
2.738349468165421513e+03
8.881854465240028276e+02
1.405059567103485051e+03
2.158145335697573501e+03
3.628746409990040320e+03
1.249310607213785488e+03
1.100139958582720737e+03
1.513717709671048851e+03
3.594047190592751576e+03
1.908219604113765172e+03
9.547592320770885408e+02
1.429194841941585310e+03
3.214491933922167846e+03
2.896659238883519720e+03
8.663019293399777325e+02
1.171744983500673698e+03
3.521421438851757102e+03
2.373354100242557706e+03
7.743471850517285020e+02
1.457612235597656763e+03
3.390993768265023391e+03
2.170556327249145852e+03
8.991161206564125905e+02
1.497381409059275938e+03
1.987473144972563205e+03
2.551103532973172150e+03
3.517486650904794715e+03
9.451428338940655749e+02
1.166541573911944397e+03
2.537470664531072089e+03
3.256489427234652794e+03
1.196912320926088114e+03
1.299150571409420081e+03
1.861859994110541038e+03
4.111719516210971051e+03
4.126692749256087154e+03
3.156137903226361914e+02
4.484292563431552594e+02
1.105728968414976862e+03
1.275792150837069130e+03
1.119922943601415227e+03
1.290538386938992062e+03
1.480884448298512325e+03
2.323104000710668970e+03
2.312472150285947464e+03
1.886976548826268754e+03
2.243990435997779514e+03
2.288941442596963498e+03
1.881665028900838024e+03
1.754317975102642777e+03
1.849151235292943738e+03
