1.184876961831163726e+03
1.296146219952696356e+03
3.044353175105734408e+03
3.772005835603981723e+03
1.153345132399640079e+03
9.399909334565546715e+02
2.640408042442425540e+03
3.597227934485201786e+03
1.035720355091705414e+03
9.624134054144451511e+02
2.931098567903595267e+03
3.175666857580802116e+03
8.787258142921965600e+02
1.040924777124724187e+03
3.358388849185298113e+03
3.153612673748330963e+03
8.520865259001468530e+02
9.971873469411639235e+02
3.038606435716245414e+03
2.180663259073320660e+03
1.195939129809980386e+03
2.156871503923893215e+03
3.216731825967493933e+03
1.301380764043918589e+03
1.265473933757607028e+03
3.198960930532668044e+03
1.824538593621772407e+03
1.206453665318527101e+03
2.701021301126285380e+03
2.767031115374866658e+03
1.380585695740966230e+03
1.455856708912832573e+03
3.404078542966082750e+03
1.902682302671201569e+03
1.070206237945243629e+03
3.606545688422287185e+03
3.231424069275772581e+03
6.351340241410421186e+02
6.068648016088839086e+02
2.953979264828945816e+03
2.286135642714545611e+03
1.007422830502396891e+03
2.197552252977904118e+03
3.129735502466898652e+03
1.039059927218457460e+03
1.096747646798928599e+03
3.465366565626356078e+03
1.634852169077204735e+03
9.495149594349306881e+02
3.076872427846442861e+03
2.519072898454322058e+03
1.095964261986042857e+03
1.636185900822453277e+03
3.283062192917697303e+03
1.460292006390461665e+03
1.372585796575036056e+03
4.092960487089653270e+03
4.149551126635827131e+03
1.048901519438814603e+03
-1.864643586585910384e+01
-3.653350774541718610e-02
-3.517621809951936296e+00
2.083742891948787417e+02
2.458251889803537324e+03
1.903617290600901242e+03
1.207105192339068935e+03
1.203800274533683705e+03
3.075637873155171746e+03
2.183752513330327929e+03
1.411383832350850071e+03
1.526089709164622946e+03
3.309977016981673842e+03
2.135005442530704386e+03
1.548722758799398889e+03
1.657300053918315598e+03
3.451816397013492406e+03
1.823428761472226142e+03
1.297120217226039586e+03
2.540640645770662104e+03
4.150286530507865791e+03
2.106233143801451661e+03
6.874103642429305410e+02
3.011045684806908412e+03
2.585649328728821729e+03
5.709625752271363126e+02
2.880209213283563713e+03
2.309865146787650247e+03
7.924587821589782379e+02
1.881032846041065113e+03
3.238369850986683559e+03
1.333572940765520343e+03
1.434862805484978253e+03
3.283861915705536376e+03
1.720952287714412023e+03
1.000519043956795372e+03
3.335862281586325480e+03
1.916209602155320454e+03
6.052345135705876373e+02
3.406536006326176448e+03
2.538139135993765649e+03
5.571652817433546261e+02
9.732460766266109431e+02
1.598068282604742762e+03
1.671688161933648416e+03
3.875603598839624283e+03
2.879239697155921476e+03
1.179687037170829853e+03
1.589823085153532475e+03
3.632836509116749312e+03
2.182758425916189935e+03
7.847435081924812721e+02
1.337347448326127733e+03
3.637973405508454562e+03
1.943849264363907196e+03
9.211260236767244578e+02
1.842987409590756897e+03
3.625708162645511493e+03
1.415106903108299321e+03
1.067853029672106913e+03
2.944368981127250663e+03
3.000712799154788172e+03
1.355215818560435309e+03
1.180920228711400114e+03
1.898298628113604991e+03
3.502826893993462363e+03
1.960721695305351204e+03
1.005359259867229980e+03
1.857451241990149356e+03
3.603597728838222338e+03
1.894871557863732050e+03
9.888980754914467752e+02
2.025182809690585373e+03
3.524457453321197590e+03
1.607877516556000273e+03
8.197395665951287356e+02
2.348295697301667133e+03
3.508996909043640244e+03
1.425538973699636927e+03
7.421990461071674190e+02
2.670233113843847150e+03
3.302168811722245209e+03
1.079903888812279774e+03
1.443516019699073922e+03
3.514820088588992348e+03
1.579288593107800352e+03
1.000204175210162589e+03
2.784592597155702606e+03
3.182825077488459556e+03
1.083659119378123023e+03
1.004369389021299298e+03
3.238746108343239484e+03
2.260281629187799354e+03
1.171133905858990602e+03
1.538776493577359815e+03
3.875981641824987946e+03
2.451377206697010024e+03
6.448912338431501894e+02
9.990880929887515549e+02
3.522513328212698980e+03
3.019853114230411848e+03
5.762837649788988301e+02
7.522921652259379925e+02
1.593486941493796621e+03
2.481378795807687311e+03
3.774709022829877085e+03
1.181871591479638710e+03
1.847106870428729962e+03
3.998795264856886206e+03
1.585697348877381273e+03
6.752870204142790271e+02
3.116591621208534434e+03
2.898576200120354315e+03
9.557976387974781574e+02
1.404363732920610119e+03
3.706920434987642238e+03
1.543993988391032644e+03
5.666680873553473248e+02
3.123668884481157875e+03
2.065187338609659037e+03
8.866258262156574119e+02
2.509554320255170751e+03
2.761719089191685271e+03
5.651728680432192959e+02
2.101679196235842483e+03
4.162003873236771142e+03
2.062640722264196029e+03
4.887182580719506291e+02
9.660466020720322149e+02
3.498875369768522432e+03
1.608844857433668494e+03
7.591749363216493975e+02
2.992976986091972321e+03
2.584368256018759439e+03
9.669420227493482116e+02
1.904979228189245305e+03
3.401139669386607693e+03
1.478572951866615995e+03
8.542316920787289973e+02
3.119606326558941873e+03
2.643056917762946796e+03
9.824351283698364341e+02
2.231102551021586351e+03
3.270553107566547624e+03
1.330047478267969382e+03
1.397558269236897786e+03
3.520894791523078766e+03
2.367395000921712381e+03
9.714452375188911901e+02
1.980645938935914273e+03
3.623420865631473589e+03
1.481371976212668642e+03
8.708390468522579795e+02
2.246807848120544350e+03
3.513343892119135035e+03
1.431236440933670337e+03
8.779595707868409136e+02
1.899178778698213364e+03
3.653281319969933520e+03
1.631767096868559975e+03
7.473819154393809185e+02
2.340373367603761835e+03
3.512255657026898916e+03
1.399995267560314687e+03
7.835681889981746053e+02
3.650757953561621434e+03
3.697042380388378206e+03
5.584881976424810546e+02
2.561603324975103533e+02
2.513465451039331583e+03
2.695742827662140826e+03
9.253517434265196471e+02
1.433297500879890549e+03
3.509454602269771840e+03
1.914342244036416332e+03
1.005858289348666744e+03
1.689726156421138739e+03
3.545001037591118802e+03
1.578570783483800824e+03
1.015650167794005256e+03
2.738623104773551404e+03
2.997825416426117044e+03
1.204693512936524712e+03
1.141046663629487966e+03
3.493686528338110747e+03
2.182422949015481663e+03
1.460597177780948186e+03
1.513731208637661211e+03
3.018604752078014826e+03
3.124391155434883785e+03
1.047093933856513786e+03
1.611291895346379079e+03
3.639465331537734983e+03
1.486212494138792181e+03
9.678209192196640061e+02
3.540291738608701053e+03
1.769668484134969049e+03
7.544250993747003804e+02
2.746707149839040540e+03
2.891662725363541540e+03
9.678654988248141535e+02
1.594127694959093333e+03
3.881509099435824282e+03
1.273965025054512807e+03
6.444350906865739717e+02
3.277797097351245611e+03
2.220519770278126543e+03
5.129008149097754767e+02
2.384626009622971196e+03
3.783214742660742104e+03
1.023326659631527832e+03
7.355668330094048315e+02
3.251895425956507552e+03
3.495239027438746689e+03
8.215412402642907637e+02
9.042556470986272643e+02
3.436846651937622937e+03
4.061578803850687564e+03
3.251829045111775031e+03
-1.128806038177144870e+02
2.466111927258725522e+00
-4.233990700757281900e+00
2.282707968858873642e+02
3.159806928518835775e+03
2.792269333723647378e+03
