1.008341169034373365e+03
1.271373087936959109e+03
2.613312555454772792e+03
2.601591298064501188e+03
1.014465143780597373e+03
1.257213789236579487e+03
1.454350007613875732e+03
1.627426510318555302e+03
1.668480269398809469e+03
2.763719536831248661e+03
3.390551470022008289e+03
1.199597508227125672e+03
1.336313796324292980e+03
1.580813210245859182e+03
3.053742823229736132e+03
3.168826143302004311e+03
1.163203097728609691e+03
1.111728387392185596e+03
2.032800049341737804e+03
3.167451315362147398e+03
1.122584506350881384e+03
1.097164543870403577e+03
2.122249640731154159e+03
3.110681023324394573e+03
1.115879644094942250e+03
9.934054498925559074e+02
1.490399575317866493e+03
3.083414464659520490e+03
1.586831999578151454e+03
1.078719986517263578e+03
1.303554841932395448e+03
1.942528023339072206e+03
3.387299297722391202e+03
1.377144913974606197e+03
1.141538551379202545e+03
1.345195125826849562e+03
2.519201834940217395e+03
2.917275102476317443e+03
1.156091787018995547e+03
1.392939661179736049e+03
3.276433344084780856e+03
1.768424869046391905e+03
1.067704697298517203e+03
1.992259010735920810e+03
2.927817842144694623e+03
1.298816841100609281e+03
1.191922040903251855e+03
2.524828966146852053e+03
2.751360257466995336e+03
1.171944909477719193e+03
1.167471388128669787e+03
1.647425286863384599e+03
3.114493995329180052e+03
1.487067148801774010e+03
1.113558963529084167e+03
1.363545023774954188e+03
3.176662645057415830e+03
1.971690110720335952e+03
1.007258927253672823e+03
1.199276536885751739e+03
1.949163975003368478e+03
2.787334855755028002e+03
1.260925724470953128e+03
1.300546470428565272e+03
2.800120207750415375e+03
2.572374700078204569e+03
1.133386081275381684e+03
1.290499459133241317e+03
1.867090435247596361e+03
3.447459377334101646e+03
1.389460214243182008e+03
1.189107218741539555e+03
2.344290291892471032e+03
2.957514200289458586e+03
1.186066972421262562e+03
1.193675807672227847e+03
1.845843925642790055e+03
3.426250314939116834e+03
1.348773172279540404e+03
1.054876753679107424e+03
1.815017462256455474e+03
3.006628320189113310e+03
1.126524345302777192e+03
1.188874706847191192e+03
1.925440430422824420e+03
3.073653158147886188e+03
1.195643645925837973e+03
1.200403815480240610e+03
2.312771857996947801e+03
2.883855993784934981e+03
1.163186883788940577e+03
1.164641257296626009e+03
1.922573001570594670e+03
3.190852286878752693e+03
1.290162655486936956e+03
1.306699271517006991e+03
1.789367547856312285e+03
3.347660341072608389e+03
1.659151587105804538e+03
1.211308169416566216e+03
1.425483461384225848e+03
1.637112784661778733e+03
1.726457860344599794e+03
3.109468761370245829e+03
2.700270105092151425e+03
9.935094103412720870e+02
1.234171115410867742e+03
2.536317419530940697e+03
2.680386263217228588e+03
9.789823956623106369e+02
1.179090067266053666e+03
2.494403816810199260e+03
2.843662822146259714e+03
9.408622346754038972e+02
1.129580333770992183e+03
1.388318623913441570e+03
3.224739700400039055e+03
2.628407923701332493e+03
8.922337203703534669e+02
1.157663447030715361e+03
1.374160745652042806e+03
2.805472334694647088e+03
2.689986604687244835e+03
1.075221241699954817e+03
1.257796856713121997e+03
2.080373653492566973e+03
3.371998168656833059e+03
1.196262625975605488e+03
1.336542576441495385e+03
1.824111084337136845e+03
3.347842373583918743e+03
1.350417838739694389e+03
1.195935697107895294e+03
1.503976019565772731e+03
3.159153420848529095e+03
1.721795504786679658e+03
1.069574433090148659e+03
1.297636700491912734e+03
2.633330241632947491e+03
2.645989466157322113e+03
1.068124723160776739e+03
1.203196718609450045e+03
1.999165474757057382e+03
3.230118090244562154e+03
1.152495315588737412e+03
1.134128664911457918e+03
1.554186362147008367e+03
3.310791158545495819e+03
1.815543589193498974e+03
1.126010353936528418e+03
1.325356499385353573e+03
3.185323050250746746e+03
2.186178408547030813e+03
1.040074973244692956e+03
1.220863124903094104e+03
2.275081010388239520e+03
2.982587530505411451e+03
1.221775360503723277e+03
1.216820946905713981e+03
1.826916283800128667e+03
3.006261264459268659e+03
1.250857512999068376e+03
1.309069460970696355e+03
1.701295347779548592e+03
3.313351860103046420e+03
1.354273675141663489e+03
1.258590142845362379e+03
1.694571449766868227e+03
3.406294813563965363e+03
1.357806162229094298e+03
1.152917910130852988e+03
2.034005487009135322e+03
3.168109678315339352e+03
1.240609095138672501e+03
1.135384175228446338e+03
1.859910246702758286e+03
3.324733343229679122e+03
1.253365005069200834e+03
1.162679419666172862e+03
1.911361928782176165e+03
3.509846303800893565e+03
1.309514747144457033e+03
1.143526287343728427e+03
1.412194698548928500e+03
1.545559498823441345e+03
1.686001738634817684e+03
1.809341923396039874e+03
2.972860053125778450e+03
2.885831283582218930e+03
1.137547528565468156e+03
1.339157559895397299e+03
2.222528774426363270e+03
2.989247185603692287e+03
1.172598935090274608e+03
1.220057208492742120e+03
1.904306075820117712e+03
3.453166610505880726e+03
1.234777424585186964e+03
1.102674024433910972e+03
1.466586428214962780e+03
3.216295974815040609e+03
1.605190483797609431e+03
1.101650410759216356e+03
1.573668011427311967e+03
3.323191362412052513e+03
1.469853146669242278e+03
1.137475242549375480e+03
1.409904364188549607e+03
2.340537408354543004e+03
3.084089882180419409e+03
1.264749114587854820e+03
1.269318012549371133e+03
1.689144720812452988e+03
3.111358439416189412e+03
1.610898691428357552e+03
1.235775190467802759e+03
1.430498360410104169e+03
2.944976810877533808e+03
1.904254592398246132e+03
1.111784838238326984e+03
1.348649477406291226e+03
1.858399750854307285e+03
2.996195240809084680e+03
1.487365233289408479e+03
1.338077838850259468e+03
1.708011537294741629e+03
3.211573472144683819e+03
1.458602995601153452e+03
1.224592992657036802e+03
1.512091521418732327e+03
3.037447045572464049e+03
2.123368467360475279e+03
1.191883016418646093e+03
1.309736570334086309e+03
1.889647352414897568e+03
3.404204048812910059e+03
1.505876859862685251e+03
1.253692897821943689e+03
1.892787708200489305e+03
3.161203480111075351e+03
1.416544968748778047e+03
1.182701561855877571e+03
1.475402572170762596e+03
2.983718844759105650e+03
1.785889343821457942e+03
1.143171058868833143e+03
1.449473757927900124e+03
2.898203795236700898e+03
1.713209703247491234e+03
1.209188335230734765e+03
1.655189841091656945e+03
3.280394191433181277e+03
1.425603538999536568e+03
1.137591610539104522e+03
1.844566569103287520e+03
3.069931166971969105e+03
1.214932492168995395e+03
1.189647205985460687e+03
2.467299305473573440e+03
2.353214924892567979e+03
1.183101561954899580e+03
1.358894830670296415e+03
2.183213504766757524e+03
3.415084588264441209e+03
1.279424219531625340e+03
1.177602843003906401e+03
1.995985219516162033e+03
3.693583406204069888e+03
1.088084095479887083e+03
1.069348413483675813e+03
1.467119364950237014e+03
2.934464892738582876e+03
1.923719749200955221e+03
1.084716225617541340e+03
1.293738173110369416e+03
2.388189106016517144e+03
2.517503370848663508e+03
1.124647329410391649e+03
1.366693781159440732e+03
1.951405357406556959e+03
3.342481873982883371e+03
1.319800008318088203e+03
1.147679286852647692e+03
1.356378207605027910e+03
