1.356324211272155026e+03
1.582688314457248453e+03
2.713670452048770130e+03
2.481296338728567207e+03
1.212062421325128298e+03
1.658117158748310430e+03
2.156873136444648935e+03
3.129114313493709233e+03
1.467828407723508235e+03
1.434966848607508837e+03
1.735919439259909950e+03
3.007791474221879980e+03
2.197894482583546051e+03
1.263161198591103130e+03
1.616330182725519307e+03
2.707179356107707008e+03
2.142835584738505531e+03
1.340697705988765392e+03
1.731845544517708277e+03
2.995530047436048335e+03
1.445039686636775286e+03
1.552129530192748916e+03
2.637384555159052070e+03
2.144039772546471340e+03
1.376112408296514104e+03
2.294886886675846654e+03
2.668650301693826805e+03
1.271021651311594951e+03
1.639809742720758550e+03
2.940783016957767813e+03
1.622091507849404707e+03
1.433902566158896207e+03
2.446152216852879519e+03
2.695383626543706214e+03
1.221975273661058509e+03
1.628243728940246910e+03
2.955385472964577730e+03
1.729905412558800208e+03
1.454625090878588480e+03
2.341079786303235778e+03
2.779572678700402776e+03
1.211098285680409845e+03
1.805225725533374998e+03
3.039099314842918830e+03
1.328656897730327273e+03
1.476404970108898397e+03
2.768078591729315576e+03
1.959994546443220770e+03
1.376057179036786465e+03
2.012930834860363575e+03
2.914846494810298736e+03
1.411320338905660947e+03
1.591692382732024271e+03
2.571655762746968776e+03
2.409840120674987247e+03
1.313374644459578121e+03
1.899551558380920824e+03
3.063757636365471626e+03
1.316928424168095034e+03
1.459962752079779648e+03
2.299251779058910415e+03
2.941109208381352346e+03
1.208857298387106539e+03
1.517896430311385075e+03
2.977769568634359075e+03
1.890011073100437898e+03
1.296925673047863029e+03
2.115172167431655453e+03
2.988094711795856256e+03
1.287497657589898836e+03
1.454122327095135233e+03
2.486263202731824094e+03
2.837060102696475951e+03
1.170104517047508352e+03
1.613393346500795815e+03
3.146224500171922045e+03
1.558794573707845075e+03
1.381446733283384674e+03
1.783309789677829031e+03
1.940379634565142396e+03
2.658761035036844987e+03
2.927419423375287806e+03
1.163387220196890439e+03
1.532088252292227480e+03
2.982591573202429117e+03
1.998341706239838913e+03
1.211283158992910330e+03
1.864824844974263669e+03
3.045233335472708859e+03
1.361252992086389895e+03
1.459079755337050983e+03
2.622957391330683095e+03
2.473353039129767240e+03
1.134601888909827721e+03
1.854145902568119254e+03
3.091290785201855215e+03
1.265190237618895708e+03
1.495983032404785945e+03
2.132351533328022470e+03
3.007005356700949960e+03
1.275856947051434418e+03
1.531022914167858744e+03
1.985640818113746263e+03
2.785882505824742111e+03
1.387180045165989668e+03
1.735988260175901587e+03
2.735264669463746941e+03
1.893358198164225769e+03
1.506645648210826494e+03
2.115711461181322193e+03
2.873851099659565989e+03
1.322289655453268097e+03
1.738711494885677439e+03
2.539663520998178683e+03
2.293564615313558988e+03
1.395063959243155296e+03
1.759201232799835680e+03
2.511905926710836866e+03
2.265810982041721672e+03
1.563787143073730022e+03
1.838568020741141936e+03
2.990572635526718386e+03
1.413252042438589342e+03
1.555650161201397168e+03
1.744803265053398263e+03
2.913166404610289646e+03
3.852039646164282203e+03
1.645723766542811063e+03
8.660674636029502835e+02
1.015168475231129491e+03
1.542626814414225464e+03
1.792955329397708965e+03
2.032825410452885308e+03
2.134012581870768827e+03
2.014980379089050984e+03
2.523073746751270846e+03
2.716958917235255285e+03
1.446375347725517940e+03
1.660299926266396596e+03
1.981758202538100704e+03
2.780047669024340394e+03
2.230382939259427985e+03
1.365072582311581982e+03
1.705033388361918242e+03
2.222921006544505417e+03
2.955800897081290714e+03
1.312941896020438207e+03
1.545448501603118075e+03
2.872741793833001793e+03
1.792800906759651753e+03
1.367570510400099010e+03
1.911035829493965366e+03
3.058875282953354144e+03
1.422712422042175831e+03
1.487296882290357871e+03
1.919740554936977787e+03
2.996926297295219229e+03
2.341247947393753748e+03
2.161572549195056126e+03
1.590318382131134513e+03
2.214525301028308149e+03
2.382342427543748727e+03
1.700980576756364371e+03
1.344045256196422997e+03
1.337286245660407531e+03
1.626609452844588304e+03
2.875779964184428081e+03
1.915124565877676787e+03
1.468703112502246086e+03
2.001068182531267212e+03
3.198558409190740349e+03
1.454071819808009650e+03
1.478792481063902869e+03
2.507184532008512633e+03
2.627912598612550028e+03
1.313667668178132317e+03
1.782238175683325835e+03
3.019704361711800175e+03
1.351191432625143761e+03
1.504259978540448401e+03
2.680779116535050889e+03
2.163008778311430888e+03
1.359588359155290163e+03
1.834031314561680347e+03
2.928953736550327449e+03
1.539288435617356527e+03
1.520357959455176797e+03
2.358700043436213036e+03
2.361101896307038260e+03
1.355586172454364942e+03
1.860548520125182222e+03
2.924784361822034043e+03
1.440314383956291067e+03
1.644499665132220343e+03
2.712129833566987145e+03
1.981823040867523559e+03
1.424208896535127906e+03
1.871960548560594816e+03
2.937697256297072272e+03
1.489522333939677310e+03
1.577071768371689132e+03
2.455174025402790448e+03
2.501556737376628917e+03
1.368582534200767896e+03
1.700060083352537049e+03
1.887968084083178610e+03
1.900420332572394500e+03
2.804242603254747792e+03
2.639555580302041562e+03
1.290171542993012054e+03
1.561850326399116057e+03
1.877169241759713259e+03
3.107115893373329527e+03
1.752305004584462722e+03
1.408099473559742137e+03
1.710772975700534971e+03
2.314831694348903056e+03
3.052893656806880244e+03
1.366650592722603506e+03
1.433484160799650226e+03
1.902858394563302681e+03
2.941341404723311825e+03
1.798506253710458850e+03
1.406264547813136687e+03
1.784533172134616279e+03
2.979016471523674682e+03
1.587625511232183726e+03
1.489498675809350743e+03
2.149992939949287575e+03
2.931402864908284300e+03
1.297619692824560616e+03
1.545542655015806531e+03
2.387646283951650730e+03
2.579905604256144670e+03
1.345886301109389706e+03
1.739975989939842293e+03
3.059739336199730133e+03
1.686376804132908774e+03
1.351390272102786639e+03
1.911402425821299857e+03
2.985699480765040789e+03
1.721364435297812406e+03
1.391423588668941875e+03
1.711335281182603012e+03
2.103464722058620737e+03
3.246226370482280345e+03
1.590415400991371143e+03
1.789832852103006417e+03
1.465268144659474274e+03
1.913383399164876892e+03
3.271057841953977459e+03
1.233309208974287912e+03
1.467566407618466201e+03
2.395364179049308859e+03
2.410193362576379968e+03
1.389098061346440772e+03
1.649904320303396617e+03
3.025763935564360509e+03
1.825173439210091374e+03
1.395141424389537406e+03
1.860038842157786576e+03
3.171991176341356095e+03
1.421453850238820905e+03
1.406173810232376809e+03
2.315768802732350196e+03
2.828323182343397548e+03
1.207547846946627260e+03
1.664015780517041776e+03
2.186943189190551948e+03
3.125559360837650274e+03
1.348962493498126378e+03
1.473995535401172674e+03
1.835061129263629937e+03
3.062048099547124366e+03
1.915547845694933812e+03
1.329874518866783774e+03
1.694252889853646138e+03
2.464983116094811521e+03
2.937500153103675984e+03
1.269675692481358283e+03
1.428863193081604777e+03
2.080870251211168124e+03
3.121666964075018768e+03
1.391971985252131617e+03
