3.393209073728596650e+03
4.029920333258851315e+03
1.151432275336488146e+03
3.496443007157609486e+02
9.257182014811772888e+02
3.284454764731483465e+03
3.617468906090005476e+03
1.419666182302516290e+03
8.518271549180092279e+02
1.078465445438137067e+03
3.054670141056326884e+03
2.890346629289812881e+03
2.138919513787496271e+03
1.789840743027695908e+03
5.588753219555784426e+02
1.351923956617784825e+03
3.700996821357508452e+03
2.670894969355805642e+03
9.292710208566450092e+02
6.732815350732071238e+02
2.108000670044771596e+03
3.709214428086855150e+03
2.275361349339470053e+03
1.123982262742812964e+03
8.196273550824444101e+02
2.169712013253557416e+03
3.696745356283285219e+03
2.193326419232941134e+03
1.059761681922587513e+03
7.709928742725772963e+02
2.765958161610192292e+03
3.715303542906401162e+03
1.528041742396714881e+03
8.643771046925400015e+02
9.833323898698363337e+02
3.379235810122826479e+03
3.813892721509019339e+03
1.239524467182905255e+03
7.212890683591513152e+02
9.148045589866937917e+02
2.509485670765249324e+03
3.920767179372338887e+03
1.802401338165196421e+03
7.989644507963062097e+02
8.267751267497266099e+02
2.732499512949646032e+03
3.665279348849313010e+03
1.645659352832103423e+03
8.305871576997925558e+02
1.760666325817261850e+03
3.800317772656542274e+03
2.123877153485891995e+03
8.340249926827310674e+02
7.458434985940571096e+02
2.149061731072180464e+03
3.739365492940607965e+03
2.595876768991838617e+03
1.168283636588388163e+03
7.736028723210138196e+02
1.804667912621298001e+03
3.742239389399175252e+03
2.005195701542558936e+03
8.619953637140805540e+02
1.014434721362521600e+03
3.365641098532013530e+03
3.183366983010937020e+03
9.831561603153794522e+02
7.416986328994436235e+02
1.708723654835784146e+03
3.688962721650543244e+03
2.661103975211977286e+03
1.099826140888230611e+03
9.279089811218366322e+02
1.471639205398024387e+03
3.747360749446891532e+03
3.055598280965014965e+03
7.092744890249839500e+02
6.987032064605739379e+02
1.566646398555265932e+03
2.806047642659632402e+03
2.974604208546283644e+03
1.253335185277539722e+03
7.872263272374630105e+02
3.001057706585002506e+03
3.936754048338536904e+03
1.238515211828612109e+03
7.527087716244785724e+02
1.124333927994115811e+03
3.516894979071054877e+03
3.127019064643978254e+03
1.226404812856856097e+03
9.970944540337521858e+02
1.749868701967706102e+03
3.781719982358726611e+03
2.085127594192066681e+03
8.154425029866922614e+02
6.583299795413286120e+02
2.982246779988542130e+03
3.909141994150159462e+03
1.094951915147098589e+03
5.807212771578481352e+02
1.652960000910200051e+03
3.508874936766032079e+03
2.002310850174194911e+03
9.204994214090903597e+02
1.114596611456487608e+03
3.316300229365778250e+03
2.937967338457207461e+03
1.042616625000699514e+03
8.993478213545487279e+02
1.817932736713487884e+03
3.699766728841456370e+03
2.451597168143012823e+03
8.933229666261386228e+02
8.445382047335134530e+02
2.514482368343367853e+03
4.049052523826534070e+03
2.053068139092254569e+03
7.429527273803631715e+02
2.870627976113967634e+03
4.001029485481714801e+03
9.003426297721044875e+02
1.955330766869761021e+02
8.101188405060197510e+02
2.655343859598098334e+03
3.567953051139622858e+03
1.622351754284572053e+03
9.965029054422741410e+02
9.711854218198191120e+02
2.754725627570720917e+03
3.738473308558021927e+03
1.495519816297962734e+03
9.629722242493668318e+02
1.232962224085176103e+03
3.405314299106621093e+03
3.117841023337546631e+03
8.043122369046874383e+02
7.530273949931436164e+02
1.399202961009508272e+03
3.313837027573687010e+03
3.541322843063826440e+03
1.097893869080411832e+03
8.048287560057492556e+02
1.212087598988342734e+03
3.387051027356349095e+03
3.719967431797937934e+03
1.029369807585847184e+03
8.340342944259109572e+02
1.245565273108539714e+03
3.637272031649271867e+03
3.516440488633719724e+03
8.366496016989815416e+02
5.759923549640527654e+02
1.509611003913272498e+03
3.687896556153401889e+03
2.437436231402259182e+03
9.512762598686088040e+02
6.785799695965044975e+02
2.626662898007376043e+03
3.644479880311831494e+03
1.383233761160792255e+03
1.493247237261381315e+03
1.561300372218594930e+03
1.209957053469096536e+03
2.003439935557480112e+03
3.953300324412789450e+03
2.180353855936859873e+03
1.298822958702342703e+03
1.790687018524916994e+03
3.232505789448531687e+03
2.036186703684185431e+03
8.806836345027912785e+02
9.239339059087128589e+02
2.839622131163783251e+03
3.388300008202866138e+03
1.148494873553683874e+03
7.995572854037503703e+02
1.199400726463578167e+03
3.412515112008873530e+03
3.002708619191027992e+03
1.035068069854665964e+03
6.321279576424150264e+02
2.417260991337093856e+03
3.856849660558551477e+03
1.668788754041867605e+03
8.148529954595286426e+02
8.558520893679545907e+02
2.994362043965525118e+03
3.859019237179732499e+03
1.641650770771949965e+03
8.566053190415259451e+02
1.041641832225664757e+03
3.493336504437846543e+03
3.694079936131207887e+03
1.003815894463427526e+03
2.523502720661024057e+02
1.968705315944988342e+03
4.024907321322946700e+03
1.743198725918232867e+03
5.385514422909847099e+02
8.641632513194113017e+02
3.360912940675332266e+03
3.851997118101133310e+03
9.437897257462710741e+02
3.449527432260920250e+02
1.989257097627776375e+03
3.802560697022255226e+03
1.909795044378391140e+03
6.468372232092028753e+02
1.352959251709352884e+03
3.649304993180563542e+03
2.749086209219602551e+03
9.696195928269231672e+02
5.504987587384641756e+02
2.529118470037927636e+03
4.086368294312196213e+03
1.693479525046702065e+03
7.124964168001785083e+02
8.765197540361150459e+02
2.955848508445188600e+03
3.536088819287500883e+03
1.196610206417960853e+03
6.799369267917375055e+02
1.247414597793413805e+03
3.255210925286417023e+03
3.186140791534774962e+03
1.261436341827725073e+03
7.930498364674178902e+02
2.300918347100941901e+03
3.632987140583809833e+03
1.688857558911530077e+03
8.327000192640301748e+02
1.263799440417682717e+03
3.263320466096540258e+03
3.254308886230193821e+03
1.128309842539647889e+03
7.588719020750877462e+02
1.838032866308916027e+03
3.506901071319846778e+03
2.204005295649920754e+03
9.883664894222474686e+02
9.636861785443828694e+02
2.980726069242309222e+03
3.735185264822494901e+03
1.334928671366236131e+03
8.586956884091324582e+02
2.049331339613012460e+03
3.656152379288548218e+03
1.973872167092796190e+03
6.885882744223721375e+02
1.369954635403086058e+03
3.372311329449772529e+03
2.652701752375161504e+03
1.114182393454831072e+03
8.151357745023880170e+02
1.940797902808919162e+03
3.658114991328342967e+03
2.437146907703809120e+03
1.154691364502950137e+03
7.533900411555595156e+02
2.005673275954941346e+03
3.712209849425057200e+03
2.342233614182943256e+03
9.770682894213429108e+02
6.975617398163803955e+02
2.768076130820715662e+03
3.799283288165481281e+03
1.035584471672517566e+03
5.498984000554419254e+02
1.377992590431229246e+03
2.075974139935002768e+03
4.087577064520678050e+03
2.229421048565656292e+03
8.587387663298736697e+02
8.293093871042283354e+02
2.823860618139104190e+03
4.138001930426339641e+03
2.053147740299014913e+03
4.995209555701713384e+02
4.446094050109126670e+02
2.201259713058898797e+03
3.943718966037934024e+03
1.744557892590358279e+03
8.397837559349411549e+02
