1.697915989273929881e+03
1.201166796349070864e+03
1.739886483904772376e+03
2.003384531312653507e+03
2.030393092755504085e+03
3.144670389043662908e+03
1.761101899056717457e+03
1.254805899197941699e+03
1.903153099904920737e+03
1.982254988410747046e+03
3.042873511478837372e+03
1.910266273528042802e+03
1.212269433344196614e+03
1.772790032150334355e+03
2.533762427214832314e+03
1.671415285146281349e+03
1.862401127907862929e+03
2.115514103322952906e+03
2.644630808333690766e+03
2.202836400304083327e+03
1.529108247563562145e+03
1.617559977013902426e+03
1.932407232349826472e+03
2.566954106106481504e+03
2.378421107722635043e+03
1.597381847947975984e+03
1.625984083432423404e+03
1.959787927052650502e+03
2.264399446567591440e+03
2.675019388940984754e+03
1.583508758806262904e+03
1.603775177307389640e+03
1.919902699577564590e+03
2.032308814629034259e+03
2.774172924798473559e+03
1.407728251358965508e+03
1.740653562036096446e+03
2.839488950982345614e+03
1.709679476433749642e+03
1.884771952823261927e+03
1.942791710319733056e+03
2.009783712953049189e+03
1.980432862608654204e+03
2.012900934254272670e+03
2.004789059683614823e+03
2.009961203665566700e+03
1.740352233561640105e+03
1.813644748672440301e+03
2.316154551241118952e+03
2.813748877720415294e+03
1.514764414591309105e+03
1.867769822775776447e+03
1.921933600102984201e+03
1.929448713503522185e+03
1.962938204933087491e+03
2.000576146171823893e+03
1.981412504233097707e+03
2.159720069138668350e+03
2.091452963812728740e+03
1.625305585609523632e+03
1.825776853471866843e+03
1.979094494966036791e+03
1.977450312780784316e+03
2.032666465271839343e+03
2.006402452292435783e+03
1.999422240903520560e+03
2.031290261357819645e+03
2.669677894471896252e+03
1.820297308218731132e+03
1.645794387229589120e+03
1.737009007987064706e+03
2.120515760207949370e+03
2.622648011305969703e+03
1.907651545048230901e+03
1.570435646529864243e+03
2.114621058947263009e+03
3.351752486082092673e+03
1.319878975658713216e+03
7.620260738535688461e+02
1.431692960861556685e+03
3.000391090312346932e+03
2.777357625878139970e+03
1.114925365304489560e+03
1.386376853541269156e+03
2.321510976372486766e+03
2.954108178271002544e+03
1.672722747379453722e+03
1.822393868395221489e+03
1.890521959320082715e+03
2.000291619536237249e+03
2.017085610589294674e+03
1.517279252714953600e+03
2.270784066000841904e+03
2.958519315369483138e+03
1.548322138903061159e+03
1.815203905718693250e+03
1.851193456772050467e+03
1.741565764082435862e+03
1.743399641235959280e+03
2.353198355992843972e+03
2.221278142944512183e+03
1.686062757439344523e+03
1.975768575013469672e+03
2.184438849207820112e+03
2.068067097384348017e+03
1.949318608393081377e+03
2.017683702705674932e+03
2.093954045723575291e+03
1.541291058591506044e+03
1.778020111812152663e+03
3.152769920832851312e+03
1.899410606072148084e+03
1.712369145594268502e+03
1.865790785286368418e+03
1.924587668642715926e+03
1.604807915676977700e+03
2.432159824144371669e+03
2.870389173791546000e+03
1.250979436267700066e+03
1.594298826278977231e+03
1.799408849433688829e+03
2.189993297029764562e+03
2.035470997621973083e+03
1.903593453377289507e+03
2.560629936120461480e+03
2.441426114835134285e+03
1.535888797034259142e+03
1.679020940241223570e+03
1.719236987042168266e+03
2.275689082760966357e+03
2.235811446859077932e+03
1.777382566644836061e+03
2.028172548344482493e+03
1.774201254593074282e+03
1.696511702978191806e+03
2.771991334785909203e+03
1.771318863443835653e+03
1.766795899304264367e+03
1.745909142707497722e+03
2.663641606104915809e+03
2.616087660631990730e+03
1.549919987535099835e+03
1.677623607085732147e+03
1.669686290246073440e+03
1.677722987255973294e+03
2.804537510524621212e+03
2.585452559034124533e+03
1.499045003488454086e+03
1.584601661228709418e+03
1.664589560518888902e+03
2.302532746966949162e+03
2.847424135239858970e+03
1.720927374304830892e+03
1.483265232250765621e+03
1.780364750307792974e+03
1.720028734679584431e+03
2.028120249344625108e+03
2.907883370599509817e+03
1.829769193835469878e+03
1.585140828497532993e+03
1.684444200673601472e+03
1.801376873414073088e+03
1.982025587159882662e+03
2.890466669460428420e+03
2.065914312866396358e+03
1.652349519549565457e+03
1.829614238587206046e+03
1.956475611893171390e+03
1.722982623356391969e+03
1.869934315215135257e+03
2.002113075592573523e+03
2.809608281262841047e+03
3.305158887499300363e+03
1.194995948192276728e+03
1.379048193244451568e+03
1.465271105318224272e+03
1.666910371814673226e+03
1.830911679892101574e+03
1.836361598598243745e+03
2.503070537611014515e+03
2.930106234750400745e+03
1.166608211167048239e+03
1.560150756660384104e+03
2.726526665204607980e+03
1.771453475618955281e+03
2.973722707865722896e+03
1.445098945991428991e+03
1.594582025856870587e+03
1.875136765730565685e+03
1.834435896986479065e+03
1.914250683978876850e+03
1.904887133804170389e+03
1.894752527716854047e+03
2.716120592498302358e+03
2.576248536311456974e+03
1.638697971489860720e+03
1.650658065562562115e+03
1.712032857933455944e+03
1.836595310635090755e+03
2.093490822192250562e+03
2.816868990575241241e+03
2.244667067979089097e+03
1.572193782983968049e+03
1.563987254496703599e+03
1.719469407356484680e+03
1.905656200479319523e+03
1.986476214468924354e+03
2.614305843643543540e+03
2.662249919470776149e+03
1.677054839509268959e+03
1.630000736681606213e+03
1.725851185229095336e+03
1.977805048543128578e+03
3.193417288466995615e+03
3.107114909202286071e+03
5.223739487941953712e+02
1.045682064958007913e+03
1.678945072260534744e+03
2.006208557459438225e+03
3.112218587292167285e+03
2.370685622030684044e+03
1.101344053979208638e+03
1.574164332502309435e+03
1.745754430799982401e+03
2.389785875649767604e+03
2.701998533067595872e+03
1.703063462953056842e+03
3.876948634689392748e+03
1.885634595605384902e+03
1.211921714873387145e+03
1.992299547563328588e+03
1.705421412002695433e+03
1.493565104215984320e+03
1.712819728964784872e+03
1.852313798417242879e+03
2.084946581871866783e+03
1.988964565670583625e+03
1.952645166421296835e+03
2.009549823185522200e+03
1.999785844853424805e+03
2.031627239465072080e+03
2.019143992819716914e+03
2.038545963895246359e+03
2.026656849001826004e+03
2.361192592798648548e+03
2.599700234414323859e+03
1.782671286634662465e+03
1.813068667333491248e+03
2.050992254099853199e+03
1.882454448254928366e+03
1.815952725199201723e+03
1.863256039378956984e+03
2.975971255644058601e+03
2.744765028207096748e+03
1.111732541217662401e+03
1.233123842262008566e+03
1.817030157247606894e+03
1.995804599994369028e+03
2.022467042326545652e+03
1.979712408608789474e+03
1.936047997496064454e+03
2.039549788913898283e+03
1.964831193614601489e+03
1.943998801522394160e+03
2.711779041173855603e+03
2.363223637912696631e+03
1.448788092864218243e+03
1.800225813675655900e+03
1.809149499001985305e+03
1.940282514483569230e+03
2.273583903613005077e+03
3.071355059552698094e+03
1.081769680542554397e+03
1.469876736238337571e+03
1.991285491406280698e+03
2.826371810927006663e+03
2.618266981128218958e+03
1.045745269244198653e+03
1.652980499225368249e+03
2.190155287465197489e+03
3.146214376469900344e+03
1.126848098295437239e+03
1.611932183369149925e+03
1.882915652739511643e+03
