3.486606918954120374e+03
2.217724334686786733e+03
1.438142844219643166e+03
1.276255408975376668e+03
1.247896967531936525e+03
2.529851378934969489e+03
3.266601998904356606e+03
1.591160127633314687e+03
1.220746929745501347e+03
1.378241625334493165e+03
2.030237351949823960e+03
3.682172676826629868e+03
1.867823162191138863e+03
1.673497252980991107e+03
1.559752411542970776e+03
1.529670651077421098e+03
2.747949450352271924e+03
2.551323214940479829e+03
1.651897014472471938e+03
1.570234565308483980e+03
2.068178832592551316e+03
3.657514155294252305e+03
2.127971991534552217e+03
1.555374718802307370e+03
1.567807723849366084e+03
2.325535562437359204e+03
3.707417873839567619e+03
2.045393920516170738e+03
1.492385628974058591e+03
1.300136747463910297e+03
2.460318484011279452e+03
3.150726216423187452e+03
1.705348085111589853e+03
1.296556831886638747e+03
1.358816521157561056e+03
1.993400982589567775e+03
3.088411148311371562e+03
1.553972066936563579e+03
1.422041434123325416e+03
1.410305975184893896e+03
1.893720492220809774e+03
3.110290695748364669e+03
2.037075815724806262e+03
1.688657733538104821e+03
1.397028254829843263e+03
1.971007269706548186e+03
3.172425858295454873e+03
1.942169033138046643e+03
1.532951294972747519e+03
1.460033029065395567e+03
2.283247479659090459e+03
3.083913186591108570e+03
1.833490649241241044e+03
1.613642736935515813e+03
1.476311082802293868e+03
2.594054121443471104e+03
4.097109379667602298e+03
4.046915759675421668e+03
4.070750071857241892e+03
3.111837848363215471e+03
8.926384347840801183e+02
-1.097251281805348633e+01
1.096506532670381340e+00
-2.368852403200508161e-02
-1.351216167404940827e-01
-3.605247243996790862e-01
2.096359068264565906e+02
1.472814824807014475e+03
7.038177728869915200e+02
6.117560682570259587e+02
7.357246657951174029e+02
9.265139694271539383e+02
2.280118227087541072e+03
1.787012491715530132e+03
1.289810648326535784e+03
1.218881009532940880e+03
1.281401766069064479e+03
1.629274048410951536e+03
3.222341297234183457e+03
1.853971827874180917e+03
1.515529049616535531e+03
1.583280225333082399e+03
1.591778717611055072e+03
2.329034561266420951e+03
2.734848300092442059e+03
1.768707403354152575e+03
1.624224908533405141e+03
1.572186706999798844e+03
3.255622202068704155e+03
4.081906619546040929e+03
3.252349528204970738e+03
1.153314707051003779e+03
7.472015856132468343e+02
8.333706367404980710e+02
1.501943604955032242e+03
1.922780568694997555e+03
1.375279332019937328e+03
1.472043435495657377e+03
1.743121246761916836e+03
1.776532380754338192e+03
1.677882829714640138e+03
1.695612550853109951e+03
1.680589475715576327e+03
1.722491442030175449e+03
2.981181136383397188e+03
2.028496728943833659e+03
1.765314930110436308e+03
1.720593101953184259e+03
1.760675540949701372e+03
2.879194787170723430e+03
2.881331326331030596e+03
1.793317869065184141e+03
1.636469363450976743e+03
1.769856862974934074e+03
3.219979973339886783e+03
2.731418381820316426e+03
1.672654107647259025e+03
1.542961894430462053e+03
1.613758088340344557e+03
3.174572380123721814e+03
2.911907917451178491e+03
1.586324556710583920e+03
1.474549564174908483e+03
1.548998505965934100e+03
3.060727911960508209e+03
3.161402242224000474e+03
1.517864637738995953e+03
1.233640984700783520e+03
1.258841485180336122e+03
2.757241006067371472e+03
2.733376059517239355e+03
1.481782572314295749e+03
1.280396285867951292e+03
1.286834457388269129e+03
1.897393256024266748e+03
3.280749201999221896e+03
1.810858572185105913e+03
1.371558390712215896e+03
1.368589747616371596e+03
2.211752040652093456e+03
3.167865490934580521e+03
1.645475509829408111e+03
1.589462339649671321e+03
1.707182794009279860e+03
2.178895857373768195e+03
3.444971591064284439e+03
1.984094362511130385e+03
1.729582289477646327e+03
1.539391395400056581e+03
2.291975280728333018e+03
3.337468174260461183e+03
1.913011875735316153e+03
1.580632473482509113e+03
1.609607035294425941e+03
3.060355485567524738e+03
2.598869968830895687e+03
1.537386282335525038e+03
1.394756325516992774e+03
1.906679073036614909e+03
3.542084614254396911e+03
1.822493143272532052e+03
1.199643527431979919e+03
1.234727420959422943e+03
2.841695614391682284e+03
2.607454583516766434e+03
1.515295041930167145e+03
1.386447192646439817e+03
1.400480640861266920e+03
2.670799168779673437e+03
2.871515774303431044e+03
1.593648919790472291e+03
1.419531140076124530e+03
1.400616490789401041e+03
2.565629872627270288e+03
2.999357917946189446e+03
1.805481248943759283e+03
1.445043999517721659e+03
1.500770781096822702e+03
3.175932909560087865e+03
4.071881613839660531e+03
4.073926929762910731e+03
2.836300643355606098e+03
5.253546586011483441e+02
1.921188806787162378e+02
3.476224336480034083e+01
4.102605270927321044e+02
5.657518824605992904e+02
8.439406006993309575e+02
9.748113030587700223e+02
1.184537915636567277e+03
1.900328663714636377e+03
2.185187509635602055e+03
1.375014869703939667e+03
1.354953162026279415e+03
1.572000555923460070e+03
1.608562807859443865e+03
1.613885522354047225e+03
2.525050551053682739e+03
2.636208127893728943e+03
1.748075086722103606e+03
1.589279781868645841e+03
1.674650803248268403e+03
1.771134851775827656e+03
2.073293034021714448e+03
4.033561529361822977e+03
1.849234568922006247e+03
1.360621081958916875e+03
1.542208180155420678e+03
1.568898596991751674e+03
3.137121748884626868e+03
2.273149633794715101e+03
1.475521569230445039e+03
1.383748599298755835e+03
1.504815599417265275e+03
2.076866250505208427e+03
3.298624631291906553e+03
1.689636384858885549e+03
1.547816275427452865e+03
1.502570377742917117e+03
1.567410896600140404e+03
2.043333920749488470e+03
3.620514829670322797e+03
1.927741011691747417e+03
1.527217599438840352e+03
1.609356865055096932e+03
1.989950684771106353e+03
3.798568571681787034e+03
2.083082317076459731e+03
1.520493797396478612e+03
1.402430113827134392e+03
1.462788924250071659e+03
2.841156537950949769e+03
2.685069596282907241e+03
1.585855168482981298e+03
1.522171653236437578e+03
1.475487686230707823e+03
1.898453008111924646e+03
3.397532985381306844e+03
1.962228967320746960e+03
1.596266741624433735e+03
1.468814180195846802e+03
1.713305911834757126e+03
3.133781031622695082e+03
2.252041929483603781e+03
1.509750285832157715e+03
1.444598011390874035e+03
2.290299549163074516e+03
3.521454798770751950e+03
1.788218044552403626e+03
1.462999263345679083e+03
1.457189739137495735e+03
2.106583273419795660e+03
3.070860102995706711e+03
1.728479673843401997e+03
1.451141140880977446e+03
1.413510625730516722e+03
2.477313870157608108e+03
3.409031364196730010e+03
4.070766621417684291e+03
4.047474682710041179e+03
4.072325757794131732e+03
2.914853559559591304e+03
1.012989919787030544e+03
-3.254187726338592057e+01
5.419538007117877809e-01
1.216765550305196619e+00
5.241948245592035249e+01
3.309624005109581617e+02
1.534084131981231394e+03
1.056595386293995489e+03
9.792861913607589486e+02
1.005560985702452854e+03
1.093365111112972500e+03
1.238956906777245649e+03
1.360412340557349353e+03
1.411876669771221714e+03
1.460947925952400965e+03
1.575333418387263464e+03
1.657101024951648242e+03
1.687330436315093039e+03
1.680420188777001158e+03
1.697254355946254918e+03
2.518051948822925624e+03
3.651972207659181095e+03
