5.300054254505269000e+02
7.174714431550582958e+02
1.491598870258111447e+03
2.115236205772679568e+03
3.826983831332890077e+03
2.457735326147913383e+03
6.342862093483552144e+02
4.955314080274511639e+02
1.524057391802783968e+03
3.182442375967936641e+03
2.718082274851683906e+03
4.286297717517940669e+02
1.026918156123770132e+03
1.776709495920557856e+03
1.867557963984770140e+03
2.977815950209615949e+03
2.574129772491395215e+03
8.756682789070368926e+02
1.421812081291216145e+03
1.888147027127088222e+03
3.127202978941330912e+03
1.736603901677281556e+03
9.540787701416852542e+02
1.560075458012649506e+03
2.691666820684659797e+03
2.543097617789775541e+03
9.749771268577035244e+02
1.460638073727119490e+03
2.577006336686929899e+03
2.907436217371214752e+03
9.681934008306014903e+02
1.267917028545719177e+03
1.852761074443224516e+03
3.102075014759308942e+03
1.645778824049949208e+03
9.868040131522741376e+02
1.493356814159801615e+03
2.689297925219551871e+03
2.686686848908488628e+03
8.594481757779086593e+02
1.523198802190010838e+03
2.517872404310160164e+03
3.018896107079353897e+03
8.564788642607300062e+02
1.233420176549199368e+03
1.934914899306670122e+03
3.063267370778010445e+03
1.565918427211800690e+03
1.012564195004101975e+03
1.584523181669394489e+03
3.131906687014792624e+03
1.750929973578651925e+03
8.842912875917470501e+02
1.602866431795428525e+03
2.751066261286369809e+03
2.461004703546919245e+03
8.641119579818630427e+02
1.464392316158197445e+03
1.786899723381443891e+03
1.957469763042425711e+03
2.402409871426800692e+03
3.287254353697102943e+03
1.268838825640694949e+03
1.032899877682370516e+03
1.571411548453403839e+03
2.318370895812027356e+03
3.511990867681223790e+03
1.219778083772539503e+03
9.153998217268097051e+02
1.437281393315398873e+03
2.455947963695536600e+03
3.191399191155227072e+03
1.135797054683105898e+03
1.019124388529384760e+03
1.465570072374678830e+03
2.619695717178389714e+03
3.010621498255938150e+03
1.168612544639871430e+03
1.150807428577246128e+03
1.858590473050255014e+03
3.264708613648248047e+03
1.574775994199921570e+03
8.661703289175451346e+02
1.492683942438617578e+03
2.990495805966638727e+03
2.614284909437168608e+03
8.867953790896978035e+02
1.198796090633981976e+03
1.886018502894066842e+03
3.191986713474845146e+03
1.818661216811470013e+03
8.630195730649189727e+02
1.390862173440928927e+03
2.638967797768487344e+03
2.939837423634726747e+03
1.034689843511282561e+03
1.077356278741045571e+03
1.773577731612733260e+03
3.132236551488560053e+03
1.927170666354567402e+03
9.258594275228794004e+02
1.399144399060821570e+03
2.116436267060953924e+03
3.239061985941905732e+03
1.459325482442310431e+03
9.987734491582091323e+02
1.534306112185813618e+03
2.948606781087421496e+03
2.418672996071747093e+03
1.021539156416328183e+03
1.203367219179015819e+03
1.767901656189946607e+03
3.037716667372161737e+03
2.021062955098557950e+03
9.563217169198259171e+02
1.423926741268198384e+03
2.129017558279562763e+03
3.028348299722223146e+03
1.486065838706011391e+03
1.094900898399705056e+03
1.614400222765261333e+03
2.791901666527006910e+03
2.666628660846633466e+03
1.098163768581408249e+03
1.185009048178929561e+03
1.641718483079014504e+03
2.692333938157721605e+03
2.821670475006971628e+03
1.152452603696470533e+03
1.215490456779080205e+03
1.627151173137128808e+03
3.095467422003551292e+03
2.234425607268078693e+03
1.039504606993025391e+03
1.267861732816064659e+03
2.200314396215642773e+03
3.311377944154096895e+03
1.531701161636274492e+03
8.080552130091931531e+02
1.347140233044831803e+03
2.121602400104128719e+03
3.132163704881267222e+03
1.765914106235502004e+03
1.142702104363743729e+03
1.269102205820267045e+03
2.040502734864549893e+03
3.283559567504300503e+03
1.366514104211533777e+03
1.026236761284646491e+03
1.463265961540783564e+03
2.892571398447398678e+03
2.690253796098972998e+03
1.053886173987373923e+03
1.122238593139262548e+03
2.805839969846823806e+03
2.798031231141513672e+03
8.941970063474672088e+02
1.282629470717451113e+03
1.525135587273392503e+03
1.594236368603894334e+03
2.515357281444664295e+03
2.808686914202955904e+03
1.705545266935195968e+03
9.527319635120645671e+02
1.335930432822559169e+03
2.748058314469268225e+03
2.969182347772435151e+03
9.113774028641136056e+02
1.031289550387982445e+03
2.269227530694470261e+03
3.303471211622441842e+03
1.226900215578244342e+03
1.260479514904282269e+03
2.398279981733934164e+03
6.851396826124301924e+02
1.454436618263456012e+03
3.260576363864787709e+03
1.676855834759697927e+03
7.312602462735386553e+02
1.114365234962063369e+03
1.763154653376551096e+03
2.417089972048256641e+03
3.372715929704556856e+03
1.713060750824305615e+03
9.921925889901654045e+02
1.436715941118272667e+03
2.562669608416331812e+03
2.942084952915934537e+03
1.134941118232736471e+03
1.154251379284217819e+03
1.691863486706892900e+03
3.085290085729041493e+03
2.183750063450175730e+03
8.552766317062148573e+02
1.332786907315503868e+03
2.009822763957338111e+03
3.169120923063062492e+03
1.735614960353073684e+03
8.523994107598343817e+02
1.409887117607150913e+03
2.717787238792736389e+03
2.898035788892356322e+03
1.067083442637383314e+03
1.143497086721161622e+03
1.966649727094039235e+03
3.309859162352057865e+03
1.526549298842726103e+03
8.386503552848173513e+02
1.450890597606441361e+03
2.380994522394384603e+03
3.210873146732797977e+03
1.227852373499187024e+03
1.029568839877737219e+03
1.567517007535272569e+03
2.859906025289019908e+03
2.494119551955404859e+03
9.801670999198451000e+02
1.347530947006662700e+03
1.921385568004494644e+03
3.431591104480495233e+03
1.915056569168526721e+03
5.616967190153884530e+02
1.364187118244041585e+03
1.757622807822088134e+03
2.577983363107671266e+03
3.228208734730599645e+03
1.133854276001270364e+03
1.040456538985554744e+03
1.618264789776467751e+03
2.709259350970083688e+03
3.100147406941171539e+03
1.119911992921031469e+03
9.894212404837073791e+02
1.517510398683773701e+03
2.824178150703438860e+03
2.719837259111659478e+03
9.485424332861149423e+02
1.248173476946233905e+03
1.616700109950244496e+03
2.795247506556597273e+03
2.851157768851095625e+03
9.606285920459728231e+02
1.264298185538949383e+03
1.671231226556063575e+03
2.840479870765267151e+03
2.806683593896502771e+03
1.009602421420972860e+03
1.115711149859822399e+03
2.134659679483745549e+03
3.263456155414406112e+03
1.470875701888183812e+03
8.512757835223744678e+02
1.381104630210250207e+03
2.796678977183878033e+03
2.878583138315011183e+03
9.678759555423035863e+02
1.144224843289775436e+03
2.188692841531861632e+03
3.335281160496296707e+03
1.354692362624070483e+03
8.590678873477770594e+02
1.495723421624226830e+03
2.780948978921147045e+03
2.675810130597627904e+03
8.696647484686072858e+02
1.192928269630798241e+03
2.874723879287933414e+03
2.514459985196271646e+03
9.365784663710877567e+02
1.193412854274908113e+03
1.710292740017521055e+03
2.189551156961145352e+03
3.268684694225601561e+03
1.447796038637533002e+03
1.036478571366103552e+03
1.519322750893724788e+03
2.622956759958660768e+03
3.080649356064026506e+03
1.066206493312395651e+03
1.159869136164532620e+03
1.557917432351145635e+03
2.668512396051406085e+03
3.234755519472054857e+03
1.160818454837937452e+03
