2.056175838039855080e+03
2.353317127460619758e+03
4.189785541857354474e+03
1.380514217237209550e+03
3.996960052723276249e+02
1.101530107049091839e+03
1.536416895352944948e+03
2.024778049559103010e+03
2.130324279733271851e+03
3.311438335595733406e+03
3.977256324285455321e+03
6.541860801627185538e+02
5.642125222353683967e+02
1.253104012078988035e+03
1.866845096483931229e+03
4.052045721002801201e+03
2.243012833142701311e+03
1.674326928862040404e+03
3.492709391195430726e+02
1.272329129587910757e+03
4.000663629776271591e+03
3.493151753993708098e+03
2.490512701974274705e+02
3.310327945950141384e+02
1.038827417920500238e+03
1.512148716148650692e+03
3.699260218375073691e+03
4.119787093091863426e+03
3.873793823574318367e+02
2.367672236814119628e+02
1.357426672661920293e+03
2.928296249704784259e+03
4.177144013309586626e+03
2.808588978906574312e+02
4.883251968790995079e+02
1.551413244795292030e+03
4.226957303997141025e+03
1.505787126603310526e+03
4.880125891429350986e+02
8.050814134778275957e+02
1.472525744206275021e+03
2.114815503416112279e+03
4.138607907128278384e+03
1.615777585137148662e+03
1.210023853582418951e+03
1.376512134324790850e+03
1.376367787788582746e+03
1.760194841502590862e+03
2.257513922775430274e+03
4.122062915615152633e+03
8.632149863879116083e+02
1.686589790563598854e+03
2.561792521010670043e+03
2.955209932321821270e+03
7.783576433187071189e+02
7.779979622734316536e+02
9.955840989275494621e+02
3.432473519634099375e+03
4.151210041375349647e+03
4.459550054841189990e+02
6.196011943125532753e+02
6.325179159843194157e+02
2.199695579800646101e+03
4.234015458897859389e+03
5.407488137681370972e+02
4.668845393255637077e+01
1.023898121651154952e+03
4.190880479357997501e+03
1.930858508239627554e+03
1.833934715931002302e+02
7.246906685438455042e+02
3.299761922561222946e+03
3.972786114274048032e+03
2.640065268398552121e+02
2.040728276031570090e+02
1.392415860276280455e+03
4.213478699085640983e+03
1.571689533940651700e+03
1.088398574311092233e+02
7.476718131861116490e+02
2.661077059374915279e+03
4.057340146973560422e+03
3.409777655354760668e+02
8.753351265530658338e+02
1.514125930441029368e+03
2.694595736157458759e+03
3.928614296087158891e+03
7.504115165052695602e+02
1.050419993982238339e+03
1.720706683823678077e+03
4.247313478384457994e+03
9.179037744420976423e+02
5.349669134328675000e+02
1.202971789391609263e+03
4.243844034339624159e+03
9.834048821668973233e+02
3.938374769790985965e+02
1.173680683832420073e+03
2.757152009366679522e+03
1.921320478435949781e+03
1.088134138513309836e+03
3.631255086407646559e+03
3.345679541696142223e+03
-9.741182427856203674e+01
5.979395653619949371e+02
1.290088471328610240e+03
4.133319241517194314e+03
2.393185632558909219e+03
-7.847994445803148267e+01
6.149179641223332737e+02
1.905142167601919482e+03
4.204172102375258874e+03
1.120599587432778662e+03
2.333063153468773123e+02
1.141450883217740056e+03
2.427491461216146945e+03
4.079002712028921451e+03
5.007189422220009760e+02
9.199954808094494183e+02
2.079410011612783364e+03
4.242267245490342248e+03
1.708684550719863466e+02
4.694063645879001001e+02
1.288468407293572227e+03
4.104195451083225635e+03
1.935980355514197299e+03
4.621071838776193630e+01
9.698893519532299479e+02
2.717369280562404128e+03
4.036089476297101100e+03
-6.467245956743967383e+01
1.040244364963380576e+03
3.884665514157816688e+03
1.803930504242223606e+03
3.560412064014765292e+02
1.537566316623654757e+03
2.287876284968952405e+03
4.225405263136180110e+03
2.977899486515723311e+02
4.904482719253520600e+02
1.210254230416210248e+03
2.975415080843331452e+03
4.000510629965971930e+03
3.276690340285076672e+02
6.359211917480557759e+02
2.135008352193809060e+03
4.243532374086143136e+03
6.070838080491379287e+02
3.828058742706607518e+02
1.285521280242056491e+03
3.954694996717571030e+03
2.107111568576474383e+03
1.352309807595877089e+02
9.190465524287445760e+02
2.926003230574287500e+03
3.899755419301660368e+03
4.220704841949522006e+02
6.423476653450469485e+02
1.335529788784886250e+03
4.119895365374120956e+03
2.240202600807200724e+03
9.898516908959953753e+02
1.739937739905796434e+03
1.019673500631144407e+03
1.357361463974535127e+03
1.744724683713582863e+03
2.659186653282327825e+03
3.740090390299537830e+03
5.507957257662575330e+02
9.949492717380214799e+02
1.723739617256389693e+03
3.901519272766426639e+03
1.980686146621685793e+03
2.775269977535345447e+02
1.410688422010556906e+03
2.014886135188464777e+03
4.234348143637757858e+03
8.631976561817218681e+02
9.746691721502686505e+02
1.095995112164904185e+03
4.194394034636472497e+03
1.172911577692874744e+03
1.858490473325277890e+02
1.413519027573918947e+03
3.169124065365310344e+03
3.917780529430347087e+03
-3.180541483968250205e+01
2.783791532376257578e+02
2.878398113347347135e+03
3.710483911116495165e+03
-4.647964727275827812e+01
1.138852670393513563e+03
3.297332325227915589e+03
4.057889631500095675e+03
7.267427809632867763e+01
5.662715271461287330e+02
2.115871145299103773e+03
4.128119891080283196e+03
2.448644722656354134e+02
8.657764802150358037e+02
2.911310865349005326e+03
3.741409721480761618e+03
-8.436110425093893639e+01
8.923990670971979853e+02
1.817464815293568790e+03
4.221487310278624136e+03
1.199821090951028282e+03
1.958314016861430957e+02
1.042082055551876238e+03
4.147003420302863560e+03
1.137421561236342768e+03
5.070282746401426834e+02
1.713755521906738977e+03
4.263375875910558534e+03
3.629746239398783700e+02
3.350357817711366124e+02
1.582387902122638025e+03
4.269866046518324765e+03
5.103437777749223869e+02
7.402541722880207544e+02
2.075921383140262151e+03
4.227190951351084550e+03
2.821020319769507978e+02
5.104529508897288679e+02
1.792302465077185161e+03
4.255838984182802960e+03
6.554591688124735356e+02
9.696322668651916956e+02
1.489769434170334762e+03
3.658105674317523153e+03
2.248239645890904740e+03
5.516630210799534098e+02
1.400200670481678117e+03
2.292867154434769873e+03
4.123592934497699389e+03
2.618791022213200108e+02
6.666794457283500606e+02
1.375588876525634305e+03
3.032373138872448180e+03
3.919549898114767075e+03
8.558821054206920564e+01
8.450495817403428873e+02
1.707230261634190583e+03
3.974379207502068766e+03
3.017348813969951152e+03
-9.386014536338792880e+01
1.041213082895838625e+03
3.822020348395325527e+03
2.335067073327285470e+03
2.898280102046998081e+02
1.432201956472255915e+03
1.942670346810418096e+03
4.239519596788878516e+03
1.935708316494967107e+02
7.129523583945181144e+02
1.524526867998980833e+03
2.897673743261120308e+03
3.914058922195559262e+03
1.821256717999799264e+02
8.189176418017769947e+02
1.742299869187081185e+03
4.249634345748199848e+03
5.399360544058221194e+02
7.521991144202288524e+02
1.628436645925723042e+03
4.147232682158124589e+03
1.271063505164506978e+03
3.020035135028255127e+02
1.535299726086000419e+03
3.815854332619786874e+03
2.293698700977158296e+03
1.008524093582083196e+02
1.360390495588848808e+03
2.118347850329516859e+03
4.232203091778517773e+03
5.719645716433742564e+02
5.446998468467578505e+02
1.332366046795848206e+03
4.235325756813625958e+03
1.054375757590737521e+03
4.902030116967798676e+02
1.478213559852029448e+03
4.233352939159590278e+03
1.292553887740585196e+03
