9.946686383380307461e+02
1.524593338256215247e+03
4.090742299220887162e+03
3.804982227582881023e+03
2.371387669379852468e+03
1.657243515871866293e+03
1.284452159063434010e+03
1.988857892656290858e+02
9.339488802818307533e+01
2.503159778101272877e+03
2.466533824659149104e+03
1.359315883407513866e+03
1.060060259366493938e+03
1.357314289508205093e+03
3.850018575006889478e+03
2.285685328960718380e+03
1.296514563501107432e+03
1.292928756707091679e+03
3.107571259073217789e+03
2.851263941176809112e+03
1.323854612023432082e+03
2.056152871565570877e+03
3.971294571609616924e+03
1.823967787306820355e+03
1.090274852787786813e+03
1.033863600940251672e+03
1.713943157139082132e+03
4.009217176092833597e+03
2.199746892816859145e+03
1.093312174208913575e+03
1.038235794139098289e+03
3.162992890059465026e+03
2.886255285288502819e+03
1.191559082739357791e+03
1.095390315107802508e+03
2.239015134165948893e+03
3.968133878857305262e+03
1.942621688970315518e+03
1.423635397605433127e+03
1.203558739076958545e+03
1.207250778692792210e+03
2.453221094670200273e+03
3.502199023086462148e+03
1.568830640256150218e+03
1.165015511989239258e+03
1.795372978670391831e+03
4.028522354988162988e+03
1.827359951471051318e+03
1.005020830335794358e+03
1.491767843306759005e+03
3.851912158098691634e+03
1.712615240397644584e+03
9.544281468510574769e+02
1.817732717891449283e+03
3.706262211546722483e+03
1.737183276069549038e+03
1.294551186733869827e+03
1.435236657670613567e+03
4.006097098147091401e+03
2.834528160481745090e+03
1.344728027921754119e+03
9.396033096907551680e+02
1.064651636595813443e+03
1.236626474007300885e+03
3.876636727659510598e+03
3.572233358611763833e+03
1.976114129224843282e+03
1.494023288880529435e+03
1.031589886923964514e+03
6.907380209937298332e+02
2.452752233987885120e+03
3.335490308288356118e+03
1.642774497783004790e+03
1.223521264994864850e+03
1.383348505032586445e+03
1.421877870722227271e+03
3.950106882748607404e+03
2.624996524423396295e+03
9.140801034050289218e+02
6.907104798905967300e+02
1.403085510066268625e+03
3.852039885518313440e+03
2.296693403348123411e+03
1.299243394057067690e+03
1.038154438549665201e+03
1.692840403373595336e+03
3.998490342510691789e+03
1.875158585318820997e+03
1.163586808006968567e+03
1.106499321904080261e+03
3.060225999079014855e+03
2.813690321716709150e+03
1.510905186437006250e+03
1.232542244353137903e+03
1.855434873857470620e+03
3.814895459780709643e+03
1.918294709032152468e+03
1.315693235690523352e+03
1.242875148021865925e+03
2.472682785447806509e+03
3.625762959318647063e+03
1.631962159505274258e+03
1.464528212406232342e+03
3.397940962103379661e+03
3.203233748675520019e+03
2.168335391830620210e+03
1.778615501706149416e+03
1.647850901835137165e+03
1.110144409465433228e+03
8.685905031373379188e+02
1.820073039573673896e+03
3.321985892692245670e+03
1.500324293741955444e+03
1.260708655000433737e+03
1.322858502807390323e+03
3.654114017008972041e+03
2.385768257971428739e+03
1.468422929849467209e+03
1.270220738872483707e+03
1.426878435035262100e+03
1.611943493365434733e+03
4.069451418784538419e+03
2.610972390611968876e+03
1.232124942491277579e+03
1.292089594888293732e+03
1.263175896987446322e+03
1.269571898892010950e+03
2.804208391996407954e+03
3.485802623291976033e+03
1.574359074779502180e+03
1.224227472776911782e+03
1.676472440059009386e+03
4.011984785973597354e+03
2.170809518959823436e+03
1.343746657958232390e+03
1.037660435227853668e+03
2.526731755170897941e+03
3.332760878277194934e+03
1.383477822062825908e+03
9.490996135297056071e+02
2.384690372294471672e+03
3.990943914302532903e+03
1.638786586033118965e+03
9.455923712133632080e+02
1.718077297755620521e+03
4.171984631286955846e+03
2.243952663054916229e+03
1.273411365788521834e+03
1.246853284943654444e+03
8.896007819620716646e+02
8.414636533986126778e+02
2.925128461524675004e+03
3.435124358803615451e+03
1.510697747194054273e+03
1.133377054471803604e+03
1.407330605332854930e+03
1.629786390773987250e+03
1.925682359196649259e+03
2.028185885881223385e+03
2.053471307597400482e+03
2.100853345934326626e+03
1.943775812487467192e+03
1.431464654721999295e+03
3.160776565057061816e+03
4.112388557863496317e+03
1.853309392944205229e+03
1.787821203475235961e+03
1.805340718127121136e+03
1.163323470903137832e+03
3.207616300739139774e+02
2.935046009740270620e+03
3.412184796428980917e+03
1.093348513009924318e+03
8.269233961360620242e+02
1.216421047189159026e+03
3.836117068964322698e+03
2.700957350490701629e+03
1.480013486088475474e+03
1.178429330017795564e+03
9.830004133006830216e+02
2.757134905779569635e+03
3.756674616344193055e+03
1.575507126745307687e+03
7.895558259786503186e+02
1.342009184193757392e+03
3.920431971182681991e+03
2.135459456000161936e+03
1.594903296179822291e+03
7.025073850883158002e+02
2.305475848689679424e+03
3.722338686454532763e+03
1.945876881684579075e+03
1.356973056645908400e+03
8.706130147426842996e+02
2.557753436358775616e+03
3.958044620959548865e+03
1.663380040700220434e+03
1.154171205825359948e+03
9.256158751243265215e+02
1.611789320149734976e+03
4.072382144467035687e+03
2.081960143977752978e+03
1.608885838279781410e+03
1.117357361541611908e+03
1.339735130134581368e+03
4.035947644126096293e+03
1.883481184925263051e+03
9.286012065694749253e+02
9.306917455918841142e+02
3.658207632484783517e+03
2.706025520071356368e+03
1.101193833655278695e+03
8.038302495763684874e+02
2.788380399813527220e+03
2.793073266081499696e+03
1.242036943588449958e+03
1.136657741839281016e+03
1.694103739319091801e+03
3.390540236548407847e+03
1.828371429435318078e+03
1.273209922437683417e+03
1.939467004061126545e+03
3.305602085780299603e+03
1.604421170160929478e+03
1.343775342200611476e+03
1.754144605738102427e+03
3.250090438833949520e+03
2.122717691244282832e+03
1.418538748034925902e+03
2.193561957546492067e+03
3.513632861595137911e+03
1.659450503579590531e+03
1.296336390162527323e+03
1.445659208668602332e+03
2.418234715224861702e+03
3.394889202797981397e+03
1.520249673470982771e+03
1.346811715428539401e+03
1.471818979402386049e+03
2.278871017009531442e+03
4.039896670740416994e+03
1.889838037946501800e+03
1.211060596433411320e+03
1.161414916151754369e+03
2.342709350713830645e+03
4.016476682339413401e+03
1.760647295202700434e+03
1.347004521105179037e+03
1.319523888247578725e+03
1.372520605389476941e+03
3.322269099760980225e+03
2.613377932573451744e+03
1.742551759760448249e+03
1.517720048836744127e+03
1.326918607434000251e+03
1.211482325245338870e+03
3.293129180226783319e+03
3.170102240335469105e+03
1.533867679583519703e+03
1.251569788638265436e+03
1.132650071563080019e+03
2.393022813637341187e+03
3.759748385307731951e+03
1.470568112141906795e+03
1.010783602642389383e+03
1.113327437971679501e+03
2.237368133274092088e+03
3.884758483011974477e+03
1.735075432009077076e+03
1.327225523014529017e+03
1.314041583368115425e+03
3.715484704793870605e+03
2.481373065272367967e+03
1.135369251545057068e+03
1.028235474010229609e+03
2.163488191905049916e+03
4.147764959942121095e+03
2.328024475027240442e+03
8.096248682376711940e+02
7.857442883482018487e+02
1.171465766886677557e+03
3.681653275108126763e+03
2.101226958982123051e+03
1.345495611549692512e+03
