2.213898985652926967e+03
5.534157407812400606e+02
1.462749952851414946e+03
2.065055509698718197e+03
2.382466722713925719e+03
3.277225425616084522e+03
9.324833757727500370e+02
1.375524883945831107e+03
1.884626168119355953e+03
1.843911071110170724e+03
3.486450726878312253e+03
1.784609421328552116e+03
1.054869445714743279e+03
1.555785372135224179e+03
2.030798094265361897e+03
3.264288039271575599e+03
2.406640266227256234e+03
8.134734992313331077e+02
1.461192649397308060e+03
2.372297023862039168e+03
3.096603838609414652e+03
1.220449905049761583e+03
1.237031290614888121e+03
1.834040629650150322e+03
2.175978476850844800e+03
3.096049826166201910e+03
1.308047340183790993e+03
1.435227889350011765e+03
1.803134040317737799e+03
1.907455331623688153e+03
2.908788925492400267e+03
2.358605769792046431e+03
1.164673701344951951e+03
1.611689977379943684e+03
1.805639722648026009e+03
3.096335974498806991e+03
3.100978682476003087e+03
5.794148726586142857e+02
1.400380779414478411e+03
1.701085436218382256e+03
3.261797444203037230e+03
2.768533155687282942e+03
8.210992321493131385e+02
1.394202750957806757e+03
1.991838734943706413e+03
3.208369930655199369e+03
1.812338167553106132e+03
1.193485645369877147e+03
1.483703199533067163e+03
2.179797303104603998e+03
3.368778889328604237e+03
1.636295111372631936e+03
1.187454203596432990e+03
1.566926020735057364e+03
1.957185234151731265e+03
3.266045604607493715e+03
1.737721686473092177e+03
1.578725587314274890e+03
1.796003641363778115e+03
1.561807183599243217e+03
1.520371196913485619e+03
2.177058027154301726e+03
3.663607279282482523e+03
1.526837578295003595e+03
1.051822885803168674e+03
1.582131432571582764e+03
2.141598956161423757e+03
3.540859331678973831e+03
1.710053786442654655e+03
9.735757755203841270e+02
1.648679963429122154e+03
1.795091805895600601e+03
3.262266789855837942e+03
4.102479094743996939e+03
3.909124647588324706e+02
1.411876728444631453e+03
1.250986077339178109e+03
1.712627319968474694e+03
6.859072572716294189e+02
1.355056673840185340e+03
1.510730944710797075e+03
1.986289502882595116e+03
3.472356076293679962e+03
2.762366328932754641e+03
9.629009844638497952e+02
1.636215320408698744e+03
1.939750908347508812e+03
1.867452326618792540e+03
1.717042984603683863e+03
2.815255906880585371e+03
3.512179940009075381e+03
6.490331316457705952e+02
1.364766547642440173e+03
1.733358999376193651e+03
3.216996746403116958e+03
3.390324079991140934e+03
4.976018517596730817e+02
1.172655751861819226e+03
1.836649964179628114e+03
3.788817722423644227e+03
1.483698301791333733e+03
1.003355298015312997e+03
1.590377096463681028e+03
2.060990277406845507e+03
3.533056839263918391e+03
1.371115566303044488e+03
1.255896440327596792e+03
1.776970524615519480e+03
2.028715036481052721e+03
3.447842076344904399e+03
1.607498603619689447e+03
1.047248626065313374e+03
1.423189567803479122e+03
1.942450811997818164e+03
3.320066956689561266e+03
2.024294198650571616e+03
9.387695320944136483e+02
1.470344249688537730e+03
2.183279128616014987e+03
2.752637320867278049e+03
3.445396521342961478e+03
7.599653037967981390e+02
1.164640506619020698e+03
1.591487053594919189e+03
3.074970811734866402e+03
3.119124196801245034e+03
6.994496902167829830e+02
1.336498960467882398e+03
1.801776804447571749e+03
2.107201688436464792e+03
1.715205307638575960e+03
2.510634501469802217e+03
3.431159702707178894e+03
5.277306547171853026e+02
1.536071866731900627e+03
1.911837601201388907e+03
1.803261805662125425e+03
3.211992665678317735e+03
2.524975320432492481e+03
6.829667691442977002e+02
1.585939403012039065e+03
1.739412942009711287e+03
3.255368899692362447e+03
3.016243123138159717e+03
6.799740260924014592e+02
1.578338310834165213e+03
1.538814719732917183e+03
2.898333131162912196e+03
3.158423345930672895e+03
1.468988306981937740e+03
1.679891888223976594e+03
1.477801550561099930e+03
1.547948474951239177e+03
1.658495823962217855e+03
2.782622831684697303e+03
3.444863718371726918e+03
7.762083044967216665e+02
1.162372612604686310e+03
1.522601992476857959e+03
2.332202455856438974e+03
3.563524483617891292e+03
1.742916455380269781e+03
7.985516601763163180e+02
1.353126013096689803e+03
2.539494948564752576e+03
3.442375937847524710e+03
8.840783651424409300e+02
1.599455400482039522e+03
1.528571545088005450e+03
1.598883627874325612e+03
2.508068743868986985e+03
3.599851820236784079e+03
8.585507689551828889e+02
1.148201293756087580e+03
1.676876835171358152e+03
2.627153135407980699e+03
3.615213525035954262e+03
6.879102702508212133e+02
1.237916940960449210e+03
1.658576621459140597e+03
2.596015259625763065e+03
3.404659330883381244e+03
7.887549503453316220e+02
1.364948023027667205e+03
1.655866001195277704e+03
3.116279063670189771e+03
3.165689539442533260e+03
2.935873168327399867e+02
1.448420063919767927e+03
1.950927875330091638e+03
3.586799225875528919e+03
1.370742461121996939e+03
1.044585091709640437e+03
1.813400415093462698e+03
2.016687591758626695e+03
3.744698873673341950e+03
9.682574834564881030e+02
1.185455305585764791e+03
1.896729696042036267e+03
2.011271262437115865e+03
3.452170698760739469e+03
1.571997208172743740e+03
1.314894350145450289e+03
1.668940163196041794e+03
2.606510541075806032e+03
3.308596642657011216e+03
2.137883855647634391e+03
2.546373946665863059e+03
1.608925389612762046e+03
1.616626083976583459e+03
1.701710650727736493e+03
6.654891963693014532e+02
1.139804318172544981e+03
1.642344690713635373e+03
2.461863640178348760e+03
3.638489355515980151e+03
1.050586071402505922e+03
9.743588811985739540e+02
1.551238992668951823e+03
3.675172392030242918e+03
1.980891895897967288e+03
9.628242241559992181e+02
2.032613232383158902e+03
1.507350419431852515e+03
1.879934333999066439e+03
3.634005016347970923e+03
1.951075326872528422e+03
9.066895488395762186e+02
1.739288730736111575e+03
1.999298606721531542e+03
3.191318529459041201e+03
2.423719345509137383e+03
8.445311614337175570e+02
1.662991357466377167e+03
1.977541255193630377e+03
3.025590908030153969e+03
2.411201521381269686e+03
8.174159826578548973e+02
1.684348539426114030e+03
2.085264935685548608e+03
2.716385989557321864e+03
2.786693135619009354e+03
8.708522291351124522e+02
1.637317528099569472e+03
1.963075301185278931e+03
2.739064796437555287e+03
3.218309431927384139e+03
4.461858122498020407e+02
1.323412697671452179e+03
1.878985450486308991e+03
3.129640859030499541e+03
3.036477129445804621e+03
5.528532372132749515e+02
1.482392111939368078e+03
1.924200953997605893e+03
3.156231468464987302e+03
2.440005303781225393e+03
7.567695024368927079e+02
1.688492857192829888e+03
1.962252415962937903e+03
3.103708713726672613e+03
2.065122351825183159e+03
1.040451401164704521e+03
1.762492862860220612e+03
2.382181749538418899e+03
3.373677752981374397e+03
8.286767722843437696e+02
9.520448927425069314e+02
1.986751802425540745e+03
2.787402651022570808e+03
2.895345074042879332e+03
7.802440150346432119e+02
1.685284771270491774e+03
1.766852355827815927e+03
2.168684336681525110e+03
3.548832839730591331e+03
1.199180896246512702e+03
1.177629727654921680e+03
1.661461150972568021e+03
2.512370263885597524e+03
3.346484349411964558e+03
8.942160784784715588e+02
1.507211131478989046e+03
1.731045912009207314e+03
