3.036345658741508032e+03
1.513139801907916763e+03
1.371397126582020519e+03
3.058248030052242029e+03
1.585838502555907098e+03
1.935639201441398200e+03
2.003958222029034687e+03
1.811104826400800448e+03
3.044743774572925304e+03
1.300588271863811087e+03
1.700834648694545876e+03
3.114193182620949756e+03
1.097584090328785351e+03
1.908986716479914776e+03
3.083158634288532085e+03
9.767913264401831839e+02
2.392816278497114126e+03
2.423096137179090420e+03
1.156685889776038948e+03
2.912754038944395234e+03
1.682912337941623946e+03
1.385726973601613963e+03
2.983804549126284201e+03
1.892557526109150558e+03
1.282746540413023695e+03
2.890895669643928159e+03
1.887386755061455460e+03
1.192652735271469055e+03
2.769844268055803695e+03
2.305496252035882662e+03
1.251934411925916265e+03
2.559089465048446073e+03
2.403519386746017062e+03
1.323008585489496681e+03
2.081441726173856296e+03
3.086966878312222889e+03
1.438088897593045431e+03
1.361410771883312464e+03
3.047378743992018372e+03
1.568953682383867999e+03
1.438036580844681339e+03
3.076100772711441095e+03
1.328121133793395529e+03
1.613412169232696215e+03
3.041595369658617528e+03
1.491950337651472637e+03
1.533704973538326840e+03
2.410442668870518446e+03
2.633868702896653758e+03
1.483412344355932191e+03
1.774754581302005363e+03
2.910554060913888407e+03
1.651619029026259796e+03
1.505482873690706583e+03
2.652079712447539805e+03
2.251041135772914458e+03
1.662894764350619198e+03
2.029901844690667758e+03
2.020330664980618849e+03
2.093266325407270870e+03
2.668292819404501188e+03
1.384491510986701996e+03
1.782129611139451299e+03
2.484942178653306655e+03
2.676389351817574607e+03
1.283157942993020697e+03
2.145330309035433402e+03
2.689463204419429985e+03
1.625986699038853885e+03
1.648410854780882573e+03
2.104306805471621828e+03
2.833001489730200774e+03
1.803023168879140712e+03
1.882714876232683537e+03
1.905256164980218500e+03
2.081419260936423143e+03
1.969531291698312543e+03
1.489692070028204853e+03
2.960964578405527391e+03
1.840242050487610868e+03
1.277551515821621479e+03
2.615423703757786370e+03
2.506227454592779395e+03
1.632278486335944081e+03
1.612540083103346433e+03
2.938122052838169111e+03
1.797366951799451272e+03
1.477826526423335963e+03
1.946376377899930048e+03
2.548547511354153812e+03
2.861693526236383605e+03
1.094497294882126880e+03
1.823693637209158169e+03
3.090057151499307565e+03
1.366085695569325480e+03
1.431801036752172649e+03
2.890230033368652130e+03
1.990073773887065499e+03
1.484626899998429280e+03
2.140246782985476329e+03
2.978053204433056180e+03
1.411501794783917603e+03
1.450612239607276251e+03
2.664783109654886175e+03
2.574219626858600350e+03
1.544346756402918800e+03
1.543564531318368381e+03
2.663416916911282442e+03
2.616879347591510850e+03
1.341235540760503000e+03
1.611245836479917671e+03
2.860640252419077115e+03
1.652040683708286451e+03
1.436312258778677915e+03
2.549635245508160097e+03
2.517806844116676530e+03
1.386676422005536324e+03
1.921556632419453763e+03
2.727384781976903469e+03
1.819963470360663905e+03
1.975270106394516688e+03
2.031093919868742205e+03
2.130998280788452121e+03
2.155910183554428841e+03
2.051142912495635301e+03
1.911978900135252616e+03
2.094913991228748273e+03
2.145376428386351563e+03
1.993275815385163469e+03
2.132335864087840946e+03
1.961633384678246330e+03
2.007858410607219867e+03
2.069923695289131501e+03
1.909459176573024251e+03
2.095612197853587077e+03
2.105023198211762065e+03
1.944996195480874803e+03
2.080210373935282405e+03
2.092999903918444943e+03
1.930034994224828097e+03
2.687159844810283630e+03
1.949747482941617136e+03
1.169986623562470186e+03
2.564770368931338453e+03
3.207687659128424912e+03
1.200507160418391322e+03
1.552997635393180417e+03
2.178241997156925663e+03
3.225383030822354613e+03
1.484766736249822316e+03
1.492347417666173442e+03
1.496567844395797920e+03
3.133929775749144028e+03
1.564608710997680873e+03
1.308417715904018678e+03
2.227671263484066912e+03
3.055993590459474035e+03
1.423642205311646194e+03
1.470608186860728438e+03
1.965817942641539275e+03
2.712429327699390342e+03
2.479165642009917065e+03
1.364331255353828965e+03
1.616244762064972292e+03
3.050802359596119459e+03
1.703478202732386308e+03
1.696283183445681289e+03
1.710818942153623766e+03
2.727699019484727160e+03
2.287299532520259618e+03
1.282125093924780913e+03
1.982204632724482053e+03
3.001698327096017238e+03
1.362059107545523602e+03
1.463690869893436911e+03
2.823008521848727014e+03
1.986686019984631912e+03
1.410821482092823089e+03
2.203501676925511219e+03
3.006574787951941744e+03
1.365514396706246544e+03
1.737011687029301356e+03
2.043627301081035966e+03
3.010791772150865199e+03
1.382496102467584706e+03
1.481735093688977713e+03
2.857610421812640197e+03
1.847249336362967369e+03
1.408203139904008822e+03
2.435171685832975982e+03
2.770005953953384960e+03
1.349936667164034588e+03
1.611301977131059857e+03
2.926244594731057077e+03
1.774255097964674860e+03
1.495020270937298164e+03
1.819305771086508912e+03
2.880764186697388595e+03
1.703309754401626606e+03
1.578230832639681921e+03
2.422809047731740520e+03
2.667890993505560346e+03
1.771329556625508303e+03
1.949164620987366561e+03
2.049030251765199864e+03
2.073298515337268782e+03
2.334413358425488241e+03
1.508044767738581186e+03
1.757070396091751945e+03
2.785909753921374886e+03
1.829196830909653954e+03
1.857183122867569637e+03
1.843516229602608064e+03
2.033702834741320657e+03
2.072912623431999236e+03
2.071716816188155917e+03
2.073185617629628268e+03
2.075091973108371803e+03
1.973632421675538126e+03
2.139945987606845847e+03
2.052895574451270932e+03
2.042988151787999868e+03
2.066739430767103840e+03
2.008447180939870123e+03
2.664702228793687937e+03
2.926026144244772695e+03
9.858740040687835062e+02
1.208616489063907693e+03
3.021401922950621611e+03
2.742178931187247599e+03
1.221681425559083664e+03
1.365820015851989410e+03
3.015464027949732099e+03
2.151288162439226198e+03
1.270577437059807153e+03
1.630463095648670105e+03
3.067662637926501247e+03
1.752444281355676594e+03
1.187005532533833275e+03
2.305292410983225636e+03
3.079279031204617240e+03
1.307482869164835392e+03
1.367233405743728099e+03
2.710684263506640946e+03
2.681396668551958555e+03
1.315975243072830608e+03
1.795593503994972707e+03
2.978305003114744977e+03
1.536863443681794024e+03
1.798080105250339557e+03
1.768949265730637990e+03
2.980451397228975566e+03
1.639746565614612791e+03
1.448161805411139767e+03
2.089269058315723669e+03
2.967562381695277963e+03
1.330461614294181572e+03
1.526184167427181364e+03
3.020957374408651503e+03
1.720635019512121971e+03
1.355907315621649786e+03
2.588848938436184199e+03
2.611488853321216993e+03
1.379143864255911012e+03
1.798253068124738093e+03
2.827003688245307785e+03
1.787590088388684990e+03
1.965137537775711280e+03
1.997129561154439443e+03
2.046282234241062042e+03
2.110695095120679525e+03
2.141016420161372480e+03
1.989201514779556192e+03
1.941713458087594290e+03
2.012711107040400520e+03
2.135409615300481164e+03
2.039423487828416683e+03
1.927408655313213558e+03
1.790411041628615067e+03
2.864279596202967241e+03
1.942661646597795425e+03
1.321711370443005535e+03
1.760945172034741290e+03
2.855551358421985242e+03
