1.241100812399530923e+03
1.542783515690212653e+03
2.319919243985456887e+03
2.582108800690139105e+03
1.077576370668583422e+03
1.123251758369620120e+03
1.641300983558982580e+03
1.734525526810112979e+03
2.750499730363540493e+03
1.923945759277112757e+03
8.681413465032472914e+02
1.262517364030181398e+03
1.910859008771282333e+03
2.693181055943229239e+03
1.684790681472879896e+03
1.008388585003244657e+03
1.350068436203924421e+03
1.563279620442788655e+03
2.211004874323157310e+03
2.865274363977923258e+03
1.381654677837504323e+03
9.074621531832975734e+02
1.554005120168600797e+03
2.271253105095200681e+03
2.631012614995415333e+03
1.162701825775401176e+03
1.134631736828680459e+03
1.500242779421587329e+03
2.349302386355195722e+03
2.669487980152877299e+03
1.209186263904071438e+03
1.186263779658276462e+03
1.587212877739403439e+03
2.237116035754999757e+03
2.504372470036536470e+03
1.151934475821342858e+03
1.272917149085265919e+03
1.557797895934839516e+03
2.599769128186444050e+03
1.854499337239482429e+03
1.048674159415784970e+03
1.269708000077833958e+03
2.434415335406368285e+03
2.603951506209869422e+03
1.147002936255335271e+03
1.140990437246364763e+03
1.342929092512173611e+03
2.517863098401524439e+03
2.490365296985130499e+03
1.049536037877355739e+03
1.135274958190933376e+03
1.875807493043182603e+03
2.693663159686906511e+03
1.729632487486722539e+03
9.909564413161346010e+02
1.342186901088361310e+03
2.402980580236603600e+03
3.613552136409757168e+03
3.916011930347488487e+03
4.084122973125243789e+03
2.257557556933953720e+02
1.754689375530166373e+01
2.760535117354640988e+02
4.173397056904390183e+02
6.279332185615982098e+02
6.801019706217699650e+02
2.435563320487913643e+03
1.993557879618518200e+03
1.312006642738314667e+03
1.293434060425248617e+03
1.328737704019117018e+03
2.603321756908273528e+03
2.303270139142502103e+03
1.277915854873569742e+03
1.378063352504645991e+03
1.744847503200281153e+03
2.517933452652849610e+03
2.108266761159699399e+03
1.374079576675346971e+03
1.602348733170117612e+03
1.711336000949652771e+03
1.855358694883274893e+03
2.712839652839767041e+03
1.558139856879985246e+03
1.268068719547397450e+03
1.457200320173787532e+03
2.132575467296834177e+03
2.206953094946190959e+03
1.231462278953014675e+03
1.513346743888422225e+03
1.770185817926012987e+03
2.087564083542959906e+03
2.442174644323048597e+03
1.222335957524260721e+03
1.354049744105136142e+03
1.528651128911747264e+03
2.590046673923222897e+03
2.066719322473591092e+03
9.924454190562184976e+02
1.396630823101965234e+03
2.254219648835210137e+03
2.450082802928209730e+03
1.289737573719543434e+03
1.330709267735162712e+03
1.345396481602599351e+03
2.060027127031852160e+03
2.853644291412539133e+03
1.381092282451461870e+03
9.881533669287097155e+02
1.445735193064270334e+03
2.542649786209449303e+03
2.118861416769509560e+03
9.881994268176390506e+02
1.266065407856125375e+03
2.211604617828092159e+03
2.639796501440427164e+03
1.143256537156005379e+03
1.289057943448328160e+03
1.518328924407496515e+03
2.255027837944544444e+03
2.893113374111956546e+03
1.004326657108309632e+03
6.982691735680123202e+02
1.128292347939036517e+03
3.604211853914639050e+03
2.601619490228997165e+03
1.130384635883694727e+03
7.218821036255609442e+02
7.947027267326126321e+02
1.538246088985375991e+03
3.488418632401884679e+03
1.977282564017044479e+03
9.453120187145672162e+02
7.352393510035502686e+02
1.490973411907534000e+03
3.239236428238584722e+03
2.128200641988306415e+03
8.517561012761536858e+02
9.074706397868757222e+02
1.202966306693838305e+03
3.373766037956268065e+03
2.788365691721154690e+03
1.320720820484794103e+03
1.207885348230394357e+03
1.600204888887847119e+03
2.607339613793058106e+03
1.795094320045838685e+03
9.602991554551825857e+02
4.397561228257583110e+01
1.502337317543530844e+03
1.763010893198400481e+03
3.427637665249435940e+03
2.981890374430532574e+03
1.264308425150807579e+03
1.163819064272174501e+03
1.166209192323214438e+03
2.677148810129605863e+03
1.980161330941349206e+03
1.158500690448201112e+03
1.135257071959994619e+03
1.478736067487471246e+03
2.755864535500463717e+03
2.631861350522119210e+03
1.268347440103435702e+03
4.101255010366617739e+02
1.739181865166978469e+03
1.901137389790419547e+03
2.710503136375572012e+03
2.105540866364304293e+03
1.151485669029263136e+03
1.120239149514929750e+03
1.320193228091067112e+03
2.077217776335547114e+03
2.675730795643617967e+03
1.470424770887714658e+03
1.065679348805982499e+03
1.360977945185761655e+03
2.135059392672848844e+03
2.691337743897099699e+03
1.455136282609108775e+03
1.109564017446605476e+03
1.439523451641545080e+03
2.192828978413924688e+03
3.605309273209745243e+03
4.089869441076612020e+03
2.285643851390451800e+03
1.926990224234785671e+02
2.563965609117723830e+02
2.510678732069039540e+02
5.024084636678662719e+02
6.101321305472764607e+02
1.940210130575584571e+03
2.733671244288235357e+03
1.445839731230825009e+03
1.388760474442182613e+03
1.494599557892738858e+03
2.194334774528915204e+03
2.537338940112630098e+03
1.436460555746201862e+03
1.371781587449770768e+03
1.538074059019503011e+03
2.196902850653534642e+03
2.580321820130641754e+03
1.592824844079438890e+03
1.539108685798712031e+03
1.557850758995108208e+03
1.388295205832986539e+03
2.345065198340384541e+03
3.403143086661686539e+03
2.666114534084217212e+03
3.530073514382266694e+03
1.294682283076620024e+03
1.250511326832363238e+03
1.787495890359541590e+03
1.108492536930044253e+03
1.368733432377682220e+03
1.977267043639133590e+03
1.217142014336542616e+03
2.019815035582004384e+03
6.934563586821780063e+02
6.493329092474955360e+02
7.215299799728919652e+02
8.516381103676457087e+02
1.066591030718681850e+03
1.259259715419474333e+03
1.360435831034767261e+03
1.184263926831596564e+03
1.733705238174432679e+03
2.765188578599682387e+03
1.938988930145839277e+03
1.773133517583751200e+03
2.001669060861262778e+03
1.841030881394887047e+03
1.761857862569954477e+03
1.959918790019921289e+03
1.870621236172083172e+03
1.775924532874857050e+03
1.976592004446797091e+03
1.876818502386039199e+03
1.750897711072442235e+03
1.946081665270364283e+03
1.835595225900045534e+03
1.871004164844469642e+03
2.246046066052787864e+03
1.453315275516948304e+03
1.581711451004283163e+03
1.837901540961829369e+03
2.391656483624548855e+03
3.295537126911984615e+03
6.779304690011648518e+02
9.276549799605237467e+02
1.415605571518872694e+03
2.044186815130953391e+03
3.181070307866063104e+03
1.776654433121966122e+03
6.707265237478005702e+02
9.671111835506665102e+02
1.689401145257905000e+03
2.894201064438780577e+03
1.856213068950196202e+03
8.889889746670251043e+02
1.123910536256706337e+03
1.732973745018555064e+03
2.865353325616167695e+03
1.589527821396002764e+03
9.576089361532099247e+02
1.328396175825197815e+03
2.332513766284903340e+03
2.861852482834213333e+03
1.120804662200415123e+03
8.851799785731265047e+02
1.373358010673911167e+03
2.517668001005678889e+03
2.602613285099508175e+03
9.932491614698972171e+02
1.300826532864651199e+03
1.580268711247083047e+03
2.268681461341254362e+03
2.870870585127632239e+03
1.359212845661008259e+03
1.034284197544163362e+03
1.312278282437735697e+03
2.153373060278574030e+03
2.716494063035439922e+03
