1.671537639897843519e+03
2.013013550267144183e+03
2.486472021461549957e+03
3.286188586248296815e+03
7.372414878141543113e+02
1.373168536954095771e+03
1.659643250425734777e+03
2.946751341482901807e+03
3.197833768680875892e+03
2.075187811784036512e+03
6.613071325751407130e+02
1.362069011200667546e+03
1.659678896671530538e+03
2.956111611671954506e+03
2.061379555940125556e+03
1.362030734492754846e+03
1.636895400297087235e+03
2.893378158390659792e+03
1.940653988417466053e+03
1.444045324378358146e+03
1.686765881565503832e+03
2.921482254200031093e+03
2.025805714203687330e+03
1.305828571968272399e+03
1.731252531694096888e+03
3.148584749482290135e+03
1.680761723939620197e+03
1.033244724823050547e+03
2.352805044287269084e+03
3.109137355938426936e+03
1.075457167423978490e+03
1.223267796981751871e+03
2.328974143688430559e+03
2.894385434126138989e+03
1.060816424419875830e+03
1.576441407759980166e+03
3.228684070584413348e+03
1.313817918533591182e+03
1.376515887451907929e+03
2.156489751829008583e+03
2.861134004069582261e+03
1.257815940704140303e+03
1.447212988434638419e+03
2.743043844588540196e+03
2.540155666984901472e+03
1.060470506494974416e+03
1.737475928621038520e+03
3.124943681922896303e+03
1.140308948114784926e+03
1.321872250454241794e+03
3.003715416244096559e+03
1.811875193914497459e+03
1.168724881179285603e+03
2.613215408264902635e+03
2.570854905846670135e+03
1.082567342092636409e+03
1.588594853640256360e+03
3.292459049930400852e+03
1.563288783712252553e+03
1.117057917771466236e+03
1.858888697378511779e+03
3.161664011134491375e+03
1.287129232133291680e+03
1.359287706347854737e+03
2.813343453855833559e+03
2.305181493589589081e+03
1.075452998877708751e+03
2.563880251814369331e+03
2.540947243865667588e+03
1.203872702281614011e+03
1.854393498421912909e+03
3.086636240398741847e+03
1.219836023440988583e+03
1.346455110349151482e+03
2.953672656867510341e+03
1.722565945625440918e+03
1.115518936131451937e+03
3.023966677634696680e+03
1.739788556810127830e+03
1.212833028074914637e+03
2.215197521159494499e+03
2.963539816803364829e+03
9.816568387907608439e+02
1.857477303464226225e+03
3.046493716668515845e+03
9.969564012032093387e+02
1.767675415903794146e+03
3.159772209595269942e+03
1.138138097219126848e+03
1.356558311729910656e+03
3.200512954948595052e+03
1.353912681065614606e+03
1.156829389903371521e+03
2.865236011535023408e+03
1.850606673286169325e+03
1.112579034031603442e+03
2.940973324959842557e+03
1.875261232010546792e+03
1.013186807723114839e+03
2.810275631507005528e+03
2.371217527479918317e+03
1.110256550474880669e+03
1.674352983058005748e+03
3.104920208815481601e+03
1.340884825035244376e+03
1.339854754352684949e+03
3.051713702461569483e+03
1.535437749769474976e+03
1.187450812557905692e+03
2.726147777098034567e+03
2.221618852114567744e+03
1.045276339242377617e+03
1.830775261087120498e+03
3.208426890291094423e+03
1.330481777795206654e+03
1.213653191696528893e+03
2.799497002499554583e+03
2.276372481580187923e+03
1.187758200909572452e+03
1.696245238821433986e+03
2.686870001178019720e+03
3.329702153699173778e+03
1.606258557470842561e+03
6.232629578474142136e+02
1.278242041830842254e+03
2.440572570609429476e+03
3.343892885041452701e+03
1.454495917734754357e+03
1.110494587381007705e+03
1.630910269975532401e+03
1.848164567246902834e+03
2.977209579489338921e+03
2.543483759996154731e+03
1.229042225512765071e+03
1.583034740145181104e+03
1.855956240090093161e+03
3.365315971944134162e+03
1.804306216678123519e+03
1.134476838903160569e+03
1.599938429340392304e+03
2.268439149921193803e+03
3.284651248120513173e+03
1.694512928171493968e+03
1.000199089761466212e+03
1.497443249958023216e+03
2.900457779452336581e+03
1.870678019717434609e+03
1.316630152778692036e+03
1.885773931831760592e+03
2.762841064028476922e+03
1.259882099901532683e+03
1.549294978214903722e+03
2.866354304068110196e+03
2.036476915432950818e+03
1.215689599201150486e+03
2.509498828449689881e+03
2.632013833164092830e+03
1.052051890953195652e+03
2.000411525075324334e+03
3.025199196577626481e+03
1.158164101005544808e+03
1.278907227089624712e+03
3.159792534801274996e+03
2.048653786983282316e+03
1.094960433707187121e+03
2.274536827687576533e+03
2.958866447869474086e+03
1.040731414636348518e+03
1.692457885086890883e+03
3.086333079236060257e+03
1.246468779716117297e+03
1.379818324802373809e+03
1.994407914634183726e+03
3.465792963578101080e+03
1.043446254057899978e+03
1.198612206319529378e+03
2.732701835164680233e+03
2.561957130136365322e+03
9.297077906897228559e+02
2.103231895512477877e+03
3.241499032966237792e+03
1.008134654614054170e+03
1.098465893712143725e+03
3.222037479015507870e+03
1.928661501431828128e+03
1.058784641168032977e+03
2.505558886530081963e+03
2.720055989716955082e+03
1.019863574270847153e+03
1.398577514116212114e+03
3.190207586648913548e+03
1.361847329667083159e+03
1.284097711611811064e+03
2.744822464410513021e+03
2.154677427225140946e+03
1.221503382482700090e+03
2.205141183360876312e+03
2.962720333844742981e+03
1.146824235253837969e+03
1.629680509257940230e+03
3.395542980009360235e+03
1.150563131320390312e+03
1.100736506263011734e+03
3.115993663337304497e+03
2.262261000042386968e+03
1.093644422792407568e+03
1.367312732409540331e+03
2.867580304954478379e+03
2.384178814976790818e+03
1.322966711885279210e+03
1.578637828338189820e+03
1.961838796749627136e+03
3.062462315245059472e+03
2.877396078908847358e+03
8.981768555868983412e+02
9.507336624148084638e+02
1.524523832973796289e+03
2.225408807506968969e+03
3.284513648390941853e+03
1.737546618531788454e+03
1.075553911142775178e+03
1.623445056391522712e+03
2.032091482281363142e+03
3.116332272878989443e+03
1.494277095810022502e+03
1.397739263851148053e+03
1.693651096819146233e+03
3.085149789082137431e+03
1.829666034378100221e+03
1.278390112335797767e+03
1.721344000709307693e+03
3.036358382519979841e+03
1.535326267808301736e+03
1.205343969813344984e+03
2.705781053028815222e+03
2.319655167829217589e+03
1.153756868174991951e+03
1.804461140683700478e+03
3.049957373707552051e+03
1.265207138195336029e+03
1.370282391766439332e+03
2.999619353439361930e+03
1.627423477223242799e+03
1.252148345047550265e+03
2.687250797231959950e+03
2.529600370600122460e+03
1.071852915896581635e+03
1.784117582565878138e+03
3.187425969070804967e+03
1.168475625142771150e+03
1.384637741875109441e+03
3.103647357875683156e+03
1.575113981230735362e+03
1.170767960632404993e+03
2.554636464564561265e+03
2.691537018863634330e+03
1.082590330227429376e+03
1.568032454385838946e+03
3.207648489299883295e+03
1.476454203875115354e+03
1.154585686255343262e+03
2.817801837821667959e+03
2.220180488663194865e+03
1.146379531173047326e+03
1.799588585992568596e+03
3.059041405693542401e+03
2.797919500361367227e+03
2.347968092748388699e+03
2.171478408171992669e+03
8.956113325541817858e+02
1.272132375303708386e+03
1.166741764377406753e+03
2.028376245024919172e+03
1.501403172850073133e+03
1.747313822334000179e+03
2.096726279225338658e+03
2.003311127395453468e+03
2.082747409750810220e+03
2.838120461698567851e+03
1.583324829187963360e+03
1.668387624716453274e+03
1.905317407466930945e+03
1.952780809513544682e+03
1.875091432461954128e+03
2.942997892965499886e+03
