1.545829226960682945e+03
2.016795233270871222e+03
2.396843054328791823e+03
2.522584745694922276e+03
1.330060180194337363e+03
1.943967101895819496e+03
2.261193742938491141e+03
1.579860119313202404e+03
3.244828190189235102e+03
3.809481252112534548e+03
7.777080479715682486e+02
8.562642699857420894e+02
2.743578539818983245e+03
2.546826773172514095e+03
8.403053484739097030e+02
1.386303606807830420e+03
3.399619450940587740e+03
2.255937420485643088e+03
8.604295766750227585e+02
1.045389465881834667e+03
2.377875588139528645e+03
3.919060696054513301e+03
1.174189690626937818e+03
1.217793593473489409e+03
3.972223568585148769e+03
1.433819982119046472e+03
1.063878109439429636e+03
1.568875398483303570e+03
1.513409426961380404e+03
2.498618032327775381e+03
2.722679067791231319e+03
1.517107841095096092e+03
1.717024111511858564e+03
3.137095798339197700e+03
1.872658927520383259e+03
1.780707291932513954e+03
2.924817929256484604e+03
1.817743382323321157e+03
1.579395733858899803e+03
3.233867249764442477e+03
3.813490894480233237e+03
8.233030624446683987e+02
1.260957509096053627e+03
3.663254581079957916e+03
2.009453697809610958e+03
6.525653727064325267e+02
1.799100854680089242e+03
3.588346586481788563e+03
1.399013850870919896e+03
5.972060778142370054e+02
2.638058585780509929e+03
3.227570607679097066e+03
8.749621401351829491e+02
1.627464758661875976e+03
3.646323552666181513e+03
1.081472597770652328e+03
1.443225574811059005e+03
4.077740745765484917e+03
3.344334499062181749e+03
9.090578919437372178e+02
-4.030054436170635768e+01
4.018898768619198449e+02
1.179585742306948760e+03
3.500394428800861078e+03
2.648250803125596576e+03
9.093381049297925074e+02
1.130119734893160967e+03
3.551095386991016767e+03
2.815858865714312287e+03
1.104447915774677995e+03
1.149696813732142573e+03
3.409056539777614944e+03
2.568198318427095728e+03
1.204979932771354243e+03
1.150095148905355472e+03
3.444743201168878841e+03
2.744941484230529113e+03
1.388811601700320125e+03
1.616993136038457351e+03
1.510944390701798284e+03
2.059795464609939700e+03
3.240635270136387589e+03
1.443282965260939363e+03
2.719260879638038205e+03
3.185691882748718399e+03
1.436482284685148443e+03
1.138362752879223535e+03
2.878106026192764148e+03
2.320954266147928593e+03
1.066744642535387584e+03
2.015884269392583064e+03
3.343550871397562787e+03
2.041338660071751519e+03
1.161497387365614486e+03
1.901072629173219184e+03
3.142246645893225832e+03
1.572844372319399781e+03
9.187973537801427710e+02
2.544505596675164270e+03
3.589510054830622266e+03
9.343272737464112652e+02
9.623495320740516945e+02
1.495911546543197801e+03
2.012547363780103296e+03
1.728037514284251756e+03
1.649335116120207203e+03
1.992985555449833328e+03
3.233968412186927253e+03
2.198573534349855890e+03
1.227355325520858059e+03
1.182437277008754791e+03
2.683860054852928897e+03
2.965185411159958676e+03
1.751267060286350215e+03
1.307686299584627022e+03
2.525156269353823973e+03
3.852917156292131949e+03
3.118448652142084029e+03
1.089335999980973838e+03
9.118800484111771993e+02
1.538339957959999992e+03
2.981010453489246174e+03
2.743507670102432257e+03
1.414836787417860251e+03
1.710492259759604622e+03
1.700270118582925761e+03
3.201475533585896756e+03
2.992952909796149470e+03
1.104037775307661605e+03
9.726872315872608397e+02
3.052150283573128490e+03
3.732461459687647221e+03
1.135205692826642689e+03
5.719823960834311265e+02
1.778068519360982691e+03
3.665556272582951806e+03
2.749913856532621594e+03
9.194194872608953801e+02
8.426991553265834227e+02
1.924924390803821780e+03
3.852955121397301355e+03
1.585623967139599017e+03
6.530238626790293210e+02
1.658136263239019399e+03
3.480577017971571877e+03
2.214324312529769486e+03
1.030560641600610097e+03
2.113613587571725020e+03
4.128936481001856919e+03
1.496082933914144178e+03
6.657257631326444880e+02
2.552861150314636689e+03
4.058159606100435667e+03
8.537197040264908310e+02
4.678268639261635826e+02
3.329222585820810309e+03
3.770267802674112318e+03
4.399158400334306407e+02
4.374993281925636097e+02
3.058393203925606031e+03
3.496231957195064751e+03
1.498784128058764281e+03
1.109217371850348172e+03
8.512890410566589026e+02
2.633144110344141154e+03
1.780826542360734265e+03
1.117300048439101602e+03
3.292887106681048863e+03
3.034311629070474282e+03
1.370868470370807245e+03
1.154878951091997124e+03
2.883423203168609689e+03
2.956394688563909767e+03
1.235376688359073114e+03
1.078403782230524030e+03
2.914189682509383601e+03
2.595350083539702155e+03
1.099326454372876242e+03
1.812129609156180322e+03
3.354308946039725015e+03
2.093957420073183584e+03
9.227185325150960580e+02
2.380600724177477787e+03
2.748885250298282244e+03
8.730883655287124157e+02
9.804132890777876810e+02
2.237393040294701223e+03
3.151262672828077484e+03
2.038584628051860363e+03
1.266790646682717124e+03
2.325324541590407534e+03
2.962343272933640492e+03
1.897746798719535946e+03
1.366634249458545128e+03
2.444994286068755628e+03
3.021782953989415091e+03
1.432634662116995742e+03
1.428733432728016396e+03
2.777427212707381386e+03
2.492719874936364704e+03
1.199733667177087000e+03
2.292783356260647452e+03
3.295369444203560306e+03
1.316483106432357545e+03
1.125006326203450726e+03
2.719284011194083632e+03
3.028943397441434172e+03
1.267045611516929057e+03
1.022530516680928372e+03
2.634152210253976591e+03
2.826147221573401112e+03
1.347705978391263898e+03
1.697516930099420961e+03
2.981108648416055530e+03
1.819182473303434335e+03
1.054056037844642560e+03
2.228751939928938100e+03
3.257692536058825226e+03
1.645050047327122229e+03
1.262203658810296020e+03
2.823671765364232670e+03
2.695743318958476721e+03
1.552752317433737744e+03
3.263789256980975551e+03
3.388911642487327299e+03
6.059683551514127657e+02
1.305203766893069997e+03
9.874245707111717820e+02
3.323265573751563807e+03
3.695890066558303261e+03
8.100005489132385037e+02
1.092317911756452077e+03
4.208149249342362964e+03
1.391541619685146770e+03
2.021839673203251664e+02
1.319861201627999435e+03
2.844606383915059723e+03
1.459171613810597364e+03
9.293788956857331414e+02
2.987972817331134138e+03
4.132716380736570500e+03
1.280056898349837184e+03
5.277570838819206074e+02
3.108312849910683781e+03
2.879241895744228714e+03
9.765812898930413439e+02
3.101821590354307773e+03
2.054888095031167722e+03
9.406806173748999527e+02
1.732474216656592262e+03
7.170564594886228633e+02
2.839348513883837313e+03
2.621732720958306345e+03
9.874566420700564322e+02
3.463990749341291576e+03
1.895316313093906047e+03
9.103368579305486037e+02
2.649249716740734129e+03
2.082585112376515553e+03
1.159713508410228087e+03
2.455855373058485839e+03
3.085802345261096434e+03
1.005417411758900357e+03
1.196053744355788922e+03
2.957815663166096328e+03
1.869283229030255825e+03
1.639107528094663394e+03
2.996182401503829624e+03
9.164762098855950399e+02
1.223471333860727100e+03
3.181657102029191265e+03
1.046159613933913079e+03
1.275118277658256147e+03
3.067202240155977961e+03
1.421833836194947935e+03
1.391824350810805527e+03
2.959480009321074249e+03
1.669122891390495397e+03
1.403264594205733374e+03
3.071004866326941283e+03
2.782697799029584985e+03
9.931343051762713685e+02
2.086901703090064984e+03
3.372597828101244431e+03
