1.831188304203554708e+03
2.322105272779644110e+03
2.132949002615320296e+03
1.760922987769019528e+03
1.798020502697949723e+03
2.200264479305012173e+03
2.282453142097864657e+03
1.783252815238786980e+03
1.865527881786304761e+03
1.868061581220923017e+03
2.238624468789987077e+03
1.845849375406801755e+03
1.859502487629320967e+03
1.943213794131832174e+03
2.262676180283640406e+03
1.772848091990048260e+03
1.869509457901022643e+03
1.852503130418226192e+03
2.212101448181451360e+03
1.859536711714556986e+03
1.869077011311034312e+03
1.885893542538591191e+03
2.171614157950408298e+03
1.949137089184577462e+03
1.888511554828230601e+03
1.882217368399521547e+03
2.192253843466535727e+03
1.834011513861193635e+03
1.867900110396281207e+03
2.056714600508493277e+03
2.111545932421927773e+03
1.845533894521665388e+03
1.809650358373817426e+03
2.182354658165783803e+03
1.987153032453312107e+03
1.807358299542425812e+03
2.131770591989646164e+03
2.123696182367511028e+03
1.717550243713970985e+03
1.928931104329643176e+03
2.251122336459436156e+03
1.745840965566824934e+03
1.761436419902345733e+03
2.222706572604598477e+03
1.939824365841872350e+03
1.793516528959570451e+03
2.093257773939663366e+03
2.119862059914985821e+03
1.807717276966545796e+03
1.876512547522360364e+03
2.219783955049460019e+03
1.827640153855551489e+03
1.888187109839588629e+03
1.953818329546878658e+03
2.189943937855598506e+03
1.765961231872724284e+03
1.917796368911272793e+03
2.218022804762131273e+03
1.831456162811593231e+03
1.774947579329132850e+03
2.166829736036593204e+03
2.066786125505690507e+03
1.785046093239845504e+03
1.870916298545523432e+03
2.222861128854925937e+03
1.861197606158755661e+03
1.883121865646730839e+03
1.886694910593219674e+03
2.256104818598646489e+03
1.809808603397647175e+03
1.805807797693934390e+03
2.121517148105279375e+03
2.136585599762086531e+03
1.845025162113554870e+03
1.798406019656211583e+03
2.198186617362945981e+03
1.904547214273986810e+03
1.772338478904068097e+03
2.185582548709980074e+03
1.998862252806418837e+03
1.767941682387838455e+03
2.117692463395379491e+03
2.116140851993876367e+03
1.752852361064717570e+03
2.001248746017886560e+03
2.200074918592208633e+03
1.747834674619250336e+03
1.830431909391747240e+03
2.239351936965746063e+03
1.891702611701698288e+03
1.798523875678538616e+03
2.078691133471452304e+03
2.169387382805247853e+03
1.770958269972078824e+03
1.888020672225306498e+03
2.165861416726658717e+03
2.075059831292702711e+03
1.819240397702273867e+03
1.882116930444474065e+03
2.239822936148902500e+03
1.838971192787798145e+03
1.797920600149986058e+03
2.081976822810593603e+03
2.196254088776456683e+03
1.777720285864378411e+03
1.838249318508968827e+03
2.058571769602020140e+03
2.183869045930181073e+03
1.815850559429241912e+03
1.793577924476417820e+03
2.195044077162918711e+03
1.927702013420626599e+03
1.808070529998101620e+03
2.033801707872974021e+03
2.188488593819077778e+03
1.813436739900420207e+03
1.827047895713986463e+03
2.217738328309108056e+03
1.832391735269433184e+03
1.861131341582799905e+03
2.257768698722911722e+03
2.102391345735147752e+03
1.743032925995682263e+03
1.911968497309369468e+03
2.187676809701769798e+03
1.881307346820055045e+03
1.833171560882332415e+03
1.880146592110082793e+03
2.239519896722653812e+03
1.808825784784843336e+03
1.830314359764502797e+03
1.872970384505547599e+03
2.133096812106073685e+03
1.963020810924311490e+03
1.843529005347807470e+03
1.869247209837350965e+03
2.184629342846790223e+03
1.905365622932358292e+03
1.860176225836635240e+03
1.924886359231669758e+03
2.222954961242511672e+03
1.857886176427343798e+03
1.840002894115680647e+03
1.766678337186935778e+03
2.220518762241264085e+03
1.931428639253737629e+03
1.841814680178784329e+03
2.069970958760788562e+03
2.082844290757703675e+03
1.819219344988771581e+03
1.887880827248967535e+03
2.152754028120907606e+03
2.082743216411285175e+03
1.837419733835650504e+03
1.828994635376706128e+03
2.199511195305820820e+03
1.965217813095661313e+03
1.855084334851215544e+03
1.902079978112398521e+03
2.172254385786643070e+03
1.880980380095489409e+03
1.850620868249820887e+03
1.950152874507064780e+03
1.854235257536075324e+03
2.285543687409870017e+03
1.959168947425392162e+03
1.832529296970071982e+03
2.034341433868831245e+03
2.221476764319123049e+03
1.784639725829154941e+03
1.812080871133803157e+03
2.202308095517081711e+03
1.994414727267464514e+03
1.819832432832214181e+03
1.836840255162269386e+03
2.230955835292619668e+03
1.839652021054954957e+03
1.782854568669709579e+03
2.144045701001720772e+03
2.040229870886282015e+03
1.842822987927072290e+03
1.998272427025257457e+03
2.197018755403676096e+03
1.769709347203510788e+03
1.824461317792842010e+03
2.202766894742754175e+03
2.040167994813795076e+03
1.797717649817921938e+03
1.937044936741006495e+03
2.263705626550123270e+03
1.776706936356371671e+03
1.743912058701042042e+03
2.214666284837892817e+03
2.179574296066793977e+03
1.753284538955448625e+03
1.799504501665778662e+03
2.242623801032452775e+03
1.854265102526248711e+03
1.786374305995424947e+03
2.059972860464121368e+03
2.144272844023392281e+03
1.828121292763296424e+03
1.884477593194359997e+03
2.120248172532767967e+03
2.159125367375312635e+03
1.737828391153550228e+03
1.793918952454059763e+03
2.163502657950503362e+03
2.127532369974929225e+03
1.815502211112906025e+03
1.792755507438385393e+03
2.156022775393840220e+03
2.126651627768696471e+03
1.825849977026953184e+03
1.831310850834815483e+03
2.214995092563844992e+03
2.011778286190107565e+03
1.826988775117916475e+03
1.873993121593283831e+03
2.154268622549815518e+03
2.043963591144623251e+03
1.839769253379110751e+03
1.867608294853245297e+03
2.162696915250766779e+03
2.094304785991504104e+03
1.782035076716849971e+03
1.862918976528432722e+03
2.175701706668634870e+03
2.032086718728261076e+03
1.843652197563253139e+03
1.854011629650644863e+03
2.176767592102651179e+03
1.950325764336109842e+03
1.852934807285842908e+03
1.837466471559245292e+03
2.171701894178792827e+03
2.002287335076301588e+03
1.853104122664032502e+03
1.908064618939238244e+03
2.176001094709145036e+03
1.871909751542610593e+03
1.855201687154601586e+03
2.055803616308645815e+03
2.091504454966634057e+03
1.820760945412532692e+03
1.798501346761317791e+03
2.259289507360299467e+03
1.978477050758893711e+03
1.798780109650693703e+03
1.859950056268973185e+03
2.203196707474165578e+03
1.913361556151962532e+03
1.837356305125720837e+03
1.960690001838329181e+03
2.162468976572097745e+03
1.826569716616975256e+03
1.851068989032197123e+03
2.108964275163931688e+03
2.090736054848421190e+03
1.821053201864087441e+03
1.887268760392636750e+03
2.037353825540393018e+03
2.143390090751577645e+03
1.846483854170664017e+03
1.850086326244665770e+03
2.051590578950789222e+03
2.199812194817734508e+03
1.816117315689845100e+03
1.810605155078321104e+03
2.005017343784415971e+03
2.227317464238512457e+03
1.795924119522494493e+03
1.797068685039133698e+03
2.106888837671164310e+03
2.157193272450911536e+03
1.802634492560208855e+03
1.792800100395618529e+03
2.155880340008196526e+03
2.032461953948942437e+03
1.830270371651766482e+03
1.881601937267909307e+03
2.180262799674148027e+03
1.957288759265136832e+03
1.855766478781766864e+03
