8.834274881186651101e+02
1.121960273250642331e+03
1.594520852899155443e+03
1.816259975938112120e+03
1.894315404755651571e+03
2.184966192551692529e+03
1.919862201386881907e+03
2.475059879360130708e+03
3.268525894620808231e+03
2.501967568480569298e+03
4.085632653713868194e+02
1.203108263931830493e+02
5.734829553774079614e+02
1.105455941977213342e+03
1.078859432606500832e+03
2.118260291975494056e+03
2.501314958229036165e+03
2.817624184126354066e+03
2.325709721084450848e+03
2.229849802121331777e+03
2.207982652035261253e+03
2.214340880787935475e+03
2.172540945797540189e+03
2.118620891485107222e+03
2.068609779875170261e+03
2.041466780330955544e+03
2.034563248705328533e+03
2.016692845611302801e+03
2.009345016875096690e+03
1.988562303066814366e+03
1.932153760307241100e+03
1.914103220753683445e+03
1.908097997012036103e+03
1.927806249004544497e+03
1.928695977933156655e+03
1.916643622092319220e+03
2.063516626409852051e+03
1.978809247301463074e+03
1.840701993355104605e+03
2.613873663582394784e+03
1.482260980914295033e+03
1.644529685304400118e+03
1.786441320217071734e+03
2.009326238331137574e+03
1.767266001357077357e+03
2.384006167964736960e+03
3.153409931666283228e+03
3.665511695117706495e+03
1.740823673154880908e+03
1.177129620045154070e+03
9.434662422466558382e+02
7.429597421855404491e+02
8.908691664459307731e+02
1.335369208593543362e+03
1.778703676998185074e+03
1.914904055017014798e+03
1.994386911759117538e+03
1.972182034695007360e+03
2.690338875765833109e+03
2.372537640514196937e+03
1.425220438910785106e+03
1.432358606494478408e+03
1.785780382716026224e+03
1.904187340162723103e+03
1.939405332999168650e+03
2.047337490802790626e+03
2.616037298202464171e+03
1.535574365456965552e+03
1.675364815422154606e+03
1.848465604561618875e+03
2.146375075198844115e+03
1.866100400969292878e+03
1.806779491744672441e+03
1.888682438211591489e+03
1.885926927459065610e+03
2.467793473010224716e+03
2.969556190738034729e+03
1.140773744708368213e+03
1.265602826883878834e+03
1.678342149151185595e+03
2.950537631413344116e+03
2.991296925622501476e+03
1.058519189715639641e+03
9.795489223144327298e+02
1.380352890224531848e+03
1.775671800826066601e+03
2.247249587124221762e+03
2.013070671162593271e+03
1.416692601016027766e+03
1.634256331790898685e+03
1.711950913571183719e+03
1.656957123263186986e+03
1.627617627598051968e+03
1.698743453041055091e+03
1.904938271842202084e+03
2.066549886519931533e+03
2.271390875758396760e+03
3.384987555591791534e+03
2.210946765606793178e+03
1.564186884093183153e+03
1.705459192340650361e+03
1.912838142277715178e+03
1.870117187235279061e+03
1.976823763313951076e+03
2.024023317998569837e+03
2.561700961245851886e+03
3.471723851319096411e+03
1.293310384046579429e+03
1.081797310303356198e+03
1.504726078756061952e+03
1.804576885193001772e+03
1.873830306703225006e+03
2.597963539426095394e+03
3.002220422467729350e+03
1.030638056037542810e+03
1.098134442235625556e+03
1.578457373954910054e+03
1.760189393796659715e+03
1.798369636290469998e+03
2.845310023673643173e+03
2.597930093434279570e+03
1.653559243892025279e+03
1.013039458369607928e+03
1.117989698226986093e+03
1.662405959636958187e+03
1.909666772002298330e+03
1.909088235177385286e+03
1.916345362798624137e+03
2.351366871917190565e+03
2.419310720170049080e+03
1.580328319298532051e+03
1.718443226470154059e+03
1.797463021822063865e+03
1.856426461192334500e+03
2.023961896567573149e+03
3.469955524357113973e+03
2.365200150699065034e+03
1.423862821087484690e+03
1.483014373384245346e+03
1.001983249511066219e+03
1.027919976308571222e+03
1.107405455462326245e+03
1.522700907001726819e+03
1.826725626635753770e+03
2.013137271922465288e+03
2.043702008445043475e+03
2.088015057848325796e+03
2.114546814651466775e+03
2.809829253327189235e+03
2.507749287672216724e+03
1.559686698236294433e+03
1.701835852047820708e+03
1.853530738828703534e+03
1.943418907304945151e+03
2.017101760418080858e+03
1.980212041715857140e+03
1.966367060757064110e+03
1.939446360534020641e+03
1.924061378391493463e+03
1.936814531883421751e+03
1.898593190230615846e+03
2.016366025325015926e+03
2.098176496641879112e+03
2.152906428623617558e+03
1.992453328083328415e+03
3.748179049055490850e+03
4.077578789355636218e+03
2.725387207721536925e+03
1.111727225936901675e+02
1.397732181301611032e+00
-1.600725196124239957e+01
7.461386894767890681e+02
1.496763260053959584e+03
1.786222833272433718e+03
1.946683237257731889e+03
2.000697198857716103e+03
2.007348744140363806e+03
2.042119597326397979e+03
2.012212047400387974e+03
1.975762958621360440e+03
1.965185971242000051e+03
1.983391068031149644e+03
1.981497987100316323e+03
2.055398136073662499e+03
2.011752295600633943e+03
1.957173409088224844e+03
3.382823734697250984e+03
3.494463989304603729e+03
8.449975618524661058e+02
5.926953784614262304e+02
1.192449100792120362e+03
1.620495543941915230e+03
1.819587096278560693e+03
1.881293116696303741e+03
1.888480872489655667e+03
2.891374379947013495e+03
2.132372924741569022e+03
1.309778441052465951e+03
1.618014556294916474e+03
1.812304214280445876e+03
1.854932013605869770e+03
1.884510538841409470e+03
1.942246681047383618e+03
2.018294122133528163e+03
2.109584479798821121e+03
3.744646881817433950e+03
2.617889027390050160e+03
9.350659023954694931e+02
9.223803303687387825e+02
1.529756247718307122e+03
1.746046777291727039e+03
1.842292075308917674e+03
2.489932760904351653e+03
2.641468520595271457e+03
1.353948532968431891e+03
1.263196810962094105e+03
1.673455404768764765e+03
1.823238088102653364e+03
1.960742135260165014e+03
3.433626763476114775e+03
3.085556529322578172e+03
8.203020256283042499e+02
6.747889985909654342e+02
1.280214111989262392e+03
1.746606054119504279e+03
1.904299869515511546e+03
2.293557541691809547e+03
3.343449635106668666e+03
1.225834705227894801e+03
1.117206403417624188e+03
1.609814658774317650e+03
1.811962418183308273e+03
2.129181344734903632e+03
3.353266663216787492e+03
1.697269115283318797e+03
9.217859542415908436e+02
1.463231316558652225e+03
1.821439781058442350e+03
2.973614975530440461e+03
3.089383387051071622e+03
1.076639843190333295e+03
1.126940981031512592e+03
1.297474671016723732e+03
1.705578215707062782e+03
1.932214489882582484e+03
3.024218791627412429e+03
1.779960546193317896e+03
1.291899865959192766e+03
1.671916501902118625e+03
1.872812622176671766e+03
2.783720833745824621e+03
1.681763341528736646e+03
1.476029785710329406e+03
1.750374560759536962e+03
1.906836761817038905e+03
2.940042687623967595e+03
1.749588317135621310e+03
1.493161158703567708e+03
1.672434806258691196e+03
1.759919208815915226e+03
1.826626532452956553e+03
2.451706384728840931e+03
2.262120505949467770e+03
1.547409755554711410e+03
1.814687893722853687e+03
1.957951412426596789e+03
2.109692078400913033e+03
1.860516141881017802e+03
1.834466641796979275e+03
1.951011265426836417e+03
2.719398487322305755e+03
3.161176708276967929e+03
1.030908661295481807e+03
1.029166490016347325e+03
1.602259688739387002e+03
2.045642958327681981e+03
3.243535533110924007e+03
2.319857865175653387e+03
5.767328123031059022e+02
1.157520206977532553e+03
1.689770368485629433e+03
2.251327561889169829e+03
3.255098164160306169e+03
1.467903782932201011e+03
