3.532963492172402312e+03
8.654197000408145186e+02
9.967229391596686128e+02
1.544360411832943328e+03
3.077121472698453999e+03
3.723873517516497031e+03
1.303154277588913601e+03
6.933788136647277724e+02
1.453448381647051292e+03
3.260033191413370332e+03
3.602441342960219117e+03
7.514818408860431873e+02
8.223014998354913132e+02
2.202794912578680851e+03
3.854975078629518066e+03
1.647730960447197958e+03
8.712840639484593339e+02
1.653119747894483680e+03
3.600958585469435548e+03
3.574555681774549612e+03
6.355465459155377630e+02
5.729143728816160319e+02
1.258030383014239078e+03
2.258561804826746993e+03
3.530199125201197148e+03
1.400490912841532008e+03
8.292788875709456988e+02
1.645335171964327174e+03
2.987610757391108564e+03
3.149550725850589060e+03
1.100634663407792459e+03
1.313655834164962926e+03
1.812299653974892408e+03
3.025353576811476159e+03
1.930193325215964023e+03
1.459282196663699096e+03
1.890552954659236548e+03
3.048764382358252533e+03
2.504423048138060949e+03
1.327977254801893650e+03
1.541363217771598556e+03
1.964969357814271916e+03
3.205068257633687153e+03
2.067645387455523178e+03
1.150799117484574026e+03
1.544320302227352386e+03
2.719635744205326318e+03
3.142869322503393505e+03
1.288736665023635624e+03
1.291609957674951602e+03
2.234917326868562213e+03
3.235581315239412106e+03
1.488024921949085865e+03
1.257532641197506791e+03
1.670310981344787706e+03
2.704363556620426152e+03
2.621044070843288864e+03
1.552024117881685015e+03
1.656333242675102156e+03
3.188726686452975628e+03
1.906573397314771682e+03
1.014118436658315090e+03
1.652089883760299244e+03
3.251683770868778993e+03
2.699392004220140279e+03
7.871186327641145226e+02
1.391345254347288574e+03
2.602581482867708473e+03
3.629955655324795771e+03
1.262784296675116593e+03
9.630718232416103319e+02
1.994438494657324782e+03
3.498684162502964227e+03
2.709709853136481343e+03
4.013456377066904111e+02
1.171058145228066678e+03
2.779856577436925818e+03
3.730040289982259765e+03
1.154291229875655290e+03
7.825592005737003092e+02
1.783000679407492726e+03
3.332686003301893834e+03
2.349617566959750548e+03
7.611996328650636769e+02
1.293371116265754154e+03
2.810453998535353094e+03
3.558864433455343715e+03
1.257344927359839858e+03
1.056502753989713938e+03
1.552990757686770849e+03
2.956330056120520567e+03
3.401332528350914345e+03
1.104234934156558211e+03
1.181629743050333218e+03
2.371992344643434990e+03
3.400663660521163820e+03
1.629939445376613776e+03
8.794566221817400447e+02
1.661698567021698636e+03
2.008261455230466936e+03
3.412208784996592385e+03
2.361037311047281491e+03
8.710063717267083803e+02
1.433567159997002591e+03
2.480665464681579579e+03
3.569924346965437508e+03
1.651286087808673301e+03
8.717372968443088439e+02
1.555754845832361980e+03
2.150697932133519316e+03
3.271848548835437668e+03
2.524971379401282775e+03
7.947872946617986827e+02
1.482520463887488859e+03
2.182494243564471617e+03
3.249807973600376499e+03
1.744568643964156081e+03
1.129332271832369770e+03
1.776425116866585313e+03
2.382170338290214659e+03
2.122393185371526215e+03
1.948341092948068081e+03
3.696253986531395185e+03
2.164904430557958676e+03
4.485775135225739518e+02
1.382407033950659979e+03
2.172354319904777185e+03
3.453028539921343508e+03
2.402381965801493152e+03
7.000606602538789502e+02
1.316996623020378820e+03
2.336690230095004154e+03
3.567304175494359697e+03
2.284815151613163380e+03
6.131433832514579763e+02
1.252488410829694431e+03
2.270805652863357864e+03
3.515041654817373001e+03
2.822550237242556250e+03
8.696794136822529708e+02
8.055770103394119133e+02
2.590825947981963509e+03
3.405121061808230934e+03
1.324551689841258622e+03
1.023696308270368263e+03
1.666381759533911463e+03
3.291584457482972539e+03
2.729507423838177147e+03
7.882442884950044117e+02
1.378651554714172789e+03
2.827307286543703867e+03
3.413435694838123254e+03
1.096050320719608635e+03
1.229798732348026761e+03
1.780454109063987289e+03
3.150329720299334440e+03
2.830412265325145199e+03
8.815318564750166388e+02
1.381613873138985355e+03
2.009198793813263819e+03
3.288305297217671068e+03
2.908727109653952539e+03
7.363031395209612811e+02
1.371069493117041475e+03
2.417925731145465761e+03
3.461715374471046744e+03
1.608156998488077988e+03
8.520821526615096673e+02
1.576695979074074330e+03
3.163951886784501767e+03
2.920482256380204035e+03
8.627595173165630058e+02
1.356017088720618403e+03
3.031921045269428305e+03
3.250035778259702056e+03
8.535577151765442068e+02
1.246398016045525992e+03
2.041857998680408855e+03
3.487404629306515744e+03
1.645117446684585047e+03
1.091149896843699935e+03
1.625404849794616212e+03
1.974983074919023011e+03
2.648084380936360503e+03
3.388405998853654637e+03
9.694432874441674812e+02
1.523905908644333749e+03
2.664566249206821340e+03
3.545782074166513212e+03
1.239343268177070286e+03
9.263004406326617755e+02
1.831809669519869658e+03
3.233301809440110446e+03
2.318976898493320277e+03
8.700524200830927839e+02
1.521458295193207960e+03
2.580079039571175144e+03
3.300856093994013463e+03
1.346397707868344924e+03
1.127562930575078781e+03
1.925637241304276358e+03
3.155887127377581237e+03
2.438437893420991713e+03
8.793801954503920797e+02
1.565764613181624554e+03
3.273801985011931265e+03
3.434853746610883718e+03
7.498769579562136869e+02
9.369620915971855766e+02
1.629931664763472781e+03
3.206313833640400844e+03
3.465552808143297170e+03
8.807012778664366124e+02
9.375655079051775829e+02
1.605338043324555656e+03
2.574250928745213059e+03
3.405248711076402287e+03
1.817667534611872725e+03
9.259674566149618613e+02
1.550901906461834187e+03
2.439148281911542199e+03
3.410556472274336556e+03
1.677820611215847066e+03
1.009566755293581878e+03
1.689669194960695904e+03
2.300094531717630616e+03
3.282935743181888938e+03
2.093195601095421353e+03
1.002306985725276604e+03
1.553165410017489194e+03
2.609535091659886348e+03
3.300884679324426543e+03
1.130775340935396798e+03
1.311681840310378675e+03
1.943898631364767880e+03
3.200070979972220357e+03
2.438507396907489692e+03
8.419464940353930160e+02
1.547652195496609693e+03
2.582531915191124881e+03
3.370978891537733034e+03
1.345332982470059051e+03
1.099575802674454735e+03
1.905698340547934322e+03
3.191566410704668669e+03
3.045344643320111118e+03
6.764450238046059667e+02
1.260677167923458228e+03
2.299401994006012501e+03
3.419092189009340473e+03
1.978029558240346205e+03
7.861673645574213651e+02
1.483655443535894847e+03
2.805463435711004422e+03
3.332334992018788398e+03
1.105825828831189028e+03
1.128959187079961112e+03
1.846663318481858823e+03
3.081361372468781155e+03
2.715832480411831057e+03
9.127754123967698661e+02
1.459241071053014139e+03
2.791109006286071235e+03
3.220860455761639514e+03
1.030113344577464204e+03
1.251215867666064696e+03
2.568409100352400401e+03
3.564798165069027164e+03
1.555729817584140392e+03
8.019480719803506190e+02
1.446401882610142820e+03
2.409092554636387376e+03
3.441861402474557053e+03
2.254782482637031535e+03
7.902247160300703399e+02
1.294998184792157872e+03
2.380524877000709694e+03
3.386023992678600735e+03
2.228117526121714945e+03
7.591329012501886382e+02
1.333806556890641104e+03
2.100463603081445854e+03
3.269294760278672584e+03
3.163791368663328285e+03
1.030417186984671616e+03
