1.383798640781306403e+03
1.441776054803332499e+03
1.906895246169247230e+03
3.185038127277042349e+03
2.646915843796332410e+03
8.858599272761682641e+02
1.351331469180588101e+03
1.746816555890912468e+03
2.426551298350293564e+03
3.685694022397059598e+03
1.366406011479784411e+03
1.033228189608300227e+03
1.543622485896607031e+03
1.781828405084959059e+03
2.822613542545111613e+03
3.085378457504953076e+03
9.219109297011492572e+02
1.443802349914072011e+03
1.860051534621245537e+03
2.807592509193825663e+03
2.922432222423037729e+03
1.012950940439769511e+03
1.691689382940806126e+03
1.670450839299467361e+03
1.687461945349158441e+03
1.799064107992883464e+03
2.585901542998542482e+03
3.498830775760433880e+03
8.518639829931183840e+02
1.151674037374579029e+03
1.616092954161489388e+03
1.946712833539118719e+03
3.155506829217401446e+03
1.973944433421652548e+03
1.324175238218249660e+03
1.788853737868747885e+03
2.679897107479414899e+03
3.309982773469111635e+03
8.530137714705226699e+02
1.184681644866986517e+03
1.660440538636044266e+03
2.093261057324895773e+03
3.311811530009573744e+03
1.511560406235833170e+03
1.184640884504352016e+03
1.749321660913365804e+03
2.126967349209510758e+03
3.119084643899715957e+03
1.929062710895998862e+03
1.064985662991124627e+03
1.618643113467500370e+03
1.842429135417470206e+03
2.601747572533097809e+03
3.315512516331227744e+03
1.020715737360261983e+03
1.178986012862937287e+03
1.583591173426426849e+03
2.242898116527371258e+03
3.488921372791292015e+03
1.478511863914972082e+03
1.114473368156975994e+03
1.536069573511037106e+03
2.327778583576350684e+03
3.412410530912506147e+03
1.567397313306430760e+03
1.071804756770292897e+03
1.454218240743332444e+03
2.848849823079343878e+03
3.413405367299787031e+03
9.208311259796444119e+02
1.085577987048863179e+03
1.553249308164128934e+03
2.504793279264136345e+03
3.549541089410307450e+03
1.254195572474757228e+03
1.054068809997487506e+03
1.578325411998319169e+03
2.155442430637550387e+03
3.482645558658148275e+03
1.888038350352441284e+03
9.771704304365522376e+02
1.474329855457109261e+03
1.949326130852089136e+03
3.124734943098507756e+03
2.475397939389638395e+03
9.187762643349039990e+02
1.479678972974279759e+03
1.878686176156871852e+03
2.944259217107782661e+03
2.914479954729215933e+03
9.685242499960161240e+02
1.469026089030034200e+03
1.860592693487747056e+03
2.450543251351369690e+03
3.422489814990009108e+03
1.485902318631023036e+03
1.009375047053912340e+03
1.529679276828367847e+03
2.193085576180166299e+03
3.488575506311719892e+03
9.498488183777709537e+02
1.295127800998698149e+03
1.658849806680266738e+03
2.072659005020399491e+03
2.037021609083715020e+03
2.214850841464993209e+03
3.782074489748462838e+03
1.582707174773530369e+03
6.399170126717825724e+02
1.509639150830625567e+03
2.238405042248085010e+03
3.597182248794179486e+03
1.468002893321456668e+03
9.280731730642734192e+02
1.680094458380639026e+03
2.305353083768362467e+03
3.541258274022623937e+03
1.910161347655490545e+03
9.013179597672960881e+02
1.434890957800977958e+03
2.675934396504913366e+03
3.214330020289645290e+03
7.181484293385069577e+02
1.462738989376567815e+03
1.832016524806956568e+03
2.749905227417352307e+03
3.199281214850162542e+03
7.339650244833341048e+02
1.452910660011445771e+03
2.219174780743366682e+03
3.538362211858366663e+03
8.306614148167670919e+02
1.150934723242916789e+03
1.649521522068328522e+03
2.298746999938002773e+03
3.469251858307402927e+03
1.343367234069131655e+03
8.805410139805027256e+02
1.546537431171621620e+03
1.885294738545674136e+03
3.193819319824057402e+03
2.774156919598601689e+03
7.932342072143106861e+02
1.240093733432707950e+03
1.729570754946748139e+03
3.049461511503826387e+03
3.406300663905296005e+03
1.111578144117262127e+03
8.559031899179248057e+02
1.660487361787397958e+03
1.660974851844360501e+03
1.854343941402974224e+03
2.844501048863569395e+03
3.898650327247057703e+03
1.125044834890871698e+03
7.858451186377371869e+02
1.417260745143487839e+03
2.206047200642429289e+03
3.725354780305834993e+03
2.517478231531438269e+03
6.532507135689660345e+02
9.796449260090038251e+02
1.946802856068406300e+03
3.561884877080489787e+03
2.802214512827495128e+03
4.720594568320962026e+02
9.606649847269519569e+02
1.600233425128664976e+03
3.282440373247166008e+03
3.548215643222406470e+03
7.540164991614873315e+02
9.294067654805465963e+02
1.596238793391301670e+03
2.033936338181983729e+03
2.078735524825511220e+03
3.915475352386516079e+03
1.795553645683743980e+03
7.021415662872675512e+02
1.423718302121775423e+03
2.528544179826944401e+03
3.832412822235942713e+03
1.598753203556550034e+03
5.100860079510074456e+02
7.106417555745348409e+02
3.501494463754084336e+03
3.540839655725262219e+03
1.449617877602148610e+03
9.029415854085376623e+02
1.602004867351033681e+03
2.029528402040493347e+03
3.047301181243083647e+03
2.488355556468548912e+03
8.231505234334869101e+02
1.406036037914000190e+03
1.786297096305982905e+03
2.771192669556843612e+03
3.001474608309724772e+03
9.319453946090513909e+02
1.413850531166920973e+03
1.888065291225736473e+03
2.690909131330101445e+03
3.219418475124037741e+03
1.200419114708633970e+03
9.540129824808743706e+02
1.981810987089541413e+03
1.955838674866958172e+03
3.094567859029967622e+03
1.248410655122305116e+03
1.516746209863725880e+03
1.888171240512037684e+03
2.149689349801879871e+03
3.025278698587345843e+03
2.355729392707871284e+03
8.533445551993320350e+02
1.647820144762691825e+03
1.925339857975486211e+03
2.704260987973908414e+03
3.026412405066467727e+03
9.704367714431406284e+02
1.143815081523730214e+03
1.715974172001005400e+03
2.126457150195143640e+03
3.034430261461968257e+03
2.140130546657954710e+03
7.475806140747794188e+02
1.381907730499526906e+03
1.534063653189838305e+03
1.978615609722162617e+03
3.358897264069092216e+03
9.644257719761142198e+02
1.117737285852063678e+03
1.720741602216415913e+03
2.706770325207624865e+03
3.619206321308750375e+03
1.227091590903130964e+03
1.120644540349919225e+03
1.729304044208558707e+03
2.984745923295989087e+03
3.468206871404601316e+03
8.595913894727456181e+02
1.152757475343609258e+03
1.695245975035028778e+03
2.767425324290667049e+03
3.508304386183565839e+03
1.359003577808826094e+03
1.143877707048934781e+03
1.704903501666186230e+03
2.552314477024656298e+03
3.635050205918175834e+03
1.336605155276283313e+03
9.396156040838144463e+02
1.637212954453082375e+03
2.417641825891329972e+03
3.498083469358433831e+03
1.476883158557966908e+03
1.013459812515342946e+03
1.660080365902111680e+03
2.231992213023759177e+03
3.439869570068038229e+03
2.376744345403704301e+03
7.455973724758442813e+02
1.450458930179356912e+03
1.881486751170944899e+03
3.107882562087027964e+03
3.318202373314815759e+03
8.240966099348202079e+02
1.023910035772905758e+03
1.601003038424728629e+03
2.965449842644921773e+03
3.429055142771192095e+03
7.334306018714968332e+02
1.068971827453135120e+03
1.551275058576262609e+03
2.916007772465628932e+03
3.457604950766178263e+03
6.691693613717541211e+02
1.018121340360147542e+03
1.626103421820643462e+03
3.175726413936262361e+03
3.027857020765652578e+03
5.717245399434597175e+02
1.205875907138438151e+03
1.717175504809096083e+03
3.114754734376971101e+03
