1.069951954565738333e+03
1.514496501291941740e+03
2.682758025830700717e+03
3.623934584933370388e+03
1.348145179788166388e+03
1.106747715913311367e+03
1.284431057479223682e+03
1.179203574958197350e+03
1.238973575923892213e+03
2.396235453122350918e+03
3.345310985932066615e+03
1.755610051106401897e+03
9.804955627102389144e+02
1.064674129229287701e+03
1.301513798624412402e+03
1.439596264980486012e+03
1.691598646294786022e+03
1.733174522721333460e+03
1.722038954938417191e+03
2.040435263536805223e+03
3.414191838769719652e+03
2.406094135879870009e+03
1.274154744963886742e+03
1.234179823669030839e+03
1.790278587670047045e+03
3.248126320153951383e+03
2.047176394053122294e+03
1.067435874128883597e+03
1.129126254353923287e+03
1.441077707687514476e+03
2.772344782621069953e+03
2.988546414638811257e+03
1.169585883178974427e+03
9.127379869222406796e+02
9.937965331559832975e+02
2.191720799154495126e+03
1.538495925957789268e+03
1.488710608278042400e+03
1.435249397865228730e+03
1.654693093220691026e+03
1.662042331595880569e+03
2.081837124085368941e+03
3.697933354073369173e+03
2.271718920184975104e+03
1.146691941404245426e+03
1.100922888525226199e+03
1.455400249044066186e+03
2.778490754264433235e+03
3.358754546452792965e+03
1.178195690748141942e+03
9.230520182597704206e+02
1.067472524484046744e+03
2.292039325082657342e+03
3.200132871081647409e+03
1.377139535756576151e+03
9.728968319046934994e+02
1.040400078263340674e+03
2.055443342502073392e+03
3.456569749495863562e+03
1.613384133682372294e+03
9.796339080585271404e+02
1.016194885344793761e+03
2.497460208544247962e+03
2.962968235346515485e+03
1.341634585994514737e+03
9.216214898369585171e+02
1.193680444286432476e+03
2.883298332930863580e+03
2.712243122574474000e+03
1.316368142717133651e+03
9.401791043569680824e+02
1.005349515307482989e+03
2.137371972158545759e+03
3.392721197213954838e+03
1.756905973044637449e+03
1.137526672557685743e+03
1.030682320727697061e+03
1.162488903239211368e+03
1.391819990986969060e+03
2.602751533556844606e+03
2.860127044142118393e+03
1.370154701929930980e+03
1.152825882075943355e+03
1.471770958449813861e+03
3.079624734397638349e+03
1.906553223466701866e+03
1.219818279012535868e+03
1.166235908680748935e+03
1.265979105898413309e+03
2.293736819548551466e+03
3.241461180194221015e+03
1.632529622700993741e+03
1.174771340433856494e+03
1.291608863253988147e+03
2.656494452711915983e+03
2.427982250606866728e+03
1.320562805113042941e+03
1.106161414326177464e+03
1.877851020953959960e+03
3.271086217664886135e+03
2.231685951067062888e+03
1.009780371256287026e+03
9.326848906982976359e+02
1.470774670635682241e+03
2.956080757894512772e+03
2.571863386735658878e+03
1.076718828507887338e+03
9.274213813269240063e+02
1.768414957669990372e+03
3.242581295615465024e+03
1.726172740332532840e+03
8.906416606639863858e+02
9.915603799539135252e+02
1.838900727876547535e+03
3.074960879449719869e+03
1.605730463748192733e+03
1.071659030713879474e+03
1.503599567320455890e+03
2.882457369364389251e+03
2.043980894176674610e+03
1.025793578949800576e+03
1.210246881621065540e+03
1.313184882503095878e+03
2.247376946711328856e+03
4.122859102573174823e+03
1.608824457855415176e+03
7.160892211821575302e+02
9.049097649977405808e+02
1.196125777068666821e+03
1.433293508672128610e+03
3.064421321444323894e+03
2.695751747121905282e+03
1.221139788270094641e+03
1.022597949663203849e+03
1.214452537270541825e+03
2.242359722994477124e+03
3.162759087765312415e+03
1.582839028407998057e+03
1.112355778071706027e+03
1.239375179593150733e+03
1.496525201864037399e+03
1.870624565769677474e+03
3.132312240423649200e+03
2.186464183516442063e+03
1.378419020155454291e+03
1.238492173319303674e+03
1.508706448205150309e+03
2.971480071610682899e+03
2.508158877494930948e+03
1.257418147525710538e+03
1.025757371597336260e+03
1.222218104352018599e+03
2.610339165840455735e+03
3.188863422729079502e+03
1.419336563595906227e+03
9.266818149500046502e+02
9.816105981318269187e+02
2.039514797699381688e+03
3.418242557945902718e+03
1.889725519571804170e+03
1.068496400119573536e+03
1.029308798614127909e+03
1.610961457029826079e+03
3.168336114643778274e+03
1.912553057145191360e+03
1.069330924628979801e+03
1.004692270600634060e+03
2.036224263162256648e+03
3.098998822605249643e+03
1.479496996192900724e+03
1.079986230576806065e+03
1.335823466432458645e+03
2.788830374163236229e+03
2.700737990744379204e+03
1.134435047388734802e+03
8.704642718306860161e+02
2.030988895637613723e+03
3.023097089384888022e+03
1.370583979705730144e+03
8.986586577515972749e+02
1.666702857733002702e+03
3.046453237739537144e+03
1.755395901615418779e+03
1.000067431980954552e+03
1.124720787771972027e+03
2.788305935154580311e+03
2.304433694629775346e+03
1.101146066728377491e+03
9.589148507472399388e+02
1.704646707692709469e+03
3.155579420877909342e+03
1.850797104412691397e+03
1.024413114294916568e+03
1.057054375806261305e+03
2.323763341325141937e+03
2.676687221226721249e+03
1.404866726894147632e+03
1.079602180330424972e+03
1.267804351655863456e+03
2.622758845642680626e+03
2.698362036284256192e+03
1.359761190615379064e+03
1.030250323824909401e+03
1.653864516161552046e+03
3.074604511178466964e+03
1.971691509441913013e+03
1.096695027869099931e+03
1.056729457271389265e+03
1.226526680739114681e+03
1.544436958730131209e+03
2.787436088580395790e+03
3.728500881780504187e+03
1.475655007252034466e+03
8.820799315968931751e+02
1.022050512182039370e+03
1.647498995123183477e+03
3.063849212719744173e+03
1.954847174858260587e+03
1.206195872931728445e+03
1.202847082010915301e+03
1.779059194330144919e+03
3.050704606083937506e+03
1.946444916643741408e+03
1.222691469980665261e+03
1.254136626239368070e+03
2.273379250254422459e+03
3.009205529604440017e+03
1.447918750728393206e+03
1.103684164190123283e+03
1.195043052723410256e+03
2.072502974415413519e+03
3.230667432434287093e+03
1.716510232433656711e+03
1.045555806421864645e+03
1.069175180415761133e+03
2.131189301577806873e+03
2.960203190031847498e+03
1.477328525346148581e+03
1.083792285446422966e+03
1.534678993585462649e+03
2.783840168246040776e+03
2.303628683582860504e+03
1.167469965457208218e+03
1.040614702583535973e+03
1.591608293180100191e+03
3.073225277046135034e+03
2.188580516668846030e+03
1.053048434493068498e+03
1.573162007590952499e+03
2.249196456948925515e+03
2.364838121634927120e+03
1.062065265383723954e+03
9.914157335905384798e+02
1.682169310864429235e+03
2.859602625245735453e+03
1.712223574350550734e+03
1.218001700246534256e+03
1.238231361630707170e+03
2.371507010903783339e+03
2.613368966103856110e+03
1.312931483272655896e+03
1.124481123439258909e+03
1.685292096085888943e+03
2.956621060955364101e+03
1.882326960609987736e+03
1.190792143555778239e+03
1.680399041132983712e+03
2.825698158925061307e+03
1.596282177228427145e+03
1.649364018078198114e+03
1.527342025105291896e+03
2.886080026070150325e+03
1.712902025145170455e+03
1.590966892688427379e+03
1.125760034161365866e+03
8.529131559820544908e+02
1.875774132949294881e+03
3.332786168066311348e+03
1.602786467223859745e+03
9.774728444082776377e+02
1.071429852612179729e+03
1.442472667387458159e+03
2.648855235224427815e+03
2.850302948935289805e+03
