1.237229375982454712e+03
2.020356470304839604e+03
3.416972164589232307e+03
1.267040359190984645e+03
7.265052099044833085e+02
1.169773031810563907e+03
2.327996850814905883e+03
3.563507239245424898e+03
6.335721293701795958e+02
8.968049543375332178e+02
1.421850892078253992e+03
2.738233775653019620e+03
3.356158953117546389e+03
3.778310368823566705e+02
8.841260653858407750e+02
2.320327088040051876e+03
3.961066665444244791e+03
1.665431750164829339e+02
4.747718596796415227e+02
1.410334786740307663e+03
1.849223968725272016e+03
2.918524128281192588e+03
2.611151068682409914e+03
4.149770145317893935e+02
1.196471167022510372e+03
3.452579094603355770e+03
2.106090738853411494e+03
3.941213038575763221e+02
1.074033427549849421e+03
2.325390952323437432e+03
3.497839137979175575e+03
4.020819975506345259e+02
8.850410955904766297e+02
2.659230456336525094e+03
3.209548870512829581e+03
1.537968624459040825e+02
1.038628830459821529e+03
3.222460161925656848e+03
1.710910312417799105e+03
8.155938794360894235e+02
1.351638318091497013e+03
2.740261471833650376e+03
7.801708465807663515e+02
1.179504099402977090e+03
1.455772925218935143e+03
3.005823481906787947e+03
2.609911071272288609e+03
7.921052387627599956e+02
1.126071713190746323e+03
2.615913338596112681e+03
3.247930763049348116e+03
6.413187085876900255e+02
1.117406811205283248e+03
1.281208410725684871e+03
2.938743493361438595e+03
1.974259107935900147e+03
9.012549366251116680e+02
1.297037518351742847e+03
3.183018671747679491e+03
1.773325461910676722e+03
8.112244972877814462e+02
1.090167970696970769e+03
2.523994113542041760e+03
3.449277642637423924e+03
5.970767672085499953e+02
1.091775594798059274e+03
1.288148512993440590e+03
1.485914793024162009e+03
3.089671737730698169e+03
1.875804995688009512e+03
9.278380335807453321e+02
1.226162102337759734e+03
2.264954445466925335e+03
3.289081672727558271e+03
1.127656673648418064e+03
7.862160459598837861e+02
9.759679155778908353e+02
2.812373899045779581e+03
3.524113611620701249e+03
2.695836168287628425e+02
8.767519431655225617e+02
2.664579195567741408e+03
3.402858687558233214e+03
3.732590883236288164e+02
8.046491561100322087e+02
1.651518275618567486e+03
3.352840282480007318e+03
1.169638198464785546e+03
7.995228304086626849e+02
1.622282930201242834e+03
3.369588553776238768e+03
1.156155566386305281e+03
6.617997893152291908e+02
1.194731667178070438e+03
2.948393279381580214e+03
2.417825231593366880e+03
7.577045367967538141e+02
1.135998866117700345e+03
2.524160460890801915e+03
3.216438053554473754e+03
5.012520633388372175e+02
9.731819603187964276e+02
2.489025305940692760e+03
2.792729730622806528e+03
6.757963172523676576e+02
1.093768391014870531e+03
2.179410457799204778e+03
3.385968737578774835e+03
7.776157415882232726e+02
8.764792105147085977e+02
2.449720297920037865e+03
3.113624393355715711e+03
7.477114641663150678e+02
7.869088588693231259e+02
2.498942942278592000e+03
3.159174244344865201e+03
6.234097940453010551e+02
7.367058416436198058e+02
1.819875626473607326e+03
3.181233986528905916e+03
1.901542355566620927e+03
1.368936427582608303e+03
7.715690265141106465e+02
1.846164249485837445e+03
3.169629727869601538e+03
7.359378772461237759e+02
6.361775804179198985e+02
1.236361118909441529e+03
3.112859516318475016e+03
1.704611912142775282e+03
6.838704229114439386e+02
1.425241411351409397e+03
3.666294812219569394e+03
2.602297535247334054e+03
2.050771912410100867e+03
-1.449659555450221546e+02
3.575068112981877221e+03
2.491239179675618743e+03
2.402185123675110844e+03
2.982688825999959477e+02
1.095675697666846645e+03
1.675632377906354577e+03
3.014794869652332636e+03
1.123245494431069574e+03
9.064641824614705001e+02
1.289207226161601056e+03
2.748319699448380106e+03
2.645635802815284478e+03
7.853596608562811525e+02
8.272100623045869270e+02
2.843752395954568328e+03
3.720087622334187472e+03
4.586372801417012397e+02
8.222083877357433721e+02
1.037108018977320171e+03
3.337111190472545786e+03
2.402881671035230283e+03
3.819075294906375007e+02
9.067064170822811775e+02
2.213853581373623001e+03
3.464972089755685374e+03
1.036259830734372827e+03
5.009763101260216445e+02
1.915198437731714193e+03
1.717246302675484003e+03
1.604490249663614577e+03
2.301623557666664055e+03
3.258449890377542943e+03
5.708546518648194024e+02
9.724433480612160565e+02
1.820173820374654724e+03
3.269600404959457137e+03
1.553421436787812354e+03
4.999108786737592141e+02
1.852276210911687485e+03
2.941715786970491536e+03
9.371569371437363998e+02
9.752531928613796026e+02
2.613983862137444248e+03
3.230631582546262052e+03
4.661810749505905846e+02
1.103453031869003325e+03
1.972585203183034764e+03
3.429920479456084195e+03
5.185367998157113334e+02
9.279366724101597583e+02
1.530167357357589026e+03
2.801005783243113001e+03
2.723194408264052981e+03
5.083662102432003280e+02
1.210356703587377979e+03
3.051933973233718916e+03
2.682336770163203255e+03
4.158801418998468193e+02
1.012117909484178881e+03
2.282458963080146532e+03
3.304300186774310532e+03
6.906066174415832393e+02
9.378654159496713874e+02
1.436932730498722094e+03
2.785516177223260456e+03
2.925113858605482619e+03
6.502386141266294999e+02
1.197586354632857820e+03
3.328904192279334893e+03
1.260402088270744571e+03
5.612994705548111369e+02
1.372615778730639931e+03
3.053672601507267700e+03
1.702715490263576612e+03
5.733176974443358631e+02
1.484486941010887222e+03
2.864941106987570038e+03
1.844268448424749749e+03
6.125889650081336413e+02
1.685724627260344960e+03
2.777248904471641254e+03
2.652472552584264577e+03
5.373253404786769352e+02
1.267048252339091050e+03
1.806542422191080504e+03
2.882695689604118797e+03
1.983182629630320889e+03
7.331661575206093175e+02
1.317149689597929637e+03
2.908223711022499174e+03
1.849758698706261612e+03
6.557078357134928410e+02
1.389007107731880069e+03
2.621774164944694348e+03
2.898092457279572045e+03
8.444021593984406309e+02
1.046659146299884696e+03
2.416644048934826969e+03
3.034126907585763547e+03
6.498054785976306675e+02
9.621012320168840688e+02
1.735269677643781961e+03
3.267965799261848588e+03
1.185378099539325831e+03
7.302607073725450846e+02
1.462453215367144139e+03
3.060760772169607662e+03
1.817631291021903735e+03
7.330487156223472311e+02
1.639429617014412997e+03
3.144875825290404464e+03
1.168328318962524236e+03
6.143542545922208546e+02
2.284801614848899590e+03
3.044453739429946836e+03
7.848232772658706153e+02
9.722012785371134669e+02
2.393744496155667093e+03
3.032623333008226837e+03
5.386992731146964388e+02
8.860935512955248896e+02
2.638733789569986584e+03
3.002716417564383846e+03
7.005385239103651429e+02
1.288580424829752246e+03
1.738434870136634800e+03
2.803757615761555371e+03
1.170734097125535754e+03
1.044975297148500204e+03
1.327015010450291356e+03
3.137136134616103391e+03
3.407087150076868511e+03
5.095674085518801917e+02
5.415034323760498864e+02
1.628895073799353895e+03
1.752929299260968719e+03
1.956481942368602859e+03
3.673872068716354988e+03
3.813580741442830231e+02
6.446829597701894272e+02
2.292642100410854709e+03
4.214840334283945595e+03
4.120742900100145789e+02
1.537722486570252443e+02
1.440048678105385989e+03
1.898035878515546756e+03
1.894979910620465716e+03
1.872597990573124207e+03
