2.128244741145567332e+03
1.773329320236799049e+03
1.836809801525761259e+03
2.043125359018602921e+03
2.631651650774922928e+03
1.960039055685939502e+03
1.790550362231820600e+03
2.224032454979863815e+03
1.788403112869815914e+03
1.919580190490731411e+03
2.132003087840561420e+03
1.843033526371495327e+03
1.871611602758623803e+03
2.014792305555270559e+03
2.558761617642126566e+03
1.896209308636983678e+03
1.753896959280801411e+03
1.849092458771818201e+03
2.072128616296891323e+03
2.502716364579404399e+03
1.937443964358167705e+03
1.730133309034069271e+03
1.856371696011250606e+03
2.181198723258463360e+03
2.548059113589760273e+03
1.762930387641326661e+03
1.711335159582057486e+03
1.978251959090360060e+03
2.525168823378976867e+03
1.928557880514703129e+03
1.668988763567767819e+03
1.835842376027290129e+03
2.512000634421121504e+03
2.042696363445319321e+03
1.694502299705014593e+03
1.728390994694980236e+03
2.208653829121440594e+03
2.506950194151010237e+03
1.860132228945303495e+03
1.750629184581795016e+03
1.979890790353532111e+03
2.513285425946161013e+03
2.052455998844188343e+03
1.739207763617613637e+03
1.843794096860361833e+03
2.463399999659141486e+03
1.920141467915013891e+03
1.718548403016826796e+03
1.873443737510134042e+03
2.450143317699347790e+03
1.936344480510900439e+03
1.722886977502886566e+03
1.839539483030069732e+03
2.406704735879996406e+03
2.069193338009773470e+03
1.665800241416525751e+03
1.677213959307684490e+03
2.239456094476920953e+03
2.375296628378082005e+03
1.792574735413350936e+03
1.777750074092369005e+03
1.903733256125337903e+03
2.393970134338280332e+03
2.096378624857198247e+03
1.737722711665215229e+03
1.811431993426872396e+03
2.318847370187073011e+03
2.292285663964538344e+03
1.769655622407076862e+03
1.684136644725223732e+03
2.119199626338941471e+03
2.483088634581813949e+03
1.890297742554218758e+03
1.701813364296587224e+03
1.788490499000198724e+03
2.387277208544770474e+03
2.307829030576522200e+03
1.859020741711413621e+03
1.891396563998651345e+03
1.797224612241372370e+03
1.818820726209796703e+03
2.319319010461443668e+03
2.735949962431868698e+03
1.798296115211853476e+03
1.663884941572069010e+03
2.286792942187377776e+03
2.455998094510118335e+03
1.672774833715548084e+03
1.660508955598367265e+03
2.222355146807709843e+03
2.457574357495514505e+03
1.774062438139919095e+03
1.616245545348161613e+03
1.942576444340010312e+03
2.590289069453829597e+03
1.932205960231095787e+03
1.686560172436379389e+03
1.660650359424831095e+03
2.149337281226432424e+03
2.489341068951695888e+03
1.831450616536370035e+03
1.684089837964875642e+03
2.016044521282644382e+03
2.519572772422655362e+03
1.887417755151170240e+03
1.647365400677411571e+03
1.774300224420318045e+03
2.370486754411986112e+03
2.438074334210266443e+03
1.756948460013622253e+03
1.642446029333008028e+03
2.256982290670277507e+03
2.442248258987448480e+03
1.794299549905996628e+03
1.646902172180094567e+03
2.042087008934240203e+03
2.510529248430380903e+03
1.964379835651528992e+03
1.658045061135121614e+03
2.323543863952287211e+03
3.184773664176429975e+03
4.077202019070222377e+03
6.052908877096487004e+02
5.981157458276912848e+02
9.851104051838502755e+02
1.493884377746205701e+03
1.588651589749875939e+03
1.818429508206533683e+03
2.254400978565937294e+03
2.394910579251498802e+03
2.354478387728961025e+03
2.823025070048542148e+03
2.938097951846248634e+03
1.569459887841083400e+03
1.052384490257891230e+03
1.241126385599451851e+03
1.730182818239393328e+03
1.836917462232119760e+03
1.968615906946958830e+03
2.018054233594965353e+03
2.076149348523434128e+03
2.103507058995079205e+03
2.127839117470276051e+03
2.111138464599664530e+03
2.105026619475038387e+03
2.072560216122014936e+03
2.157714721844931773e+03
2.074242516092127516e+03
2.056165834137412730e+03
2.059750518979431945e+03
2.120005282052585244e+03
2.018808009596336433e+03
2.037366454969602955e+03
2.025066664699603052e+03
2.069428572171159431e+03
2.153466552778420919e+03
1.980700160797604212e+03
1.985047659312253700e+03
1.970625919765211620e+03
2.111066235049728220e+03
2.213383103841998491e+03
1.947536603152879934e+03
1.904486785721504475e+03
1.967363445241686122e+03
2.404922294618751494e+03
2.383420382869012883e+03
1.759000438970173036e+03
1.772782209126118005e+03
2.401555847225130947e+03
2.342765802412961420e+03
1.678323346412890260e+03
1.688945789197405475e+03
2.235342419041158337e+03
2.639052509001571252e+03
1.713085427226927095e+03
1.564984396312641820e+03
2.205757566845377369e+03
2.405562697328563445e+03
1.694414067390127457e+03
1.608385970752516641e+03
2.396484074626628171e+03
1.890305552599761086e+03
1.503583574542962424e+03
1.839997485141059769e+03
1.954170177559588637e+03
2.555966237370626914e+03
1.811481235923693248e+03
1.711489940362813286e+03
2.077363627782725416e+03
2.533124316063784590e+03
1.840351952264167949e+03
1.659136906025466260e+03
1.880492586773652192e+03
2.494452285464179567e+03
2.012497559921310994e+03
1.761750627359583405e+03
1.865294852284696617e+03
2.516571065782925871e+03
2.058350607756286990e+03
1.718478101968732290e+03
1.793010807949953914e+03
2.359541301359744011e+03
2.098420434413247676e+03
1.772757160996573930e+03
1.991814037856887353e+03
2.627418644483242133e+03
1.922428603848469038e+03
1.655958782473731162e+03
1.813327936988784586e+03
2.350028987272812174e+03
2.141570315900012247e+03
1.688218496917538914e+03
1.754523690799114775e+03
2.212760466401567555e+03
2.316878808568172644e+03
1.756269256290241401e+03
1.763340463665437255e+03
2.122056758403294225e+03
2.456758738112849187e+03
1.843793413565242417e+03
1.744774647588127891e+03
2.112165250563733480e+03
2.427860309586030780e+03
1.823117171411793379e+03
1.745694616362616216e+03
2.078317306185689176e+03
2.441383277373542569e+03
1.910911534087722430e+03
1.721947461157149519e+03
1.896260642226865684e+03
2.381008337843719346e+03
2.155462775155379859e+03
1.744262118649678087e+03
1.779640185781031505e+03
2.238130103915761993e+03
2.365016099065810522e+03
1.778800806030048307e+03
1.723564412447197583e+03
2.189296623085552710e+03
2.339508932100257425e+03
1.785909293410614737e+03
1.718039722575663973e+03
2.263950614854297783e+03
2.277146051044467640e+03
1.775872794460054365e+03
1.711370437984039199e+03
2.292025083455282129e+03
2.353971364229082610e+03
1.833090918950601235e+03
1.760419836365770379e+03
2.208765012646998912e+03
2.372329735738747786e+03
1.731006634870777134e+03
1.740470573600044190e+03
2.263759957229358406e+03
2.296678968361305579e+03
1.740576732279724183e+03
1.748929710615028398e+03
2.248847094730658682e+03
2.394608720450987221e+03
1.723651279817185696e+03
1.790290454274715330e+03
2.369411026388433584e+03
2.040275319571318505e+03
1.718279199521126429e+03
1.633928359882515451e+03
2.151071965236938013e+03
2.081040728913715611e+03
1.861007643424627531e+03
1.788019407095361657e+03
2.494667082985170055e+03
2.127587174417093593e+03
1.689082780068095417e+03
1.732250401563273954e+03
2.204727765972910220e+03
2.495312166170844648e+03
1.772326303595603349e+03
1.729548050786199610e+03
2.276192128439095541e+03
2.401265589773624015e+03
1.742540783982448147e+03
1.631575449452057910e+03
2.158252232896635633e+03
2.417938376222908573e+03
