1.561354948432214769e+03
8.096094460089560698e+02
1.049527113237334561e+03
1.324751568746305566e+03
3.014170521439768436e+03
4.148628497731431708e+03
1.571667688573963460e+03
5.040554246400258194e+02
1.287763298448656769e+03
1.049655086431258724e+03
2.091144282959519842e+03
4.173025994613654802e+03
1.995742689784326785e+03
6.581089701856259353e+02
9.727712191859420727e+02
1.426016867873605861e+03
3.829624487836492335e+03
2.456775220072335287e+03
1.185403446332110207e+03
1.149929154183543460e+03
2.704137173524774425e+03
3.868844003835508829e+03
1.435306458168585777e+03
8.470257637127705266e+02
1.092599794178311186e+03
4.151422503881741250e+03
1.889999258724587207e+03
9.335142328703395833e+02
1.059890213877756651e+03
4.091588849899153047e+03
1.954182572246701966e+03
8.487347380636198295e+02
8.834221813492746378e+02
3.736382775550962833e+03
2.293528039713267390e+03
7.404890183041227374e+02
1.637319084755925132e+03
4.051169022146251791e+03
1.722910741565456874e+03
7.466589502301492303e+02
2.939156501213230513e+03
3.028919596059813102e+03
1.014362060449798264e+03
1.161096422889783298e+03
2.730468709148562084e+03
3.027903156820274944e+03
1.323782763287759963e+03
1.080781426060849299e+03
2.069445103995336922e+03
3.925675377443046273e+03
1.599771090875553682e+03
7.736780579403430238e+02
2.324557775730315825e+03
3.356077490689770912e+03
1.248838384233081342e+03
7.250296481044659913e+02
2.064102343401704729e+03
3.831667081547569069e+03
1.868316876568170755e+03
1.420448415262131221e+03
1.145276563437236973e+03
1.172976883597234064e+03
3.965300008028043521e+03
2.743139689144202748e+03
1.548513548236594943e+03
1.373986892499365922e+03
1.254185439191503519e+03
1.094998941026309012e+03
4.114732212934040035e+03
2.914432243985232617e+03
2.018649986402463583e+03
1.874103011507956353e+03
1.899925204919859198e+03
2.018355290771405862e+03
1.331674326905746739e+03
9.386735102663292309e+02
8.450347907148117201e+02
3.887351268203306972e+03
2.799562761896790562e+03
1.008454284452922252e+03
8.632775863128373430e+02
3.656189560987667846e+03
1.522668289928839840e+03
9.122762125596696023e+02
2.555845946050510520e+03
3.177151245756243043e+03
1.261308052161629121e+03
1.000967664390349682e+03
3.431039283328954753e+03
2.546883451989985588e+03
1.518169857073123239e+03
1.412789903634794882e+03
1.062303834883672835e+03
3.558734790857970438e+03
2.632332867303890907e+03
1.147753463062420906e+03
1.313810289197408792e+03
3.734851561305198629e+03
1.621529736177388486e+03
1.163901713065107288e+03
1.101467219670965733e+03
2.600890624190104518e+03
3.758180218091571533e+03
1.593866277019633344e+03
1.686793544551815330e+03
1.758106266098648348e+03
2.017206092961539753e+03
2.118137344005515843e+03
2.031447256636403381e+03
1.088730838349386886e+03
1.703189571062633604e+03
4.107278316660338533e+03
1.388560551853903689e+03
1.064689262420858768e+03
1.331113922546576077e+03
4.010757291336448816e+03
2.087462003566698513e+03
1.872241632368377395e+03
1.832078429308488012e+03
1.662245361734420385e+03
8.468860597160435191e+02
3.738058632595781546e+03
1.943560857624306664e+03
7.460120082979781273e+02
1.288605312415874778e+03
1.591307140178786995e+03
4.139117997877133348e+03
2.769734613838045789e+03
2.188225698550131256e+03
2.040260218770812116e+03
1.579880319806951547e+03
5.446635793361185733e+02
1.298767556961483933e+03
4.097527086630532722e+03
2.523398894848108739e+03
2.029467454390635112e+03
1.915581045022591070e+03
1.770608418048669137e+03
1.891130265715294172e+03
2.053019379465521524e+03
1.984151382658863668e+03
1.421654538112569981e+03
3.691413567218954768e+02
3.121377866196705327e+03
3.645705401856040680e+03
1.767802762544179814e+03
1.160221908092507192e+03
1.609481361563429346e+03
1.770779335661746927e+03
1.896914514140900792e+03
1.881691626531486236e+03
1.217997395168963521e+03
2.425118642049597838e+03
4.073731933804404434e+03
2.078047743193706538e+03
1.298360601092295155e+03
7.770506983677511244e+02
1.881370093949507691e+03
4.140929465356862238e+03
1.768531380148133394e+03
8.271633537818779587e+02
4.132249059545363821e+02
2.999517753179175088e+03
3.631341645521187729e+03
1.524932512136823789e+03
6.643584843414856778e+02
2.075853516723768735e+03
3.863819803660380330e+03
1.440599986342261900e+03
1.055451869187495049e+03
7.927200119494307273e+02
4.110864292423669212e+03
3.119847882451223541e+03
1.038137429216813189e+03
3.699508990804202995e+02
2.439326388620555008e+03
2.952945467081305196e+03
1.106442405236055492e+03
9.392748041988770638e+02
3.023995060708617075e+03
3.036795983513203737e+03
7.950797354161858266e+02
8.886103788931498002e+02
2.923924879225721270e+03
3.834902974423883279e+03
1.626754774119687909e+03
7.576151862115613085e+02
1.065273099407474774e+03
3.851299112108317786e+03
3.275535606150531294e+03
2.324873152688088339e+03
1.950629000623866204e+03
1.773581180505898146e+03
1.847892333285055884e+03
1.857864319621536879e+03
1.884483212775040784e+03
1.818751720224535802e+03
1.810129745500624040e+03
1.994748480129580457e+03
1.937131693579958892e+03
1.983695841015132373e+03
1.071709168139637768e+03
9.263894960130855907e+02
1.254925903638086083e+03
4.100699562288611560e+03
2.603660549993895984e+03
1.276399992755383437e+03
9.559817549173847055e+02
1.051633764998157176e+03
1.722490096534243321e+03
4.177909242834803990e+03
2.479334251940614649e+03
1.645439528346995985e+03
1.375092264320007871e+03
1.277440726842517734e+03
1.129543695596509679e+03
3.766998144000774118e+03
3.101607570978115746e+03
8.337808072276925486e+02
1.241251993041445985e+03
1.612017328648011699e+03
1.782432428589655956e+03
4.030582225771045159e+03
3.295969107898358288e+03
1.137684724554613695e+03
6.539756444354686664e+02
2.507572660410115077e+03
3.821992736591547782e+03
1.164183063524608997e+03
6.154563289466459537e+02
2.046757911998513919e+03
3.760443474933429115e+03
1.343821748904837705e+03
9.440094615415544013e+02
1.028490185878276407e+03
4.067870123809304459e+03
2.718485052432235079e+03
9.760752447864033456e+02
7.978901622717318105e+02
1.339327689551963886e+03
4.179525634274048571e+03
2.414100473095646976e+03
8.663060406226261421e+02
5.575275668735292811e+02
2.596238879938080572e+03
3.913259955669273950e+03
1.379940495119544494e+03
8.550950686518431212e+02
1.038012289362479351e+03
4.135618038425397572e+03
1.655162687609154773e+03
7.755204264845189073e+02
1.391876295352876923e+03
4.083977766787483688e+03
1.772808565749800664e+03
9.520038015901352537e+02
1.219617506445728850e+03
4.012152732721106531e+03
1.768496088393236050e+03
9.704782527440481772e+02
1.001098071229576703e+03
3.992750784285960435e+03
2.407096383499674630e+03
8.762024171863296260e+02
7.879233238914401909e+02
3.120983316499502962e+03
3.477613974822631462e+03
2.253899999209329053e+03
2.040477051284751042e+03
1.883682015710100131e+03
1.740810094728842159e+03
1.807631205723689618e+03
1.983423273677374482e+03
1.978588553285215767e+03
2.054336644467117367e+03
9.475366975846379773e+02
6.439054679160885826e+02
2.586764851290319712e+03
3.051014300239059139e+03
1.749051826264040983e+03
1.387822042959217470e+03
1.190447576627060016e+03
1.592137963963634547e+03
3.985972477510408225e+03
