2.774227289840961475e+03
9.202340251774944591e+02
1.025251169271665503e+03
1.532040434460574488e+03
2.937292363915933947e+03
3.152038446097882115e+03
1.011881076400975758e+03
9.215356923616817539e+02
1.369784190686596730e+03
2.347094552438759820e+03
3.347478993156591969e+03
1.584052085561029344e+03
8.203749729532632955e+02
1.220421659823804930e+03
2.060665367370076183e+03
3.465234259115863551e+03
2.551390244781287493e+03
6.997788635101964019e+02
7.965246146307890740e+02
1.860970252304886799e+03
3.163416373031227522e+03
1.672559414162625217e+03
8.310198640402668389e+02
1.235043303558158868e+03
2.145309291636751368e+03
3.281112120056719959e+03
1.845995061380724792e+03
8.392993687674371586e+02
1.176321596345802391e+03
1.886951962526995885e+03
2.888329458274650278e+03
2.693660961848965144e+03
1.022490041436537012e+03
9.916014875310934258e+02
1.425402929338842114e+03
2.667700857243042719e+03
3.313402941178068431e+03
1.369332399483963400e+03
7.982029519760922085e+02
1.408601574377672932e+03
2.878787460505714989e+03
2.777634710201359212e+03
9.249801641688480913e+02
9.333614246712340901e+02
2.291713001573359179e+03
3.266147204606456398e+03
1.057024079417717530e+03
8.559235050867202972e+02
1.845214385763347764e+03
3.093859002686818258e+03
2.117671263728868325e+03
8.170559307437860070e+02
1.045439846957139252e+03
2.601562508279228041e+03
3.100650816461520662e+03
1.387147866095109521e+03
9.058824344083591313e+02
1.632532971653953837e+03
1.822136375201920146e+03
2.775185949271446134e+03
1.418658776001391743e+03
1.087495548508705724e+03
1.996646189976553842e+03
3.108911248365528081e+03
1.820688092761943381e+03
1.123396953661550469e+03
1.024197809418196812e+03
1.573885286061956776e+03
2.833702853034308646e+03
2.712499003958846515e+03
1.160328436282995881e+03
1.063978265607849607e+03
1.389421768829272196e+03
2.588619618435838220e+03
3.237205776145596701e+03
1.743896550663152539e+03
1.023554156763395667e+03
1.022823623245809927e+03
2.521072163254886618e+03
3.494554387782917274e+03
1.469267912677997174e+03
5.150240528673502922e+02
9.526725013911704991e+02
2.696839604013374810e+03
3.070701560720282487e+03
1.059623420194741584e+03
7.880401793845949214e+02
1.901264120398517889e+03
3.150058513693192708e+03
1.821605738733425596e+03
7.918781433137927479e+02
1.216601286125171782e+03
2.894174779927430336e+03
2.354913077241439169e+03
9.549717030763146113e+02
1.129785554627216925e+03
2.757003399312422971e+03
2.499194495632023063e+03
1.172525429513360905e+03
1.100315324781921390e+03
2.388219424368752698e+03
3.025073431224410797e+03
1.298162838096680161e+03
9.682897885158114377e+02
1.371324621051387567e+03
2.669381560209611962e+03
2.971314379981355614e+03
1.347778900840010010e+03
1.091594172661275252e+03
1.377629226485869822e+03
2.437353306735438764e+03
2.942941349724735574e+03
1.398688700871194897e+03
1.099131640342739502e+03
1.390258144752247290e+03
2.579696139352108275e+03
3.021465948324597775e+03
1.286632124476431500e+03
1.082810230318819549e+03
1.439085968392408404e+03
3.018167872516781699e+03
3.064102544370492069e+03
8.008101630375605282e+02
1.061121467642582274e+03
1.592791831437446717e+03
2.340625095722659353e+03
3.008217279921154841e+03
9.529666008462828586e+02
9.166346474616875639e+02
1.503857538765074423e+03
3.089985028240082102e+03
3.358615236123268915e+03
1.025803744298445054e+03
7.535776939294191834e+02
1.095259860213392813e+03
2.236047583512702204e+03
3.241616780976224618e+03
1.944400630623890947e+03
7.774848036672098033e+02
1.070256913078395883e+03
1.726469342347986412e+03
3.103773859540980084e+03
3.072540854784378553e+03
1.175171444660644283e+03
9.904733737425173103e+02
1.178817750540403040e+03
2.579626447065603315e+03
2.985106014532115296e+03
1.365166618054327955e+03
9.805698661166113652e+02
1.130671451352411395e+03
2.441975677576310318e+03
3.081706497433081495e+03
1.595712256928047509e+03
1.034029287306030255e+03
1.152332955043255197e+03
2.359303064122745582e+03
3.026014644725299149e+03
1.785143090610240961e+03
1.099781746534627018e+03
1.170744328769123740e+03
1.606319012439642620e+03
3.000133434174521881e+03
3.243758084008305104e+03
1.084612773412547313e+03
7.057166408022296764e+02
1.319702584466277131e+03
2.974284844138509925e+03
2.670509682288672593e+03
9.486398632286798147e+02
1.121197529429099859e+03
2.786281827054274345e+03
2.562923897958296038e+03
1.696713670814634042e+03
9.503651465989277085e+02
6.870405892761456244e+02
1.524165435435851577e+03
3.293383773089466104e+03
2.400587827470398224e+03
8.553775765102393507e+02
9.824770498810153185e+02
2.035308955505907988e+03
3.387911654845638168e+03
2.133267337679355933e+03
8.958878125995285018e+02
1.026069485794772618e+03
1.787605664533375148e+03
3.012594414013038204e+03
2.175113205132241546e+03
9.160491693487130078e+02
1.097163025804429026e+03
2.066764239746969906e+03
3.231583471850071419e+03
2.163934213871194061e+03
7.736905640153368040e+02
1.064188057761408345e+03
1.730665822755075851e+03
3.089251290788078222e+03
2.699175612948192793e+03
9.112268079050317056e+02
9.915833985452693469e+02
1.439594516904552620e+03
2.494990917086197442e+03
3.359648818423803277e+03
1.943625297671067074e+03
7.901784732153128061e+02
9.719023579631297025e+02
1.453449851526593420e+03
2.737361277925082959e+03
3.130691956398354250e+03
1.335680689715568860e+03
9.495690792992154456e+02
1.237765421049374254e+03
2.345549150771840687e+03
3.233411443615866119e+03
1.906093115481483665e+03
8.664284735190319680e+02
1.010113700484105038e+03
1.653778882687425494e+03
2.967477413684975090e+03
2.857497535088165023e+03
1.026141417763873733e+03
9.995959687155445863e+02
1.371764443261189854e+03
2.238368361798343813e+03
3.291673924033455023e+03
2.238500534855932074e+03
7.783767160362509685e+02
9.392484594343947037e+02
2.062568201059145849e+03
3.107103341887948773e+03
1.851048113708060555e+03
8.861276982743095232e+02
1.192897231135819538e+03
2.241729797692566990e+03
3.128479265773161387e+03
1.695456528592276300e+03
9.672336834538444919e+02
1.219240078526149546e+03
2.346733938504096841e+03
3.251866886225370763e+03
1.609773128070558187e+03
8.207407289022796704e+02
1.235946193587886455e+03
2.663160289778570586e+03
3.061836407655769108e+03
1.084363801420433674e+03
8.779407343715763545e+02
1.621280485170539350e+03
3.211702832062762354e+03
2.905221679076650162e+03
7.983236369495513145e+02
7.085770780040403451e+02
2.494850396989542332e+03
2.791767647866124207e+03
1.143786938660812211e+03
1.480716726212827325e+03
1.499680092262940661e+03
1.281013015013228596e+03
1.766401023539567177e+03
3.065151526422959705e+03
2.783948842973195951e+03
9.710558523979800611e+02
9.805437832460700065e+02
1.620187953288012295e+03
2.886571740830257113e+03
2.926518617653330239e+03
1.071289688390768561e+03
8.763192193456289942e+02
1.419511710520746192e+03
2.739059315224374586e+03
3.162719078966108555e+03
1.347753234452998186e+03
8.207379106751080826e+02
1.177841198587265353e+03
2.056221449469996514e+03
3.073820934651764219e+03
2.505390847677849706e+03
1.456124153203354808e+03
1.093849809450553266e+03
1.336137038083155858e+03
2.498228203027050313e+03
3.169619871920797323e+03
1.725147729562926315e+03
