6.742851473273132115e+02
1.154544234145677592e+03
1.608925334844873078e+03
1.875389295083748266e+03
2.522919211824443209e+03
4.026251639814910504e+03
1.529088949614532339e+03
6.229415816582193202e+02
1.186124378528202442e+03
1.654162679175640051e+03
1.843226365483449399e+03
1.958541348362378812e+03
2.034702297069871747e+03
3.489237345825085413e+03
1.941355987009716046e+03
6.591648225890926369e+02
1.300343659421871735e+03
1.865178989429163266e+03
3.230570504566840555e+03
1.990037744399684243e+03
8.762717607164770470e+02
1.416577916978658777e+03
3.147961503817477478e+03
1.855177505199574853e+03
7.486670322719381829e+02
1.399845099695706949e+03
3.033878210041222701e+03
1.402363280763386683e+03
1.064322485607428007e+03
2.350435316404902096e+03
3.210516407422218435e+03
5.765982210002746342e+02
1.486440726660334349e+03
3.083190705843727756e+03
1.493559939224006484e+03
8.964805305108545781e+02
2.486306353503057380e+03
2.252797176143404613e+03
8.217308562728093193e+02
2.002792310980774118e+03
3.657715693148352784e+03
7.648333691674423562e+02
6.999536346078186853e+02
2.627751530342472506e+03
2.956182366876328615e+03
5.838721249261486719e+02
1.234425000259529725e+03
3.090150167165209041e+03
1.432366642271704904e+03
1.101787864069053740e+03
1.840912610839737908e+03
3.346383835483758958e+03
1.100575659795956199e+03
9.315039062582339966e+02
2.167509708269837120e+03
3.076464754439615717e+03
9.282951715332610547e+02
1.183449129571886033e+03
3.254390986333045021e+03
2.290534113836252800e+03
3.383150772139597962e+02
2.721442164344328830e+03
2.835299607679978180e+03
5.665265407268760782e+02
1.088548094969209615e+03
3.625142817208555243e+03
2.265740926985764418e+03
2.647240856129147915e+02
1.033846544016931375e+03
3.401639177565679347e+03
1.798702287873764817e+03
4.335719400174162956e+02
1.665422366924451353e+03
3.746863341795057750e+03
1.014667367157238914e+03
6.555965481854311747e+02
1.262386825077270487e+03
3.150693472441257200e+03
3.874395148825094566e+03
5.397381828969939761e+02
6.089639104493761579e+02
2.302388314457088654e+03
3.755429976007863388e+03
7.117204502672317403e+02
6.860309679212519995e+02
2.647555011111310250e+03
2.681502846061682249e+03
7.088819466013186457e+02
1.403819186907577205e+03
3.420743631635652946e+03
1.360337954940054715e+03
1.021438930877282246e+03
1.902224506227640177e+03
3.062220993855271900e+03
9.564593069356778869e+02
1.447908830046703088e+03
2.952671772586309089e+03
1.281213483125390667e+03
1.208362686978345891e+03
2.886582762891294351e+03
1.819361895813931824e+03
1.046605781184222678e+03
3.228399326831920916e+03
3.035910037158349041e+03
5.826737661666104486e+02
1.364894180248366638e+03
1.029613326976622602e+03
3.147329102417611011e+03
2.437374562157907349e+03
3.547521916183951021e+02
7.930890332476546973e+02
2.624194871907207016e+03
3.693725910238034430e+03
6.592258854322059278e+02
8.809533805374875328e+02
2.430151128746612812e+03
2.805112462306345151e+03
9.360254036968071887e+02
1.286230375830051344e+03
2.582847977753410305e+03
4.192880780555505225e+03
6.317433454445642838e+02
2.508343932176115914e+02
1.250714914980687126e+03
3.825855878627266520e+03
1.792820003967969797e+03
3.765603240985483353e+02
1.090264399844993022e+03
2.201784868796092269e+03
3.960879545796961793e+03
1.228607614841631857e+03
3.111142770037732816e+02
1.983132631617122343e+03
4.029065239109329013e+03
1.677404361667289777e+03
1.981467231246560061e+02
9.152476367605688665e+02
2.655031798940891804e+03
3.800244371203044011e+03
7.147429056085292132e+02
6.335290336417613162e+02
2.790053296578804293e+03
3.448363479306035060e+03
4.843792269172714668e+02
6.649399745858514734e+02
2.979494704689030186e+03
1.733597235596726023e+03
8.070949897689052932e+02
3.173824094706626965e+03
2.018553833240302083e+03
4.738730272377864594e+02
2.503364745360053803e+03
3.346529271304268150e+03
6.636387815946117144e+02
9.091747265088914673e+02
2.790037323168417970e+03
2.845531761005084718e+03
5.134963384722904038e+02
1.424433283643880031e+03
3.306976200551865986e+03
1.121392136606207259e+03
9.476389630192238656e+02
2.937675033115502629e+03
2.119331262578988571e+03
6.892322868532376106e+02
3.040734924303108528e+03
2.537514789013257541e+03
5.852187425099879192e+02
1.520486348911949563e+03
3.632393246025488224e+03
1.026997202317199253e+03
6.978561501097641440e+02
1.975153326209323268e+03
3.085133229002562985e+03
9.030418708300127264e+02
1.265055561607538493e+03
2.267828831295574219e+03
1.791384255236908075e+03
1.398888628859166829e+03
2.582418081306444947e+03
2.884785294548182719e+03
9.006245891887385824e+02
1.435157774894101522e+03
3.218197480016139252e+03
3.121248945733206256e+03
3.200271787569124058e+02
9.288340437388177406e+02
3.310135509901109799e+03
1.696960528243635963e+03
7.536710804409956381e+02
2.280470767299994350e+03
2.861684520162561967e+03
6.500271702285670017e+02
1.565876886087614366e+03
3.334357604077741144e+03
1.261723564953829964e+03
8.710243808560932166e+02
2.227164962690756511e+03
3.106426341412945931e+03
7.605549690904197178e+02
1.148859993823679133e+03
2.698827506887223990e+03
1.845229352717617758e+03
1.193025357839575463e+03
3.557075296413269371e+03
2.578366658809660748e+03
9.459206179884458265e+01
9.704814616626287034e+02
2.995646689470565434e+03
2.564719719146432908e+03
2.630308970325504561e+02
1.354562988834897396e+03
3.575339726179954141e+03
2.489246522113164247e+03
-7.561268653629596770e+01
1.547879165949446815e+03
3.339137390019153827e+03
1.474030889733992581e+03
3.694677410850198953e+02
1.472006394695819381e+03
3.694841906373659185e+03
1.806387060332237297e+03
2.602683297227053458e+02
9.013792280103286885e+02
2.917432657916700009e+03
2.804577932864391641e+03
-1.466757871118864216e+02
1.641301573770999994e+03
1.580465117667990626e+03
1.920948456010192103e+03
2.226892738838334026e+03
3.044752084623398787e+03
1.303983634756494439e+03
1.488409561438393894e+03
1.836378703096323534e+03
2.092941845151559392e+03
2.102131377521833201e+03
2.741052553789523699e+03
3.693052040427279735e+03
8.643445068114754122e+02
1.093356795772581336e+03
1.646681663996700536e+03
1.937281257602970300e+03
4.127011936725122723e+03
1.265118925046878076e+03
5.887471343399853367e+02
1.616030921096221618e+03
2.360740569475954544e+03
4.140624496910029848e+03
9.298354438994948623e+02
5.982985794911094217e+02
1.461802541614475331e+03
2.958941452726038278e+03
2.134690389057932862e+03
8.455673785587902103e+02
1.377072507363210207e+03
1.894364433151759158e+03
3.655145109593730012e+03
9.832964020284915705e+02
1.142091093789062370e+03
1.776089343142914231e+03
3.425472400689117421e+03
1.626081552584408655e+03
7.084094468821715509e+02
1.509669030775361762e+03
1.943948586083498640e+03
3.833375036256511521e+03
6.469502547973041828e+02
4.973014499158743433e+02
1.998421513711170064e+03
2.477823916551718412e+03
3.586201503159605181e+03
6.946317368754424706e+02
8.752281798368443333e+02
2.059554914485847348e+03
2.429939660869001727e+03
2.689713615361921256e+03
4.381989123653597744e+02
1.167213662153342511e+03
1.816599787979355597e+03
2.163423813664783665e+03
3.410463217093808908e+03
1.931267718804185961e+03
6.090139487954552351e+02
