3.747885501194928565e+03
7.787344806949323583e+02
3.622514415139759194e+02
9.159240264827973306e+02
1.676144135146041890e+03
2.855908399653461856e+03
3.414411451526979818e+03
6.854463165952627151e+02
4.765026068670526342e+02
1.446649169105851342e+03
2.228622401528361479e+03
3.657259089937193949e+03
1.548672728123445722e+03
2.136867871333460869e+02
7.840446209423913615e+02
2.315561734436142160e+03
3.453015343220344676e+03
1.396570986421744692e+03
4.276722700283169161e+02
1.164684131249598977e+03
1.871948477206739881e+03
3.655131638738126185e+03
2.103184370577587288e+03
2.898404743685516678e+02
1.010490418202428827e+03
2.217821612119219481e+03
3.586508373193227271e+03
1.074768390027683608e+03
5.015904390832924946e+02
1.144333530416703297e+03
3.353660719697881632e+03
1.185541288828326287e+03
7.151916034003568257e+02
1.806695091876092420e+03
3.407382642987602594e+03
2.479067098830904797e+03
5.645418095124387747e+01
9.604791847585597679e+02
2.163599145732371653e+03
3.529966655500331399e+03
1.180861847807904951e+03
3.943601783917891339e+02
1.185925134189813434e+03
3.214938198409027791e+03
2.908622598119309259e+03
2.915688800459349181e+02
9.923186266577644119e+02
2.117232818350716570e+03
3.535604295849498158e+03
1.149498645139455675e+03
5.378899444234119755e+02
1.118439493836425754e+03
2.879096640264016514e+03
3.209682550330581762e+03
8.650635448964638954e+02
5.903845973931124718e+02
1.718517632285772834e+03
3.663548473511054908e+03
1.800963857651732951e+03
3.044566098834681043e+02
6.849469928021618443e+02
2.172872298668788062e+03
3.385170091508779478e+03
1.809804567522217212e+03
6.156935166941949547e+02
7.425585160393466140e+02
2.469354233808283425e+03
3.483649408537041836e+03
1.170110581249441566e+03
2.277442817476185439e+02
1.320565129915569514e+03
3.332008036215241646e+03
2.634717206228065152e+03
2.849575181807196600e+02
7.287460760433136784e+02
2.479756211718060513e+03
3.477826865918158546e+03
1.224809007935334648e+03
2.665414698182188431e+02
1.262860989340671722e+03
1.697581816117675999e+03
1.720711762510425615e+03
3.147931913154659014e+03
3.605946685424016323e+03
6.925700400486409762e+02
2.326317595809095167e+02
1.622978403383937575e+03
3.549595869584049069e+03
1.690388308956784840e+03
3.212554543311275097e+02
8.793153324600742735e+02
3.227786386269319337e+03
2.885551847182402526e+03
5.765866795675716503e+02
5.119835945442276852e+02
1.916591072850766523e+03
3.550994669593413164e+03
1.926853129773339560e+03
2.331401396079855033e+02
6.200870160013688519e+02
3.086431918012066035e+03
3.250345127585922455e+03
4.528135167604191338e+02
6.210325281046424379e+02
2.006864063153838970e+03
3.666062692440184492e+03
1.469111072924248674e+03
3.200474981094310465e+02
8.400686287450337204e+02
3.445123955164676772e+03
2.736385899447833708e+03
4.356190451186260475e+02
5.073795772401808790e+02
2.664842536935644148e+03
3.272665717827085700e+03
1.067314206679593553e+03
3.427661191643094867e+02
8.717331182470193198e+02
3.526523588115441726e+03
2.947453779328101973e+03
4.110371785722067983e+01
6.826686243395355405e+02
2.964203829110551396e+03
3.504827534678987377e+03
4.247669990617759481e+02
4.419424316495791913e+02
1.833256857066442535e+03
3.818772605139803545e+03
1.231913279993268588e+03
3.337597605123480662e+02
1.094396441131658548e+03
3.347293668994253494e+03
2.883099702105988854e+03
3.775882805074665498e+02
7.513401631953947799e+02
2.179930939800703072e+03
3.640018172614660671e+03
9.721658140510641033e+02
5.524185184236851001e+02
1.038873202686993409e+03
2.119670417157731208e+03
3.448802694156621783e+03
2.473318593311279983e+03
1.866602610755739136e+02
5.977234732884587629e+02
2.028476725219493346e+03
3.552941559693936597e+03
1.292140350084683632e+03
3.805276803990901158e+02
1.595577307162650641e+03
3.490364356506568129e+03
2.148743871460168066e+03
7.075707322036172400e+02
8.830971330393316521e+02
1.635720458647608439e+03
1.152794210985089649e+03
3.785397185918769992e+03
2.637972368387997903e+03
-9.208803072020355529e+00
7.818567983562271593e+02
1.597878564531361008e+03
3.895584797774140952e+03
2.238731190212844922e+03
3.743708120776727810e+01
8.731998789998016264e+02
2.605792210531525598e+03
3.608265084272145032e+03
7.272663946841363440e+02
3.834696003077688147e+02
1.512230537202034384e+03
3.556104759321854999e+03
1.800979707369193875e+03
2.909246960808179097e+02
1.026597148015768198e+03
3.305608681018168227e+03
2.936004513502683949e+03
3.627212676912508869e+02
4.735465715446279091e+02
2.608468549040203925e+03
3.407274514156131772e+03
1.009687719787057063e+03
3.681722552185484574e+02
1.681948988383977621e+03
3.432062023923114793e+03
1.781757721688681613e+03
4.970700099191975028e+02
8.138826122455440100e+02
3.204502083537896397e+03
3.057943811265030490e+03
3.761583206839535478e+02
5.721490193499710131e+02
2.274526948746491598e+03
3.642328327432717288e+03
1.058657244671327589e+03
4.822286859852425209e+02
1.320979482479463286e+03
3.574007757155258787e+03
2.062343686203319976e+03
3.790727752525561982e+02
9.016971342749257019e+02
2.737084899561793918e+03
3.243536801424734222e+03
8.438819896812608476e+02
3.550829070957565250e+02
1.496102471768259647e+03
3.331611109575619594e+03
2.615607003824864023e+03
6.250210020462719740e+02
6.332955328537426567e+02
2.099203645153165780e+03
3.153994155870178929e+03
1.735725906817443956e+03
6.791518094988746270e+02
7.021974336719237044e+02
2.762020185562888400e+03
3.123908613674163462e+03
8.565237766247270201e+02
5.352832883764659755e+02
1.010115906704902613e+03
3.321655501385692332e+03
2.912219271837313954e+03
2.543876700759445839e+02
1.054007843584147622e+03
2.383807924603449464e+03
3.693842224251553944e+03
1.129320527734224243e+03
5.675130273106922232e+02
1.441346518069955891e+03
1.038938592119839541e+03
3.308190312070447817e+03
2.995110485689872803e+03
3.516847552891234159e+02
6.992320858580166032e+02
2.457945690100839784e+03
3.441333217984318253e+03
6.829671518258360265e+02
5.195454671460664713e+02
1.354356000196325795e+03
3.717786770112051272e+03
2.257624386930916444e+03
4.257963284682081735e+02
9.134631378588354664e+02
2.776097727624240633e+03
3.114387509796644281e+03
6.335486794777896193e+02
4.062261809284529477e+02
2.007119553358620806e+03
3.604992704623482950e+03
1.590436574068465234e+03
2.410586450982200972e+02
1.166500486362542233e+03
2.801226413517252695e+03
3.338659439323247170e+03
7.083868667761307734e+02
5.146068709201961155e+02
1.492030356323134356e+03
3.522873625569792239e+03
1.954553109699452079e+03
3.493926170276453718e+02
8.471452935013443266e+02
2.990991388498275228e+03
3.255789576729405326e+03
7.790769818638492552e+02
4.633506316687390267e+02
1.500674601098643052e+03
3.574198366217372495e+03
1.594612532736952289e+03
3.452760981111791807e+02
9.231204285600656476e+02
3.204446773648960516e+03
3.187230151537155962e+03
3.572366258061371695e+02
7.070592847295026786e+02
1.717442555494912312e+03
3.573487678182562377e+03
1.896867424367092099e+03
4.232411150972542941e+02
8.284597149257692763e+02
3.102481540850281817e+03
3.189677574296322291e+03
5.819221125498443143e+02
5.115523864910700809e+02
1.335495048407202376e+03
3.574635325435162940e+03
