1.546644592544723992e+03
3.172758851242572291e+03
2.049814098109294719e+03
1.040595339073638797e+03
2.219982132957827616e+03
3.080444443764336029e+03
1.081700842516042258e+03
1.248560842051148029e+03
2.855499475443896699e+03
2.475487795561289204e+03
1.180836639135119867e+03
1.445774353126212873e+03
3.029100887772929582e+03
2.372395476781740399e+03
1.154426019167786990e+03
1.437102800370667183e+03
2.889250105889023416e+03
1.963231845930274631e+03
1.300483702341146909e+03
2.089961857595569654e+03
2.895523196355877189e+03
1.278871015873819715e+03
1.379510802395227756e+03
2.774164175160557988e+03
2.404398846085841342e+03
1.223451409051530163e+03
1.524035225382154977e+03
2.817149371301780320e+03
2.396520825338273426e+03
1.185571253997799204e+03
1.455569183961456019e+03
2.665275352480635320e+03
2.874980433426141190e+03
1.240297628771151039e+03
1.476525926922642839e+03
1.902517983776002666e+03
3.052335791563194562e+03
1.314604686063998997e+03
1.262357313320954063e+03
2.582465214376482891e+03
2.831746981878623501e+03
1.325316441939417473e+03
1.439762375629422877e+03
2.445259720890289827e+03
2.648873410624338703e+03
1.435452665024638463e+03
1.522549240232125612e+03
2.489114294010426420e+03
2.596476411123575417e+03
1.279464697835993320e+03
1.414268356225298930e+03
2.844102725927854863e+03
2.011448739465356311e+03
1.404651052807779479e+03
1.648093454285300140e+03
2.979265876212670719e+03
1.897688160613606215e+03
1.287554018611011998e+03
1.667130247011016536e+03
2.205040955007237699e+03
2.930835824492759912e+03
1.337354422036898541e+03
1.291264124270706589e+03
2.558318743811581498e+03
2.554962576371745399e+03
1.559512919789419811e+03
1.705401747774586966e+03
1.799977758212467506e+03
2.724585491733120307e+03
1.952470219018710395e+03
1.569296499965939802e+03
1.659964659403484120e+03
2.085836930174545159e+03
2.776165581406290585e+03
1.603069658332118706e+03
1.590165114580044929e+03
1.285351366636763714e+03
2.985501052384448940e+03
2.262445853062868082e+03
1.021413928770038297e+03
1.465538685756602263e+03
2.719631130154671155e+03
2.689644634798232801e+03
1.280098396959102274e+03
1.542016597911070448e+03
2.443169850520565888e+03
2.800682648304787563e+03
1.152063638649089398e+03
1.465770750902182726e+03
2.970429790669795693e+03
1.817155956805383994e+03
1.293192512101863713e+03
1.846489270625782183e+03
2.898422719175823204e+03
1.622377887687624479e+03
1.433910757914470878e+03
1.640995585949215865e+03
2.912665746665293227e+03
2.535523783627051216e+03
7.892796538174484340e+02
1.919886385672552024e+03
3.059163560630787288e+03
1.306672829512550607e+03
1.325072518119155575e+03
2.808172907264377955e+03
2.477817520273590617e+03
1.251350950959248848e+03
1.399768725455721551e+03
2.775083267450257154e+03
2.531715228196785120e+03
1.112588713005085310e+03
1.483382129953709182e+03
2.696661554401435296e+03
2.579644661538816308e+03
1.329167234215743747e+03
1.353431344723592247e+03
2.127336519550800858e+03
2.859375921744364859e+03
1.571664677944040704e+03
1.461534631289644267e+03
1.891802028338596529e+03
1.948759511786690609e+03
1.914727354594074541e+03
3.296294378632869666e+03
1.303728438309488183e+03
1.235503870780321449e+03
2.718378627297500771e+03
3.306667583689625644e+03
8.264411007910089211e+02
1.112040408459361743e+03
2.732787890599542152e+03
2.985875745867117985e+03
9.175357459956690036e+02
1.256848212246185312e+03
2.626658326649978790e+03
2.999117217604487905e+03
1.165858737406831096e+03
1.226333891435312125e+03
2.346742402883079649e+03
3.065070068226104013e+03
1.593654692822843572e+03
1.361793407881195890e+03
1.728411790525104834e+03
1.778981004680055094e+03
2.946432466324063626e+03
2.300068154563869030e+03
1.276647429588109162e+03
1.401269121939162005e+03
2.406034240705766479e+03
2.866940887532401121e+03
1.381450881293542125e+03
1.291422332481091189e+03
2.473830457342265618e+03
2.827172470070720465e+03
1.251296603900478658e+03
1.245517654867396459e+03
1.971714569298614379e+03
2.945877200713230195e+03
1.708674310277941231e+03
1.214985719346161204e+03
1.987915576876528576e+03
3.098794747354315859e+03
1.316220929369916121e+03
1.093406657987051631e+03
2.364854121431253589e+03
2.859440910983646518e+03
1.335275113044329601e+03
1.394762646352149659e+03
2.671624315520441087e+03
2.523668931057810369e+03
1.293669456145020149e+03
1.567654005915021344e+03
2.308777078450447334e+03
2.738309300375955900e+03
1.380135903276627459e+03
1.374261109107213315e+03
2.550527877421660378e+03
2.843814605910892169e+03
1.188440552296360238e+03
1.354129556579363680e+03
2.629276207715106466e+03
2.847593866916297429e+03
8.663682463990107863e+02
1.890224133708378076e+03
3.188295002997562278e+03
1.087269493971203701e+03
1.303493526838513390e+03
2.887737479650133537e+03
2.147253581680575280e+03
1.243165584604139895e+03
1.881802849148921723e+03
3.004554859510561982e+03
1.357606742878431533e+03
1.259635460199173622e+03
2.691598547900854101e+03
2.517008985906931684e+03
1.059158156797051106e+03
1.816156890479672484e+03
3.058426443483574076e+03
1.559039505096510993e+03
1.286199809670828927e+03
1.726870587849429285e+03
2.977150212423686753e+03
2.389788256138188444e+03
9.416168489317026342e+02
1.678354830045206199e+03
2.524266723341202578e+03
2.492983603345883694e+03
1.761191012025769624e+03
1.651340945647627677e+03
1.400754746129538489e+03
2.346331341117050670e+03
3.085591514347695011e+03
1.196936988931375026e+03
1.423192942407948522e+03
1.854016359544439183e+03
2.861073639852358156e+03
2.227288786695134149e+03
1.172223491005179767e+03
1.464142384823795737e+03
2.793624341681561418e+03
2.738001796129853574e+03
1.250895328476127588e+03
1.320659440256404196e+03
2.176499844812227366e+03
2.929287407629712106e+03
1.483784454591376061e+03
1.291139986780002346e+03
2.442453974097598348e+03
2.905202587489820417e+03
1.247443347592616192e+03
1.332087378303885771e+03
2.063722899823655098e+03
2.890841190280629689e+03
1.618551113335773607e+03
1.337554255475495893e+03
1.820535739264623544e+03
3.024915773439123768e+03
1.787131438310645990e+03
1.196299564029591011e+03
1.637680825987115668e+03
2.893133725475803658e+03
2.066574018072612034e+03
1.231523461523641117e+03
1.576031139068779794e+03
2.924911828518219863e+03
2.421962138273741857e+03
1.082238638464874157e+03
1.457147206918033589e+03
2.615090285421291355e+03
2.752322956575450462e+03
1.405071865858129968e+03
1.464544174005786090e+03
2.426186431104065832e+03
2.737935353493049661e+03
1.150836823840363650e+03
1.404787718638176329e+03
2.846449576048290510e+03
2.131838942102780493e+03
1.309058217381015993e+03
1.556201475900027617e+03
2.576810947830890655e+03
2.739308849419956459e+03
1.244834931735922282e+03
1.419164370691780277e+03
2.397308682433153081e+03
2.890695440757055167e+03
1.171892583725122677e+03
1.161655142450874791e+03
2.798098294050198092e+03
2.632623043690312443e+03
1.168360643492042300e+03
1.558704263609734653e+03
2.699986292594797760e+03
2.670497138142726726e+03
1.186391639414393012e+03
1.420885351450438975e+03
2.712738795545586527e+03
2.804059701944866902e+03
1.062996551684113683e+03
1.093662231518519320e+03
2.891744969735687391e+03
2.405456897479120016e+03
1.198070839860566593e+03
