4.044496540158180778e+03
4.081708022166529645e+03
1.545329031780612695e+03
2.929035920760599652e+02
3.386234842528547802e+02
8.412956393244141964e+02
1.366647374208279871e+03
1.916124816965194668e+03
1.842523517059351207e+03
2.017736950691349421e+03
4.027994005746423682e+03
3.215680872539321172e+03
8.914704625050349023e+02
1.007765463192694256e+03
2.879522263147380727e+03
3.156963011124057630e+03
1.085891670547200647e+03
9.807605746448112995e+02
1.357711547906260648e+03
1.789253933648931479e+03
1.704055644515211497e+03
1.915249384055332257e+03
1.959464648838393941e+03
2.033974168326661356e+03
1.973878613811779360e+03
2.090385573463797300e+03
2.231179352593404928e+03
4.119427267765811848e+03
3.041777007302094717e+03
7.529574051756832205e+02
1.112238541353943447e+03
1.391247019668395296e+03
1.739901561048217445e+03
1.824206675592503643e+03
2.239273769577519033e+03
4.175735082231187334e+03
2.172663017072192361e+03
6.772476229205184381e+02
8.803109243828388344e+02
1.415393431105502032e+03
1.956811577521707932e+03
1.846789926250306280e+03
1.950808961707954950e+03
2.209531539486984911e+03
2.122431556201830062e+03
2.149573164544285191e+03
2.105270827596090385e+03
1.956695609751350275e+03
2.025234381816605719e+03
1.912848488087881378e+03
1.984382417247661351e+03
2.079721395762591328e+03
1.941098775062312598e+03
2.268265279982219454e+03
4.146676349618143831e+03
1.306372583671826078e+03
9.165186784656441432e+02
1.247963577528250198e+03
1.585133611483073764e+03
1.823672885632495536e+03
1.845149726393232868e+03
1.876252559342738323e+03
1.949532378648960048e+03
2.448652553948313653e+03
4.048336116016549568e+03
3.968340261691528212e+03
2.515520951122234692e+03
1.853456819686203744e+03
1.774924715922332553e+03
1.847433021816086693e+03
1.606043596669587714e+03
1.654885868842726495e+03
1.833828824274678482e+03
2.365487610494809815e+03
3.826918780918260836e+03
1.721872153083382727e+03
8.896834991032566364e+00
7.165016676764840895e+02
6.047681826956230680e+02
6.810922189038433316e+02
1.160360554025987994e+03
2.000223817777761951e+03
1.658668294234201085e+03
1.887836470031406179e+03
2.111181216756589947e+03
2.185376936432186540e+03
2.200126778170378202e+03
2.369779467228165231e+03
2.470365123890944687e+03
4.061425800500358491e+03
3.572466584627976772e+03
1.282617605192413293e+03
9.756102868199052409e+02
1.242794736120575863e+03
1.686967908181195298e+03
1.787815371020374414e+03
1.929802391434661786e+03
3.893927131329357508e+03
2.282142018657219523e+03
1.228766412970446254e+03
1.391645474671599686e+03
1.780865401328876260e+03
3.513129871030268532e+03
4.132034896926346846e+03
2.027496082716601904e+03
6.339229954179841116e+02
5.858681700126139731e+02
1.107751312042809332e+03
3.281656899125690870e+03
3.774405030589915441e+03
1.007282720305428597e+03
5.211052367510387739e+02
8.541959074376687795e+02
3.203758729030424092e+03
2.874228355740603092e+03
8.887522901838397047e+02
1.003584926096298659e+03
1.332975180513127498e+03
3.429839187285738262e+03
3.301349788062908829e+03
1.014856962819316436e+03
1.410251827445506251e+03
3.970863944770992020e+03
3.037421186679193852e+03
7.252483669726055950e+02
5.531307934742094403e+02
2.694522921527948711e+03
4.165435167684153384e+03
1.368735832030773736e+03
3.570890670583397082e+02
6.257379804337757605e+02
2.437303575361113872e+03
4.096919256830110498e+03
2.964668133875531112e+03
2.872043962319734192e+02
4.401478683349823200e+02
1.849724796629831189e+03
4.100094662688484277e+03
3.352970937079150644e+03
6.193629994658425630e+02
2.807027369120497724e+02
9.665124582557982649e+02
1.553896081497674004e+03
1.721459770073813843e+03
1.979731128995326344e+03
2.052664794802165034e+03
3.876473456354285645e+03
4.022955103085530936e+03
1.726039596022890464e+03
6.970335454245644087e+02
8.983408856304610026e+02
3.385347002868606069e+03
2.720160796995807232e+03
9.062784460413540728e+02
1.013615217468704259e+03
2.957553917858211662e+03
3.042466926836475977e+03
1.201365985409672476e+03
9.695786201024477577e+02
1.391632976322080594e+03
1.636708519423797497e+03
1.774833521581627792e+03
3.834829368800837983e+03
3.199383159776872162e+03
1.369912274525363500e+03
1.572605530165391201e+03
1.313940434797453918e+03
1.500379509183359914e+03
1.820043516457989881e+03
1.897353037145159306e+03
3.560197068172803938e+03
4.020068478803997095e+03
1.503717868368645895e+03
8.237930588205909999e+02
1.136196869717841309e+03
1.594063460314987651e+03
1.701693138164118636e+03
2.775286954955403871e+03
4.147765204824521788e+03
2.258211168884850849e+03
8.786218511567398082e+02
8.959198946156653847e+02
1.613063085131636853e+03
3.917863961629799178e+03
2.194845131806574045e+03
8.844018342159213262e+02
1.043609069328846090e+03
2.554827253567862954e+03
3.784946608579564781e+03
1.504574850938353165e+03
8.860218948666937422e+02
1.176774075524639102e+03
2.992350406147710601e+03
3.804065389260216762e+03
1.464127215180364374e+03
8.353348231313283350e+02
1.092431378223589718e+03
2.211847780719919683e+03
1.959830405071523955e+03
1.596238048769016586e+03
2.210159190442570434e+03
3.800493816915629850e+03
1.748196905816369735e+03
1.217873755437906539e+03
2.166648935394821365e+03
4.123773528839656137e+03
3.108795229021110117e+03
7.054435333931730838e+02
4.287173927732202969e+02
9.782596378689751191e+02
3.016909837064242311e+03
3.927547993073198086e+03
1.451583464544533399e+03
6.405344283973481652e+02
8.518431281634685774e+02
1.347169746439808250e+03
3.272310640064150903e+03
4.000111514198903023e+03
1.549413656263675193e+03
7.815546069028861211e+02
9.869382874416205595e+02
3.693605166291272326e+03
3.789445953009389086e+03
1.245862062697129886e+03
4.709959216325500506e+02
6.256465660022120119e+02
2.672012271151356344e+03
2.668516070777652203e+03
1.083051052019031431e+03
1.077817331823818677e+03
1.546193162608935609e+03
2.174354376252976635e+03
1.733306008179860328e+03
1.907838534848061954e+03
2.268286572234259893e+03
2.007666037862143639e+03
2.779493410098108598e+03
4.104286746520935594e+03
3.096871571113491882e+03
1.160527957323832197e+03
8.627203374415383905e+02
1.086540433845874759e+03
2.903744895153968628e+03
2.951825867345198276e+03
1.145193303485096749e+03
1.068708619941216057e+03
2.682277934282052229e+03
4.008334051108782205e+03
1.611885168439424888e+03
7.607381849051486142e+02
1.027404929451264934e+03
1.459807976889768952e+03
2.727244591794739790e+03
3.433458540409475518e+03
1.287902575426363001e+03
1.130599507404605447e+03
3.073167577319182783e+03
2.626976458362946232e+03
1.224083685033976735e+03
1.304663380634175610e+03
1.813819421047603100e+03
1.784502219656709485e+03
1.897995086250995882e+03
1.969857017347569354e+03
2.331647660123455807e+03
4.084902810215725367e+03
3.031799582414554152e+03
9.956836667068953375e+02
7.392926925163275200e+02
3.042542138326130953e+03
4.052795269112138612e+03
1.069850032357411919e+03
2.470136850535912174e+02
1.914976203697227902e+03
4.122319810056922506e+03
2.103035162299204785e+03
4.007332577534267557e+02
4.891207426759625605e+02
9.658391635193786442e+02
2.891738938684752156e+03
4.096984600359606702e+03
3.142302376207365796e+03
9.293462102115670405e+02
3.044444583669512099e+02
