1.714524043387846405e+03
1.614452066078119287e+03
1.669709953341203345e+03
1.917395623390797709e+03
2.118891981821564514e+03
1.702346898750424771e+03
1.808609858169399104e+03
1.920233853651293657e+03
1.753124266739996983e+03
1.666713345827467492e+03
1.574307688584464813e+03
1.716927181822936518e+03
1.755025119835172291e+03
2.541756786392869799e+03
1.479619770597116485e+03
1.551728174371657587e+03
1.815346424495864539e+03
2.387400299709784122e+03
1.440199669125331866e+03
1.373345220763481620e+03
1.874769115609555683e+03
2.113687425191024431e+03
1.975117355209222978e+03
1.410733142894079947e+03
1.817890834768740888e+03
1.922866244100858012e+03
2.356092405849634815e+03
1.323766085083723510e+03
1.599679117613835615e+03
1.730113164738610976e+03
2.625718785276838844e+03
1.222530392083090646e+03
1.541558178726430924e+03
1.871604365018712770e+03
2.545572396004085022e+03
1.227891901899676668e+03
1.449449696406631347e+03
2.472525102759097990e+03
2.027008633950593094e+03
9.744338005982594950e+02
1.830174138545266942e+03
3.010949145583886093e+03
8.446286507480259615e+02
1.235738899693908934e+03
2.841524681971040991e+03
1.522813182385228856e+03
1.206981347977029827e+03
1.910637393202371413e+03
2.402970557210256175e+03
1.312680070014077273e+03
2.637515261028513123e+03
1.441245307804320191e+03
1.315788946695618051e+03
2.806833320358323817e+03
1.871064406090889861e+03
2.135464128527575667e+03
9.199701647030054801e+02
6.869300934151887077e+02
1.387176686631123175e+03
1.726078242549184097e+03
2.553874917173322956e+03
1.592234278327696074e+03
1.448789161052343161e+03
1.990020209580434994e+03
2.516222462520847330e+03
1.389503950659624479e+03
1.762294252712480329e+03
2.213040758936132079e+03
2.132126781317519089e+03
1.486638696499727530e+03
1.873598731459266446e+03
2.236068258950667314e+03
1.498081743786673087e+03
1.501154913170921645e+03
1.967481323938934565e+03
2.249276684872341320e+03
1.436883767159112040e+03
1.523572094248399935e+03
2.052238214047985821e+03
1.782809375123921200e+03
1.595394773906672071e+03
1.843210704790234331e+03
2.199417648805241697e+03
1.469856187777187415e+03
1.840709266235407085e+03
2.141629509303183568e+03
2.121118559064403144e+03
4.913351497304364557e+02
1.703420013987898983e+03
3.346627649593949172e+03
2.465643488257717308e+03
1.006378744056678102e+03
3.376474207611524889e+03
3.241115658819487635e+03
-9.805797159501746307e+01
-1.416477491545655987e+01
4.226369736222990241e+02
3.422642466296387056e+02
5.199142752202569682e+02
1.476466143418563206e+03
1.456283032833838888e+03
2.127084632738563414e+03
2.173893903063080415e+03
2.071521365565088217e+03
2.068420806291076133e+03
1.937323580377915505e+03
1.790955338137433955e+03
1.954833836806654062e+03
2.015948043372182156e+03
1.809710468197370574e+03
1.701497263340659629e+03
2.004670282473781526e+03
2.031901158840424387e+03
1.842083512196221136e+03
1.681487458451795646e+03
1.897441211293182050e+03
1.934712646723527087e+03
1.962079302733201757e+03
1.783747246719634632e+03
1.802951130948484206e+03
2.242794424565826830e+03
2.067523024322106721e+03
1.741795478682709245e+03
1.529330354475240028e+03
1.973993428418727945e+03
2.282444676199833793e+03
1.742604597931198441e+03
1.762585751510204773e+03
1.861678217221121031e+03
1.690986932014456670e+03
1.711299273027384061e+03
1.355986861441341716e+03
1.727967854661813817e+03
1.895082611207916216e+03
1.872871981137228886e+03
2.181441147048629318e+03
1.568000988065416095e+03
1.495421652415918743e+03
1.892699680672529666e+03
1.971795881725716981e+03
1.780597330002799481e+03
1.722470871418736351e+03
1.847340860157340785e+03
1.962307044933862016e+03
1.723981979164422910e+03
2.509551170152855320e+03
1.358224244385333350e+03
1.775199951980964897e+03
1.576817925413438843e+03
2.682651990165508323e+03
1.574684381169590779e+03
1.699534079180079743e+03
1.570463583343122536e+03
2.390894869708720762e+03
1.334580627745260699e+03
1.762811542044134967e+03
1.911169185132527673e+03
1.645376325798506741e+03
1.694066987374444352e+03
1.740246061726788867e+03
2.050253855114054204e+03
2.202456389813324677e+03
1.181386471827082232e+03
1.791563118060400484e+03
2.527561749491987484e+03
1.557776648062340200e+03
1.515260354347136172e+03
1.848745110284828343e+03
2.131655625023708126e+03
1.023956152999809433e+03
1.893114233972604552e+03
2.305082418971092011e+03
1.552052708105196416e+03
2.248764920999210972e+03
2.313899638307212172e+03
1.693292900479452328e+03
9.990781883660562244e+02
7.899673515487342002e+02
1.746032085800697359e+03
1.918988801218630897e+03
1.812183129759594067e+03
1.727650997854826073e+03
2.397972096712347593e+03
1.854711974634913986e+03
1.829071510580643007e+03
1.758720774637655495e+03
2.061599141965279614e+03
1.934421594478187444e+03
2.155283336919546400e+03
1.936909409545490234e+03
1.789355091820472126e+03
1.686925092541024696e+03
2.077342911668750730e+03
1.696122576176702296e+03
1.540965934474366122e+03
1.776464566517296589e+03
1.742848640518035154e+03
1.951188078258689075e+03
2.306070360911952775e+03
1.999976544867809025e+03
1.682182777657797033e+03
1.805302971037283442e+03
1.978745885112671658e+03
1.272266732512341378e+03
1.870427681104683870e+03
1.313383912419805483e+03
1.324376388917524309e+03
9.355771644774713423e+02
1.274920825400665763e+03
1.618891898916205946e+03
2.622210933092441792e+03
2.137444888929196168e+03
1.437781814842567883e+03
2.405900395146848041e+03
1.839791841160169270e+03
4.259769946113914557e+03
4.642584195541348890e+02
-5.394634665989017641e+00
4.094427650922749535e+02
1.080110313590380656e+03
4.648894068121049941e+02
7.385984050951091149e+02
1.727200056240811818e+03
1.501556977960214226e+03
2.197873496228028671e+03
2.016087833015762044e+03
1.943705451249303906e+03
1.732110941678078461e+03
1.740396009419052007e+03
1.788535679886248545e+03
1.923525654983978484e+03
1.950002429094352465e+03
1.768931285412437774e+03
1.805903671279244918e+03
2.012320146205465790e+03
1.945201799956206514e+03
1.900966986176780438e+03
1.813026543646303026e+03
1.948127028853019738e+03
1.813955845285797750e+03
1.686043970259808475e+03
1.757331204131649429e+03
1.846312009244105866e+03
1.929636411607714535e+03
1.782230020103867901e+03
1.668023539689186919e+03
2.129970717735048311e+03
1.501094711701711049e+03
8.634890395015971762e+02
1.199935716600726209e+03
1.674144923862543692e+03
1.804186391922459507e+03
1.885617004132763896e+03
2.170406028144092033e+03
2.088818507526921621e+03
1.897866560632007122e+03
1.742364210249151938e+03
1.064718759228968793e+03
1.021223303437301979e+03
1.108641813030754065e+03
1.743938099465006189e+03
3.609830674003148488e+03
4.048731853747696732e+03
3.000292135154246807e+03
1.760686761221016923e+03
1.352237821683665288e+03
2.133006890756145367e+03
1.838129123357920889e+03
1.879560809920294560e+03
4.966527211377404001e+02
1.804782682694037248e+03
1.861429726725995806e+03
1.727967123428990590e+03
1.694708457222156994e+03
1.787630928351615694e+03
1.870225493827731952e+03
1.794125215371345348e+03
1.726309975216346402e+03
1.980686449675152062e+03
6.416043241444806426e+02
1.255368459465400974e+03
1.501557106339891106e+03
3.442218130140540325e+03
1.288882126426065724e+03
