3.427196838435515019e+03
1.158414285146185421e+03
1.302146157964910799e+03
1.457727355290080823e+03
1.594369129823114008e+03
2.386384392337949066e+03
3.646736214727472998e+03
2.130333878704398558e+03
1.189465531933122747e+03
1.478904694898500793e+03
1.535278342732330657e+03
2.661910769804585016e+03
3.605138809485114507e+03
1.674992750456473914e+03
1.279728734781334424e+03
1.551891932889861437e+03
2.091725999108759424e+03
3.073087537233013336e+03
1.792930127292238012e+03
1.475222434976099748e+03
1.706822541282223483e+03
1.948956628300489911e+03
2.823632004948666690e+03
2.759146463553318881e+03
1.347935848368869529e+03
1.583855275060544045e+03
1.740492497330035349e+03
2.496173155945048165e+03
3.084817062603903196e+03
1.475509728010708159e+03
1.495582561661295358e+03
1.580408195045524280e+03
1.853234469696504902e+03
3.479446890540294589e+03
2.907580236360887284e+03
8.664340407897466321e+02
1.249609812181746520e+03
2.352769318530352848e+03
3.714248221024889972e+03
1.476100262638944741e+03
1.367483510789102638e+03
1.512413098184176988e+03
2.304474804321066131e+03
3.681868959791492671e+03
1.543779343662662768e+03
1.056900500518022454e+03
1.409557430970504811e+03
1.702118257870007028e+03
3.637671293420929487e+03
2.385775704503728321e+03
1.105332653442561195e+03
1.179239087707170711e+03
2.006956663289054632e+03
3.537695758666072379e+03
1.950833290212160591e+03
1.174681379934891993e+03
1.583184896644383116e+03
3.800611602940336525e+03
1.805660013339878105e+03
1.143177718801566698e+03
1.475873501230613329e+03
1.744303976928394377e+03
2.769410561169754601e+03
2.712828458360363129e+03
1.276470724967818114e+03
1.345053236535371298e+03
1.588745185627567480e+03
2.886602163121168815e+03
3.108865654405130954e+03
1.447650339344931353e+03
1.329566488481417082e+03
1.683342282228698423e+03
2.312555424714264518e+03
3.283809103353108185e+03
1.830371118393887400e+03
1.176965977302680812e+03
1.643646563841316265e+03
1.763563368836174959e+03
3.315936872047155248e+03
2.637773858545053827e+03
1.403074743013148236e+03
1.479292770067055244e+03
1.739019080139967855e+03
1.942326581157986993e+03
3.384692548878240814e+03
2.254220215273191570e+03
9.448203450528587837e+02
1.553750284070828457e+03
1.789347564532856723e+03
2.784654841207969184e+03
3.221129778386200542e+03
1.433767735449228894e+03
1.210052140628164352e+03
1.584306131169880700e+03
2.161048426685119466e+03
3.423957136531957531e+03
1.867796125760746918e+03
1.172396088665415391e+03
1.558156316302832693e+03
3.672298704175175772e+03
3.013161783040639421e+03
1.061648001295218592e+03
1.211312329749026048e+03
1.647464308335680471e+03
1.817970902604402454e+03
2.643956120745337557e+03
3.497546624309775325e+03
1.547605150811977865e+03
1.263733164170900864e+03
1.419839323157930494e+03
1.664779071593244907e+03
3.214388853570588708e+03
3.135387864734610503e+03
1.077998943691119393e+03
1.353607226034481755e+03
1.764868427657226448e+03
2.792044947724716621e+03
3.159322744590186630e+03
1.343678055199978871e+03
1.330563675053798761e+03
1.596678130004865579e+03
2.720350634024415740e+03
3.636025294275211763e+03
1.265599852346539365e+03
1.151417095922538238e+03
1.578893377590166210e+03
1.824055084280987785e+03
2.490725679780437076e+03
3.241727969695692991e+03
2.250128554630927283e+03
1.212618297971597940e+03
1.392883962964758439e+03
1.499899871766486285e+03
1.572480607363450872e+03
3.591728793622102330e+03
3.259814000506085904e+03
1.187134488658609143e+03
1.283771333019047006e+03
1.702788434283832430e+03
2.090405478345825486e+03
2.517611700269440462e+03
3.487341140665687817e+03
1.660748909536529936e+03
1.463690580723972289e+03
1.531744329764270560e+03
1.908922710870981746e+03
2.980486896662873733e+03
2.792035522198878880e+03
1.172524105385699158e+03
1.519858192713696781e+03
1.592683004334419593e+03
2.601449782774868254e+03
3.311811602715276877e+03
1.486280914762299062e+03
1.399259541371539399e+03
1.530820944469965070e+03
1.787039547533934410e+03
2.991428780502801601e+03
3.077071277770057350e+03
1.178189545429773261e+03
1.390779950591528404e+03
1.477393275338517014e+03
3.323800243337955635e+03
3.695154898891728408e+03
9.507303944556043689e+02
1.299557218759638545e+03
1.626578068178113654e+03
2.226922147386943379e+03
3.514796641120196455e+03
1.585184379706524624e+03
1.045485910168154987e+03
1.543096468742636489e+03
1.659978180354866936e+03
3.507678477975876376e+03
2.801130815988571612e+03
8.982396062057185873e+02
1.510402224781943232e+03
1.788953468910506899e+03
2.653548536831851379e+03
3.444253193723330696e+03
1.286273942120584934e+03
1.366697652147156305e+03
1.421866774171008501e+03
3.909154241477763662e+03
3.111649201024337344e+03
7.169381949905149440e+02
1.213228305083264104e+03
1.643950021503349262e+03
1.951447128081165147e+03
2.940560722682340838e+03
2.810558412772572865e+03
1.080603580755865778e+03
1.525272362400733073e+03
1.587395432865109115e+03
2.484433439006299068e+03
3.442051439912454953e+03
1.601001579001838081e+03
1.170049406693429546e+03
1.679562308649560237e+03
1.859566065512540717e+03
1.912116900037276764e+03
2.842222011578844558e+03
3.661330914218120142e+03
1.418715694673970120e+03
8.860776344562924578e+02
1.326444137704557079e+03
3.064414731438868330e+03
3.931667315981631873e+03
1.282171245349675019e+03
8.499306990874252961e+02
1.314396640483541887e+03
1.673472001219373396e+03
3.254422858286225164e+03
3.915167531866759418e+03
8.987653149902240557e+02
9.809177202175123966e+02
1.589858589867780893e+03
2.576560863537371006e+03
3.852855102542331679e+03
1.293548039735532484e+03
1.179525761632002059e+03
1.482836763067981565e+03
1.833339119004440363e+03
2.939853597596159489e+03
2.925712787518125879e+03
1.113811473709105030e+03
1.562360148611509885e+03
1.952510086971345345e+03
2.100524466636662055e+03
3.305658219149881916e+03
2.018823062784460262e+03
1.357457218584481325e+03
1.643259685795753740e+03
1.845059804318094166e+03
2.594019713112079444e+03
3.390520183153485505e+03
1.381201788931971578e+03
1.326845419734092502e+03
1.729507808970108272e+03
2.051841827795628433e+03
3.366855044484698283e+03
1.789302086480607159e+03
1.245654415837880833e+03
1.544220029853613369e+03
1.899616090742134020e+03
3.972925297120403684e+03
2.473863621311554198e+03
6.355416185292264117e+02
1.386576936923677522e+03
2.014900902494069214e+03
3.936354659595362591e+03
1.616342746050493588e+03
9.998481288376535758e+02
1.484965024056555876e+03
2.373195696713696634e+03
3.497465528199664277e+03
1.185412824749674201e+03
1.140324008892922393e+03
1.608318275876740472e+03
2.675073459705371988e+03
3.217510218857691143e+03
1.291028212742780397e+03
1.423631963617290239e+03
1.912721388566422320e+03
2.442306290441118563e+03
3.192259669501678673e+03
1.374914634063499534e+03
1.368657488721332356e+03
1.597489354769731335e+03
2.231911318860041320e+03
3.714577742272139858e+03
1.417701775270141297e+03
1.140120490063383841e+03
1.490607415186439994e+03
1.895290349726882368e+03
3.255408078694224969e+03
3.188471826002379203e+03
9.842535881657929622e+02
1.242932101975908608e+03
1.736842695482590898e+03
1.926735605659614293e+03
3.375561246569335253e+03
2.779295920648204174e+03
9.884856956037564260e+02
