2.071196763728617043e+03
-2.065914193825442524e+01
4.698491286285274100e+02
2.379391177132337816e+03
4.180097981744035678e+03
1.356426173647147152e+03
-3.345960469388978709e+01
6.489662150897371475e+02
2.526750792288238699e+03
4.172230118337079148e+03
1.357923632864413776e+03
-2.544262788575362677e+01
4.729557737344299539e+02
2.468274111322032695e+03
4.198880475567743815e+03
1.061214410793958223e+03
2.742730905959317624e+02
5.785181962602807744e+02
2.227842319617153862e+03
4.173535714432749046e+03
8.644051190734131751e+02
6.149975671743136445e+02
1.061858145298284171e+03
3.501404378249792444e+03
3.106054236964822849e+03
2.989254483330288394e+02
4.797629131662491773e+02
1.416342389184433159e+03
4.096064384323644845e+03
1.794962703683773725e+03
1.458886272151734715e+02
4.766795894836487264e+02
3.273572330572048031e+03
3.852445392664635619e+03
1.843170910350322913e+02
4.895758319426858520e+02
1.853768572786330651e+03
4.218533420889513764e+03
9.728870957914748487e+02
1.608441777706566427e+02
8.018167576285047744e+02
3.730298752722535937e+03
2.897595522412135779e+03
2.640609854149618485e+01
4.424034706020173644e+02
1.662072144502515812e+03
4.181576950730095632e+03
6.955371379338890847e+02
6.133789888747228360e+02
9.268716627638432328e+02
3.362850124825494277e+03
3.505819841988455664e+03
-3.725115597353035213e+01
5.445727516151771397e+02
1.944774437598122631e+03
4.127932198706614145e+03
1.839661942515349665e+03
3.336771833353078165e+01
9.850956072985040919e+02
8.991546297640961711e+02
1.577743601321036294e+03
4.017675040618383719e+03
1.716243796411744825e+03
3.377950852248325191e+02
6.737257121241785853e+02
3.209276175890682680e+03
3.952134841300500739e+03
2.241475978327027860e+02
2.658625292299793728e+02
1.131715909877159220e+03
3.793531334996057012e+03
1.646229194804995359e+03
5.296159224360208100e+02
9.980192637746929449e+02
3.545430629133344155e+03
3.868954388425893740e+03
-1.854411261126316290e+01
1.779785744412804434e+02
1.076360418098074888e+03
2.118929075909221865e+03
4.224268845824084565e+03
1.086893912158570856e+03
1.059779911045959807e+03
6.925219813030208797e+02
4.762140162170288704e+02
3.794940319037853442e+03
3.705961980178880367e+03
-1.100275489268936724e+02
2.333729280937569968e+02
1.613862317269554978e+03
4.169393667980029932e+03
2.163654500876898965e+03
-5.718103359964188570e+01
1.470816758888397544e+02
1.911558397648730079e+03
4.171577429634335203e+03
1.566228938216540655e+03
-2.048355194779718147e+01
7.072170795767510754e+02
3.764902855864994308e+03
1.688962348517538658e+03
2.947379092802020750e+02
4.595764516810355076e+02
3.809845024582972655e+03
3.161431170212210418e+03
-9.913195128306742276e+01
2.774653517270544967e+02
3.495696545941370459e+03
3.927050642878102735e+03
6.681524296742570357e+01
5.021448019089385753e+02
1.101967318376486674e+03
2.929970401534947996e+03
3.638479145940859325e+03
3.844745076788762503e+02
4.356337806320384516e+02
2.548956692328551981e+03
4.179356522888423569e+03
7.085080392406301826e+02
5.014749819793112806e+02
1.638539577285069299e+03
3.870713602238607564e+03
2.327033701070288316e+03
-6.615891013083555094e+01
5.837344616360704777e+02
1.872203187876856873e+03
4.054105095029171935e+03
1.536906372615232613e+03
3.816413607533647223e+02
1.014828951463713338e+03
3.084084989713660889e+03
3.851588071423161637e+03
2.292675890962823004e+01
4.197178459723712649e+02
1.148228701213661225e+03
3.274905004862711849e+03
3.653885016392850957e+03
-7.779770612894573167e-01
4.806073051032403214e+02
1.159603792924262052e+03
3.717184322424695893e+03
2.840037287980634119e+03
2.475853148349184210e+02
9.801816441831624616e+02
2.137716421672754677e+03
4.201782520418163585e+03
6.394194656399055248e+02
2.935497187251629043e+02
1.135739331024086141e+03
4.144913936152089263e+03
1.522348813793912996e+03
2.090695911202115440e+03
3.929803423955634116e+03
2.292968735836037013e+03
1.164619892640960188e+03
-3.844991545873212857e+01
-1.978961502556449403e+01
1.177694950155149627e+03
4.186433102011219489e+03
5.532007112039709682e+02
-5.232461511388574849e+00
6.920349869024303189e+02
1.430752137332496204e+03
2.008803736272989227e+03
4.115094415031251629e+03
2.168029836134985999e+03
5.441900868438841599e+02
5.921841127668026274e+02
3.673675266006525817e+03
3.481649957672679193e+03
-6.881310202734293568e+01
2.426123124632347583e+02
1.374728584571380452e+03
3.740344326610565986e+03
2.427155565573058993e+03
2.029452035699621035e+02
6.167261418466874829e+02
3.090801793075301248e+03
4.165778391383670169e+03
1.324152777059917696e+02
1.803076234275185996e+01
6.753820948167802953e+02
2.927655284558985386e+03
4.187517954047338208e+03
9.484963641986363427e+02
-2.613983858745556077e+01
7.961038450033757954e+02
3.783917268648736808e+03
2.567559489019251941e+03
-4.655794806563994825e+01
4.733220452370106273e+02
2.517105277761657817e+03
4.221643126037778529e+03
4.038923179568183173e+02
5.201697181260519898e+01
8.388149926244535663e+02
3.730318578956542751e+03
3.681695811963677897e+03
-7.630220189277633835e+01
9.996651612546982335e+01
1.330734884378214247e+03
3.927712026637871531e+03
2.214580748103994665e+03
3.430336264751301201e+02
8.472169681533345056e+02
1.910676056891375993e+03
4.191948909770494538e+03
8.443579052382627879e+02
2.571351069511208287e+00
8.057764968837969946e+02
2.749897922007534817e+03
4.214000550131850105e+03
2.786377504345234115e+02
8.203333020142490284e+01
9.770680959643067354e+02
2.832293786906468995e+03
4.131273715867014289e+03
4.631927657861403986e+02
6.056224475920920440e+02
1.094354063066214167e+03
2.423523780906989487e+03
4.068991176558959069e+03
1.369752710104944981e+03
2.987766512835975163e+02
6.503609816389099478e+02
2.923935075902732024e+03
4.216243455039656510e+03
4.069352893228834205e+02
-2.493559467573793142e+01
1.230979371448638858e+03
4.171315048007677433e+03
1.746597792607988595e+03
-4.636103500492736629e+01
2.329128412721240124e+02
3.447279187563941832e+03
4.100484490680608360e+03
1.992591613232298869e+03
-5.545852114195805171e+01
-8.474394936247104226e+01
2.642212929987501866e+03
4.202923451946474415e+03
5.030695039430628412e+01
1.073176400693933807e+01
7.515874358686021424e+02
2.370679875087803794e+03
4.169216708887137429e+03
1.440299631580856612e+03
-1.053475480715438373e+01
7.064783409187713232e+02
1.287439247772613953e+03
3.435332506974638363e+03
4.083859181277063271e+03
-6.912629575917629943e+00
2.902753734519512818e+02
8.311497351387525896e+02
2.808409201542582196e+03
4.211110681471280259e+03
3.139085669347873022e+02
2.831807798572659749e+02
7.949353412766483871e+02
2.489490943594441433e+03
4.205118070186718796e+03
8.784581433287240770e+02
2.885609589284022150e+02
8.690727475019446047e+02
1.457433038960642762e+03
3.714104483707972577e+03
2.246585894956078846e+03
6.957596377798041658e+02
2.899410794523693653e+02
2.992168088645585158e+03
4.192933600626126463e+03
3.139231524740362715e+02
6.851937974030952727e-01
2.972183714708282309e+02
3.477313473995676304e+03
4.102450019016400802e+03
2.109720131874911715e+02
7.953254890219913875e+01
6.192079037628960805e+02
2.971924794151099832e+03
4.159782795432472085e+03
1.402209635852678275e+03
-6.229425474759845116e+01
