1.322399925804548275e+03
1.558711618318411865e+03
3.702771993981312789e+03
1.918709791972542234e+03
8.944293698247635120e+02
1.309321225140467504e+03
1.575614189733993271e+03
3.591211352877876379e+03
1.516176592995166629e+03
1.037911461769143898e+03
1.419798454401359322e+03
3.157997272385244742e+03
1.960785959086003686e+03
7.506509196340151675e+02
1.332229264098778231e+03
1.649576266689454997e+03
1.900263372487921743e+03
1.769986606865389604e+03
2.718253267008542025e+03
2.659791553002113233e+03
9.214019588638936966e+02
1.490734583841324138e+03
1.579828175790220939e+03
3.227009358300441363e+03
2.030890890324218162e+03
7.424856321290548067e+02
1.259052801797465236e+03
3.205306499698979678e+03
1.965699006186259794e+03
1.227918144495015667e+03
1.273389871014061555e+03
2.374400299884574906e+03
3.055717314544009241e+03
1.138494566350939976e+03
1.273120589012038181e+03
1.634873405950938377e+03
3.233971282722392971e+03
1.526940077565643151e+03
9.496561792190606184e+02
1.511504246400034390e+03
1.868253737194198720e+03
2.851871126676191579e+03
1.287127641004199404e+03
1.116022103305104565e+03
2.199620758766217477e+03
3.075938846405361801e+03
1.053033545148980238e+03
1.075820565661621686e+03
1.208794013973562642e+03
2.947370977348511587e+03
2.573691863706323147e+03
1.058627530297643034e+03
1.288303886927934627e+03
3.555461327421034639e+03
2.483437941165361735e+03
8.611080190718661242e+02
9.456924409555755346e+02
3.001202255570212401e+03
2.037099360840368035e+03
7.415467793814852939e+02
1.293145082737938310e+03
1.473635866941429867e+03
3.245300808891891393e+03
2.102117910154403035e+03
6.065973214955808999e+02
1.159580897040564878e+03
1.385943211696807566e+03
3.763051165455230603e+03
2.139017552391735990e+03
6.244764950675599948e+02
1.126440460900671951e+03
9.550308195357613386e+02
3.826212363431267022e+03
2.707595759144161093e+03
7.573479548113087958e+02
9.088215837697363213e+02
1.293874517656461876e+03
4.126983382653567787e+03
3.052819648489579322e+03
1.099359536117413427e+03
5.128993200756676742e+02
1.178008107028583709e+03
1.674495182300355282e+03
3.337910521525846434e+03
9.935386492664571279e+02
1.619604541682419381e+02
2.841317731986522176e+03
2.686472323955042157e+03
8.137885107783384910e+02
1.079521655455992914e+03
3.011001101085328173e+03
1.021637888291713693e+03
1.261703615032112793e+03
3.961529503628315524e+03
1.791908671301753429e+03
6.248673725661386698e+02
1.213447470585333804e+03
4.157017144291833574e+03
1.929649834823910396e+03
1.070360830227207089e+03
1.093335098186102641e+03
3.790179740708576901e+03
2.007870494262483817e+03
7.088422514193657662e+02
9.052521395193026592e+02
1.980408147071544590e+03
3.655999436783775309e+03
1.045549457622203818e+03
8.858275781107466855e+02
2.285149110729014410e+03
3.006498661460615494e+03
9.449295120730483859e+02
8.661683914056845879e+02
1.412147068925759413e+03
3.256017758472879450e+03
1.806520829018795212e+03
8.723158961856033784e+02
1.070249505202073351e+03
1.362199665697382670e+03
3.399021279060308188e+03
2.466900046068150004e+03
1.219484667249226959e+03
1.265858658240638533e+03
1.498051659723031435e+03
2.971234439468116307e+03
1.702130091053555361e+03
1.047635348108405879e+03
1.207800430164174713e+03
2.786828194593442277e+03
2.377112738127220382e+03
1.030898012843734023e+03
1.394643050560660640e+03
1.675663509627926942e+03
3.311140171266067227e+03
1.492543421546543868e+03
1.125104538606602318e+03
1.390380455079715830e+03
2.022071218847958107e+03
3.122198738286685057e+03
1.496901479838230671e+03
1.001267699503923836e+03
1.342313020340106959e+03
2.229118791240126484e+03
2.684695679653214938e+03
1.098397857999318376e+03
1.431194688663091256e+03
1.070205859933369538e+03
2.684293444815073144e+03
3.086708213297274142e+03
6.101719992204077698e+02
1.250373823821007818e+03
1.512556663758769446e+03
3.059483507397055746e+03
2.076379047116726269e+03
1.158546009672609443e+03
1.468545186509962832e+03
3.566002864319647870e+03
1.190102033632162147e+03
1.029028056993775635e+03
1.563489200785082403e+03
1.606997058575140500e+03
3.716363441441747455e+03
3.435136541410347945e+03
8.929938143128292722e+02
6.634297759448859324e+02
1.285534557881130922e+03
1.942615739032202555e+03
3.004475201302669120e+03
7.944795158841820921e+02
1.319111340112254993e+03
1.060834835472925988e+03
2.816276712414070062e+03
3.456398397808467507e+03
1.005110983623228435e+03
1.115958745205283321e+03
1.212592207043005828e+03
3.110477351208755408e+03
3.057781415725024999e+03
7.471450596176889576e+02
7.075043867015028809e+02
1.724332406088261450e+03
3.807199023391609444e+03
1.562727916476299697e+03
1.730781387263275064e+03
7.836985808041750943e+02
9.365320611064845480e+02
2.752213560649170176e+03
2.932234710862895099e+03
1.104584404605611553e+03
1.492613391246685978e+03
1.610902542346596192e+03
3.108978047140979470e+03
1.753478370511663798e+03
1.135791891411637152e+03
1.674977698667161803e+03
2.787726367274813128e+03
1.079920656609684556e+03
1.176516326235034740e+03
1.402492602093095911e+03
2.648775820914053384e+03
2.429595259116027137e+03
1.044279425350617657e+03
1.336541451497964317e+03
2.853626279611034533e+03
1.896590638578133621e+03
9.586062278391200380e+02
1.208275643871674220e+03
1.852052904533202081e+03
3.318838086268649477e+03
1.576284922987993923e+03
1.174873356080878466e+03
1.286523575231769883e+03
2.469196461791129423e+03
3.127370658333209121e+03
1.174336967898295825e+03
1.258803820431533268e+03
1.491630513158830354e+03
2.379728083860683455e+03
2.950382800243605743e+03
1.174333513119866893e+03
1.231728260639994005e+03
1.590053236989964944e+03
2.717147995827043815e+03
1.906382148627306378e+03
1.190267417644795842e+03
1.295133655424366907e+03
2.802672233248052635e+03
1.559000313017869985e+03
1.109212486508552274e+03
1.776057335564974665e+03
3.074935786669994741e+03
1.317814174712223121e+03
1.336248589591355994e+03
1.466841562343623309e+03
2.305732104812253510e+03
3.056590584602032777e+03
1.193659439392813283e+03
1.464413699820964439e+03
1.626865638283152521e+03
2.202049875150658863e+03
2.973028642670636145e+03
1.122386336755025241e+03
1.330343838760026756e+03
1.635025328995212476e+03
1.932507864925294143e+03
3.274719328113558731e+03
1.675042364512919903e+03
1.218384326571979955e+03
1.163834934072268652e+03
1.494884017103867109e+03
2.124961601170965423e+03
2.610372243380230884e+03
1.401334635134355722e+03
1.455964582378027444e+03
1.734642559496995318e+03
3.707043927322116019e+02
2.196317241650142478e+03
3.773988886884423209e+03
1.380012208534617230e+03
1.311002069194097658e+03
1.663621874906550602e+03
1.480990434554750209e+03
1.391732111451914534e+03
3.434895722120197206e+03
2.637144757232880693e+03
1.389981182846439424e+03
1.738539006312570336e+03
3.158046723434180876e+03
1.148754496332673170e+03
1.699940271379435671e+03
1.485471112665957889e+03
1.189159679393473652e+03
2.238454980505407093e+03
3.035336864040303226e+03
9.150069285131294237e+02
4.721979740127230798e+02
2.050318773121882714e+03
3.317355282828164491e+03
1.210033685029001845e+03
1.224715853790124811e+03
1.208000003197740170e+03
1.858604050820425300e+03
3.379490776225200079e+03
1.687635066854772276e+03
