1.937264964824227718e+03
2.155327998182834108e+03
2.038249110364251010e+03
2.973530831400677926e+03
4.030565139406437993e+03
1.276641078937310567e+03
8.736238216521112463e+02
1.338592530369930728e+03
1.639646966973815097e+03
1.901000801245674438e+03
1.930065503234565313e+03
2.125461776888108034e+03
2.768845953319850196e+03
3.461149159987203802e+03
1.140503474310215324e+03
1.420216048220748007e+03
1.683390282294810277e+03
1.909140788245249951e+03
1.776030203135757802e+03
2.652482881405866920e+03
3.303528511584562693e+03
1.135619047487698708e+03
1.397869989376915100e+03
1.753972129429015013e+03
2.000973529844538916e+03
3.737099371110271932e+03
1.410401081764695164e+03
1.173606013108888646e+03
1.679697834356303247e+03
2.114447696565561273e+03
3.758905853658903652e+03
1.452511917490978021e+03
1.065865533916644154e+03
1.554880334521377563e+03
2.971686929227581913e+03
3.874546654970002237e+03
5.748022788884678675e+02
1.033321677207046605e+03
2.052469542037629708e+03
4.104404919356015853e+03
1.381680662547682232e+03
5.970606270428763764e+02
1.446597334093053178e+03
3.834945052153209872e+03
2.546248034079267654e+03
4.186308648450531109e+02
1.197005987152447005e+03
3.906599241648701991e+03
2.811964912938643920e+03
3.827456058125845288e+02
1.079694355283059622e+03
3.907255544898622702e+03
2.555856392194311411e+03
4.257344708758238880e+02
1.089724894387301219e+03
3.800264588039625323e+03
3.062431465053708962e+03
8.784968029253965369e+02
1.389536268187515589e+03
1.851795204189702872e+03
1.426856405813354513e+03
2.400432559695017062e+03
4.154808707639681415e+03
1.376673513306590166e+03
8.449000308338955847e+02
1.140388900103254855e+03
2.347047066345492567e+03
4.155063072760212890e+03
1.600688437664445473e+03
7.934110512625408091e+02
1.102328877645950342e+03
2.614688311261590115e+03
4.083427614248759255e+03
1.480185832773455559e+03
7.575342910496660807e+02
1.228497976304236545e+03
2.035769326849557729e+03
4.157056502883766370e+03
2.161559124754679942e+03
7.000184595303926471e+02
9.770968015379392000e+02
1.624232725233192923e+03
4.136406515919331468e+03
1.772191062252762777e+03
7.876735329425581540e+02
1.562805006617963045e+03
3.934920332360687553e+03
1.481301360023654979e+03
9.004991300576346021e+02
1.686792722022307316e+03
3.934117828344859845e+03
2.161247057173897701e+03
6.669935431719577537e+02
1.228243627399326442e+03
3.783164946994082584e+03
2.230506920629866272e+03
7.123332932891248674e+02
1.271964663735442400e+03
3.517584293967234316e+03
3.628351715208013502e+03
8.431477696473505148e+02
9.889344089798936466e+02
1.748964380273772576e+03
3.819884905952219469e+03
1.681177897083713106e+03
8.546081706268878406e+02
1.413019916042348996e+03
2.894298285336898971e+03
3.850334604069573288e+03
9.341206568106330224e+02
9.727299451975029569e+02
1.598396389148395656e+03
3.678314932571940972e+03
2.384646028094382928e+03
7.612785810692895438e+02
1.182376801422219842e+03
3.180020292106028592e+03
3.523934316240037333e+03
8.999294847564841575e+02
9.628188583039654986e+02
1.940266629298714861e+03
4.096556521395874370e+03
1.833239405458026567e+03
9.014217447450877216e+02
1.493154085787424719e+03
1.900199593436540226e+03
2.149246968777972597e+03
1.817752641901660127e+03
3.205813805072110881e+03
3.688594740485049442e+03
1.024446063125071305e+03
8.576904522491784064e+02
1.329209495514216769e+03
1.931844698698631646e+03
3.952663277858714991e+03
2.101635409053707917e+03
8.636013070552800173e+02
1.404627442593958904e+03
1.776103087603844870e+03
3.687851140884885808e+03
2.506808312008886787e+03
1.164634995355566844e+03
1.353624466231983433e+03
1.619315908973304204e+03
2.227833624084332769e+03
3.913026023045194961e+03
1.667056017074656893e+03
9.347667883237321576e+02
1.331265473123358561e+03
2.302752232999641819e+03
3.691080967310275810e+03
1.623641628560918889e+03
1.125995311563328187e+03
1.525021589511987031e+03
2.084373933894998572e+03
3.748466454125846212e+03
2.143148662657526984e+03
1.024600700796459250e+03
1.212162675027833529e+03
2.405917901918516236e+03
3.563292648565864965e+03
1.761595307274521019e+03
7.518606123406769939e+02
1.510904949919937508e+03
3.720189565690310246e+03
2.372090183386201261e+03
7.339201895578285075e+02
1.426683134602487598e+03
3.117458546565586857e+03
3.222683065359538432e+03
7.337739047269894854e+02
1.270806247147998192e+03
2.539057743523967929e+03
3.808508612401287792e+03
7.115408478218832897e+02
1.130584456476972719e+03
1.990848977355950183e+03
4.008952109419811222e+03
1.256535741578634543e+03
9.439845567208388957e+02
1.512160681230745467e+03
3.392413907605304303e+03
3.657865817028568472e+03
7.117588180631764772e+02
1.167281935280396738e+03
1.596552136711118919e+03
2.801030514538452735e+03
3.962725723430610287e+03
9.134881541615081915e+02
8.609575698924969629e+02
1.462609741033431192e+03
1.934277368937796155e+03
2.210964159623954856e+03
3.082356863798251197e+03
3.589260503483650609e+03
6.880348292744906757e+02
1.093552738597175448e+03
1.642012110284099663e+03
3.793659773412249251e+03
2.981969510174037168e+03
5.558760558574732613e+02
1.020914139189570619e+03
1.569481676096735555e+03
3.480459325273372542e+03
3.971839025610016051e+03
1.105236455301396745e+03
6.611847116666900774e+02
1.125812301556107968e+03
1.784011901238367727e+03
3.964747765359826644e+03
2.753381426034025480e+03
7.161278134776623574e+02
9.695772690597473229e+02
1.582151929055033406e+03
3.548356781719471201e+03
3.192653087612127820e+03
8.102327284919977046e+02
1.116449943763286456e+03
1.594041313879148447e+03
3.722701598421659128e+03
2.646621728937191619e+03
8.887550217748187151e+02
1.194749369043795241e+03
1.637381983502207277e+03
2.838488057501961521e+03
3.926049632858254881e+03
1.248608774718002223e+03
1.112053376948510959e+03
1.513277735156854078e+03
3.123946413670842503e+03
3.236836746990506981e+03
8.790548152832867572e+02
1.285797518365551923e+03
2.406838045344294642e+03
3.724781525984234122e+03
1.235929209584904356e+03
1.089798253359126420e+03
1.540273855593750568e+03
3.178686211815276693e+03
3.004580431483116172e+03
9.862023924745609520e+02
1.271258622286874015e+03
1.739944673959189231e+03
3.237887705703003121e+03
2.619437437631097055e+03
9.832843037633688255e+02
1.644632370712187594e+03
3.759173328472955291e+03
2.160046889717808881e+03
9.312950757746353929e+02
1.504967358135535960e+03
2.362706496038748355e+03
3.428543419407062174e+03
9.689095335175534274e+02
1.363510917554001708e+03
1.831742052776590526e+03
3.564063882101355830e+03
1.444105710264451545e+03
1.214508425665767390e+03
1.746119830836378014e+03
3.585644647790388717e+03
1.602693747829363701e+03
1.113067423095577169e+03
1.632532355739719605e+03
3.324745061330700537e+03
2.466371113086590412e+03
1.008788433060997363e+03
1.547189250948052177e+03
3.299208523255082127e+03
3.131695510365910650e+03
7.775491321232051405e+02
1.255965027442897963e+03
1.908683691865941910e+03
3.738614554776879686e+03
2.418574181174134992e+03
8.983675672108961408e+02
1.190045494217908299e+03
2.465468639410090873e+03
3.734729969318520034e+03
1.161989401459276678e+03
7.652509616095007914e+02
1.470348090626453086e+03
3.421731963631493272e+03
2.833420393118877200e+03
9.332116470336001157e+02
