1.284503293895284287e+03
1.733096506872973805e+03
2.127866695542024445e+03
2.779376245861316420e+03
2.743754177856245860e+03
1.195568913817883640e+03
1.257128919815691916e+03
1.831525093563176597e+03
2.844891184940199309e+03
2.860973270788261743e+03
1.202350170671397564e+03
1.262368435679602499e+03
1.818587660524106695e+03
2.025493299926375357e+03
3.228986115155015796e+03
2.899174850957280341e+03
8.610351684517848980e+02
1.233934941887102696e+03
1.724252610786317064e+03
2.650130415956345587e+03
2.752804725486091229e+03
1.420406522430865834e+03
1.232127225743116469e+03
2.266154977840643824e+03
2.982450567461803985e+03
1.550766692843496457e+03
1.383396815727976218e+03
1.595030246239531380e+03
2.631736844540435413e+03
2.866756987719610152e+03
1.386868071696888819e+03
1.207494443643631030e+03
1.811004014333268742e+03
2.890748703123541418e+03
2.144718507846710054e+03
1.152636946124937595e+03
1.828227483593557736e+03
3.122593104010966272e+03
2.420182934230279443e+03
1.187506606114116039e+03
1.346864380666094348e+03
1.915087354076042175e+03
3.045189323770413921e+03
2.137357343903948731e+03
1.049866884544684808e+03
1.487084232998826792e+03
2.704932113802410186e+03
2.904972912503429143e+03
1.248224196319523344e+03
1.400818659351037240e+03
1.862744253584318812e+03
3.019155159967463078e+03
2.019320673649385526e+03
1.160771421915191468e+03
1.517924312394904291e+03
2.185411559981157097e+03
3.653627383224781170e+03
1.564277506065888019e+03
1.569323619568639970e+03
1.278806435815144596e+03
1.492427494344702609e+03
2.138300365328188946e+03
3.093271025022271715e+03
2.200093704573264858e+03
1.127649979044321299e+03
1.443745124642181509e+03
1.920745157156246933e+03
2.953753556671238130e+03
2.432447741924323054e+03
1.060538948023239072e+03
1.446280817381596989e+03
2.730628445202517469e+03
2.943661498418764495e+03
1.510795277697480742e+03
1.179905024595610030e+03
1.573726310372185935e+03
2.551112578959852726e+03
3.326754377720044886e+03
1.883586993115453879e+03
1.595669578563385130e+03
6.710031995602578263e+02
1.388702068083200402e+03
2.676244026728209974e+03
3.090390325493344790e+03
1.557350618413981920e+03
1.205641792495156096e+03
1.492943271957989282e+03
2.525109783767967656e+03
2.912308923681269789e+03
1.470490604372487496e+03
1.286674080134530868e+03
1.672213716133282560e+03
3.043267848624649105e+03
2.562894782772449616e+03
1.124800761124958171e+03
1.400479212109934679e+03
2.242184947911073323e+03
3.004554454046619867e+03
2.285113246938288285e+03
7.621841666000192390e+02
1.507646224187633834e+03
2.859269591614291130e+03
2.861418193793291266e+03
1.195153651711317252e+03
1.342391153488206101e+03
2.084320622974997150e+03
3.023865597221824828e+03
1.814385807392389324e+03
1.106784286287631630e+03
1.582522430687665064e+03
2.986562893960955080e+03
2.740509734618408856e+03
1.186050955517676357e+03
1.314579377502903299e+03
2.020948835775753423e+03
2.990590239316673433e+03
2.082030878495955221e+03
1.273153241796307839e+03
1.460326666681366532e+03
2.969475553752126871e+03
3.178836179897406964e+03
1.230065840713828038e+03
9.916574616881956672e+02
1.422095919865133055e+03
2.900323187814894482e+03
2.949384949366635283e+03
1.172354216783632182e+03
1.048753233271377667e+03
1.815794779714429978e+03
3.162505289547820212e+03
2.923647752807100460e+03
8.851763007389357654e+02
1.154515035451424410e+03
2.288271800569892093e+03
3.141237422812300338e+03
1.984876217233770603e+03
1.049679513639103561e+03
1.600410331637107902e+03
1.975908641731957005e+03
1.792223723029872644e+03
3.448908994489203451e+03
2.741875361344244538e+03
8.829065220868945971e+02
1.121668021652244306e+03
1.709816849933802587e+03
3.025685326122176320e+03
2.412798850003778625e+03
1.187612309006255828e+03
1.426457077947495236e+03
2.227921779398167473e+03
3.030227421217055053e+03
1.909257106456437668e+03
1.224574129143523123e+03
1.509564636267552260e+03
2.554105668872446586e+03
2.945295350543524364e+03
1.420909624900134531e+03
1.131777615713075647e+03
1.979321868929695256e+03
3.106935285279207619e+03
2.411234346727638695e+03
8.217516513641998017e+02
1.388484503811549530e+03
3.224339021150869030e+03
2.667803868001078627e+03
1.007035661480347585e+03
1.269922081670130865e+03
2.117959464497726458e+03
2.967307622620930488e+03
1.893368178523083316e+03
1.233144692751695629e+03
1.405487643856970635e+03
2.490168373269325912e+03
3.067469986871179572e+03
1.905308925602660111e+03
1.128748900455869034e+03
1.400506205418346326e+03
3.044262485636231759e+03
2.730955503787839916e+03
1.057682971878181434e+03
1.329827937131069348e+03
1.938198938210515053e+03
3.714653849809822987e+03
3.356796255658945483e+03
1.930122454038663875e+02
8.092926448570535740e+02
1.276441705478201129e+03
2.357583766270656270e+03
3.128041628951862549e+03
1.954310207004045424e+03
1.062467150167904947e+03
1.515268584176875493e+03
3.096206999629229358e+03
2.823587011708801128e+03
1.228926007554711532e+03
1.096866739275572627e+03
1.746739192300133936e+03
2.980578741143279331e+03
2.958481984917622412e+03
1.150153729585110341e+03
1.356142298327379876e+03
1.778633791460920747e+03
2.968045205196453026e+03
3.158338607591827895e+03
1.123419740228682940e+03
1.016568707370999277e+03
1.686287249811028005e+03
3.343860204820080980e+03
2.547827421382816283e+03
8.921927883613951735e+02
1.210073985661724919e+03
2.003126917798811519e+03
3.223428474151417959e+03
2.356404911758510934e+03
9.843315670195581788e+02
1.319596507822363719e+03
2.212784555229371108e+03
3.172544861228877380e+03
2.145598650452954189e+03
9.152038731496655828e+02
1.402912180995705512e+03
2.617117458739778613e+03
3.181257499943025778e+03
1.372762173878360727e+03
9.938301309236568386e+02
2.043786651330750828e+03
3.297525584570531919e+03
1.669460227019716967e+03
1.154059796457524499e+03
1.399367037127699405e+03
2.634170006735877905e+03
2.945528589922053925e+03
1.659420310841094533e+03
1.225227216197025655e+03
1.482663630560365164e+03
3.001795192701102224e+03
2.687706992375815844e+03
1.152480393584538888e+03
1.442340459658953023e+03
2.511389361183317305e+03
2.996114153135279594e+03
1.349533821600804231e+03
1.178319538409303732e+03
1.800670033931456146e+03
2.859068807549257599e+03
3.067918391923114086e+03
1.567221128244203783e+03
9.962172155700986877e+02
1.511644875750240772e+03
2.113056327991953822e+03
3.203478832829217026e+03
1.552296129138363540e+03
1.446616194996746572e+03
1.516254080101415866e+03
3.044299040117381082e+03
2.509036773815354081e+03
1.135013961868053229e+03
1.417417726395231512e+03
2.024520461095148903e+03
2.846883779757445609e+03
2.217539081643484678e+03
1.283244346151127274e+03
1.473286657917201637e+03
1.877400625322500446e+03
2.067957802911283579e+03
3.276610871961772318e+03
1.923693751643086216e+03
9.817542620399796078e+02
1.577924642623774162e+03
3.315085906127053931e+03
2.644285097739697903e+03
1.136097658416325203e+03
1.155257942205569407e+03
1.719719883490165785e+03
3.321322442359285560e+03
2.879619992171692502e+03
9.787275771749085607e+02
1.176147964168707858e+03
1.395266505612210040e+03
2.356813667662990156e+03
3.151224246010313891e+03
1.964546465560562410e+03
1.063429860732342377e+03
1.387299846928234501e+03
