1.955854350351958601e+03
2.923706874009637886e+03
2.827949261830007799e+03
1.570244670045998873e+03
1.489215659396011688e+03
1.701075917195918919e+03
1.904360000772806188e+03
2.192862032659022134e+03
3.390944014962056372e+03
2.428313087792607803e+03
1.325690594273174383e+03
1.280069431268945891e+03
1.574066175678069158e+03
1.764189175422864764e+03
2.248442732497156612e+03
3.132746082287340869e+03
2.025385950555682030e+03
1.357105834761463484e+03
1.581113948907624263e+03
2.103077100695867102e+03
2.894331445044746488e+03
1.722021867151450579e+03
1.438847551654945846e+03
1.662542961396253759e+03
2.017721056302647867e+03
2.860356339170907631e+03
2.083228608021418040e+03
1.452901342505836055e+03
1.579529489642968429e+03
1.994422003144616383e+03
2.988338110257014250e+03
2.054320087811977828e+03
1.351647137607775448e+03
1.522028933240263541e+03
1.903862634942592649e+03
3.079007827553917650e+03
3.479713640058091187e+03
1.170744070333078753e+03
1.034039316682591789e+03
1.473964638706630694e+03
2.381818626844626124e+03
2.931527138390846176e+03
1.577031307682631223e+03
1.392287256829565194e+03
1.660513768109268995e+03
2.345987179663248298e+03
3.003095767085211719e+03
1.874964219448388121e+03
1.300708949417639815e+03
1.486536128183332721e+03
2.247223518212139425e+03
3.083967856014419340e+03
1.681193877672033295e+03
1.264867408466493998e+03
1.487962598317826860e+03
2.104950892239744462e+03
2.933545222003758681e+03
2.181514565201187906e+03
1.298236560633188446e+03
1.467290288664222999e+03
1.732562740884346340e+03
2.459833306062071642e+03
3.282803359661470040e+03
3.069092984953038922e+03
1.106733708588521949e+03
1.092892843032959263e+03
1.414676727356727042e+03
2.360120384299401394e+03
2.950459336633405655e+03
1.977750150693059823e+03
1.218746390964417969e+03
1.340438368880703820e+03
2.265017249778865335e+03
3.065263836474373420e+03
2.514562644634546814e+03
1.320621533763107436e+03
1.140263108140141867e+03
1.961661021632656912e+03
2.892919802524940678e+03
2.430442697952720209e+03
1.342292431368011421e+03
1.314489025398569311e+03
1.527647470391359548e+03
2.597657115848729063e+03
3.066793632002919821e+03
1.670623236514389646e+03
1.376305214428168711e+03
1.435803397107582441e+03
2.426007413321173317e+03
3.058388416977497855e+03
2.287535112031802328e+03
1.316633561077670038e+03
1.292490888525373066e+03
1.909286483439314907e+03
2.779038676605969613e+03
2.559167534524661278e+03
1.403981415608598581e+03
1.267529645750957116e+03
1.739525204351380580e+03
3.006661759966926638e+03
3.119691007397254452e+03
1.429824279478325707e+03
1.145745164304443733e+03
1.248204526885457653e+03
2.194149018402526053e+03
3.012259012145405904e+03
2.266109328853151965e+03
1.296185279086329047e+03
1.207974153139451573e+03
2.239300160300017524e+03
3.031601800829818330e+03
2.036398935865324802e+03
1.277587196057361780e+03
1.317259790489702027e+03
2.008045663232739571e+03
2.982064009014777184e+03
2.584918009054548747e+03
1.328783360326960064e+03
1.273462930058927896e+03
1.616971214552786478e+03
1.863603130405174170e+03
2.687027002007023839e+03
3.540418074448734387e+03
1.357314721078983666e+03
1.177161841986410309e+03
1.720229901139732419e+03
2.900343747377344243e+03
2.795983889960470151e+03
1.212450208723450032e+03
1.383824301585930471e+03
1.720194399126788994e+03
2.220650956847513044e+03
2.970521279831138600e+03
2.010757679528694780e+03
1.407314953877593780e+03
1.600536476741431670e+03
1.729798488660786916e+03
1.948179237424223857e+03
2.437459504862015820e+03
3.191317461949318385e+03
3.086213288816931708e+03
9.618887857772353982e+02
1.255399087570490337e+03
1.615854136614484787e+03
2.814107465191952087e+03
2.771036990573321418e+03
1.332273115717763176e+03
1.270387309386801007e+03
1.755299429060683906e+03
2.719648338290744960e+03
2.779082698640217131e+03
1.318750274978493735e+03
1.282833015944638873e+03
1.530801881148319353e+03
2.642097516445992369e+03
2.612038687464080340e+03
1.630454916252481553e+03
1.360537000658066972e+03
2.039582962860240968e+03
2.965789052501781043e+03
2.553341837307285459e+03
1.287307098406726027e+03
1.217390497545831522e+03
2.138267468232074407e+03
3.050700863358430070e+03
1.767625511934572842e+03
1.400591327263675566e+03
1.408025150110893264e+03
2.092831367845471959e+03
3.029104564203291829e+03
2.712789663957800258e+03
1.282912607703543017e+03
1.216045766801394620e+03
1.684694867040612280e+03
2.845161886212169065e+03
2.913148826099693906e+03
1.238793853054042529e+03
1.288583152538197282e+03
1.571094260936765750e+03
2.277730636301484992e+03
3.048824859881430257e+03
2.612087287780814677e+03
1.290038781423522323e+03
1.166752368134757944e+03
2.268767807042425829e+03
3.140566242805792172e+03
1.817396993045869749e+03
1.363138010020182492e+03
1.425721488409558788e+03
2.287163772290749876e+03
3.130976166515049954e+03
2.023811253515107865e+03
1.181804242742139422e+03
1.283335710901400944e+03
1.919469000431545510e+03
2.858656733721230466e+03
2.670186927985759212e+03
1.446672897051323844e+03
1.275627875513775507e+03
1.696600239669044413e+03
2.918310656453176307e+03
2.810278163167379262e+03
1.295431410504019141e+03
1.263198374732546881e+03
2.243667744909711473e+03
3.255140290529786398e+03
1.893196049274293728e+03
1.007280622855938191e+03
1.081684719065411400e+03
2.293331661598897426e+03
3.707711984962425049e+03
2.402690460377858471e+03
1.033277074693770828e+03
1.164567805963505862e+03
1.738950450682821611e+03
1.906336845670969751e+03
1.595699410616912019e+03
1.956034898836479215e+03
3.066909247447629696e+03
3.306992674217627155e+03
1.505513813102216773e+03
1.205916308605354288e+03
1.421280408397504061e+03
2.170430060575630250e+03
3.395390429973218488e+03
2.464136837086373816e+03
1.264457914255014884e+03
1.190784938915224529e+03
1.523944515812444024e+03
2.761572424995113124e+03
3.075120999801133166e+03
1.398370877700667506e+03
1.067262424900132146e+03
1.612691684827311519e+03
2.833882003676033946e+03
3.239555109716147399e+03
1.641781009128296546e+03
1.138689953313811202e+03
1.192752629425567420e+03
2.203294261430305141e+03
3.005610733768054160e+03
2.310527913732237721e+03
2.253363743552944925e+03
1.656572979226499911e+03
1.319457921849319519e+03
1.960724637961529197e+03
1.556368409615010933e+03
1.721599258640480457e+03
2.966018112103522981e+03
2.540705530063519745e+03
1.643618010278012662e+03
1.548935079075093199e+03
1.415888736577860300e+03
1.807441103108495327e+03
2.847000820013816792e+03
2.975983159239965062e+03
1.434286735370678798e+03
1.209459406134006258e+03
1.420808548319587544e+03
1.698448755249762826e+03
2.089048664215599274e+03
2.720543298654226874e+03
3.314332183593977788e+03
1.889509585993056362e+03
1.308056939895016967e+03
1.439472473924021187e+03
1.652073995173593630e+03
2.490572852388289903e+03
3.069527555332878819e+03
1.663742046292156147e+03
1.417225130734402001e+03
1.702147016317412863e+03
2.022472681783433700e+03
2.282054114845848289e+03
2.120760844217251361e+03
1.919965188481938867e+03
1.801693688187633370e+03
1.973212496732008958e+03
2.668316631198905270e+03
3.150036409851553344e+03
1.797925892137504206e+03
1.211387040920081517e+03
1.470424349055717585e+03
1.624291442442331800e+03
