2.211510521524464821e+03
4.008487600663498142e+03
8.471257857693889264e+02
1.059854628831298896e+03
1.565772327470137270e+03
2.239124460976646787e+03
4.133350288469910993e+03
7.828180240541389594e+02
7.041748944874505014e+02
1.833003512279442702e+03
3.847394205196737857e+03
7.696794914113393133e+02
8.985142591104371377e+02
2.507811082996642199e+03
3.357016274696248274e+03
6.462716928862017767e+02
1.072112108222303050e+03
3.147423394935004126e+03
2.948846188705236273e+03
6.083361809043982475e+02
9.984365436691577997e+02
3.099338764131888638e+03
2.866756839480317467e+03
4.746312412273864538e+02
1.334333410493417205e+03
3.958825151994846237e+03
1.373860016279660613e+03
6.456787018460992158e+02
1.872441629340012014e+03
3.740281441949530745e+03
1.070665559623695572e+03
8.193968284116422183e+02
1.474377838011262156e+03
3.493299273895543138e+03
2.024818111440846451e+03
7.924455683570528208e+02
2.534505216761796873e+03
3.837183930011835855e+03
7.814123416523616470e+02
6.792896328362170379e+02
1.856546521834614850e+03
3.694148179417748452e+03
1.186604657429348208e+03
7.583047294933447802e+02
3.095334134324456954e+03
2.280114558973536987e+03
6.760411606405021985e+02
1.147784615459178212e+03
3.380836124096146705e+03
2.118946676075492178e+03
7.912636096174480826e+02
1.396909567033488884e+03
3.622702148117848083e+03
1.645934431086143150e+03
9.694768355082712787e+02
1.099031753814663944e+03
3.322500830427256005e+03
3.039356676873010656e+03
6.101262613856288226e+02
9.926991653874487156e+02
2.295118986951458282e+03
3.665450693221323945e+03
1.828647898076003230e+03
1.441234626527008913e+03
8.532278640516655059e+02
2.959619625078580611e+03
2.861737525794249905e+03
8.333427561787733566e+02
1.067091634643468751e+03
1.704219913011058907e+03
1.539286183969860758e+03
1.273651247254154896e+03
3.680446193305277575e+03
2.279920129782602544e+03
8.584163586298000155e+02
8.319498698802578929e+02
3.312874010337559866e+03
3.133359343403894400e+03
4.594643951251650833e+02
5.938762372534482665e+02
3.407812176210747566e+03
2.325324198384094416e+03
7.096070247677896532e+02
9.552086319717559491e+02
2.907872420706251432e+03
2.933696007946603459e+03
9.453764389993605164e+02
9.717777808945825200e+02
3.256677227044668143e+03
2.413975964805345029e+03
8.237962207138413078e+02
1.037370864798280309e+03
2.971288841612719352e+03
2.587025052071244318e+03
9.929323773462820100e+02
1.180524936434769415e+03
2.809204410391055262e+03
2.590060536102849255e+03
6.359151799363964983e+02
1.476161024755939252e+03
3.828716228992453580e+03
1.745443677346715731e+03
5.881116063692323905e+02
1.242175554704280330e+03
3.294680197176592628e+03
1.565764849797381885e+03
1.148729109609160787e+03
2.332148089396580872e+03
3.073441256562149192e+03
1.174931932425510922e+03
1.164356112368054255e+03
2.565078474705823737e+03
2.844922354595048091e+03
1.250734622093695407e+03
1.194293935280406458e+03
2.090908138675091323e+03
3.047202380964394251e+03
1.467187133740445688e+03
1.274388787919327115e+03
1.855035712795130621e+03
3.069296079597671906e+03
1.775703319692383957e+03
1.297486638598280251e+03
1.367177446474635417e+03
2.610468289851571171e+03
2.599629179408384061e+03
1.185790578489436712e+03
1.276781921835432513e+03
2.691882524767831910e+03
2.960641439063109829e+03
9.178856321482178373e+02
1.103795414594420663e+03
2.555699009999052578e+03
3.733987630629826981e+03
9.841376930206685074e+02
9.472450252052211681e+02
1.456024158943486555e+03
1.758067260916782288e+03
1.881050697365723863e+03
3.637358110836304604e+03
2.782084291674028464e+03
7.771450818060790198e+02
8.904316936888062628e+02
2.283674132887554606e+03
3.477396093076964917e+03
1.280351173123156286e+03
8.884163387797671021e+02
1.619141083596925000e+03
3.609223598186568779e+03
1.869976124696163879e+03
6.429926544486470448e+02
1.553261170422308624e+03
3.767357314848567057e+03
1.656294237117098874e+03
5.404562467132798247e+02
1.603107098918417250e+03
3.376803617303055034e+03
1.342601292449941411e+03
8.669350953282481669e+02
3.047356750092739276e+03
3.296910413514856373e+03
1.189912480892112626e+03
1.310212859578532971e+03
8.174171358162321894e+02
1.243945787351310628e+03
3.421615326050027761e+03
2.406198042136418735e+03
9.719646203875651054e+02
9.748054895449669175e+02
3.101310008475419636e+03
2.755128384345066934e+03
7.494710738119409825e+02
1.047989372585520414e+03
3.336794544427095843e+03
1.934757773509228173e+03
7.388152066879545146e+02
1.310913001369593530e+03
3.603545097170238478e+03
1.687983750440864014e+03
8.760848940942233867e+02
2.009253751187032776e+03
3.289729857615009678e+03
1.018240527844507710e+03
1.191115105457105074e+03
3.340372120275373163e+03
2.238126005890985198e+03
8.242381523728726052e+02
1.126779528810546026e+03
1.479986025292188970e+03
3.128759622649530229e+03
2.763229425323692794e+03
9.554137001650927914e+02
1.082555440773065357e+03
3.240030283992038676e+03
2.726646404125513982e+03
7.909957508589152440e+02
9.879248312168716666e+02
2.035077362678403006e+03
3.864196676673534967e+03
1.106345675959655409e+03
8.727614752403801504e+02
2.062766559272505674e+03
3.819311329865918651e+03
1.009724484838390140e+03
1.552052512000539537e+03
3.940906383526128138e+03
3.970945909555359776e+03
3.557299262743480995e+03
4.155124025831662948e+03
-1.212883882519760306e+02
8.433678265294322074e+00
1.998871349893867588e+01
6.889248023304752451e+02
1.240124810973695730e+03
1.606575603754933127e+03
1.416335905365046983e+03
1.078612796666887789e+03
9.007663570736144720e+02
-2.930689788888446401e+01
1.555865308426705269e+02
1.404831495076201236e+03
2.138687433947713544e+03
2.086674638754804164e+03
2.200089315942275334e+03
1.910984711284365630e+03
1.649028632026613877e+03
2.554039111721770951e+03
2.157131066482317692e+03
2.065290800973792557e+03
2.090684428930598642e+03
2.003341819500138854e+03
2.063505696253120277e+03
2.117446100443972682e+03
2.083362871624223317e+03
2.038758903350773608e+03
2.019693929154916987e+03
2.048817625536654759e+03
2.027121099026187494e+03
2.045874542354935556e+03
2.014058000085013873e+03
1.916204164090294853e+03
1.935016610140226476e+03
1.935872572495548184e+03
3.425840167761771227e+03
1.941578807152920263e+03
1.039123500709214113e+03
2.300122808193812489e+03
4.139804310875200827e+03
1.138107015300496187e+03
5.478593137446061974e+02
1.107318915032546329e+03
1.942247227532807756e+03
3.655672622397760279e+03
1.373242970791284279e+03
1.051031954349778971e+03
1.515931350083295229e+03
3.610136023905398361e+03
2.177541356119706052e+03
5.990261107577010762e+02
1.387877929680756324e+03
3.740810638023707270e+03
1.403193157027173811e+03
6.238076031844228737e+02
1.374024315081044733e+03
3.629893414491456042e+03
1.613474203642165094e+03
6.912258565988773853e+02
2.820407643259976339e+03
3.930202898878453652e+03
1.132537116329908031e+03
1.095150245787679069e+03
3.379166230896560137e+03
1.738360418527935963e+03
1.339020528912256168e+03
1.465828619549031828e+03
1.721416134236006428e+03
1.513776064579275499e+03
1.027053496010522849e+03
9.577582521709738330e+02
1.644824272631729400e+03
3.598194446869325930e+03
1.480398572906442951e+03
1.195114243855626228e+03
1.639297399619397083e+03
