2.728401908454773547e+03
4.002498652489841334e+03
2.997485205870413211e+03
-3.000406899898878521e+01
6.357905263018951700e+02
1.629096805955379978e+03
3.844080591342642492e+03
3.628500192802441688e+03
7.833556771980438498e+02
3.419645789306534880e+02
1.192887734244968442e+03
3.221690329873105838e+03
3.769073585214970535e+03
7.418157492500307626e+02
5.819959879905538855e+02
1.527561405087672711e+03
3.629821804682032052e+03
1.740804643220963499e+03
9.457184022859789820e+02
2.014089458310691725e+03
3.496236596160945737e+03
9.764614654786937535e+02
1.183841781158006143e+03
3.145596119826882841e+03
2.429872681021852259e+03
1.003862869381363794e+03
1.887197672734379239e+03
3.433741858496774057e+03
1.147411325425077393e+03
1.163231393189063510e+03
2.872803848096873480e+03
2.957190475217473249e+03
8.001696158607870757e+02
1.459369805328495659e+03
3.412357024408239795e+03
1.997628214798671706e+03
6.784327445791060427e+02
1.723132689434734857e+03
3.767740175262495995e+03
7.727173797023870065e+02
1.352886738751891471e+03
3.542254362486331047e+03
1.257817031549879630e+03
1.067806242077193247e+03
2.862995068774895572e+03
2.719738541155075382e+03
7.830739235738199113e+02
1.844264718397075512e+03
3.589810467356902791e+03
8.101873089844669948e+02
1.284077994027009709e+03
3.324106253558188655e+03
1.502776268506954011e+03
1.011448561507669183e+03
2.634776853814299102e+03
3.213133651047006424e+03
5.951994430809977530e+02
1.150010060961701356e+03
3.505456318279260813e+03
2.113741506200707136e+03
9.254353063280848346e+02
2.598742201144771116e+03
3.149231295179693916e+03
5.934270587882538166e+02
1.355939792891972274e+03
3.430887434802379175e+03
2.341628575495217774e+03
7.665092272611204862e+02
1.626193134425550852e+03
3.636650879554256790e+03
1.660825527760327077e+03
7.212854419335964167e+02
1.938747826162257752e+03
3.720304362965991004e+03
8.930446398958108603e+02
9.955617871055303567e+02
3.037005515068277418e+03
1.961498964606472782e+03
9.511988624022736758e+02
1.034737730848436058e+03
4.182120658924860436e+03
1.765889487215508552e+03
6.437108336540507025e+02
2.014087377121042891e+03
3.872270938384735018e+03
6.435759429339241251e+02
9.602996662488271795e+02
3.514711398763208308e+03
1.842722612196278533e+03
7.827660478072749584e+02
2.279832362726268912e+03
3.568461259839551076e+03
6.552407901769894352e+02
1.005636493231806185e+03
3.657647892690938079e+03
2.086019972788772520e+03
7.374338519375759233e+02
1.414752828585861607e+03
3.832439020708917724e+03
1.743326582983766002e+03
7.353225786108725970e+02
1.649793683850687557e+03
3.951827220892609148e+03
7.472720154178541634e+02
9.380446301445572317e+02
2.729790720943583437e+03
3.512498636127349528e+03
6.954860869754379564e+02
1.052065386370855549e+03
3.516399980694366604e+03
2.136347874644304284e+03
6.875156731417164337e+02
2.145588256421299775e+03
3.787071043073166038e+03
6.839226685486114548e+02
8.698687632369777702e+02
3.114123861046874026e+03
3.150508852523300448e+03
5.780742372610110351e+02
1.298106243848681288e+03
3.870235756055082220e+03
3.810357171750220459e+03
2.947700328957315037e+02
2.156505103770624601e+02
1.116742728467387678e+03
3.384995070309274979e+03
3.428325470206959380e+03
3.232631860203732117e+02
1.164654102873855663e+03
2.498853262098448795e+03
4.025051968564636354e+03
4.653830454720755938e+02
1.060669361695090402e+03
3.191903781193887880e+03
3.963824221337652034e+03
5.790052016572644078e+01
8.541649219852035912e+02
2.179927667110936909e+03
4.137070594759068626e+03
3.183555373064502874e+03
1.423904562715993961e+03
-5.297990349001989330e+01
6.208178863778206278e+02
1.637722187556242488e+03
3.399230211863680779e+03
2.857094169592251092e+03
9.066002911253876846e+02
1.676208141695888344e+03
3.620609610486140809e+03
1.185865319805069930e+03
1.107922424606420918e+03
2.089104272440037221e+03
1.576678192690430024e+03
2.872902239962906151e+03
3.857644851211828609e+03
5.669408283511571653e+02
9.794473096412264113e+02
2.419224651877965243e+03
3.704978884294345789e+03
9.225278434249999009e+02
9.639378117694086541e+02
2.878009357177929814e+03
3.452454911578166957e+03
5.527425291903383595e+02
1.100834441595801991e+03
2.964593860894980935e+03
3.386405780905609845e+03
8.452958360345049869e+02
1.069891318154791179e+03
3.347216277238450402e+03
2.640646144241889033e+03
6.695510002340671463e+02
1.321945144517990457e+03
3.447215613307625972e+03
2.058613877403856804e+03
8.741413655075643874e+02
1.545036459093990288e+03
3.506903792391852221e+03
1.520285627142297926e+03
9.832347729725262298e+02
2.336212974842262156e+03
3.429949198481679559e+03
5.839634829290636162e+02
1.129001631603109217e+03
2.839120594358189464e+03
3.223621923437540318e+03
7.184115538781219357e+02
1.823911760219240705e+03
3.743851398145432540e+03
6.744345490734905297e+02
1.019533464379771317e+03
3.394363310423673283e+03
2.183199898630993630e+03
7.160761668859054225e+02
1.702635815657891044e+03
3.940687881513508273e+03
9.281507693506574697e+02
7.527500585843035878e+02
2.452758483567894928e+03
3.883783444712270466e+03
4.917013782142519744e+02
1.051484587197635392e+03
3.084976701080483053e+03
3.698997818598952563e+03
1.014291700153443827e+02
1.055309437613089813e+03
3.821193711422848537e+03
3.927518983514800311e+03
1.234947889878393198e+03
-4.347099633086059356e+01
8.483088511819362338e+02
2.746760809051134856e+03
4.131910535430604796e+03
6.935213708263612489e+02
5.880483899059321402e+02
2.715278355714794998e+03
4.173097321284951249e+03
5.659353049849507897e+02
8.553088372991820734e+02
1.982593947937650910e+03
1.126091042388193273e+03
2.140501794794891339e+03
4.119582992328295404e+03
2.877311369345852654e+03
-9.955897413336367663e+01
8.641062551418962130e+02
2.266845491515042795e+03
3.957316810784398058e+03
6.686843802097300795e+02
1.020958103723955446e+03
2.498751977431082651e+03
4.069033622957253101e+03
6.482476921006173143e+02
1.045257513132630947e+03
2.761122719263469207e+03
3.276828920571963863e+03
6.835371851565993211e+02
1.210551326979639271e+03
3.577270870010987892e+03
2.228240907487290315e+03
6.748063977407198308e+02
1.570868470365155190e+03
3.950945522805681321e+03
1.209328804163706536e+03
7.351809692238870184e+02
2.445698891306603400e+03
4.081877854126464626e+03
4.112444232047740115e+03
-1.689463067616500211e+02
4.053744936448275382e+01
7.597075023060139074e+02
2.897450781942882713e+03
3.352274884235858281e+03
6.626531930561554873e+02
1.303644453198343626e+03
3.822819889393363155e+03
1.145364410319680701e+03
9.176576990064173742e+02
1.819084039961563803e+03
3.695117830838948976e+03
1.169915167056346263e+03
9.473994467330381894e+02
2.867003437346962528e+03
3.147921485699283949e+03
7.115208857776927971e+02
1.312288666208502946e+03
3.875963595823168816e+03
3.937274730022648782e+03
2.989953120346681771e+03
1.578515071618518959e+03
-2.701761334212360310e+01
1.477747816992439596e+02
1.214485750698688889e+03
3.381713586243087775e+03
4.079783806284362072e+03
2.940158777421242576e+03
-1.140242738640777134e+02
6.512298297468171313e+02
1.625826111197186037e+03
3.309640672568905302e+03
3.986008737984612708e+03
2.941415963372497117e+03
-1.197419133461065286e+02
6.643359041160637162e+02
