2.132597246859653296e+03
1.296393561359405112e+03
1.786303983167949809e+03
1.994662079317478174e+03
2.131472879474514230e+03
2.102901249985940012e+03
2.160138840304090081e+03
2.079924064071814428e+03
1.994179122796464753e+03
1.624566656580684139e+03
2.268342175409828997e+03
2.313467703923997306e+03
2.102367653373185021e+03
1.955969870829928823e+03
1.897794517077389628e+03
1.591747302160103345e+03
1.401028202631261593e+03
1.442649401753905067e+03
1.515456887601496874e+03
1.710844400495270975e+03
2.090295996342742910e+03
2.766297970524439279e+03
2.586312204908141211e+03
2.150468315994527984e+03
1.779442272137436021e+03
1.515931013617625467e+03
1.419310382021095847e+03
2.189023963503540017e+03
2.519135146617180453e+03
2.207185153281401654e+03
1.878101707310207075e+03
1.621082528143957461e+03
1.556902055558822440e+03
2.157205470727859392e+03
2.500615885859658647e+03
2.275309103194018007e+03
2.016055753844987521e+03
1.734488248114084399e+03
2.322975186242358177e+03
2.447549091206753474e+03
2.091721092542908082e+03
1.852766129912766701e+03
1.842768493635627465e+03
2.455615763224398052e+03
2.306954156459997193e+03
1.979038754776534688e+03
1.695423561281984121e+03
1.926656368828746281e+03
2.485030559310655917e+03
2.315920358167521044e+03
1.930064498317565040e+03
1.668873080920407347e+03
1.712598346186922981e+03
2.350858826939161190e+03
2.222199190145629927e+03
1.807705849838919676e+03
1.578295484463723596e+03
1.953827845203288234e+03
2.562525733704264439e+03
2.367196159175821322e+03
2.034884212686572710e+03
1.688105759631799174e+03
1.940075221732065074e+03
2.682481006137274562e+03
2.465737884593867875e+03
2.046199827880730027e+03
1.756154918712525841e+03
1.592983778774294251e+03
1.977429759901956459e+03
2.538489199372458643e+03
2.227029714444902766e+03
1.861657110763596165e+03
1.582638796648350535e+03
1.672743383361935685e+03
2.364922545918042488e+03
2.260879609357670688e+03
1.864923879572650321e+03
1.610210789586700685e+03
2.126465861267225591e+03
2.591449901589887759e+03
2.210665822081886290e+03
1.904692571285057284e+03
1.708661565126536971e+03
2.118469599855100114e+03
2.467042351106871592e+03
2.103980586674905680e+03
1.801447562081569004e+03
1.573897163618489685e+03
1.970000373019737481e+03
2.354183689388612947e+03
2.049108967259560359e+03
1.735523901591541517e+03
1.620131886567176025e+03
2.271507730805276879e+03
2.313655577102079405e+03
1.897216476399898966e+03
1.573261634384395620e+03
2.054096689155551303e+03
2.395159174360780526e+03
2.005980172661814095e+03
1.641211338039387101e+03
1.880274678519273493e+03
2.361012212239812015e+03
2.092847018158420724e+03
1.806085240151288872e+03
1.698575015234820057e+03
1.654484742611994534e+03
2.324472264225176332e+03
2.381938803873962115e+03
1.998606983256687954e+03
1.763433403916411862e+03
1.546373925987664734e+03
2.129216675329072132e+03
2.451708359922400177e+03
1.981476204773849531e+03
1.610552676971990650e+03
1.726247656011388926e+03
2.338308345016359908e+03
2.153855588599768907e+03
1.729963476095944543e+03
1.844162211956539750e+03
2.567501373673755552e+03
2.316291268722131917e+03
1.888708203113599211e+03
1.732169907505978699e+03
2.390630681148379153e+03
2.343491955251807667e+03
1.904988521603243044e+03
1.600612113658027283e+03
2.027991607741146254e+03
2.310063921876242148e+03
1.960136812389181841e+03
1.696327839327802849e+03
2.157031790705645108e+03
2.289760879044982630e+03
1.915317998309959194e+03
1.617099753087897625e+03
1.958094949947444320e+03
2.438384837006098223e+03
2.173554722640707041e+03
1.773925795127698393e+03
1.545303886999363840e+03
2.085273142515488416e+03
2.516599993746780456e+03
2.137028518320988496e+03
1.873444114694005521e+03
1.719065774714392091e+03
1.529804991050730905e+03
2.328308973801586944e+03
2.831447054227030094e+03
2.271360438728043846e+03
1.835161787450020256e+03
1.565402073917658527e+03
1.500785446426887347e+03
2.227246944539355354e+03
2.174653367809834435e+03
1.740581069775653987e+03
1.381162363739310877e+03
1.870715618711413981e+03
2.348280913800675535e+03
1.902904108919447253e+03
1.599310223952273645e+03
1.631482101662658124e+03
2.399295005553228748e+03
2.591393267950758855e+03
1.986539403446198094e+03
1.671535546562897252e+03
2.188815742783247970e+03
2.404319578970800649e+03
2.004630613045026166e+03
1.611509650792844923e+03
2.081288233310803207e+03
2.393642402422265604e+03
2.023653215530683838e+03
1.659787790631152575e+03
1.760080603182232153e+03
2.301453969569031869e+03
1.960830450853790353e+03
1.563961205913339199e+03
1.700903166708619665e+03
2.330512583713283220e+03
2.235313514835170736e+03
1.861757678911373205e+03
1.736084331457997905e+03
2.480480962977727813e+03
2.543645980900214454e+03
1.936916796113848022e+03
1.846349954723350038e+03
2.438682271193511951e+03
2.447787414912235363e+03
2.051866188948394665e+03
1.641815777736484506e+03
1.890091605128528045e+03
2.476592300784570853e+03
2.146069579956246343e+03
1.664483795462261924e+03
1.619696035598201888e+03
2.251612428169702980e+03
2.102190782623557880e+03
1.717767439498115436e+03
1.577202793244455734e+03
2.174586342301903642e+03
2.051243827940600113e+03
1.715201165271063701e+03
1.610372045073075469e+03
2.297078234119205263e+03
2.362140802467498816e+03
1.812023201196788023e+03
1.452581167533573534e+03
1.886353940865002642e+03
2.408129868147841080e+03
2.159505687885047791e+03
1.772088497989824191e+03
1.546009857509197900e+03
2.111724986237206394e+03
2.494246627875406375e+03
2.099196350699273808e+03
1.601212809899389640e+03
1.886356302918546135e+03
2.314070329480391592e+03
1.940824969609472419e+03
1.559022998822259069e+03
1.784092749331081450e+03
2.394987654228241809e+03
2.339676458848796756e+03
1.997094711805756788e+03
1.731155849194569555e+03
2.264584382260321490e+03
2.751691503968589132e+03
2.426578961348566281e+03
2.022485630481751286e+03
1.771247700511640232e+03
1.689606261580175897e+03
1.632392121234827300e+03
2.355241489530676063e+03
2.492658636253429449e+03
2.133235760575799304e+03
1.846245313778451191e+03
1.619457602299877635e+03
2.130686363812673335e+03
2.817741139897004814e+03
1.870016808427389606e+03
1.582569909807961722e+03
1.682650957422603597e+03
1.600341674169327007e+03
2.230387968910716609e+03
2.643054853561633990e+03
2.210223284721459549e+03
1.860028682845362482e+03
1.625097405018642121e+03
2.078962233004102472e+03
2.259013389823368925e+03
1.962058787626589492e+03
1.736650240861781640e+03
1.597044442904922334e+03
1.931391439727099623e+03
2.438992997404687230e+03
2.289634542694951961e+03
1.934691551999857666e+03
1.692141399220225367e+03
1.537985421773720873e+03
1.956546331701351164e+03
2.310464964169938412e+03
2.045056248082057891e+03
1.780126853352897115e+03
1.629468114318815879e+03
2.043169056791499088e+03
2.557685380664504464e+03
2.314598928470896681e+03
1.804754885838577820e+03
2.063224519975110979e+03
2.557565496082146183e+03
2.395950486793136406e+03
2.152621083329913745e+03
1.924876913684047167e+03
1.682377374407127036e+03
1.943663464614972099e+03
2.490867983563179678e+03
2.241119110139866279e+03
1.870389421694258999e+03
1.561067127112882190e+03
1.503178723446338836e+03
2.133818028001168841e+03
2.424176807458418807e+03
