1.498004279892973273e+03
1.030267412399106206e+03
1.101498471180849037e+03
1.838652562522062226e+03
4.100394531720897248e+03
1.473665084867569931e+03
7.774280677937157407e+02
1.049789419895239234e+03
1.951924461454440916e+03
3.734465870785199968e+03
1.304350725324618679e+03
1.078053829433282544e+03
1.159092408819237107e+03
3.497787198828441888e+03
2.169149406008800725e+03
8.510047290947525198e+02
9.342385743743988087e+02
2.198550280055007534e+03
3.528504925706319227e+03
1.137931578257423098e+03
1.020752542121301644e+03
1.665735208388985939e+03
3.609583842872766581e+03
1.230651834880966589e+03
9.507053549611524659e+02
1.179573467809287422e+03
3.452859211376332041e+03
2.427477754998926230e+03
8.343999188770358160e+02
9.955383279219959149e+02
3.228878074823554925e+03
2.146885397989422927e+03
9.003515539515951787e+02
9.958899194630670308e+02
3.098677394640710190e+03
1.953435878375521952e+03
1.002662061877275960e+03
1.216432969865755467e+03
3.430446484521199181e+03
1.571775396115336889e+03
9.811839836907778363e+02
1.684065340799523938e+03
3.464462028897665277e+03
1.072638183941990292e+03
9.308718839502438414e+02
2.935957412231599392e+03
2.267192067294789467e+03
8.961726240685934499e+02
1.299870115562630190e+03
3.333594944651605601e+03
1.262209877202753205e+03
9.619647969060087007e+02
1.586025794559725909e+03
3.289487156674333164e+03
1.230917138540115047e+03
9.587206766051172053e+02
3.058742652047543743e+03
3.139655107606113688e+03
6.671334002730590100e+02
8.003702921519326310e+02
1.236956252420504825e+03
3.576547778179942270e+03
2.184276620592323525e+03
8.051109079359156340e+02
7.519305747795770003e+02
2.288848296516115624e+03
3.218912952434129238e+03
1.380481049930410791e+03
1.028617742468050665e+03
1.458205076699841129e+03
3.530986474816792906e+03
1.608128605231695246e+03
7.807815348495209946e+02
1.127271745480205482e+03
3.358716600590923463e+03
1.787160624423009040e+03
8.020938945918317131e+02
1.312400829406659795e+03
3.771781307732084315e+03
2.114887251659795311e+03
8.644418935687797330e+02
7.235719750131623869e+02
2.967224181573832539e+03
2.674754856743105847e+03
9.933771669600479299e+02
8.329417869779919101e+02
2.737970300170180963e+03
2.747835841997417901e+03
1.000947692690985946e+03
1.006366871232141875e+03
2.325600368496262945e+03
2.965494527306992040e+03
1.501860114727077189e+03
8.653181535472151609e+02
2.736168217206708960e+03
2.500550010650300919e+03
1.048449072184353554e+03
8.527923532367540247e+02
2.747655432515457051e+03
3.220243898180977340e+03
1.122533990647930068e+03
8.310045930285739360e+02
1.606780132653370401e+03
3.640321725922852238e+03
1.516534678420076716e+03
8.227221984084545738e+02
1.311163856780506876e+03
3.492423234003757898e+03
1.520665380990447602e+03
8.037513049223570079e+02
1.363309783308125134e+03
3.566388440540062675e+03
1.601180708585083266e+03
9.275419843817436458e+02
1.472837256832990761e+03
3.454902882939558822e+03
1.448270579316100338e+03
8.451691803017265556e+02
1.946332145393284463e+03
3.556056680489778046e+03
1.311512453880648536e+03
6.712779651267572945e+02
1.718280135347285750e+03
3.671905329007634009e+03
1.621946704233494756e+03
6.988519531035163936e+02
6.542713692146780886e+02
3.055678853785696447e+03
3.863672826462503053e+03
1.004666033502425307e+03
5.476017240768358079e+02
8.817514909176910578e+02
3.170016645088377118e+03
3.739037057632854612e+03
8.832363590178509867e+02
5.246334563664563575e+02
7.818051889647824737e+02
3.290923684626773138e+03
2.927978350025426153e+03
7.590489130861822105e+02
6.236892493147420282e+02
2.171369184557464450e+03
3.457048914749240339e+03
1.331849168375406180e+03
9.352868916335621634e+02
1.901680717480634712e+03
3.298883708905084404e+03
1.449325459341665692e+03
1.058129414838938374e+03
1.773323219131615588e+03
3.521013764643714239e+03
1.483149755192500152e+03
9.712406771759983712e+02
1.048966488285528840e+03
2.393538330703024712e+03
3.326602041771999666e+03
1.405418670893798208e+03
1.103249604985353471e+03
2.368996016342141502e+03
3.282511681702306305e+03
1.203185232263384250e+03
7.876292766059451651e+02
2.372355935413325824e+03
3.049271306874130005e+03
1.204374940877121617e+03
1.039926395137754525e+03
2.208567480491502920e+03
3.124118882573509381e+03
1.127625796435594793e+03
9.569691566501907118e+02
2.213343609528140860e+03
2.931391197540303438e+03
1.160693829841656907e+03
9.141451744154275048e+02
2.481621962851511853e+03
2.693159595355443798e+03
1.195219667793122198e+03
9.857204658106281840e+02
2.701997946907796631e+03
2.176875936616549097e+03
1.043208394640112147e+03
1.035555969918493702e+03
3.096394961632317518e+03
2.768346583721853676e+03
9.712816654734435815e+02
9.664667997980347991e+02
2.571155322716137562e+03
2.781533868481590162e+03
9.993437209536954242e+02
8.592880982300470123e+02
2.631105985684038387e+03
2.438811933283068811e+03
1.079127139659352906e+03
9.726436946631530418e+02
2.202772905403994628e+03
3.385517109293461090e+03
1.274346265891034363e+03
1.056102153852036054e+03
1.800838364579951985e+03
3.375261190904386694e+03
1.376619892960561401e+03
8.735864900297020768e+02
1.091059618164828862e+03
2.590819905669273794e+03
3.701613479625745640e+03
1.423523884287427336e+03
9.239565506396548926e+02
1.654250257612475025e+03
3.502120902526543432e+03
1.626139011070178185e+03
8.333666444890200182e+02
1.061737131945880265e+03
3.436492129778787330e+03
2.271095450002590496e+03
8.486247408617888368e+02
8.611869315273613665e+02
2.106543833442166033e+03
3.444920554220534086e+03
1.290167770766964395e+03
7.913912505860689635e+02
1.511133259120582807e+03
3.669741479738924227e+03
1.619563163233055548e+03
9.335839415964588852e+02
1.152301718754311196e+03
3.300262582993984779e+03
2.144261462091786143e+03
9.575322320911849374e+02
9.574815775819702139e+02
2.602361461279238029e+03
2.579704577356767459e+03
1.112077113664759963e+03
1.000550553764693291e+03
2.512077306358496116e+03
2.728995204764402388e+03
1.181143293361578344e+03
9.148617721456791969e+02
2.463672503711871286e+03
2.865379807098857327e+03
1.113465538766232157e+03
1.091986226531500733e+03
2.665822030838001410e+03
2.768219510427536989e+03
1.082493131971519688e+03
1.005971626342640320e+03
2.888566578489062067e+03
2.832304747514457631e+03
1.009652295312514298e+03
9.240709130583527440e+02
2.423507049113278754e+03
3.005551574677615008e+03
1.166665547663493953e+03
9.045075614533323005e+02
2.481934008615166931e+03
2.875519217029888750e+03
1.133993255435860419e+03
8.655143660600015210e+02
2.648053473157236112e+03
2.711647993355592007e+03
1.064637346549331596e+03
1.148852516805806772e+03
3.124328809477160576e+03
1.626100335512409174e+03
1.004993047124583654e+03
1.493861712557619967e+03
3.289211726018931586e+03
1.742600934781566821e+03
6.876745784962392918e+02
1.342617763352332304e+03
3.507712829619235890e+03
1.737141148344465364e+03
7.232619603390347720e+02
9.552496518758559887e+02
3.403664157493713901e+03
2.834060666147683150e+03
7.507162996342153747e+02
5.827038705624038357e+02
2.403839703429908695e+03
3.731180995301985149e+03
1.281834332498455524e+03
6.944830946360473263e+02
8.192074903183380457e+02
2.539101653585442364e+03
3.278040966089408357e+03
1.422714622823883246e+03
