2.154804342857043139e+03
3.326218228372968497e+03
2.028028073511896082e+03
1.486217392303943370e+03
1.493377573441641061e+03
1.736807539296325103e+03
1.818652886705349147e+03
2.147285389780070091e+03
3.569896442882564315e+03
2.366586086624924064e+03
1.326837188343564776e+03
1.325618955425418790e+03
1.484639108178609149e+03
2.512092616418304715e+03
1.823044862176255265e+03
1.723969016740603820e+03
2.270424648881320536e+03
2.310151019084445579e+03
1.793693789447657991e+03
1.853227747379885386e+03
2.929164369000781790e+03
2.694815306232994772e+03
1.583089405761754961e+03
1.524930966594331039e+03
1.840449290713414257e+03
2.958461492794015157e+03
2.253743389068708893e+03
1.386919555832860169e+03
1.374543376090515494e+03
2.169625388057632790e+03
3.048289002180250009e+03
1.648602515280384750e+03
1.432086818274956613e+03
1.543844147449510729e+03
2.223037458179082478e+03
3.088505664569795954e+03
1.675655737390401328e+03
1.520933428493483461e+03
1.723250496543050076e+03
1.805790919054458982e+03
2.461680643255598625e+03
1.923996832449116482e+03
1.814464436469163729e+03
2.581795185167702130e+03
2.073842854880545474e+03
1.741766971500124555e+03
2.448376338803764156e+03
3.212703659283163688e+03
1.798184715013965615e+03
1.395990759558330183e+03
2.093500481369192130e+03
2.988041601211432862e+03
1.594512400815585352e+03
1.324319755996070398e+03
2.204489627262544218e+03
2.400195264293633500e+03
1.559809376109001050e+03
1.717223467091751900e+03
2.745283053182188723e+03
2.072081723936551498e+03
1.532008738236365389e+03
1.906570210474041232e+03
2.719668738289242810e+03
1.778033897174806498e+03
1.518023235427672489e+03
1.892238227837851809e+03
3.013366718628853050e+03
1.907160974811746428e+03
1.457252514897499168e+03
1.891535969958121768e+03
2.998905354680856362e+03
1.866978697073758894e+03
1.386704408218033450e+03
1.967450443141194910e+03
3.040663956705376677e+03
1.946132198844927643e+03
1.415356955909783892e+03
1.682281284367224998e+03
2.534634103807293286e+03
1.913445908511728021e+03
1.557395948423314394e+03
2.111085407601819497e+03
2.284112314363922451e+03
1.693709765772898663e+03
2.219361756669092301e+03
2.605724319553735768e+03
1.615593813602566343e+03
2.037836906886303495e+03
3.012243271889559310e+03
1.794946994386203187e+03
1.353283703157715308e+03
2.210381562256678990e+03
2.966224450466335838e+03
1.747161932858648242e+03
1.330914759097006936e+03
2.088641140507498221e+03
2.920416364322834397e+03
1.645469946513321247e+03
1.476698159861994327e+03
1.755646946684388695e+03
1.710106613780440512e+03
1.889529227035684926e+03
3.129874776716821088e+03
3.174290221306268450e+03
1.451078569537373596e+03
1.130919087577279242e+03
2.237585932305560618e+03
2.702464465250135163e+03
1.470727696470396722e+03
1.406922595055662441e+03
2.399561930703288454e+03
2.242655344969411544e+03
1.524513550921985143e+03
2.025996139841108288e+03
3.043317319266949653e+03
1.752981677342117564e+03
1.394927253350619822e+03
2.073323312935061949e+03
2.664258739401229832e+03
1.685855584503397949e+03
1.931226786593121005e+03
3.399519123312878037e+03
3.479990502920790277e+03
1.267422691686566623e+03
8.938571180652941166e+02
1.184312041370659699e+03
1.725663225184267503e+03
1.845659719316063274e+03
1.807420541340160298e+03
2.022845050006738347e+03
3.073177563794916296e+03
2.093398866897485277e+03
1.567636259734319538e+03
1.598138356016410171e+03
2.006950707746411126e+03
3.194058020915416364e+03
2.941840770294027607e+03
1.486735098285160802e+03
1.247112153633316893e+03
1.362810360376591234e+03
2.347416226570441722e+03
2.078644116773448786e+03
1.832264247474249714e+03
1.832324634191907762e+03
2.373167712448362636e+03
2.718154253246404551e+03
1.777851328314264265e+03
1.603801746758280615e+03
2.267581263231733828e+03
3.272030864202673911e+03
2.176701411951352839e+03
1.241717967924403411e+03
1.364419907993024026e+03
2.750376168953201613e+03
2.700095150790567914e+03
1.501401213738978186e+03
1.356298080918626965e+03
1.749993226272300035e+03
2.519505053741097527e+03
1.852086641131212446e+03
1.629191563624490982e+03
2.280438819858103670e+03
2.073360917098944810e+03
1.596455890721085325e+03
2.393006105362740982e+03
2.201014873825285122e+03
1.596362856653387780e+03
2.232716285469081413e+03
3.236690722171561902e+03
1.960043250268069869e+03
1.337095157267212471e+03
2.310940994556565784e+03
3.148715551311433956e+03
1.743289498829872855e+03
1.441828647076391007e+03
1.765621952770749431e+03
1.497851469616311988e+03
1.941265886556473788e+03
2.703382423303103224e+03
1.710176501484692380e+03
1.612119501522259270e+03
2.685061862258507063e+03
2.603459302687059790e+03
1.515116737067768781e+03
1.608032267766673158e+03
2.906987474876834312e+03
2.752051757095658104e+03
1.290940048128519948e+03
1.228962645910076390e+03
2.566055568530295659e+03
2.632374631358130046e+03
1.325820218611392875e+03
1.391857133972151132e+03
2.855863053999925796e+03
2.101041157561856835e+03
1.298291830382140233e+03
1.654000482127883743e+03
2.714151264586083471e+03
1.709623063209371821e+03
1.604477166081894211e+03
2.587358600739136818e+03
1.849867670302267243e+03
1.697144026677816782e+03
3.160823624980862405e+03
4.018031967215806617e+03
4.097871166689314123e+03
1.975789667723452794e+03
6.036643714408839969e+02
3.907527206354124871e+01
3.219694857779953736e+02
9.450920017475135637e+02
1.298371472236389764e+03
1.584229051233749487e+03
1.786378110948068297e+03
1.939641800443370585e+03
2.095186205554731714e+03
2.108464958181915790e+03
2.091794001150306485e+03
2.096001571160226831e+03
2.149468403164420124e+03
2.178683254805201159e+03
2.131527647885125589e+03
2.100965051918415156e+03
2.634616692589572722e+03
3.619365181335236230e+03
2.994803597076571805e+03
1.239858720255173921e+03
1.448527313700648619e+03
2.169124367808802162e+03
3.150952192556499995e+03
1.392401830720231828e+03
1.394938801235041865e+03
2.269321825591696324e+03
2.303685062503529934e+03
1.553409820476951154e+03
1.778902053506963057e+03
3.046500025327830372e+03
1.720054128251114207e+03
1.564095040259783900e+03
1.653328066534767231e+03
1.976256484818093895e+03
2.610854218128143202e+03
1.814035982320704306e+03
1.789131403960102034e+03
2.046472897105436687e+03
3.313955075757035502e+03
3.409597667841333987e+03
1.591785477393373640e+03
1.144141172244465906e+03
1.367279608235554406e+03
2.444699522289909510e+03
2.002714735361447538e+03
1.532503115919544825e+03
1.599371306171716697e+03
1.905198781536005299e+03
2.587581652880809543e+03
1.916944833628126617e+03
1.760839357220675538e+03
2.362267474274706274e+03
3.339858174363330363e+03
1.992445716986471098e+03
1.452141557270014800e+03
1.464827331681378382e+03
2.579732216307623730e+03
3.299618105744896184e+03
1.627191375671948435e+03
1.345434056164234107e+03
1.418340635174385170e+03
1.693056309645147621e+03
1.723003375481049261e+03
2.145774794885527626e+03
3.195413421127490892e+03
2.529297256248170470e+03
1.432155747492767887e+03
1.403438957408874330e+03
1.868060956061708794e+03
3.089072915174050195e+03
3.245130479430742071e+03
1.429219606999205780e+03
1.167449602718483902e+03
1.303504296219778780e+03
2.033372920848979675e+03
2.755903941274277258e+03
1.646994541194187150e+03
