1.521227002336039732e+03
3.541135935289272766e+03
1.546231599969964691e+03
7.723621111050047148e+02
1.066720573420104074e+03
1.903420651702535679e+03
2.971929694719408872e+03
1.447116093680210042e+03
1.011687993819911867e+03
1.216130560674349908e+03
2.867089370519894601e+03
2.259307031603595988e+03
1.096686370650836807e+03
1.135269553758587563e+03
1.789365569143086987e+03
3.095990326582893886e+03
1.819238849448444853e+03
1.054797640585893987e+03
1.268656976374815031e+03
3.214700272348694398e+03
1.830286031117814673e+03
7.204427157055123416e+02
1.030958065996174582e+03
2.929166376388408025e+03
2.389715029824005342e+03
8.685509762524255848e+02
9.107122437202854144e+02
2.937803710811411747e+03
2.493095334972316323e+03
7.761624389213114910e+02
8.641785392388444507e+02
2.791920027753970317e+03
2.472831465193038184e+03
7.607491784642861603e+02
9.340396418885253524e+02
2.531330975062365724e+03
2.907524455252593270e+03
1.046563999890313198e+03
8.112539550664805574e+02
2.028166156620213314e+03
3.316177447372503593e+03
1.215526084741339446e+03
7.751188898901951916e+02
2.127067447026491664e+03
3.055295890351252183e+03
1.119048192346880342e+03
1.026733139144587085e+03
2.692137761487434091e+03
2.369525999571199009e+03
8.998046499930577511e+02
1.163784097155927384e+03
3.139757650527968053e+03
1.946390851168609970e+03
7.609004766670825575e+02
1.194642537222089686e+03
3.168486022130116908e+03
1.754298211531737024e+03
7.990206181230119000e+02
1.621470120045586782e+03
3.016697412390331465e+03
1.210085327854156276e+03
8.507239273869004137e+02
2.954619446158818846e+03
3.443847357946915054e+03
1.085161207801623505e+03
4.861671843643314901e+02
1.689834285987100202e+03
3.665505427043517557e+03
1.551918477621856709e+03
4.135748819267946601e+02
7.167045071364732394e+02
3.143615792367165341e+03
3.048263007861023198e+03
7.630443014841854392e+02
4.672565820330759720e+02
2.471732194728513605e+03
3.158807626669182810e+03
8.034104358431337687e+02
6.009612054782961650e+02
2.315509925284236942e+03
3.351812513501505236e+03
1.006770193274511939e+03
6.211492371555398222e+02
2.240754495583712469e+03
3.000648612864539700e+03
1.019713246328928221e+03
8.343040759069551768e+02
2.506495844568495613e+03
2.690404136399190520e+03
1.123746296804286658e+03
9.085666234435443585e+02
2.498771000688370350e+03
2.759982596545823071e+03
1.137292996498915727e+03
9.043375731490186809e+02
2.445431189414120126e+03
2.977962212759692648e+03
1.027031395004908518e+03
7.295511423012120531e+02
2.537856288992588816e+03
3.314051008790142532e+03
9.780683376550714456e+02
4.862587028567359653e+02
2.023848970161015359e+03
3.794450073411334870e+03
1.338011272498209337e+03
4.800657645054243972e+02
1.486157253234372547e+03
3.462870674159467853e+03
1.437524576058499406e+03
8.180357752228944719e+02
1.394395119164324115e+03
3.526739980392535017e+03
1.864337830918874261e+03
7.531827195178370857e+02
8.612754373006841888e+02
2.476560433808916969e+03
4.045909408120066928e+03
1.815061158007938502e+03
4.933292888421287898e+02
1.052520939972185943e+03
1.382608875933870650e+03
1.313584617254465229e+03
2.817806341198288010e+03
4.131440566256985221e+03
1.358064379096945459e+03
5.584894247231702593e+02
8.918470476032086935e+02
2.562636699205071636e+03
2.960520386721511386e+03
1.128070962906872182e+03
9.921661527478574953e+02
1.887801039457985098e+03
3.139781964305674137e+03
1.091385617428850765e+03
8.443803612811341281e+02
1.523573084654614149e+03
3.050575169900794663e+03
1.276913166423360735e+03
8.679658325999977251e+02
1.626056523923876057e+03
3.376228193442943848e+03
1.484960033594711831e+03
9.533312263436645253e+02
1.096000268298463652e+03
2.457804551690694097e+03
2.811362955082516692e+03
1.226933459803309461e+03
1.089456468303832935e+03
1.821196996482332906e+03
3.024933188023177081e+03
1.627224851559496983e+03
1.214545034252494133e+03
1.215222406959712771e+03
2.664918064060459528e+03
2.097073563292959079e+03
1.060497292489398887e+03
1.174230142270758734e+03
2.759882752549367979e+03
2.305577686311475645e+03
1.024933490665602676e+03
9.980850016596272098e+02
2.680022926564165573e+03
2.833670763598486246e+03
1.000670554817731727e+03
9.415750578322215461e+02
2.407391899622606161e+03
2.712673172455853546e+03
9.362373145425235634e+02
9.981707189044273036e+02
2.555428790308231783e+03
2.824435445900832292e+03
9.208236328806283382e+02
9.633388210340625619e+02
3.090680800381596327e+03
2.382500278137167243e+03
8.383509854731355517e+02
1.598093395702207317e+03
3.219815863192985944e+03
1.184870033917156434e+03
7.569615676408070613e+02
1.545515375174495830e+03
3.584961746470440175e+03
1.407016929065539216e+03
6.456881473249148939e+02
1.588507716402279584e+03
3.337631449974222051e+03
1.264000084096463752e+03
7.196548958784112529e+02
2.276534399068017137e+03
2.907462867016197379e+03
9.686829812629877097e+02
7.922818964882352475e+02
2.922490540168356347e+03
2.300320672491081041e+03
7.508049509659871319e+02
7.337430970471434648e+02
2.874144672190112942e+03
2.496782029785368195e+03
9.307826807110806158e+02
8.604360201536744626e+02
2.811911432003837035e+03
2.473561987794314064e+03
9.871070819164244767e+02
9.764179864973173153e+02
2.981097984608330080e+03
2.448010712853579207e+03
9.609429629932030821e+02
8.729984808711650430e+02
2.591592556674002481e+03
3.201544862536724850e+03
1.123673176188728121e+03
7.522431228237761616e+02
1.557108500682317072e+03
3.413184830384583165e+03
1.628875951072652242e+03
1.030602669295663190e+03
9.178119973376149119e+02
2.086797390316439760e+03
3.588129202248997444e+03
1.589810257119440166e+03
9.430582583958930627e+02
1.100105936924735261e+03
2.652701621205690117e+03
3.162810403035586660e+03
1.032622974969489405e+03
8.972424920523345691e+02
1.749333495031248731e+03
3.375997400221893258e+03
1.507142777830468731e+03
7.352953167028573489e+02
1.243079115962848618e+03
3.269185817773299277e+03
1.931481224508706873e+03
9.792597099925956172e+02
9.128092242659361091e+02
2.003383110485816360e+03
3.437419330185639410e+03
1.382635475106336571e+03
7.307669418218547435e+02
1.179830610177483550e+03
2.856726305661378774e+03
2.246706594548797511e+03
1.092973287739874422e+03
1.068642993096086457e+03
2.719952217984436629e+03
2.842190931030964748e+03
1.038435929637742220e+03
9.211619314148013018e+02
2.178540148352660253e+03
2.991571257557906847e+03
1.179640718947841833e+03
8.577235195853750156e+02
1.979310900484667627e+03
3.387917648870044559e+03
1.311294041543920912e+03
6.799210177202809291e+02
1.693538910918699457e+03
3.439982024046905735e+03
1.475594945563946112e+03
7.757407405976339305e+02
1.618924687619302176e+03
3.130012641484425330e+03
1.453240093493258200e+03
1.019109143386349501e+03
1.529277689225159065e+03
3.264397377611911452e+03
1.824788634420348444e+03
7.895930445854723985e+02
1.313884494934141912e+03
3.227590872586965361e+03
2.069754086335875854e+03
8.239514260046860272e+02
8.307357139244662676e+02
2.416784813068664789e+03
3.089816056988039236e+03
1.194296676097400223e+03
9.661667862331876222e+02
1.570429637618603238e+03
2.693917059383487867e+03
1.917327404664119967e+03
9.057141393017393511e+02
1.958769775784905050e+03
3.509813512573865864e+03
