1.483505809666525920e+03
1.487589875801298604e+03
1.852875433442718759e+03
1.899216835595840848e+03
2.392009633218597628e+03
2.588207709307883306e+03
1.570341976084213002e+03
1.418405102187359489e+03
1.701978928577595070e+03
1.967068985669895937e+03
2.970307027123990338e+03
1.346024006939268247e+03
1.485933546745365447e+03
1.866024448583301137e+03
2.784574759566102330e+03
2.084274292564403822e+03
1.409207366027712851e+03
1.716220386814197809e+03
1.881453081453440291e+03
2.934927192410098087e+03
1.396013613118214153e+03
1.535117586514512595e+03
2.105118459895988508e+03
2.620537433279630477e+03
1.344471598966696092e+03
1.745045509581213992e+03
2.634913300674600123e+03
2.169501823320701988e+03
1.414432127991474090e+03
1.666706843377363612e+03
2.097682376396394375e+03
2.743195011694321238e+03
1.406585035098863955e+03
1.585078964408387719e+03
2.534425107795686472e+03
1.890668623670138686e+03
2.357931970712756993e+03
1.279858397273104629e+03
1.676820351096442664e+03
1.739366838115222208e+03
1.668378124941039687e+03
2.085748683128496850e+03
3.073047408650638772e+03
1.533413884566447223e+03
1.679213604382803169e+03
1.794817757107146463e+03
1.743824664381020057e+03
3.200314535853432972e+03
1.535480196082243310e+03
1.501012026311615728e+03
1.643152258800017989e+03
2.293885962311984713e+03
2.997284612155793639e+03
1.513795023905706557e+03
1.559753691767088640e+03
1.766389639879250353e+03
2.285895050988419371e+03
2.634836853204191812e+03
1.385310863531219411e+03
1.512782564874587706e+03
1.988133773495420655e+03
2.651383456426668090e+03
1.498519610119457411e+03
1.501150415260350883e+03
2.144271885478505283e+03
2.499899255692257157e+03
1.442970780784877888e+03
1.521324245656425092e+03
2.764873872864775876e+03
2.205694864902620338e+03
1.509451420037610433e+03
1.407347868014778442e+03
3.070010595979188565e+03
2.048984758050985420e+03
1.475779994185652868e+03
1.475800050188950763e+03
2.760388151546656900e+03
2.353097460242143370e+03
1.511859537578740856e+03
1.370059973769785756e+03
1.435189567959321948e+03
1.887313760965261281e+03
3.037503676198821722e+03
1.552991703070531912e+03
1.625812470568561366e+03
1.544454025106362678e+03
3.231384361815786178e+03
1.634166260430846251e+03
1.506764481927350289e+03
1.563453472630659235e+03
3.103002804446557548e+03
1.861220849635477407e+03
1.348036432346621268e+03
1.844578712484614243e+03
2.890199249367554785e+03
1.412760989480492981e+03
1.475494687496343431e+03
2.497918853975576440e+03
2.242910699727881365e+03
1.476454117563838281e+03
1.360056932584555398e+03
1.863389477715596058e+03
3.140641517930109785e+03
1.657089775128418523e+03
1.592046608550629571e+03
1.654373077991170931e+03
2.656228976030673039e+03
2.230893056902461467e+03
1.475319580719447686e+03
1.619710450062776317e+03
2.022908504565210251e+03
2.906107322465296875e+03
1.524256560018967321e+03
1.462482145445857896e+03
1.834519753188836603e+03
3.058906523827506589e+03
1.775906697401146630e+03
1.461275116310654084e+03
2.235248026048069732e+03
2.197862007928757976e+03
2.453069955418988684e+03
1.925821485011792447e+03
1.422703344713844444e+03
1.612159229576667030e+03
1.584200608952912262e+03
1.933918186894659357e+03
2.697015833406828278e+03
2.382608141765403616e+03
1.470964220351097083e+03
1.508297954280752720e+03
1.697318164259648711e+03
3.165047267113513954e+03
1.805235044680724741e+03
1.875152241227846162e+03
1.621109072557725540e+03
1.482209827298413984e+03
1.822208521902856319e+03
3.390440996242768506e+03
1.723173592931764460e+03
1.315353573302402083e+03
1.710795846083196011e+03
1.888781573742629007e+03
3.013501638989064304e+03
1.441403676222419563e+03
1.538669462548551792e+03
1.688253048674438787e+03
3.000292674226067902e+03
2.114224356371928025e+03
1.485058202341714832e+03
1.613227176782573224e+03
1.871035485285569848e+03
3.052400450165507209e+03
1.528546952474004229e+03
1.463635760751293446e+03
1.624613555278135664e+03
3.122732726945352169e+03
2.062551664293642261e+03
1.470047194053450539e+03
1.486075196135391707e+03
2.732453268674018545e+03
2.438210998273880705e+03
1.313556877587847111e+03
1.459074181086111821e+03
2.794195158377012831e+03
1.959615342418789169e+03
1.577243265751638091e+03
1.587374317178158208e+03
3.070612110947388373e+03
1.770139558504686647e+03
1.542263220707786104e+03
1.715529216074875421e+03
2.563746513670977038e+03
2.080843909978658758e+03
1.477625442790415264e+03
1.770829376071505976e+03
1.648282788565042665e+03
3.279278826778511302e+03
1.542790121008787537e+03
1.545886399548925510e+03
1.757078583646924471e+03
2.854314845769375552e+03
1.804890009039133020e+03
1.425019218847573256e+03
1.532214909741009023e+03
3.144316089490760078e+03
1.664249799934988005e+03
1.488783867405247520e+03
1.549325948024470563e+03
3.371684546205050538e+03
1.483383768052962751e+03
1.487293626737528712e+03
2.135379103482454866e+03
2.521772957928938922e+03
1.450161926793303337e+03
1.517229239949416979e+03
1.856025613158532678e+03
2.895634676094776296e+03
1.374549451129156751e+03
1.586284962119559168e+03
1.633307788663619021e+03
3.257638461462251598e+03
1.432830265802145959e+03
1.778163360792910908e+03
1.683605355707925128e+03
2.245648566841435240e+03
2.618828885633340178e+03
1.657533113976984168e+03
1.576605925780475900e+03
1.544746061170310668e+03
1.512455345595785730e+03
1.420659446258876187e+03
2.254046674893540512e+03
2.049724823514919080e+03
1.914359123755507426e+03
2.879298942981798518e+03
1.956528175670683140e+03
1.404888360014231012e+03
1.881286887133938535e+03
2.109936844715013649e+03
2.004809199842304679e+03
2.021872679585755350e+03
2.200691450086808800e+03
2.991684825684715179e+03
1.356266259715435581e+03
1.511425216115146213e+03
1.867335136721295385e+03
2.409201392048656999e+03
2.092360148318775828e+03
1.597680775825864885e+03
1.645010508883628972e+03
2.072459734167895476e+03
2.593241371282350428e+03
1.482370505885354987e+03
1.564118767912898647e+03
1.814157403289185595e+03
2.987695142297047823e+03
1.461126039126036176e+03
1.440174935703687652e+03
1.822038557851104315e+03
3.213204672529971504e+03
1.591311982719606476e+03
1.516619796173581335e+03
1.689424472437122404e+03
3.111918597996260360e+03
2.201797058202000244e+03
1.570431833012137758e+03
1.442752568611577317e+03
1.964154064970195805e+03
3.030991982677825035e+03
1.456962579396795263e+03
1.609572242206086685e+03
1.652832469389801190e+03
3.006470500793690462e+03
1.835689510300827578e+03
1.577087131213751263e+03
1.406243551140622003e+03
3.282402365749364890e+03
1.921874604990098760e+03
1.336171659493999641e+03
1.573566853005250550e+03
2.191516124975267758e+03
2.989993642940899917e+03
1.484753886974141096e+03
1.298085800751277702e+03
1.628957850391101147e+03
3.517207540342508764e+03
2.326983957509946777e+03
1.504950524679044747e+03
1.687404606920062633e+03
1.660126951860615463e+03
1.693983798986376769e+03
2.225655530899804035e+03
2.714521215558156655e+03
1.874675072332794798e+03
1.466067626218211899e+03
1.477447596728119606e+03
1.651185801543716707e+03
1.912101054183905717e+03
2.142578394017421488e+03
2.667607055042540651e+03
2.609316133885924955e+03
1.645619458513415111e+03
1.522704294242555306e+03
1.443510958161651388e+03
1.768924479033583111e+03
