3.123702790607507040e+02
-6.702925094935237027e+00
4.901127715726137808e+02
2.362055640181596118e+03
3.687847093387699715e+03
3.590253237358924707e+03
2.293611298648767843e+03
-3.959795765325624473e+01
2.638331682899074622e+02
4.025895550021267582e+02
7.457337511942272386e+02
1.263390232150500424e+03
1.639632917642082703e+03
3.399178150989844198e+03
4.101893457696336554e+03
7.655143105954638258e+02
4.286665125893701429e+02
1.746341312554782689e+03
3.486004820667789772e+03
1.369987835552310344e+03
8.564684078469626911e+02
1.950111199812834684e+03
3.194330671212547713e+03
1.986229140638954959e+03
6.242746182558643113e+02
1.288098206669289766e+03
3.051210529540372136e+03
2.018693133896608970e+03
7.667842769539911387e+02
1.286744912751249558e+03
3.088125617826844973e+03
1.812409204739601137e+03
3.824945423424610453e+02
1.741225846723794348e+03
3.121579449751820903e+03
2.299200773146192660e+03
-1.168782515972609382e+01
1.186608530240547680e+03
3.416978422595653228e+03
1.374079347910329943e+03
4.241738519511759478e+02
2.586683593806089448e+03
3.178841254077264239e+03
1.211547114022214600e+03
2.795392923060050521e+02
2.319745441750645568e+03
3.024424869072033289e+03
9.232709324020324857e+02
5.869955774959942119e+02
2.834463532361824491e+03
2.213951391801256250e+03
4.887296913495027866e+02
1.855072704378427488e+03
3.092279939863213713e+03
9.261945868317095574e+02
4.989356699605710901e+02
3.256214891463205277e+03
2.662816064011299659e+03
5.095328305657258738e+02
6.974421281827575285e+02
2.889084157341874743e+03
1.866673309407840406e+03
1.383406264437758864e+03
2.694002700141964397e+03
1.824411174377785983e+03
1.083395742823473711e+03
2.282264295285915068e+03
2.423593512409624054e+03
1.255006924260914047e+03
1.640000231343150972e+03
2.597728274757430881e+03
9.841768974112268324e+02
1.093873508108933947e+03
2.723406236992660979e+03
1.565633888844382454e+03
9.789889381858972683e+02
1.912649535055963270e+03
1.563133919511203430e+03
9.882513707144543105e+02
1.615720835690948434e+02
3.291670277667230039e+03
3.094369120180714617e+03
5.043690871832559424e+02
9.862882234135948920e+02
3.455339739144637406e+03
1.994145481530443249e+03
1.563492121024810046e+02
1.825508596932073260e+03
3.610848693238025589e+03
1.052325049344080526e+03
2.269041417016167088e+02
2.261740583763627910e+03
3.592103077042689620e+03
8.740165014844855023e+02
2.951485691114534688e+02
2.316263864340134660e+03
3.549092052417834111e+03
5.589561325934490696e+02
-2.383865538955156183e+01
3.748185858731579629e+03
2.594773058473093442e+03
6.035682194385352659e+02
4.840179962373329658e+02
3.588742951573663049e+03
1.814154827105048980e+03
4.475103769682255006e+02
2.055486620211658646e+03
3.372880369155608605e+03
8.771444621882212687e+02
6.135076021065382292e+02
2.230393847447037388e+03
3.613220977423251043e+03
9.037019416651024812e+02
3.876873848856367317e+02
2.393703545393540935e+03
3.589056093513124324e+03
7.827017336186780767e+02
3.465978472305413334e+02
2.180476579003722236e+03
4.020797309313450114e+03
1.586912031178586176e+03
1.679034344551529557e+03
1.507032481640981132e+02
1.166583466160315311e+03
3.603911930391140686e+03
2.021217346775448959e+03
4.248064358732209485e+02
1.109313565220584650e+02
2.623205105092430131e+03
3.921874355638531597e+03
1.474387593868077829e+03
2.270320322725989683e+02
5.928760329900480883e+02
3.176652495824016569e+03
3.356938278537288625e+03
9.378148141891707610e+02
3.051694473988004574e+02
1.844670484572297028e+03
3.632950795760928941e+03
1.613704718335279040e+03
5.292786329364219000e+02
1.095576012262323957e+03
1.911901618391218335e+03
1.926177308688291305e+03
9.699623113079335326e+02
2.609346176165619909e+03
2.544459635587861158e+03
1.004999189977933838e+03
1.262626814278846723e+03
2.948020233693728642e+03
2.218042413041105192e+03
1.226786020747714474e+03
1.664305118432348763e+03
2.829249475243065262e+03
2.097202623771271192e+03
5.430778844391826397e+02
1.974719673396816916e+03
2.827513968982054848e+03
1.088433735171519402e+03
8.702465854094847373e+02
2.867557080817459791e+03
2.415310149496910981e+03
8.321587266849569460e+02
9.944282144325463833e+02
2.329843520524247538e+02
2.552710384032851380e+03
3.011977641870978459e+03
7.238574855551206610e+02
3.567238534255434388e+02
3.473712870147241574e+03
2.518322943635389038e+03
3.774137615279803981e+02
8.327364841412291980e+02
3.289564116440287762e+03
2.520211891818325512e+03
4.063068367009302051e+02
4.000872146950383126e+02
3.403860178647845714e+03
2.802125752276649564e+03
4.669853545225907396e+02
6.838445779105070415e+02
3.240569527120532712e+03
3.391852832154080716e+03
8.150883859884447702e+02
-3.257756724943364901e+01
2.875684821106353866e+03
2.675496520855122981e+03
5.008197903356348206e+02
1.037904900602102771e+03
3.177588210198614888e+03
1.569361471974930737e+03
5.954109410760697756e+02
1.917341990512845541e+03
3.429160117925119721e+03
9.100131854161070351e+02
6.211628701174379330e+02
2.866069768126417330e+03
2.230087560059119824e+03
6.584863753307849947e+02
1.547532717557793148e+03
3.260030358324810550e+03
2.648737333396128633e+03
5.544199912961538530e+02
3.453918437479508725e+02
3.024289325246554654e+03
3.473038974634010629e+03
5.937709727523499623e+02
1.770186652429639196e+02
1.052425564476059890e+03
3.248368028767311444e+03
3.227244236830443242e+03
9.757290388759171265e+02
4.347138105387480209e+02
1.560101656961138133e+03
3.084929152195152255e+03
2.245759778584080777e+03
4.329128214803195078e+02
5.896051698816327189e+02
1.910096397816085300e+03
3.473803780009751335e+03
2.208493068583968579e+03
8.978202826525587170e+02
9.505933336155908364e+02
8.515765042221036083e+02
3.097151664550907299e+03
3.408753428640623042e+03
9.682093728103407102e+02
6.311599992992930765e+02
1.802524916487964902e+03
2.962020640914774503e+03
1.001434912239957839e+03
1.337025830443431460e+03
2.957846200606643379e+03
1.582312624729136814e+03
6.047260270016969343e+02
2.378158248018709401e+03
3.209883769930946073e+03
7.051589929483474180e+02
1.279301206736762424e+03
3.155879646431998026e+03
1.424116834718984592e+03
1.476714289502868098e+02
2.587802713793440944e+03
2.882732148042870449e+03
5.954186451689039359e+02
2.507895350470799258e+03
3.046866988009129273e+03
9.198314157410384269e+02
9.927883388277231234e+02
5.983937604228631244e+02
3.130063269971917180e+03
1.853949368130076891e+03
3.765436019273078045e+02
2.076260667526693851e+03
3.474829039431362617e+03
1.073381153579504826e+03
3.863550425547172722e+02
1.679184211399974856e+03
3.818163454884002022e+03
2.008924038114342011e+03
7.960014983533442035e+01
1.861807724310979893e+03
3.555017656171712133e+03
1.307309651776258079e+03
2.668529600311296690e+01
2.023281972034297723e+03
4.069566184746235649e+03
2.243478793943589608e+03
2.989236682594798467e+01
2.663633689454508158e+02
1.515949141129944110e+03
3.244262222780609136e+03
3.868783457401192663e+03
7.686619834808469705e+02
-1.690049300523554399e+00
3.845014330490585053e+02
2.655354961923354495e+03
3.731195624603075430e+03
1.134183615867435492e+03
2.398099835819341195e+02
9.813862541636776768e+02
3.331637030171589686e+03
3.415623005281974656e+03
7.658464704201237510e+02
