2.047229928175750501e+03
1.976697201611785431e+03
2.085491350834914101e+03
3.909723196895024103e+03
3.954866008765957758e+03
1.941234478804013406e+03
-4.198112829025333070e+01
2.823411138957998787e+02
1.136117223902680735e+03
1.586694717619336870e+03
1.776453363811809368e+03
1.870179843215822984e+03
1.934670425211368638e+03
1.951338604747874570e+03
3.096608833820069322e+03
4.164331927137169259e+03
9.978950141990859493e+02
2.083666374537411627e+02
1.111430852974922573e+03
1.594465119619251254e+03
1.823981146530013348e+03
1.913717620179494816e+03
1.930609697249537248e+03
1.889887532229734006e+03
1.891002729415716203e+03
1.951363263655189030e+03
1.976543289476091559e+03
1.966060156260424492e+03
1.977147427856686591e+03
1.917482988509316328e+03
1.932721712198186424e+03
3.248117938909312670e+03
4.093465447955519721e+03
3.201020687968060884e+03
6.924077017271894192e+02
-2.437804742890674703e+01
4.074954332041505722e+02
1.418100396265128438e+03
3.623973901462157755e+03
3.356623307443295289e+03
2.475230762683014291e+03
1.249220539608136050e+03
1.537610926833100848e+03
1.079253726196498974e+03
6.503485045334351753e+02
1.545985461582848757e+03
2.972444535638434445e+03
2.533575412615275127e+03
1.311142768330438912e+03
9.468896440385665301e+02
1.456221444747320447e+03
1.140616189407894581e+03
2.632679082644660866e+03
3.112454276955570549e+03
1.749926404019215170e+03
5.966310654257484885e+02
2.730491074253282932e+03
3.015697750564363560e+03
1.898762215811278793e+03
7.854298835994100045e+02
7.082778004599050519e+02
8.310544668697089037e+02
1.339393908270519660e+03
2.169596003628456856e+03
3.897777149849364378e+03
3.483041011865983364e+03
1.363906140594073804e+03
1.027971821507014056e+03
9.135468228315788792e+02
1.171803149158471797e+03
1.342358958156865583e+03
1.746324083841406946e+03
3.109834664574796989e+03
4.070027651060330754e+03
2.332333261806941209e+03
1.310210838071588341e+03
9.745562679227314220e+02
4.887301841617163518e+02
1.408195875657167335e+03
3.817964963897808957e+03
3.724314753487624330e+03
1.600785658125861573e+03
1.301834264670544144e+03
7.584261778758096852e+02
1.564431327177534513e+03
1.681971724658221092e+03
1.657600839076835427e+03
1.793246490776642531e+03
1.281950751529903300e+03
1.488913037596507820e+03
1.597449276504279624e+03
1.579703285156487254e+03
1.649931818202611112e+03
1.760438616629233593e+03
1.774343135700125913e+03
2.850053252823651292e+03
4.071749495235284485e+03
1.754155430003051606e+03
-9.536574206460196379e+00
7.143768588082975839e+02
2.120344032760899609e+03
3.861403673907383109e+03
3.665445793875989693e+03
3.118702979144806704e+03
1.668768273177244964e+03
1.187831711225930036e+02
-1.794464698143646331e+01
6.791322461505887986e+02
3.616938888406221849e+03
4.010738898658918060e+03
3.059888852564036824e+03
2.645823517592315284e+02
-1.893340867937775585e+01
4.317593049965788055e+02
1.227386642220823205e+03
3.271848632268065558e+03
4.098345294438441670e+03
2.809586669156083190e+03
4.519805421047863092e+02
-2.673567299741027803e+00
1.395889437297669019e+03
3.801776114651966509e+03
3.777755169525008114e+03
2.364289769338779479e+03
-3.256417954962928007e+01
7.989017185447504232e+01
1.055872851904556910e+03
1.674019261825618969e+03
1.929493319353008928e+03
2.082070516906004741e+03
2.098891432752783203e+03
2.097845711993273198e+03
2.010617999086449345e+03
1.990414216427830297e+03
1.999773679998755142e+03
1.953815761823035473e+03
2.770875579980270686e+03
3.969296803230802198e+03
2.216552433480251693e+03
5.813199161710618910e+02
8.504519156706785452e+02
1.418612908435870850e+03
1.659932668036934047e+03
2.755090787729373915e+03
3.449454573125314255e+03
3.328698120201896018e+03
2.112499701978801568e+03
1.168673714162092665e+03
6.301343742663791545e+02
4.203008640907941071e+02
9.219662029401761174e+02
3.247792862283950399e+03
3.531686539730887944e+03
1.930934988511216034e+03
1.253375397587243924e+03
1.299365590194144261e+03
9.876580013665284241e+02
1.021995748227576314e+03
1.288826960883513948e+03
2.746595132184513204e+03
3.573550242415342836e+03
3.668210343154234579e+03
2.169655004588528300e+03
8.313445804141621238e+02
8.314338719176915902e+02
7.599666864831052635e+02
1.298250277657860124e+03
2.281561456815546990e+03
2.949106874596696798e+03
2.485914408921510130e+03
1.357873036720708342e+03
2.453627581771768291e+03
2.051527904207081065e+03
7.060116632505029202e+02
7.549183214243162183e+02
1.205773482782823521e+03
3.092591101173237803e+03
3.344724802993132471e+03
2.492917220258824727e+03
2.067133318993062403e+03
3.292591626714987797e+03
1.270251317538572039e+03
1.460735821793365858e+03
3.275178958647607033e+02
4.603123954251871908e+01
6.004908533825573613e+02
1.719929706380226435e+03
3.789355823121014964e+03
3.447354285940989485e+03
8.823819257923581745e+02
4.167002798715514018e+02
1.242697638228344886e+03
2.186783036198961781e+03
3.831316326485223271e+03
3.323904740670619049e+03
4.467648034000872599e+02
5.901299972385151023e+02
1.359228439362639392e+03
1.720032990768474065e+03
2.777989360059747469e+03
4.059738052315549794e+03
2.977102221611283767e+03
6.548381494752017034e+02
1.754410111195191178e+02
1.141235252212405612e+03
3.283563674998044462e+03
4.047558629098768961e+03
3.110788349246791768e+03
4.935190898745564141e+02
-2.687533982931319443e+01
6.964076135063443189e+02
1.422872977703921151e+03
2.932003828105079720e+03
3.933451942570596657e+03
3.794181021796779078e+03
2.638870011526078997e+03
1.115001133771439527e+03
2.071811570941041509e+02
-2.072961744129987949e+01
5.280135088100973917e+02
1.304901579085453477e+03
2.858814516138058934e+03
4.100588010945250062e+03
3.089809566513511982e+03
2.259212347258210229e+03
5.830572036627394255e+02
-1.648544492849395127e+01
7.431474585682487941e+02
1.422332463233842191e+03
2.473868452795345547e+03
3.633910489194187903e+03
1.788191703554247397e+03
9.803725246615904325e+02
1.384553983448871804e+03
1.684574920014997360e+03
1.845215162249376817e+03
2.531573546639427150e+03
3.964250428295395068e+03
3.167010761009583348e+03
1.969006171460369217e+02
6.239651132008040122e+02
1.321804631525362311e+03
1.717343683598793632e+03
1.860008769455940410e+03
2.472881951793934604e+03
4.014727325219839713e+03
4.009753748642743176e+03
9.784258957262186414e+02
2.491365741527657107e+01
5.023932067805621955e+02
1.383215328897611698e+03
1.980826116038175314e+03
3.110281005585679395e+03
2.387542461854659905e+03
1.225522939212332858e+03
1.472918646132897493e+03
1.477528153779764580e+03
1.548242285792696293e+03
1.707779190351047646e+03
2.635096499687968844e+03
4.000786789195999972e+03
2.071966171428338384e+03
8.397852643993712718e+02
9.147979796035490381e+02
9.216052001204687940e+02
2.130593590485250843e+03
3.587638853045015367e+03
3.640007598673529174e+03
2.537242118582326384e+03
8.591081552426165899e+02
3.282427477505244724e+02
1.712074337265254940e+02
1.019477815640163499e+03
1.623309361065044186e+03
3.052875367167554487e+03
3.894086215587717561e+03
3.340042224286492001e+03
5.688807253061604570e+02
1.984203659237371298e+01
8.375033729961442077e+02
1.476276416236579280e+03
1.995309112147246424e+03
3.624699988489453062e+03
4.026245126677740700e+03
