4.823188090142393776e+02
1.160289217230968234e+03
2.914930834966226939e+03
2.461128550953299055e+03
6.324299300034679163e+02
1.108899041940615689e+03
2.631462595634708123e+03
2.590658119302593605e+03
6.310435437065568749e+02
1.143216559686558185e+03
3.116698367291773138e+03
1.672012633034451710e+03
7.459975885913365801e+02
1.369579564409571731e+03
2.506547705869792935e+03
2.708674464533119590e+03
8.060509667192651477e+02
1.112207585758835876e+03
2.574147914364908047e+03
2.382278944164704171e+03
6.963133878509521537e+02
1.374781033076120366e+03
2.405807226466108659e+03
2.537046080971645551e+03
7.962951219596927785e+02
1.364971532232219033e+03
2.049119914335699832e+03
2.671384295760663008e+03
9.648123950707122276e+02
1.378549012731903758e+03
1.786027764396802240e+03
2.785037818851107659e+03
1.199750343454105405e+03
1.226558908603639338e+03
1.582134900783366447e+03
2.735379845161203320e+03
2.289360899198904008e+03
6.854599671533175069e+02
1.325129513130601481e+03
3.075561569185848384e+03
1.333184358852909099e+03
8.780998523440672443e+02
2.149682115512292512e+03
2.670804711125000722e+03
7.576944312117313984e+02
1.188923527070702448e+03
2.824185791745429924e+03
1.921411333090731659e+03
8.381419435413272367e+02
1.474475672474721478e+03
2.635884648075939822e+03
1.627173464191237827e+03
1.066384417067564982e+03
1.556888085480645259e+03
2.790381021357501595e+03
1.408766193140134874e+03
1.060432453773252291e+03
2.704726511667292471e+03
1.939831432103071620e+03
8.903211934528300162e+02
1.412546275557681383e+03
2.924403828918926138e+03
1.864913057341555941e+03
9.723631808368178326e+02
1.181482817948467300e+03
2.708454779517479437e+03
2.124437605511961465e+03
7.352338818992848246e+02
1.323088143448884011e+03
2.814119874910642920e+03
1.749121295820222940e+03
9.339121186096427891e+02
1.544396143446312180e+03
2.847060042530491046e+03
1.542394067472436291e+03
9.339378894618040476e+02
1.442035631444420005e+03
2.926648607740697116e+03
2.312584107124746879e+03
1.159543075811210429e+03
1.636329945616660098e+03
8.362049772643036931e+02
1.672568244820751943e+03
3.162152940037696226e+03
9.185388299483039418e+02
9.213558128710274104e+02
1.686866755171456361e+03
3.048274694528900000e+03
1.101005303028113076e+03
1.057855358823111146e+03
2.019130001175254165e+03
2.991168038856979365e+03
8.183174522910627502e+02
9.630735118134889490e+02
2.272306943421143842e+03
2.741995783762046358e+03
7.733325103865463461e+02
1.017485704722959326e+03
2.290405607807322667e+03
3.198385485366364719e+03
7.916379260962108901e+02
8.604640415237139450e+02
2.939050586183615906e+03
2.409525620090726534e+03
5.713727205739610326e+02
1.086812790687148436e+03
2.620513615693811516e+03
2.624880175247834813e+03
7.108079133877789673e+02
1.339071259296265225e+03
2.849915134667964594e+03
1.911682772236087658e+03
7.689755772652879386e+02
1.511233274108454452e+03
3.012901406908233639e+03
1.269430795451489075e+03
9.053751568276492208e+02
1.783749490394324312e+03
2.973162496787068903e+03
1.195307551191807988e+03
8.070176156277682367e+02
1.852038719730982621e+03
2.844412909361091351e+03
9.381431237095566757e+02
1.151274727952543572e+03
1.972085554017666709e+03
2.760487301560445758e+03
1.011906766454520039e+03
1.285520989100685711e+03
1.784337157717443688e+03
2.601660424486273314e+03
1.308320321600227089e+03
1.346232281231088336e+03
1.945968602228692134e+03
2.716980253840397381e+03
1.169710678165575246e+03
1.234202802579366107e+03
1.653304909420091235e+03
2.874409619558686245e+03
2.137910298756102293e+03
7.457682257365996747e+02
1.916221749139717303e+03
1.347029683457554484e+03
1.566230596434990048e+03
3.324048371025857250e+03
1.340594504833396968e+03
6.752165439970744956e+02
1.510021460336477276e+03
3.194336966922079228e+03
1.092573268746322356e+03
6.881457582283366037e+02
2.429773408838735122e+03
2.784552325727228890e+03
9.042768091046257268e+02
9.067736412966252146e+02
1.609608629968126479e+03
3.147397597626983043e+03
1.339452548179527639e+03
8.470261908635440022e+02
1.331027934634700614e+03
3.059961084760739141e+03
2.017589640230470877e+03
1.563282480746985129e+03
1.508255269485628332e+03
7.707693154738195744e+02
1.776514886931662659e+03
3.304786785090079320e+03
8.405134779568768408e+02
9.986902191441815830e+02
1.859330592599366128e+03
3.243026646890276879e+03
9.616028799949368704e+02
8.998193596766519704e+02
1.852328439613005912e+03
3.061659634378198007e+03
8.788327783594245375e+02
1.125780633956950851e+03
1.798341384955884450e+03
2.990580561944020701e+03
1.185227185570944130e+03
1.082141015680924056e+03
1.517950193419527523e+03
2.958428722303107861e+03
1.773888021072829133e+03
7.888806081200654035e+02
1.882310255520307237e+03
2.867212070787077209e+03
7.849726358354174636e+02
1.202659677174489389e+03
2.252015456679778708e+03
2.862998453314824928e+03
8.988855594925197465e+02
9.931388856749014167e+02
1.474467481531961994e+03
2.470274105264722039e+03
2.732625692936941959e+03
8.153902684370303859e+02
1.128967395996347477e+03
1.875707844574606725e+03
2.790987491802004115e+03
1.062449961600354072e+03
1.143081838368929994e+03
2.079436564115386318e+03
2.994060293244271634e+03
1.189854880379447195e+03
7.374294670500238453e+02
1.835188296930073420e+03
3.060108703674076423e+03
1.105178824260522333e+03
8.300052377154363512e+02
1.638050705230604535e+03
2.988139583892595965e+03
1.341605537571144623e+03
9.412910720983397823e+02
1.734142630652726211e+03
2.848468172722476993e+03
1.205108571061859038e+03
1.165557765793492308e+03
1.600768538832856166e+03
2.644926847049046501e+03
1.807986526154265221e+03
1.056148133086710459e+03
1.455005343294349586e+03
1.668051013715717318e+03
2.396505695525647297e+03
2.683194434991298749e+03
8.624373060009658047e+02
1.447462827882081456e+03
2.948641994551312109e+03
1.660131689106568047e+03
6.043160707182394162e+02
1.557329089595946016e+03
2.910267819272666657e+03
1.403802580899954364e+03
6.727822473429831689e+02
2.245874841651682345e+03
2.760163297406914808e+03
8.200942260961337524e+02
9.376654278647527008e+02
2.589830831647236664e+03
2.648003474296298918e+03
6.495551760195095312e+02
1.028647346012020307e+03
2.755428039059701405e+03
2.381982098812416552e+03
9.168874405276001198e+02
1.669293988126484237e+03
1.682530273273275043e+03
1.279969675068708284e+03
1.478806500453871422e+03
3.164217364499153973e+03
1.594613083618212386e+03
7.297439412388508799e+02
1.718282244417033326e+03
3.108652256603534624e+03
1.149413202724145094e+03
8.882154467314757085e+02
1.613891348133246765e+03
2.997469642838444543e+03
1.248469742104919533e+03
1.080448133044366386e+03
1.582098767348873707e+03
2.786902653136587560e+03
1.467007180028142102e+03
1.184874674781269960e+03
1.670498931859486902e+03
2.936841166408298704e+03
2.274488880318387601e+03
6.009299984172045015e+02
1.157688160709928979e+03
1.627013472220638732e+03
2.808771081289138692e+03
1.802480450705300427e+03
8.910498951003518187e+02
1.560778294261298925e+03
2.763018758493344194e+03
1.364162131955398763e+03
1.079904616633971045e+03
1.470463977375718969e+03
2.530473437092605764e+03
2.668239169980604402e+03
8.028780881701060252e+02
1.090708426709576315e+03
1.967599595602166573e+03
3.210421489212373217e+03
