1.554978769597886185e+03
1.566436586018866137e+03
3.250770795908925265e+03
4.069693971793078163e+03
4.103330857274784648e+03
1.650024953673211712e+03
-2.551064679042211480e+01
6.880239500048122014e-01
-1.318674591637363891e+00
7.734128068924206900e+02
1.494920825644724346e+03
2.958036202412784860e+03
3.571121623393365098e+03
2.090957416144356102e+03
1.597903946476937790e+03
1.515921097510246682e+03
1.748224710096010767e+03
1.942531823043159420e+03
2.042642701218818502e+03
2.051684677234016362e+03
2.329593598928423944e+03
2.456241164742210003e+03
1.982811640073440685e+03
1.837231847562972462e+03
1.864915554373272698e+03
2.695760237772694381e+03
3.543969855225917399e+03
1.909751179958579314e+03
1.131898549373605647e+03
1.306248243353482621e+03
1.519228082968589206e+03
2.384850950185255897e+03
3.725934116295218701e+03
1.786686898692889145e+03
1.020312304054432730e+03
1.186470327325753487e+03
2.787386450758117917e+03
4.143618507940068412e+03
2.326523703351397671e+03
6.364576014657150154e+02
8.672364862683934916e+02
1.122658610272020269e+03
2.238537552330558810e+03
3.115172543555096581e+03
2.230011722891872523e+03
1.458338957249757414e+03
1.257952561847649122e+03
1.513994085375654777e+03
2.646641682052115357e+03
2.378882013440907940e+03
1.700017356292759359e+03
1.398101115707184363e+03
1.420260579403102611e+03
2.753734757518547667e+03
2.771462787736985319e+03
1.309006001401665344e+03
8.314653513716847328e+02
2.044237323641326157e+03
3.812824566397604030e+03
2.963691223351528606e+03
1.166830604506210193e+03
9.309300763898572768e+02
1.081263314110842657e+03
2.924359300774061012e+03
3.153092796330640795e+03
1.376244044093310322e+03
1.141967773481611403e+03
1.210972231683329028e+03
2.540200970186916038e+03
2.987908852239115276e+03
1.719124864557956016e+03
1.309580921055056706e+03
1.472366691320533846e+03
2.571051736805730798e+03
3.048432747861849293e+03
1.671397966705103272e+03
1.120383256983419642e+03
1.473803576731896328e+03
3.347597067095449802e+03
2.178276919955671929e+03
1.368700542456946096e+03
1.243271550019670485e+03
1.612329675725506604e+03
2.999042364688875296e+03
3.068831796136787489e+03
1.692766767379895100e+03
1.492221382141911818e+03
1.509977711034994627e+03
2.543324756855586656e+03
3.086041208122267562e+03
1.676468924439000602e+03
1.309205313409644305e+03
1.371492209277793791e+03
2.045484277546895100e+03
3.047596666469813954e+03
1.984936911879155559e+03
1.293348624588153598e+03
1.079100200690607608e+03
3.322581564671135766e+03
2.241902334237067862e+03
2.504283061871150494e+03
1.267697753395744485e+03
8.194452567957109750e+02
1.878929805489421142e+03
3.491714728302717049e+03
2.031898777898772323e+03
1.422961404085721824e+03
1.083100745884727075e+03
2.156276980061151789e+03
3.485481954080473315e+03
3.023033461304587490e+03
1.413999236171930534e+03
1.656554711268442361e+03
1.265438161475598463e+03
2.748231651256459372e+03
2.951300905831933051e+03
1.299675535077723453e+03
5.105586515463201067e+02
1.035288812510193111e+03
2.307021013446540110e+03
4.117666002888918229e+03
1.433780686370070498e+03
5.306259004701353206e+02
9.937751768714049376e+02
2.669665028838948274e+03
4.040475757127059751e+03
1.949259728382490493e+03
9.475241014476536066e+02
1.010790322159490529e+03
2.802230580320202080e+03
3.878128484155693513e+03
1.679027765344650561e+03
1.030453038380499493e+03
1.181686708010757457e+03
1.427375040672651949e+03
3.544141072915137102e+03
3.288382504903294830e+03
1.265425093450091254e+03
8.376256214186003035e+02
1.084813792568239251e+03
2.548124415941295865e+03
3.868380157450274055e+03
2.169474943267040544e+03
1.405356350485089479e+03
1.207936690999439406e+03
1.427804220054415737e+03
2.660377066365210339e+03
3.015020388855539295e+03
1.753324194134514528e+03
1.344333753355285353e+03
1.469454295346808067e+03
2.259064693973702560e+03
3.051343848619868822e+03
2.019196632054906559e+03
1.466426014640841458e+03
1.371265013248686273e+03
1.781166011069287379e+03
2.985403758467050920e+03
2.898564956713672018e+03
1.312019156647069622e+03
1.129796385886629196e+03
9.999248262683119037e+02
2.959132435367841936e+03
3.516998261019614347e+03
1.561325307679554498e+03
1.213567771138871194e+03
1.607795448230462398e+03
2.154621195464474567e+03
3.170037434006373587e+03
2.384371335740569066e+03
1.453603003742578039e+03
1.482218695523605447e+03
1.700740668301803453e+03
2.722420642008794857e+03
2.644488593326127102e+03
1.637685278979309260e+03
1.402620780936952087e+03
1.756634138636056377e+03
2.849829225814127312e+03
2.328025806984285282e+03
1.436106025075206844e+03
1.005050687027919025e+03
1.422883323867372155e+03
2.550930629896498886e+03
2.008722250919905036e+03
1.573108196549851300e+03
1.231224695677043883e+03
1.889316133923429334e+03
3.512201987645282315e+03
2.996749089685382387e+03
1.199764812250878094e+03
9.334630201325901453e+02
1.273080232795664870e+03
3.250649599294061773e+03
3.463887340655548087e+03
1.388657813225069958e+03
9.297269734372675885e+02
1.172024284131652166e+03
3.034576022662979085e+03
3.890225994525507758e+03
1.382547898085564157e+03
6.869440397188551515e+02
1.103321166288015093e+03
2.782623450220039103e+03
4.129507540638273895e+03
1.360993075727375526e+03
5.394080534820454886e+02
7.819575118607106106e+02
2.602727897067083632e+03
4.135320455203853271e+03
2.036770950063822056e+03
8.561650006532277075e+02
9.025278136251027945e+02
1.169713165147230711e+03
3.312179223563779487e+03
3.863612003606396684e+03
1.252570611160125054e+03
4.491414183761261825e+02
9.679300741984898195e+02
1.547232478845415926e+03
3.193411479215698364e+03
4.128475142750412488e+03
2.339594519915680848e+03
9.007643828836764897e+02
5.510604361538939884e+02
1.053739798607919965e+03
2.479950868241031003e+03
3.782927694156094731e+03
2.230948633306555621e+03
1.229078866042119216e+03
1.434044897509926159e+03
1.509457790299998351e+03
2.383336059972617932e+03
3.117995436845161748e+03
2.262278550999418712e+03
1.457217403500146020e+03
1.224778920978771794e+03
1.613850971037436238e+03
3.065577867487157164e+03
3.293948960088157037e+03
1.563191285891021607e+03
9.059043161305438616e+02
1.072951561408139696e+03
2.539074077141485304e+03
3.413520325885750481e+03
1.711360302424178144e+03
7.004041741648197785e+02
1.019999408572311495e+03
2.828314916305213956e+03
3.593240311149711488e+03
1.894561944314759785e+03
1.431708266935096844e+03
1.730984135734841175e+03
2.934078114096529134e+03
2.749418746870910581e+03
1.516072134626553407e+03
1.229970315414906963e+03
1.675144991434315216e+03
3.016280734733704776e+03
2.261050198319921037e+03
1.175864430872848743e+03
1.119010970910685728e+03
2.096770317920861544e+03
3.452204775468094795e+03
1.624327597638137377e+03
6.341372568353148154e+02
1.454337149917367469e+03
3.916481780734953190e+03
2.379094469358638889e+03
7.440225101548090834e+02
5.906721923418235747e+02
2.448631253279050725e+03
4.030584483095792166e+03
1.522069925057893897e+03
7.438475589938800567e+02
8.051917503575010642e+02
3.031245932395076579e+03
4.099140756500822135e+03
1.591001725455518908e+03
6.589064971985806096e+02
8.051442206810498874e+02
2.061962795471832123e+03
4.021171484344074088e+03
2.830379699218080987e+03
