2.770645697967393517e+03
3.262212368024443549e+03
1.324138887876138142e+03
1.524605577805819166e+03
1.834759764644389179e+03
2.008023899032424424e+03
2.057162150191864384e+03
2.770949878190945583e+03
2.187097042651700121e+03
1.626303087346143229e+03
1.864593961583950886e+03
2.005279325746913173e+03
2.433308200138521897e+03
3.040644979213901479e+03
1.384965592542082277e+03
1.705010170029197297e+03
1.932334432863891834e+03
2.192707928151340184e+03
3.247078921259327217e+03
1.393516054403358794e+03
1.580912976041558522e+03
1.985244501003193363e+03
3.044449043923502359e+03
2.852680805368636356e+03
1.057083978569545252e+03
1.344699212735604306e+03
1.936563963582395218e+03
3.036342821381025715e+03
1.910638067511609506e+03
1.314867283747059219e+03
1.653359358016794886e+03
2.158570499689878034e+03
3.075272755605375096e+03
1.565068739809011504e+03
1.516577173145940378e+03
1.823031072974184099e+03
3.013718285096088948e+03
2.754009651038881202e+03
1.187207277325316682e+03
1.490831444865911408e+03
2.003981869478783665e+03
2.530948730395014991e+03
1.591943066948293790e+03
1.874414993912649607e+03
2.861684520294520553e+03
2.092569190862242067e+03
1.434970818546446935e+03
1.749705537662636743e+03
2.762442418675241697e+03
2.282396896162628309e+03
1.424988348823673277e+03
1.668328644622596585e+03
1.994003952263733481e+03
2.581075415111154598e+03
1.532508163224041255e+03
1.834097821392133255e+03
2.342975472607492975e+03
3.216607066723936441e+03
1.339467947677007260e+03
1.703396996841665668e+03
2.083632073018919982e+03
2.901610505658617967e+03
2.089224394271798246e+03
1.465991246067762631e+03
1.698117813746916454e+03
2.775629803173153505e+03
1.779751562127744137e+03
1.556054526511861468e+03
2.339922516134238322e+03
2.975445882027610423e+03
2.486268696338512655e+03
1.195096000066570241e+03
1.399354964627169693e+03
2.075598023705649211e+03
3.063879460444740744e+03
2.502443234537567605e+03
1.187801377286004481e+03
1.433870829519187282e+03
2.219430227643421404e+03
1.416489277405614075e+03
1.734702516018080814e+03
2.284494871391993001e+03
3.218158572611834643e+03
2.193660736189845920e+03
1.176020965270897477e+03
1.502782382258155394e+03
1.767909659052188317e+03
2.652535570780084527e+03
2.892870668298086457e+03
1.343996315375608219e+03
1.548518009389197687e+03
1.920598532461212244e+03
3.120181640340384092e+03
2.002667125403819682e+03
1.263479391748058333e+03
1.650365085352812912e+03
2.372422259678130558e+03
3.142552419535140416e+03
1.295805965006805081e+03
1.477767061825690917e+03
1.893915316289321936e+03
3.089231069063283030e+03
1.936017518626535320e+03
1.334399845313883134e+03
1.691942008943042083e+03
2.525021855940043679e+03
2.878612403711068509e+03
1.287661237791210624e+03
1.605740316123965840e+03
2.361518310900477445e+03
3.068127907556262471e+03
1.285398930156599135e+03
1.504761889873631617e+03
1.858564658977866884e+03
2.838804339197702120e+03
2.228709157338224486e+03
1.392356252031735949e+03
1.723086741331672101e+03
2.565276688028919580e+03
3.034806892455916113e+03
1.260989112431411513e+03
1.691366037125137154e+03
2.359238058061407628e+03
2.803112193552372901e+03
1.314273519731942997e+03
1.664688460212607424e+03
2.024376554460812258e+03
3.228077946638638878e+03
2.080687253554299332e+03
1.368276858099900892e+03
1.467751211397642692e+03
2.405773344421513229e+03
3.043536308176977855e+03
1.228576125074646598e+03
1.615974078816843530e+03
1.835079240719617019e+03
2.011036753818711986e+03
2.452835974619090848e+03
2.849058397203180448e+03
1.444375681711604102e+03
1.635264986764675086e+03
2.698352748932331906e+03
2.884203088382351780e+03
1.307080490529691360e+03
1.608594328157879545e+03
2.011492486486137750e+03
3.161615958169701116e+03
2.006685282437364776e+03
1.357324477958260104e+03
1.548566264603896116e+03
1.805708940023984724e+03
2.479143266798071181e+03
1.640928489363246172e+03
2.144019704275887761e+03
3.032960622413054352e+03
1.551062277895241323e+03
1.608194481269563767e+03
1.804722544756450816e+03
2.802195701308676689e+03
2.766975623711938624e+03
1.458736250409677950e+03
1.777799757573301122e+03
2.117601830784320555e+03
1.286366670663484228e+03
1.775491316516742017e+03
2.842047544268667934e+03
2.102453664880649740e+03
1.598361446341363717e+03
1.756923875455862344e+03
2.938521906587269314e+03
2.348272361358552644e+03
1.262309538791482282e+03
1.569431765955076571e+03
2.047449604665110201e+03
3.128431708893162522e+03
1.623640867557135607e+03
1.438601575854848988e+03
1.886451128798269565e+03
2.976523603611423368e+03
2.053018219320054413e+03
1.345664287532125172e+03
1.707498903137199022e+03
2.753803584587126807e+03
3.329438865510860978e+03
1.030645209360111721e+03
1.405062056549669705e+03
1.997814783378747052e+03
3.310837805895899237e+03
1.459796719135544436e+03
1.385628611811258452e+03
1.780779347977894986e+03
2.625874359904833000e+03
2.104745272237367772e+03
1.572697050613013516e+03
2.083919067040454593e+03
3.089751717547109820e+03
1.601913188874418438e+03
1.451972005294533119e+03
1.884244893597747705e+03
2.968169088636312608e+03
4.072829175989909345e+03
3.864274838377562901e+03
-1.535308156454144353e+02
-9.542472958077155454e+01
2.697875886347539563e+03
2.033262235360283739e+03
1.779429549622955165e+03
2.130760644598047293e+03
2.395931174908925641e+03
1.782579701752172468e+03
1.820783752327398133e+03
1.938352555855354694e+03
2.101461721055865382e+03
2.194758067588367339e+03
2.201107297470476169e+03
2.124370087913404404e+03
2.200211171260827086e+03
2.186606667624234888e+03
2.131652031434346100e+03
2.169165254102426843e+03
2.153736481538812313e+03
2.109183835760533839e+03
2.108711702927967508e+03
2.117127504823816253e+03
2.107616399181473753e+03
2.127711586019319384e+03
3.151409852961195156e+03
3.012325061343648031e+03
2.060397944491685394e+03
1.095301810825275652e+03
1.393659311187073172e+03
1.692885683311503954e+03
2.079757712116605944e+03
2.862173872087133532e+03
1.753921924058141485e+03
1.617273049654297438e+03
2.035918253411505702e+03
2.248000024464813123e+03
1.746226501758642826e+03
2.121756188601125814e+03
2.970960959507118787e+03
2.701296106347542718e+03
1.233450562874791331e+03
1.414972513931771800e+03
1.747590421166676606e+03
2.501060883341886438e+03
3.194356449990031706e+03
1.376226107433897369e+03
1.466551020927426634e+03
1.756771510637575147e+03
2.518738808749252712e+03
2.598670645300190699e+03
1.538407422791009822e+03
1.658559211888003347e+03
2.321196897493589859e+03
2.840408574635891910e+03
1.591658312683617851e+03
1.497070288213076992e+03
1.818980421723790869e+03
2.666448322453798482e+03
2.628077213877594204e+03
1.454542023706961118e+03
1.582861254868339529e+03
2.114112957915855986e+03
2.871912173415089001e+03
1.774339150597537127e+03
1.489333815298977925e+03
1.844366117596301137e+03
3.017268059667906982e+03
1.838551096813939012e+03
1.556131401423291891e+03
2.018333562481801891e+03
2.455299695913347932e+03
3.036487318452300769e+03
1.405831389918209425e+03
1.341286914841887210e+03
1.669803696467888813e+03
2.570436362754250240e+03
2.663087524783000390e+03
1.405465785616442417e+03
1.647038775481331413e+03
2.260678421432085997e+03
3.187661572134625203e+03
1.602238472538334918e+03
