2.032931080839570086e+03
2.083328047591372979e+03
2.129583006413671228e+03
2.086252506169666958e+03
2.018372980775465066e+03
2.033318025852893925e+03
2.128904744910805675e+03
1.973222393700846624e+03
2.060062864603337857e+03
2.010875215000252865e+03
2.079775520076319481e+03
2.253380333409019840e+03
1.890593863396134111e+03
1.941578835057505103e+03
1.942570115833419095e+03
2.627492308688011235e+03
1.858391148467006360e+03
1.771488970391231078e+03
1.956020601050040796e+03
2.014020706750050067e+03
2.397552541549808666e+03
1.879724323748923553e+03
1.897074023112968916e+03
2.301416749119011456e+03
2.126431531174245720e+03
1.797301520248168799e+03
1.984023861158699674e+03
2.611655332452256516e+03
1.709935313491256238e+03
1.739213610474915185e+03
2.481095494704519751e+03
2.795833338640290094e+03
1.535345054729797994e+03
1.305645866419726872e+03
2.093921126953389376e+03
2.895816722271154049e+03
1.767659514784634666e+03
1.420841064947708674e+03
2.122449542801682128e+03
2.806328624244074490e+03
1.751034080279020145e+03
1.897943409801132248e+03
1.437462565400757057e+03
2.347985421991866133e+03
2.453200396201135391e+03
1.554842377650320486e+03
1.602585676652152188e+03
2.585480959584358970e+03
2.066480720712556376e+03
1.623494776134672748e+03
1.898754111996366873e+03
2.686695139947614280e+03
1.645077381214947309e+03
1.725010789605976242e+03
1.945073273826825698e+03
2.430156144158972438e+03
1.862365986765197931e+03
1.905631494235119135e+03
2.414877269727384828e+03
1.854101929193740034e+03
1.860957084664123386e+03
2.184393443085157742e+03
2.186887077359934210e+03
1.848334542791026479e+03
1.919924344179274385e+03
2.491182242273295742e+03
1.939379053764302853e+03
1.740310230987455043e+03
2.249526378868413303e+03
2.441699568236135747e+03
1.622860404688765357e+03
1.718700771627604809e+03
2.668652616959747775e+03
2.662218036709743956e+03
1.452100116143930109e+03
1.533596814122928208e+03
2.017689737996787017e+03
2.792874231259702356e+03
2.022490472071652903e+03
1.520513529552610180e+03
1.570525439858462505e+03
2.484899518596506823e+03
2.337775843347480986e+03
1.682912374524696588e+03
1.775647408759389009e+03
2.568958617456245065e+03
1.863616735450214946e+03
1.671931895827240851e+03
2.527435128336123398e+03
1.985200587557752669e+03
1.588964835340593027e+03
2.454189097487963863e+03
1.972791307772946311e+03
1.699403008386108922e+03
2.110383680297030878e+03
2.560710513453614567e+03
1.593762529672341088e+03
1.851734017008697265e+03
2.760049227128339226e+03
2.044310539324052343e+03
1.428007433638231987e+03
2.048718107043097461e+03
2.487397800486792221e+03
1.607858450559593166e+03
1.781694132968564418e+03
2.657232543793688365e+03
1.806840203512259450e+03
1.625785471352423656e+03
2.193597387562829681e+03
2.538399283851296332e+03
1.577507463613382242e+03
1.783131927170388735e+03
2.549744598565366687e+03
2.116741396421342415e+03
1.592553141625031458e+03
2.001268293559532140e+03
2.579863432528423800e+03
1.673436690170801512e+03
1.751913716768904351e+03
2.578586703272587329e+03
2.665853000576866634e+03
2.147968921124760527e+03
1.941636029979538534e+03
2.018250271899517884e+03
2.047084377004811813e+03
2.037229345764093523e+03
2.035319429728496971e+03
2.007177312314572646e+03
1.901038652977418906e+03
1.720770486926547392e+03
1.737244729292330703e+03
1.739191854580429663e+03
1.810746017652397541e+03
1.861519778900984193e+03
1.913618976755294398e+03
2.034411301806823985e+03
2.063462318033331030e+03
1.986955196493560607e+03
1.944462738012005502e+03
2.450785413655481989e+03
2.619007320542350044e+03
2.148381200849596098e+03
2.193691555862682890e+03
2.112900496317390207e+03
1.902594246056241218e+03
1.964639164679582336e+03
1.874724417025819548e+03
1.874368631189656071e+03
1.861696798545762704e+03
2.078753806240650647e+03
2.053809957791255329e+03
1.932802943527234902e+03
2.030963220233903940e+03
1.898423827353248043e+03
1.882576770299668397e+03
1.961308084562775321e+03
1.951927678997679777e+03
2.026751761180366884e+03
2.077564971858574609e+03
2.089390412845212722e+03
2.101696415607344079e+03
2.098056612173298163e+03
2.430626444214156436e+03
2.815108404549651823e+03
1.976069826048637424e+03
1.590494611262837452e+03
1.675240331166243095e+03
1.870474765597429041e+03
1.915451274517954062e+03
1.974163639337659788e+03
2.109401291184421552e+03
2.052051107892193613e+03
2.037058825685371630e+03
2.161590324390153000e+03
2.037595196227609449e+03
1.966755868854438859e+03
2.208560660889347673e+03
1.997761360719152890e+03
1.932484871374403156e+03
2.397914881185344711e+03
1.979556217797394083e+03
1.831743553588895338e+03
2.095551304931524555e+03
2.742052817422807493e+03
2.556107358412454232e+03
1.471775686789111433e+03
1.504741461237068734e+03
1.638206386390981834e+03
2.494542994586713121e+03
2.804381606480340906e+03
1.664391136323880801e+03
1.396436990164407689e+03
1.713007048318465650e+03
2.655595988657437374e+03
2.278249607219128848e+03
1.482928794602685002e+03
1.663478758786593744e+03
2.552658729873927314e+03
2.288440053576782702e+03
1.571233417613934535e+03
1.766029856927330684e+03
2.582427396745217720e+03
1.993855464437211367e+03
1.578077909530707529e+03
2.155153355187211218e+03
2.783435726466086180e+03
1.784447751435713599e+03
1.547599920441723953e+03
1.828017241141960312e+03
2.641230156685350721e+03
1.921274072094312032e+03
1.629823590655904127e+03
1.845272463738373062e+03
2.585309187959763221e+03
2.117959807714382350e+03
2.019210499603794460e+03
1.886233795498570544e+03
1.627047483897767506e+03
2.876522030232160887e+03
2.184591940790438912e+03
1.356864972417375384e+03
1.583955374688526717e+03
2.179260649051440851e+03
2.353405570721926324e+03
1.771752380159004588e+03
1.877833528944269574e+03
2.622945572305064616e+03
1.981297868552238242e+03
1.625308051430001569e+03
1.816622782135664238e+03
2.572177693897345762e+03
2.084726848001656890e+03
1.613802073670523896e+03
1.948647109633039008e+03
2.569413216561068111e+03
1.842741797422339459e+03
1.660298018276241692e+03
2.281374159096492804e+03
2.456794388605840595e+03
1.635924683202751567e+03
1.755005826614921489e+03
2.542979897098650326e+03
2.884669124066968834e+03
2.170284343224848271e+03
1.291954839828422791e+03
1.443066236647002370e+03
1.730581834497370892e+03
2.212788153893393883e+03
2.585614317602395658e+03
1.904039710509029419e+03
1.711218867271659747e+03
1.860263412399887102e+03
2.029078585815224869e+03
2.187037360728766089e+03
1.836868828960497694e+03
2.008247189934980952e+03
2.273043414379250862e+03
1.961394032500364801e+03
1.991366718383470243e+03
2.049221131894198152e+03
2.099670320424310376e+03
1.942352862872799506e+03
2.048839019305016791e+03
2.040561824074523656e+03
2.050363775343261295e+03
2.123671813263815238e+03
2.757385542613163125e+03
2.729814378610680251e+03
1.559050633960924870e+03
1.444400310111832596e+03
1.625051550462646674e+03
1.906849693327014620e+03
2.608888415027292922e+03
1.850863817430861445e+03
1.746322567801217474e+03
2.130473428337138103e+03
2.273926393475604527e+03
1.831281513427916934e+03
1.882329604668674619e+03
2.522154698311022457e+03
1.956582728635091826e+03
1.660715235569356309e+03
2.020045862294040489e+03
2.708364784624056483e+03
