1.645677314786924626e+03
1.687911052750395129e+03
1.804454272726596855e+03
2.390310545035850282e+03
1.931995489938118681e+03
1.645960273731866437e+03
1.655738474738563127e+03
1.784913538836581210e+03
2.480079898417078311e+03
2.026353156072178308e+03
1.602886335138767208e+03
1.595368667977097402e+03
2.064201711162418178e+03
1.862070863706279397e+03
1.766132565056144131e+03
2.421823539468120543e+03
2.182482167860950540e+03
1.616585974045111470e+03
1.646291243971182439e+03
1.698156939979190156e+03
2.367567719392549407e+03
2.051613580821651794e+03
1.608720789085325350e+03
1.672458166442455649e+03
1.902417181197471791e+03
2.519296610599826636e+03
1.847148329564671712e+03
1.602792857431017637e+03
1.645691703347313933e+03
2.153543288728791595e+03
2.396421640948848562e+03
1.598848917881834041e+03
1.606855462164451637e+03
1.844733964874912317e+03
2.386075031912731447e+03
2.010667405883331867e+03
1.560887996799092434e+03
1.866354157805155410e+03
2.446856209178156405e+03
1.697897548230700522e+03
1.603493998522658103e+03
1.679760390603904398e+03
2.349586383797759026e+03
2.115986752889456511e+03
1.599465034861666481e+03
1.580784138587658617e+03
2.007739851470148096e+03
2.514558508755889306e+03
1.737591403404893526e+03
1.551024159294425772e+03
1.651663546284091353e+03
2.304454601178599205e+03
2.023960262238349742e+03
1.618968131921569011e+03
1.646612738745818206e+03
1.974430436649214244e+03
2.418519404349488013e+03
1.855492852384701337e+03
1.565722593655943911e+03
1.688993367483620204e+03
2.359373746252568708e+03
2.213556288860551376e+03
1.608370808925855272e+03
1.640826928783988706e+03
1.796037178645365657e+03
1.916234507196244522e+03
1.929017612798042819e+03
2.207254931453066092e+03
2.472638097793282668e+03
1.576711440908708255e+03
1.583294046722877965e+03
1.684432174631143653e+03
2.191239307458626172e+03
2.617899476570899424e+03
2.727993229860164774e+03
1.401113016968062539e+03
1.097943776035167957e+03
1.617176047910065790e+03
1.618598287160859400e+03
1.875164478893394062e+03
1.838414102039733507e+03
1.887226396482788232e+03
1.947489901277579065e+03
2.326824100698118855e+03
2.355365625937747154e+03
1.620867621079411492e+03
1.626644019071208277e+03
1.749507567954304250e+03
2.373795254569011831e+03
2.158328279421486968e+03
1.604355685038614638e+03
1.663199194050502683e+03
1.807499371735666045e+03
2.294497384261924708e+03
2.246733227262056971e+03
1.605295253154527700e+03
1.635594547991082209e+03
1.856116104352717457e+03
2.098483763624013136e+03
2.087657980404515911e+03
1.596868631664736313e+03
1.642257089154661116e+03
1.744823102210114257e+03
1.969118194020451710e+03
2.805942955768500724e+03
1.821820313698819973e+03
1.535527058135567813e+03
1.803636763760670419e+03
2.155558960436027519e+03
2.373075706239523697e+03
1.614848713793169964e+03
1.511356665264925596e+03
1.759016312585710693e+03
1.988474282148695011e+03
2.508157343470078104e+03
1.934112125865942744e+03
1.547197253930426541e+03
1.758572715245917379e+03
2.125717463244147893e+03
2.504883842795715282e+03
1.713309189351155965e+03
1.730148547661100338e+03
1.818268863684939106e+03
2.351097100183631028e+03
1.635020072014789775e+03
1.599289710811188797e+03
1.728807897319656377e+03
2.312739228443840148e+03
2.344234194449233200e+03
1.520143984874220223e+03
1.676908553550048737e+03
1.995354453376593483e+03
2.388686692274416146e+03
1.608091996136255830e+03
1.479038405001233286e+03
1.733533293922851044e+03
2.431648155744788255e+03
2.327858569337648987e+03
1.472683321121970494e+03
1.738469816075451263e+03
2.068355616132371324e+03
2.405186212459046601e+03
1.539108101286026795e+03
1.553173970582581660e+03
1.911539202100328112e+03
2.594350366438473429e+03
1.708078104486309257e+03
1.691945688013937570e+03
1.569327808780472878e+03
2.095825458748054189e+03
2.315441837258244504e+03
1.649143539038323752e+03
1.614793421439357871e+03
2.298094338184634580e+03
2.032379714041906027e+03
1.529605633518017157e+03
1.653497859857312051e+03
2.377230711760319537e+03
1.906791291163536243e+03
1.558650926708524139e+03
1.804067493257724209e+03
2.275012457804724818e+03
2.253363429215268297e+03
1.506739255784901161e+03
1.715160667245291734e+03
1.799548034231542488e+03
2.500157007614500344e+03
2.181962442980638571e+03
1.497861397000775241e+03
1.628916777964682524e+03
1.754742799602859805e+03
2.397013584855327281e+03
1.932261541457213525e+03
1.591608091281022098e+03
1.638917347443267090e+03
2.164708021243514395e+03
2.350944101198493627e+03
1.643926213892797932e+03
1.617556869466274293e+03
1.996425860892429910e+03
2.361655160013207933e+03
1.889157384619136792e+03
1.500914481061259949e+03
1.765676353804248265e+03
2.368473308936031572e+03
1.979261420599983694e+03
1.531619279111151627e+03
1.713837715836849611e+03
2.444105372995298694e+03
1.943750380060476346e+03
1.556002336258259902e+03
1.632014777222094835e+03
2.029958041313062722e+03
2.417894481341637402e+03
1.733388736580781824e+03
1.550701536298851352e+03
1.791226071202563617e+03
2.411249107465667294e+03
2.295128307585169296e+03
1.525186055892834247e+03
1.588909159842918370e+03
2.028927202548429250e+03
2.386884143386785126e+03
1.765740137847808683e+03
1.767095658928382136e+03
1.826692388487053222e+03
2.348255406745135133e+03
1.908142530764770072e+03
1.527638512530257003e+03
1.639980414432298403e+03
2.360223493717195652e+03
2.057352556676461973e+03
1.553843734420245482e+03
1.606262794891338672e+03
2.225678037438435240e+03
2.328128037986451091e+03
1.520520442512521868e+03
1.630203798407898375e+03
1.854792871800275407e+03
2.449691960096920866e+03
1.939728823815240958e+03
1.542011211537556392e+03
1.611099724725494752e+03
2.213642285376326981e+03
2.469711424996434744e+03
1.524393818603041836e+03
1.542600871256921664e+03
1.851682732605165484e+03
1.952637959597282816e+03
2.505123741142800554e+03
1.757504882331522822e+03
1.675280194441014828e+03
1.791993700183494866e+03
1.957388854710066198e+03
2.410263028420879436e+03
1.707198450894618645e+03
1.689550005029377644e+03
1.738461219261404949e+03
2.023860278532086113e+03
2.490837695757744314e+03
1.714271290293415404e+03
1.563810601873747828e+03
1.727107195898042619e+03
1.959037301161680716e+03
2.454467517990936813e+03
2.276191151751806501e+03
1.517659035028225389e+03
1.619852202464659285e+03
2.060212818982256522e+03
2.509694883707529243e+03
1.754410877035445537e+03
1.576412928659633053e+03
1.715998227383484164e+03
2.185484766634408516e+03
2.308382460169189471e+03
1.533963947533618239e+03
1.561269651862194223e+03
1.850925232325288107e+03
2.353657513768392164e+03
1.975208955471212221e+03
1.525605647672668510e+03
1.629817521936765615e+03
2.126081746983731136e+03
2.409643516261101468e+03
2.047003397601112283e+03
1.569409496497333976e+03
1.739959849716263989e+03
2.443313874224700157e+03
2.228681093199425504e+03
1.436578382997929793e+03
1.506936756592151596e+03
1.939772696062182604e+03
2.511334009836138193e+03
1.675025727172359893e+03
1.542330670205577917e+03
1.640449275879672768e+03
2.152735788452952875e+03
2.557870140323677333e+03
1.542118853109195697e+03
1.540127070510644444e+03
1.752283166768702358e+03
2.494921997134627418e+03
1.905482162905804444e+03
1.521964299005705016e+03
