2.077672085204397263e+03
1.898264538414851586e+03
1.883134278950808266e+03
1.902995576076171346e+03
1.904445732255483108e+03
2.163760049050819816e+03
1.923457000421974271e+03
1.909796701886550636e+03
1.846026192640313866e+03
2.019731462880211438e+03
2.127106029489541015e+03
1.908690442256568986e+03
1.876827840597024306e+03
1.867153713121033661e+03
1.930759502013149358e+03
2.164067817026864304e+03
1.961410393113777900e+03
1.906320376658799660e+03
1.883853203303163355e+03
2.000082398134806681e+03
2.067294896290612087e+03
1.905186175968358839e+03
1.900466979023231033e+03
1.877926971499955471e+03
2.112819383509846375e+03
2.029465092280179988e+03
1.864913767068334664e+03
1.875930902799527985e+03
1.946286531394739995e+03
2.107944321447807852e+03
1.905838258081598497e+03
1.876883692640811887e+03
1.867964818195859607e+03
2.115653758544026914e+03
1.994568734384314894e+03
1.897636593811490684e+03
1.855080505542727678e+03
2.035986363527071262e+03
2.104376828455140640e+03
1.897391756962668751e+03
1.885177224053373948e+03
1.921072754219167791e+03
2.073918841897808761e+03
1.950380077189967096e+03
1.867606515764460255e+03
1.891992334389537291e+03
2.017534907708629135e+03
2.060879674133323533e+03
1.865151990930375405e+03
1.881799074819441330e+03
2.018891975531790877e+03
2.039807284539653892e+03
1.908214557909683208e+03
1.897529205421208189e+03
1.931157591603763422e+03
2.062959556402473027e+03
1.977947414117803191e+03
1.889974146587190944e+03
1.913974990906974426e+03
1.998295450747110635e+03
2.061206708150044051e+03
1.961154269147302784e+03
1.844870528155530792e+03
1.866566335671959905e+03
2.140667565842966724e+03
2.042660355537249416e+03
1.864236348970975314e+03
1.815758631255081355e+03
2.108017392822346665e+03
2.080631583964150195e+03
1.862791879401960614e+03
1.891831140132375367e+03
1.885212210895636645e+03
2.132875748286281578e+03
2.010271129483527830e+03
1.875323367081316519e+03
1.853203211040447741e+03
2.014656278930066037e+03
2.139705102656176678e+03
1.918480379576743417e+03
1.876297107908208545e+03
1.904829021029062460e+03
2.033461774736142161e+03
2.028775460479740786e+03
1.899971325045312597e+03
1.915027822598236753e+03
1.892055396489493205e+03
2.085147013000137122e+03
1.959524035203069388e+03
1.910509736988425175e+03
1.933804241954022700e+03
1.988970679354023105e+03
1.933815755056180706e+03
1.907618310136145965e+03
1.932278681836586657e+03
2.038682901633240363e+03
1.941275464820003890e+03
1.872002356707598892e+03
1.823256573360906259e+03
1.979672975373021700e+03
2.165496949953444528e+03
1.955163497003294196e+03
1.866888167769031043e+03
1.936909996309851067e+03
2.114956987057184051e+03
1.934675749134761872e+03
1.853508665206238675e+03
1.810808514890368087e+03
2.218746584513900871e+03
2.048681471800807230e+03
1.841097487397958503e+03
1.831976354812730506e+03
2.035594822807318906e+03
2.118286778017850793e+03
1.839827794531357995e+03
1.853923969497140888e+03
1.955618639249658827e+03
2.119189649953466869e+03
1.892078593168291036e+03
1.835799619120640727e+03
1.879076076315219325e+03
2.273750194514605482e+03
1.993394557074463364e+03
1.847972939219476984e+03
1.857852095022588855e+03
2.078174493131222334e+03
2.120557016583453333e+03
1.851146429027980048e+03
1.833303498511417274e+03
1.826244205874063937e+03
2.250001570001029904e+03
2.074375368734700260e+03
1.832337717122000186e+03
1.836640077126999131e+03
1.924304903367404677e+03
2.210409314117550366e+03
1.899116039667102541e+03
1.865403732906003142e+03
1.862389952773857203e+03
1.955456001406279938e+03
2.103100652097183229e+03
1.944764792226401369e+03
1.920189878112921178e+03
1.898339036526345126e+03
2.040769821436783104e+03
2.066281322669560723e+03
1.861974114607902720e+03
1.906248675196650993e+03
2.020656017534998455e+03
2.047402278724667894e+03
1.960319888663206257e+03
1.877695124170033068e+03
1.909688623142420738e+03
2.056106164020175129e+03
2.022695086654362285e+03
1.865247467410110403e+03
1.855736053565201473e+03
2.055388390141924447e+03
2.065245560254631528e+03
1.873170084079535627e+03
1.888782284609131239e+03
1.800495719966909746e+03
2.252960271179991651e+03
1.941843047781651194e+03
1.847786845956981779e+03
1.886483190489904928e+03
2.055386711928018940e+03
2.043012391511203077e+03
1.892341691984889394e+03
1.905164383903804037e+03
1.898358580393544116e+03
2.091289952246640041e+03
1.920553025373680157e+03
1.923204939515321030e+03
1.887403152952376104e+03
2.088524794329761335e+03
2.028847449366885940e+03
1.873517283908386389e+03
1.930500576501738124e+03
2.001398792372603339e+03
2.022813016126105367e+03
1.870684881479465730e+03
1.898545970540871849e+03
2.148052291579591383e+03
2.068093127890909727e+03
1.833658747223426644e+03
1.870786792352745124e+03
1.945131642631391742e+03
2.088170511608316701e+03
1.907221550116347771e+03
1.880020925330264163e+03
1.879491258554397518e+03
2.148161651009502293e+03
2.012886849211211256e+03
1.858204319640795575e+03
1.900123590680755797e+03
2.054279809238276357e+03
2.098310814428532467e+03
1.850764138196873773e+03
1.899041491003678857e+03
1.935848811698264171e+03
2.061813341518651669e+03
1.897389569090523537e+03
1.823924530653092461e+03
2.161159842918038066e+03
2.082675072017327238e+03
1.858641298930824860e+03
1.890703473746260897e+03
1.906150315820481865e+03
1.903832338842453055e+03
1.884961080766305031e+03
2.294301688928731892e+03
2.012181663653827627e+03
1.813649240711093626e+03
1.828189064062104080e+03
1.878238919273024521e+03
2.183514586598992537e+03
1.980258785949535650e+03
1.844377771988061568e+03
1.846503084983861299e+03
1.848538246014781635e+03
2.264839129685692114e+03
2.047178308398356876e+03
1.808172431772560458e+03
1.847029187410035775e+03
1.850212882377455571e+03
2.115659989277727163e+03
2.103551541033083595e+03
1.846754169280499354e+03
1.884592368139969949e+03
1.875483614948368768e+03
2.124002979826232604e+03
2.019748895968208217e+03
1.887859273403793850e+03
1.904592611344881789e+03
1.936372674706514999e+03
2.091910405113177148e+03
1.949451921337210706e+03
1.880755077385943650e+03
1.867693158897063313e+03
2.105710247202054688e+03
2.052707847685123852e+03
1.859984540259105415e+03
1.881742449196917050e+03
2.063836148726516058e+03
2.247949179632239066e+03
1.854301910228880843e+03
1.820306632479934251e+03
1.815395971988346901e+03
2.044622112035067630e+03
2.019494542627863439e+03
1.898915249611523222e+03
1.900241087447922155e+03
1.919153246145430103e+03
2.078639096593251907e+03
1.956715469510387720e+03
1.918256563347824567e+03
1.911349923694508107e+03
2.008874396693316839e+03
2.073706858298609859e+03
1.903941829737879743e+03
1.893253602775345826e+03
1.918769989494498986e+03
2.128347097815617417e+03
1.942062812111537596e+03
1.888009221463744780e+03
1.860758024052541259e+03
2.216606650741584417e+03
2.143671916908912408e+03
1.879948342950335245e+03
1.865660515408432047e+03
1.773611775433151934e+03
1.919157054121814326e+03
2.208562607044977995e+03
1.933423964512129942e+03
1.862105159376371375e+03
1.848319750915418126e+03
1.902861955488725698e+03
2.180452802713913115e+03
2.014615354471108049e+03
1.876328058601761086e+03
1.866609651627220273e+03
1.813763266772003362e+03
2.162417370137960006e+03
