2.069886381642344531e+03
2.307281120921561069e+03
3.134570628513546126e+03
1.395137693563931634e+03
1.626358905609132762e+03
1.902012105956266851e+03
2.050979803735061068e+03
2.041402164944218612e+03
2.101646715882501212e+03
2.057698678714228663e+03
2.385329147436335916e+03
2.895637459102061712e+03
1.536247596727622295e+03
1.611658362779576692e+03
1.777572695950647812e+03
1.993454240950930853e+03
2.863249972883986175e+03
1.988168148061980446e+03
1.390304949199776047e+03
1.770019734228671041e+03
1.995311438369988082e+03
2.018401877877826109e+03
2.120087605228960456e+03
2.649310439967262482e+03
1.866085434511474432e+03
1.705417390934450623e+03
1.932927810749311220e+03
2.016965381921031394e+03
2.446676568215837506e+03
2.933226945660075216e+03
1.318718144424778984e+03
1.547634390509953164e+03
1.882150071598965496e+03
2.046183142518529849e+03
2.593016516306489848e+03
3.263583667016197069e+03
1.558444745015435274e+03
9.833942110599169837e+02
1.699125226020737273e+03
1.953685456148025651e+03
2.433029217562873782e+03
3.033389707063683545e+03
1.552142317124597866e+03
1.190513443368022081e+03
1.775259540745562163e+03
2.533188185111259827e+03
3.020362538678162764e+03
1.133202274917063733e+03
1.606927508539967903e+03
1.909840175346009119e+03
2.536073630050118481e+03
2.751617434391256211e+03
1.300777709677199027e+03
1.741810968304527478e+03
1.948859957010343578e+03
2.280127199731998189e+03
3.190769900467274056e+03
1.291991666151846402e+03
1.481544906423084285e+03
1.799252330672593189e+03
2.196315889748922473e+03
2.883954769028441660e+03
1.629091357652431043e+03
1.526592539080513461e+03
1.870250985530642765e+03
2.471068015805835330e+03
2.787976271236057528e+03
1.373510846426487888e+03
1.678620220709722162e+03
1.901332887438393072e+03
2.430551734529750320e+03
2.848882226409621580e+03
1.506755659619440848e+03
1.536903486054357700e+03
1.806140652857571013e+03
2.142487654672807366e+03
2.830783724343065387e+03
2.391286549787840158e+03
1.679913939975545645e+03
1.824960453194288675e+03
1.580912083467262619e+03
1.722153678724168458e+03
2.080210010877131026e+03
3.154598715078926944e+03
1.788044926339517815e+03
1.306170504921598877e+03
1.723539152644460046e+03
1.961445026523716479e+03
2.215689049820047330e+03
2.845978727890239952e+03
1.679490594275898275e+03
1.589001497573183087e+03
1.913955399654023950e+03
1.979021168035820665e+03
2.420791421139763315e+03
2.984229342533531963e+03
1.371118046215125332e+03
1.583828829228685663e+03
1.834043566378600417e+03
2.010112723775595668e+03
2.711835123059816397e+03
2.468641845871049100e+03
1.371132896119050201e+03
1.739458695354164774e+03
1.967470472753412423e+03
2.007315764942886290e+03
2.681576378047223898e+03
2.328750609921622072e+03
1.466989185371880467e+03
1.820801610051231819e+03
2.040416137895258998e+03
2.090810407871163989e+03
2.420057675973504956e+03
2.510707159652882638e+03
1.455152586101716224e+03
1.777475488048515672e+03
1.939306846964623674e+03
2.068089938683512628e+03
2.502941112198558585e+03
2.621999531690826643e+03
1.782234182213847134e+03
1.327268289809664566e+03
2.438920885142912539e+03
3.635794466576845480e+03
6.359537146574799635e+02
1.270629829764178112e+03
1.744458225206937414e+03
2.514788724948636627e+03
2.910210423084687591e+03
1.248126489387941547e+03
1.603116725126573556e+03
1.905825646251235639e+03
2.675482139523711339e+03
2.501285285933385694e+03
1.425362063823786684e+03
1.704895895028084396e+03
1.969995767603420745e+03
2.030876794363080762e+03
2.466966580344022532e+03
2.506384607628704089e+03
1.543076830158743178e+03
1.734843371190230300e+03
1.987966300560317904e+03
2.103522015920219019e+03
2.782580124534636980e+03
2.370799449419357188e+03
1.246307958358304859e+03
1.674240836741097382e+03
2.375942103661402598e+03
2.911273214701167944e+03
1.459799155665883745e+03
1.465086021590209839e+03
1.842180092124116527e+03
2.216692368816291946e+03
2.804071362594863331e+03
1.809496028452505016e+03
1.497294900956561833e+03
1.788672352304715560e+03
1.994766463257122496e+03
2.656452458912917791e+03
2.646052094034183938e+03
1.378266526531361706e+03
1.604464387591188370e+03
1.893189583872662297e+03
3.328732660668154949e+03
1.283827082277326781e+03
1.647558821584626685e+03
1.883147481504425059e+03
2.097136110208727132e+03
3.165133253287791376e+03
1.911981759695339406e+03
1.209759117109218323e+03
1.726374709599828748e+03
2.166308198256413561e+03
3.125711325595437756e+03
1.533632453077792434e+03
1.384543622205681686e+03
1.826620667734303652e+03
2.516848899041413006e+03
2.992765170905840932e+03
1.287076778081992643e+03
1.506683111898106972e+03
2.207644771165383190e+03
3.359545640875145637e+03
4.067958229721054067e+03
3.921027141896247031e+03
2.831690583471671516e+02
-1.930671201324507180e+01
8.134577358934112681e+02
7.566743570609899052e+02
1.571246697836000067e+03
1.912311559360494812e+03
2.019659024239968176e+03
1.932574343862297383e+03
2.133277023117659155e+03
2.092743812854506814e+03
2.206922720539606416e+03
2.078319062769835455e+03
2.133397174858258950e+03
2.081281438722095572e+03
2.100517262592622956e+03
2.107265067880644892e+03
2.089820858781331026e+03
2.145525888418135310e+03
2.073532083302881347e+03
2.117060463799672561e+03
2.085154218618275991e+03
2.086471875920193725e+03
2.102429803600362902e+03
2.052202168612117021e+03
2.106605940273566375e+03
3.771965435726661326e+03
1.907665760423043594e+03
1.411657307750426753e+03
1.541167851919999521e+03
1.688963821381566959e+03
1.815700931229410344e+03
1.840644597120856588e+03
1.962470735061471032e+03
1.975887817418721852e+03
2.072243468640760511e+03
2.045781733043048007e+03
2.100697335340360041e+03
2.300014643856534803e+03
3.160815780452582658e+03
1.416586721408186577e+03
1.594639496393847367e+03
1.892576248461562045e+03
1.974337823465760266e+03
2.076429083078600797e+03
2.039951259749014298e+03
2.120894904761550606e+03
2.694381558632927408e+03
1.876191428701541781e+03
1.611769028515341688e+03
1.874854978653945864e+03
2.034807393515141939e+03
1.979714428917706300e+03
2.494339723176713051e+03
2.715138839405618455e+03
1.375977789266658192e+03
1.661548969232488389e+03
2.009614755621587392e+03
2.042105911853584075e+03
2.702069518340769264e+03
3.173994701322066248e+03
1.909595501706080086e+03
5.580698212327482679e+02
1.480033719499082054e+03
3.175661218057469341e+03
2.975070787716913856e+03
6.417484479879977926e+02
1.318048149178771382e+03
2.681088482591319462e+03
3.220450944946017898e+03
9.730752053800473504e+02
1.414636892576088940e+03
1.841314877091772132e+03
2.852407352178574456e+03
2.650138326711339687e+03
1.190485455305724145e+03
1.700808253692906874e+03
1.931266758522232976e+03
2.233692931109926576e+03
2.906929763465705037e+03
1.656208838723449844e+03
1.753194888584823730e+03
1.920996891451443616e+03
2.046809534442986205e+03
2.011165681489745793e+03
2.497931734867700925e+03
2.325786418771525405e+03
1.592262389236393119e+03
1.850077455488560645e+03
1.971783050661528250e+03
2.215683483044264904e+03
2.606355190394677265e+03
1.975148194365366862e+03
1.595534732020152205e+03
1.842295939706961008e+03
1.964719374329465609e+03
2.488070690630283934e+03
2.549309569534310413e+03
1.455656262702327012e+03
1.585400503865305609e+03
