1.271668274620609736e+03
2.402296145970182806e+03
4.092022720199767264e+03
4.031854809098591431e+03
1.674198015884270774e+02
-5.202662396027566416e+00
2.258677240578232386e+02
7.805196772228401869e+02
1.296579668623553971e+03
1.651095057403212650e+03
1.642755679353859250e+03
3.068386978738363268e+03
3.690886527297889643e+03
3.048039022223797474e+03
2.487336013780400208e+03
-3.892758864526288676e+01
5.370309638162021884e+02
1.021066541758418907e+03
1.288054940996821415e+03
1.491207180013037714e+03
1.726616212218670853e+03
1.987790464739760182e+03
3.431661558123259965e+03
3.576389676777196200e+03
2.932385303835613286e+03
1.627543577329769050e+03
-5.115077387151318788e+01
6.246008279864015549e+02
1.165396399864933755e+03
1.283492580067355675e+03
1.470261857715689530e+03
1.640980336590343768e+03
1.772458592970033578e+03
1.700749353149206627e+03
2.307728456540426578e+03
4.105623818598702201e+03
4.066496815144337234e+03
3.388894867616771080e+03
1.286392272490671189e+02
4.950493118210345322e+00
1.377433956341751013e+02
7.722729446032067244e+02
1.220802871204320354e+03
1.819733873695304510e+03
1.580602649396122615e+03
1.520942581483636559e+03
1.653164073590884300e+03
1.828810954121521490e+03
1.785539734542419410e+03
1.889288442806877583e+03
1.725408512945976554e+03
2.783984214825572508e+03
4.083166670765729577e+03
4.128274506828041012e+03
1.254547920782150641e+03
-1.536961393834529588e+01
7.998489730613064808e+01
7.296527466910252997e+02
1.165936054112565898e+03
1.585148582973083421e+03
3.510446728231798261e+03
3.346498172200155750e+03
7.040546517979172449e+02
5.856634652401784251e+02
9.403052892551777404e+02
1.381028263963208246e+03
1.581210601841095922e+03
1.647530806118740884e+03
3.904301501403468592e+03
3.527158457994795299e+03
2.944845096625694168e+03
4.365872239394271901e+02
1.322181040692755232e+03
1.345402681049618877e+03
7.559371710434376155e+02
1.162402630499585712e+03
1.272195696920196951e+03
2.588562830184273025e+03
3.985525235004898150e+03
3.287019988489870684e+03
-7.828406741115184531e+00
4.329226389955945820e+02
9.343806953647999762e+02
1.335856445285838390e+03
1.461214034582101021e+03
1.501455222458117078e+03
1.581957250769380153e+03
1.853811771406894650e+03
2.372393664885442377e+03
4.041893650561973118e+03
3.525190354790378933e+03
2.975554906926359763e+03
-9.069648378872994954e+01
2.846734586257769593e+02
1.080667127231100039e+03
1.218537544770932755e+03
1.319530016723203971e+03
2.744277495059316152e+03
3.549972868367497540e+03
3.359159057490381656e+03
6.965524394460592248e+02
1.001936211201398919e+03
5.603167788042467237e+02
6.672086446731600518e+02
1.276015395110204963e+03
1.410618539366864525e+03
1.539282090450273245e+03
1.698479234830982477e+03
2.272070033677412994e+03
4.100969726488698143e+03
3.416085494033505711e+03
8.758939868707508367e+02
2.114641175469300833e+02
8.602641181769409968e+02
1.298133183751193656e+03
1.449361385281987623e+03
1.620752875098440427e+03
2.742220058242167397e+03
3.621062893079922105e+03
3.077863001092403010e+03
2.798935493545930058e+03
-3.085019994257611486e+01
-5.601051749079007180e+01
1.955909118902147839e+03
1.957641823091298420e+03
1.145628368828426119e+03
1.071129447134053635e+03
3.205737879305692331e+03
3.983101352626113112e+03
2.039569476461590511e+03
1.216530592979340852e+01
4.914185547338519768e+02
1.060108485135494448e+03
1.454430106559515934e+03
1.618586542241009056e+03
1.646763164379086675e+03
1.764148197110134561e+03
3.237014267173662574e+03
4.087478000222738956e+03
3.340336606377761200e+03
1.897610304489316150e+03
-6.171916394042280984e+01
4.282992471507675987e+02
9.342137484793652220e+02
1.225023265843921763e+03
1.456215808724605040e+03
2.729967824426422339e+03
4.019795465702228284e+03
3.236319188668724109e+03
3.161781638619229966e+02
3.787075484770969069e+02
8.915069754318006972e+02
1.274171906673450394e+03
1.383470766170223669e+03
1.487845111634215073e+03
3.062646033697219991e+03
3.791197487709204324e+03
2.943325755261057111e+03
1.962163067633967728e+02
7.514296847525570229e+02
9.534227080072980698e+02
1.330903787841808480e+03
1.397043968404406996e+03
3.660399137100347161e+03
3.630567880692008657e+03
3.118098365372011926e+02
7.882310315524317730e+02
1.876768394979072127e+03
1.402210769260941106e+03
1.614050176525672896e+03
2.024599112300006709e+03
3.666118130872061101e+03
3.499160853121978562e+03
-1.060560107867307096e+02
4.557244670317577970e+02
1.326402605388023630e+03
1.322608268679307912e+03
2.864170941772053084e+03
3.608944569294471421e+03
1.105481397514143509e+03
4.491175260228745856e+02
1.337808583170564589e+03
1.356380469281864407e+03
1.411695157089585564e+03
1.467548652568302259e+03
2.302446315693895031e+03
3.817264709603178744e+03
4.065621220419896872e+03
3.085666303880505438e+03
2.280375541503246097e+02
-1.039581253679208217e+01
4.973224195319245950e+02
1.058158929324503333e+03
1.273284240566172912e+03
1.404700103503068021e+03
1.625035105146000205e+03
2.923616329919495001e+03
4.058861634066894112e+03
3.530302313909146505e+03
2.781176422465159249e+03
-1.079889900532581208e+02
1.835375049233716425e+02
8.374325386689913557e+02
1.188897021063305147e+03
1.453364735823815408e+03
1.671187044473726019e+03
1.690990635630086217e+03
3.927199232968632259e+03
4.001571039509086859e+03
2.988789818361789912e+03
-5.981907689334407507e+01
5.876778598454274061e+01
8.051360607648319956e+02
1.214887137403085035e+03
1.436200265099438411e+03
1.581412256594784594e+03
1.755311065772189977e+03
1.928493194256148172e+03
3.836371347662541666e+03
3.992038182864889677e+03
2.853025711201915328e+03
-1.037978458147059797e+02
4.433706949344597206e+02
1.030460339481732717e+03
1.343534149639677253e+03
1.400699810770693830e+03
1.781313778055605098e+03
1.609539543462016809e+03
1.824440592579717531e+03
2.707465466791888048e+03
3.959879841618079809e+03
3.640525289015152794e+03
2.901300594587621163e+03
3.883246744370203896e+00
-6.865932379859877699e+00
8.041028859708011396e+02
1.237365702466152698e+03
1.299616704450786983e+03
1.816455353426061265e+03
1.386856597770960889e+03
1.728941236698976581e+03
1.713721370840331019e+03
1.617645219823689786e+03
3.324119329884661056e+03
3.706942495354601306e+03
3.618694742368638344e+03
2.738172494620729594e+03
-8.001980500933973417e+01
2.470176265276522454e+00
7.282167542748845790e+02
1.152974352531306067e+03
1.438025746148998223e+03
2.542858704135332573e+03
3.717472672031518414e+03
8.584912444627099148e+02
9.219661919763957485e+02
1.306156852424795716e+03
1.551214495870963674e+03
1.709648458578974441e+03
1.793688494938523718e+03
1.787791311200766131e+03
1.578457522451042678e+03
3.617361418425785359e+03
3.855053546069563254e+03
3.186656690124096258e+03
2.900976211835144909e+02
3.217767764721535286e+02
9.052822507897882360e+02
1.044622501480886740e+03
3.387149740773269968e+03
4.079175511231588189e+03
3.057871745629653560e+03
-1.039397096294178624e+02
8.545462038931059112e+01
7.488731387956441949e+02
1.277485109053096267e+03
1.532638221116932527e+03
1.685445169046718547e+03
1.990546144681462465e+03
1.516999806154195312e+03
1.662515380229631546e+03
2.065081963619508770e+03
3.367389309019168195e+03
3.893799043646495647e+03
3.440344453582140432e+03
