1.740555012349834897e+03
1.853735554106678592e+03
1.909508009375864958e+03
1.500831754084343174e+03
1.830442070151775170e+03
2.020793302255960953e+03
1.562365106394464419e+03
1.476933073851818563e+03
1.675299229002047014e+03
1.939458752041994103e+03
1.832286740540899245e+03
1.515240550089082717e+03
1.656712832827927286e+03
1.794133490424756246e+03
1.908548520900517815e+03
1.593376782967218787e+03
1.564097843094204109e+03
1.727747215201729205e+03
1.962458714697223058e+03
1.715470159206026210e+03
1.560720666532759196e+03
1.691140957486663410e+03
1.897037048736651059e+03
1.767995481715057394e+03
1.552263934391516386e+03
1.706339024011784886e+03
1.952032274731458074e+03
1.626132038645082503e+03
1.641253640891163059e+03
1.716292115524798874e+03
1.951150575286161484e+03
1.722781470920901711e+03
1.555158940378905982e+03
1.811593676690788243e+03
1.867077554256811027e+03
1.539147370569767645e+03
1.633222387278696260e+03
1.830477322283299600e+03
1.834613743445561113e+03
1.604978649884433025e+03
1.704989368009064719e+03
1.921200807842974200e+03
1.711837022085033141e+03
1.548331512333203364e+03
1.769410759532114071e+03
1.875704274922625245e+03
1.583991779837546574e+03
1.597557629765688489e+03
1.873963209794791510e+03
1.793719257122931140e+03
1.520772968984716272e+03
1.741594988194615553e+03
1.958403653369236281e+03
1.562265696234386496e+03
1.666034188819081010e+03
1.857331814819963483e+03
1.884603106835113067e+03
1.521602714251313046e+03
1.605389276929671723e+03
1.986487253554358631e+03
1.780417023206599652e+03
1.595354950072820429e+03
1.681275984200447056e+03
1.890505714869158282e+03
1.538066491183193193e+03
1.627114960843381596e+03
1.971765952429130266e+03
1.669184227312609437e+03
1.532184360188084611e+03
1.779179053588085935e+03
1.907307632033815935e+03
1.540962469963110152e+03
1.619939773641999864e+03
2.029623447318291937e+03
1.691764952175903090e+03
1.575756586811037550e+03
1.662139888535598629e+03
2.007793576619392752e+03
1.674747680032821563e+03
1.530541989437326720e+03
1.898921765886860612e+03
1.881738926522577458e+03
1.535637966455949027e+03
1.800477013111888027e+03
1.913079412860904085e+03
1.470294477193411240e+03
1.703762673120442059e+03
1.997090354418304059e+03
1.461775689911504060e+03
1.671316727419157814e+03
1.931509940906364591e+03
1.756942046998323121e+03
1.518541593444276032e+03
1.724739874154691961e+03
1.935489817312580271e+03
1.558626498161370819e+03
1.666016864916005034e+03
1.879157942623878398e+03
1.893242072457289623e+03
1.564850661143039360e+03
1.657141468267751861e+03
1.933526235195021627e+03
1.637471494286835650e+03
1.598820082203185621e+03
1.894090093372398997e+03
1.868846438567617042e+03
1.516742279650163255e+03
1.638475817276967973e+03
1.890155778647549369e+03
1.664235671946117691e+03
1.615187573641574090e+03
1.685371200443469206e+03
1.934103213566773547e+03
1.546569191364879089e+03
1.641871632622569678e+03
1.929108256979145608e+03
1.674080906537175224e+03
1.639425563527165650e+03
1.732654831300054639e+03
1.956419244198407341e+03
1.985088021662073743e+03
1.430916799300628099e+03
1.549167065210904639e+03
1.811325463909909331e+03
1.943147174643929475e+03
1.554589539303671017e+03
1.602354888866642796e+03
1.730930122496980175e+03
1.956618057660876502e+03
1.606571208257571243e+03
1.621860230892788650e+03
1.823742928829349694e+03
1.947941503336007372e+03
1.514096146020210654e+03
1.523401283640169368e+03
1.778924662961650029e+03
1.994785731963279204e+03
1.592137118421120249e+03
1.576388585906339131e+03
1.807298189052201451e+03
1.963035915362650258e+03
1.537550046048236482e+03
1.580858666809961051e+03
1.888761055071100373e+03
1.856100551533776297e+03
1.547501895783882674e+03
1.685301519056112966e+03
2.026238537996128116e+03
1.548126844494679517e+03
1.569726509462064996e+03
1.855580471284270061e+03
1.866384957902197812e+03
1.533020294064111795e+03
1.686276522723898097e+03
1.957069745371349882e+03
1.603113467539470321e+03
1.583134836416928920e+03
1.740810389168793563e+03
2.012776774978413414e+03
2.043820402325061195e+03
1.813323805869601529e+03
1.541877961444215089e+03
1.293778388125329229e+03
1.507108970233636228e+03
1.766737875318734268e+03
1.624309837847834842e+03
1.631657995776917005e+03
1.919669380529203863e+03
1.690461921107802937e+03
1.615252101841925196e+03
1.727282081205204349e+03
1.942429071064216259e+03
1.633404000909841898e+03
1.710166713893245742e+03
1.876322370841027350e+03
1.718709290411226220e+03
1.672913747676361709e+03
1.769565801321874915e+03
1.853362862075727890e+03
1.550648309183713309e+03
1.668535091065329652e+03
1.789646384921524486e+03
2.017182045004905376e+03
1.676884672247688741e+03
1.558725810618716878e+03
1.649603870772404434e+03
1.887705963037319407e+03
1.590828699739036665e+03
1.560435720391864152e+03
1.768158041886252704e+03
1.936652546331066105e+03
1.590485487250326514e+03
1.624929058440795870e+03
1.872207393171079275e+03
1.847617137121632595e+03
1.534381011328329578e+03
1.652971083940837843e+03
1.969227305485080706e+03
1.668045348707953963e+03
1.630175893024513471e+03
1.695887834683133406e+03
2.004587150801484540e+03
1.664805598896241690e+03
1.545278393695317618e+03
1.912718802011718026e+03
1.799777971241553587e+03
1.805629271303886071e+03
1.494193813078457879e+03
1.544289776545578661e+03
1.701351413717292417e+03
1.863733017198109792e+03
1.814896420202449008e+03
1.600150244284902328e+03
1.714394078453147586e+03
1.785556684274619556e+03
1.844948747264224266e+03
1.591659523338154258e+03
1.702878036147166085e+03
1.746325958552764632e+03
1.907419582967311953e+03
1.594262195029141822e+03
1.692172365166410600e+03
1.900369903256321322e+03
1.789294097014813360e+03
1.562763816676791748e+03
1.756705096864403686e+03
1.928077299455937236e+03
1.658966467946952889e+03
1.576004744704644054e+03
1.789083456035488098e+03
1.884048990818796710e+03
1.542738038757546065e+03
1.576247992614705026e+03
1.960642297623066952e+03
1.856266346412538951e+03
1.492364849947667835e+03
1.643628378670369557e+03
1.918222057083305572e+03
1.700688541408793071e+03
1.515943226645696086e+03
1.747984989274568989e+03
2.048717165921166270e+03
1.506644052659666841e+03
1.595782140786403488e+03
1.772299702144011690e+03
1.971805438993433881e+03
1.535954283664589411e+03
1.633126136870130722e+03
1.979792642997280836e+03
1.686958823479677449e+03
1.599786529307647015e+03
1.842212542607934438e+03
1.795153191492658834e+03
1.544872268790431463e+03
1.744729084392733967e+03
1.922351423473501654e+03
1.565956959099548158e+03
1.681074116579511156e+03
1.951775840611920330e+03
1.544793755484842904e+03
1.678562710181334978e+03
1.861530834789765549e+03
1.580509743804921982e+03
1.782294903374656315e+03
1.810263726162522289e+03
1.515889388232709962e+03
1.718727442007334503e+03
2.089117581210397020e+03
1.991473355550222323e+03
2.069478609000495908e+03
1.385049136245871068e+03
1.262519355005530542e+03
1.376605136123678676e+03
1.635991340530381194e+03
1.763614858089756808e+03
1.987134194562287348e+03
1.668102911275278757e+03
1.694871875007625476e+03
1.777013631555006668e+03
1.984885828912772467e+03
1.611726884870829508e+03
1.671379010534056079e+03
1.769017653871021594e+03
1.947576629648091057e+03
1.607667975466500366e+03
