1.207898126408891585e+03
1.637912145841174606e+03
1.609878955199852726e+03
2.337300127582546338e+03
2.347191676920740520e+03
9.690064552761203913e+02
1.528325224974158346e+03
1.610976670302488174e+03
2.703984711978113864e+03
2.696509273753356410e+03
7.205967112124061487e+02
1.109100797979336903e+03
2.771990454867124299e+03
2.240493765490826718e+03
8.965827207751524384e+02
7.257857387435856253e+02
1.307658008570750553e+03
1.754325536114544093e+03
1.858975383483886617e+03
1.868613150026812718e+03
2.647724477288793423e+03
1.147403744615520509e+03
1.539044503735252647e+03
1.756758329596207432e+03
1.791599156528459844e+03
1.777461780762825128e+03
2.704965373923629159e+03
1.158480086078206341e+03
1.472955961534118842e+03
1.735552055858857329e+03
1.756475123377755608e+03
2.601393371202570506e+03
1.224195072194538625e+03
1.378772727869189112e+03
1.768415493786165371e+03
1.708136463908510223e+03
2.057548049697472834e+03
2.299441646001119807e+03
1.255941919195949595e+03
1.474561891978930362e+03
1.749058368902676648e+03
2.090120163623417739e+03
2.165459615795815807e+03
1.260745671266433646e+03
1.489083542909195330e+03
1.653108993562339720e+03
2.306010232121775061e+03
1.757627719069165551e+03
1.300548861418522847e+03
1.630065225689666931e+03
1.694121324979024166e+03
2.436095291293751870e+03
1.465750621311280156e+03
1.294040221190799684e+03
1.591012876802372602e+03
1.772217958521442370e+03
2.222259973333631933e+03
2.667993802101846995e+03
3.302305478716635207e+03
4.608915840643954880e+02
2.884300534486979473e+02
1.055152642844813272e+03
1.618508486384382195e+03
1.779907669264615151e+03
1.799874973762483705e+03
2.764683560979241975e+03
1.377707931061501995e+03
1.409639033966480838e+03
1.670734050837174891e+03
1.814743363801246915e+03
1.807923860819163338e+03
2.152145940895752574e+03
1.489015602722832000e+03
1.598950770242571025e+03
1.744530662870698734e+03
2.203648165749631517e+03
2.039443392497189279e+03
1.223722719382828473e+03
1.723613687949168025e+03
1.726556907586663328e+03
1.681829417943684803e+03
1.649074965749057128e+03
1.922640395135134668e+03
2.709491728686556144e+03
9.425984330878645778e+02
1.441461965281536322e+03
1.694846491052605643e+03
2.040124521004036069e+03
2.585647885139039772e+03
9.903365331763008044e+02
1.458013991526561767e+03
1.721464738018677281e+03
2.922949779508556276e+03
1.069019132032548441e+03
1.208489405695868300e+03
1.586395717750651329e+03
2.713499447569813583e+03
1.435320769452157492e+03
1.075448178489822340e+03
1.801098538158396650e+03
2.276125554118541459e+03
2.094217700861859612e+03
1.118211513014644652e+03
1.578226103113592217e+03
1.723040961623068824e+03
2.539125157203192884e+03
1.201641445540777795e+03
1.365660739990141110e+03
1.655631417095867164e+03
2.018808786054075426e+03
2.282180211721709838e+03
1.191297059105292874e+03
1.532780927584899473e+03
1.570072450262686743e+03
1.968124381018099257e+03
2.554425239136652181e+03
1.038208579607226966e+03
1.480885285788940564e+03
1.658753685226694415e+03
1.394763478227283940e+03
2.814995251567479954e+03
1.220053845012213060e+03
1.286426671964617526e+03
1.673238921386953734e+03
2.006895814564535840e+03
2.259449799941589845e+03
1.252251715942075634e+03
1.605221666024737942e+03
1.592531860682572642e+03
2.799832616723769661e+03
1.080137869778618779e+03
1.483395667157675462e+03
1.578551452552348337e+03
2.410024775123252766e+03
1.659537820590502406e+03
1.370326937072126839e+03
1.608381505901272703e+03
1.642134696423881451e+03
1.664591031866662661e+03
2.889722858008704861e+03
9.928309115940519405e+02
1.379071955002491222e+03
1.625256166614879248e+03
2.335329368310357495e+03
1.892632603811479157e+03
1.248815394891425058e+03
1.583530792894190654e+03
1.768061451842511133e+03
2.567765343014741575e+03
1.245933661917169957e+03
1.404916180804105124e+03
1.658490004092246863e+03
1.721621010733612593e+03
2.446523918010331272e+03
1.872651097707848521e+03
1.215354655279760664e+03
1.518948159456265785e+03
1.662393870939826456e+03
2.383581617655768241e+03
1.807355861664005715e+03
1.241047549263018936e+03
1.630977561724122097e+03
1.752401767401134066e+03
2.698421641462746720e+03
1.195660328351595354e+03
1.292900507335357361e+03
1.523933565925086668e+03
1.763690346085789315e+03
2.264941161149045911e+03
1.894447108445436925e+03
1.275773972462301799e+03
1.556332524461636467e+03
1.643010779343195509e+03
1.908558558505872497e+03
2.626997361834368348e+03
1.337495899827815492e+03
1.264890036662859984e+03
1.562996452978370144e+03
1.758179683864602794e+03
2.671703046529973562e+03
1.100835630093457894e+03
1.332743462399850614e+03
1.665378073700059076e+03
2.443599484520493661e+03
2.051836273546964549e+03
1.531974736221054627e+03
1.186920434360942636e+03
1.367216704383764863e+03
1.685853430360899893e+03
2.169394918941778087e+03
2.461618684622943420e+03
1.029768125074710952e+03
1.435834772911477785e+03
1.665893162230127700e+03
1.903252211413146142e+03
2.766979791708070934e+03
9.313774582540979736e+02
1.401547609825425070e+03
1.607500726240065660e+03
1.822204151927112207e+03
3.048361556708475746e+03
8.558857809154543475e+02
1.350226716052175789e+03
1.661388299610516924e+03
2.060087238587227603e+03
2.592056785264675455e+03
9.284342239792582632e+02
1.455038251130209801e+03
1.667549597995418935e+03
1.990789145309170181e+03
2.058828248621627608e+03
2.044481974832826154e+03
7.375439412134460326e+02
1.925337049099224259e+03
1.674023828939377836e+03
2.066059065757315693e+03
1.851722910092685197e+03
1.357805541847283166e+03
1.696461600711109440e+03
1.687272913170402944e+03
1.798354889306654059e+03
2.484235097393721844e+03
1.518366766353286721e+03
1.349529010998525564e+03
1.810890127563093756e+03
1.675526918698521740e+03
1.746264488988833818e+03
2.383030150607961787e+03
1.672553862343146648e+03
1.397518838624934688e+03
1.588508020554366112e+03
1.686032928229126583e+03
2.464006772540977181e+03
1.307061600883092296e+03
1.411180499654648656e+03
1.689559134305224916e+03
1.740968162719778775e+03
2.535465487178878902e+03
1.103706125243333872e+03
1.447622774361821257e+03
1.656998060775361409e+03
1.934851442155987115e+03
2.405524528517239105e+03
1.158949343704425246e+03
1.339063221386105397e+03
1.605022096326900737e+03
2.703693656728024052e+03
1.266776817538345085e+03
1.353884162668917270e+03
1.739339981577365506e+03
1.722802086558974452e+03
2.375245891610513809e+03
1.622716744342370248e+03
1.338675613771038570e+03
1.549531909868161392e+03
1.814223562359836706e+03
2.401184540591106270e+03
1.757922000079910958e+03
1.291374536230958483e+03
1.645237427829338912e+03
1.657717725030137444e+03
2.099277848657769937e+03
2.330912520263210354e+03
9.758074347043863099e+02
1.558039885311296757e+03
1.720284322998041034e+03
1.825706371858452258e+03
2.848271740092922755e+03
9.234763023339238543e+02
1.415528961388086373e+03
1.750812071244542949e+03
1.657622067148382257e+03
1.722222036874162086e+03
2.033638979108122157e+03
2.599985938439271195e+03
8.129337228297106321e+02
1.462750462642629827e+03
1.656369216845868095e+03
1.774597464211303532e+03
2.849725036484363045e+03
1.003604895583722850e+03
1.328194832425829190e+03
1.656404212705209829e+03
1.675972879064123845e+03
