3.711872629088784379e+03
1.294179858674386423e+03
1.129032964126632123e+03
1.505688440104409210e+03
3.183481223395897814e+03
2.296055994180965627e+03
1.064381848030068568e+03
1.294311784525070379e+03
2.545364718049789644e+03
2.766863732512657862e+03
1.276021696325751691e+03
1.315056802869535886e+03
1.993943869197835511e+03
3.552529889510135945e+03
1.821795935114070289e+03
1.275420014343921366e+03
2.729798622478038396e+03
2.825372852185068950e+03
1.646740794214024390e+03
1.778267772952684027e+03
2.012924039962409097e+03
8.985468029416533682e+02
2.019697232317455246e+03
3.555518345134663377e+03
1.142146924995042127e+03
8.572887300512779802e+02
1.529319275803292385e+03
3.238791877743076384e+03
1.878158049167070885e+03
1.134272662300304546e+03
1.279417317010514353e+03
2.276079399773004297e+03
3.054356525485433394e+03
1.579931143200356018e+03
1.365983523563530071e+03
2.209726687747376218e+03
3.605399590200986040e+03
1.328069454451088859e+03
1.473602704770790069e+03
1.784966646775722666e+03
1.435104451131191126e+03
2.962026611214325385e+03
2.658323387010917941e+03
1.227047523454427392e+03
1.107739828470242855e+03
2.166199656923220118e+03
3.137066421135044948e+03
1.404378301652923028e+03
1.222214692800202783e+03
2.213131821310929354e+03
3.306274033657613927e+03
1.359132160222863604e+03
1.099067741789869388e+03
2.525929867169606496e+03
3.245811565916435029e+03
1.198349201136337115e+03
1.169824530173341600e+03
3.199552613131592352e+03
2.477192152148671994e+03
8.375788482417528940e+02
1.081202732423843372e+03
2.795399521131908386e+03
2.372750355111525550e+03
1.156622458037080378e+03
1.788562613730774501e+03
3.486375067986262366e+03
1.874106880233269976e+03
1.572540868675403772e+03
1.629292632250679162e+03
2.116679602016028639e+03
1.483280109996853980e+03
1.123858924453196323e+03
3.128303193932677004e+03
2.392248119882803167e+03
8.946103146028276569e+02
1.156781066158809836e+03
2.909816113994614170e+03
3.602783751284367554e+03
8.652890162911629659e+02
7.958897382935301721e+02
2.658861712065651773e+03
2.719287478349644516e+03
9.548648132931039072e+02
1.303991203453881099e+03
3.087232543209670894e+03
2.424071044453319701e+03
9.639387057543758601e+02
1.389459165817705298e+03
2.509739272717752101e+03
2.217441476060959758e+03
1.365322149269789406e+03
2.368992557991197373e+03
4.008905400566260141e+03
1.083649963579211089e+03
9.066533378248941517e+02
1.208412677346200780e+03
2.929049231207801313e+03
2.989004961312513842e+03
9.284191700325410466e+02
1.504143973352764078e+03
3.111403946769816685e+03
4.083260032660740308e+03
2.420873194572929151e+03
-5.801985030739296434e+01
2.139660038119822971e+01
1.168535480947692577e+03
1.865761116720893824e+03
2.012952679063180767e+03
2.073502857744234007e+03
2.309111871222179161e+03
2.882017265648881676e+03
1.764062758131874261e+03
1.718141602265165830e+03
1.794805904500865836e+03
2.203325449910614680e+03
2.852675262802456018e+03
1.771475042105950706e+03
1.690694858251491723e+03
1.813120533802156615e+03
3.046576577379961236e+03
2.291539373837332278e+03
1.298732631345631034e+03
1.513729343202238397e+03
2.675596425126313534e+03
2.838588671208158303e+03
1.222834115459294708e+03
1.169025517550485574e+03
1.661737005761887758e+03
1.857636196279966725e+03
3.358952967247473680e+03
1.992915277257216985e+03
1.167519072379565614e+03
1.384949172780657136e+03
2.015373979698292260e+03
3.554969131400122933e+03
1.440208354264033915e+03
1.263459579635404452e+03
1.466501584437130532e+03
2.286455485834009778e+03
3.050551975549907183e+03
1.431605016195137068e+03
1.300233758865495702e+03
2.300750397331231852e+03
3.279568288971795937e+03
1.259766588116357525e+03
1.434210176551488530e+03
3.034489117436320157e+03
2.011686755496361457e+03
1.110509754829979101e+03
1.693412320316630030e+03
3.148898751057005029e+03
1.418682468890415748e+03
1.207291589987400357e+03
3.041115596387421647e+03
1.843644999697426783e+03
1.022246512510649154e+03
1.660330500567389436e+03
3.488943533999883130e+03
1.728101151252035834e+03
1.028075533845503514e+03
1.853908210577941645e+03
3.693151356321443473e+03
1.265968595975542485e+03
1.143686663206620324e+03
1.599388715127476644e+03
2.145743142896767949e+03
3.548328450587765019e+03
1.169059982917513480e+03
1.027158594979188592e+03
2.633554621852879336e+03
3.174998021992777922e+03
8.783576978314388271e+02
1.039634427971098830e+03
1.796076165363781229e+03
3.472823272422698210e+03
1.545278162748667683e+03
1.173266178174473680e+03
1.690079840254568580e+03
2.947345427895117155e+03
1.688314951497533457e+03
1.382995830656267117e+03
1.925793357831527601e+03
3.602066869509736989e+03
1.838340297025303016e+03
1.269028119351319219e+03
2.725421261381898148e+03
2.638020276784800899e+03
8.227951841527070656e+02
1.171305031820144450e+03
1.476355805719660111e+03
2.769969897568254510e+03
2.785081241130819762e+03
1.289814714818156062e+03
1.352162369715881141e+03
2.050884109269833971e+03
2.991851229033514301e+03
1.400067551505304891e+03
1.322019332313338964e+03
2.316867382002098111e+03
3.161730446918730195e+03
1.395077952965847544e+03
1.320527408167934937e+03
2.007578888675507642e+03
3.262709329791394794e+03
1.820087830554942911e+03
1.409970117705042867e+03
1.638137462857729133e+03
2.929772093521654824e+03
2.016895479009896007e+03
1.235401739017501768e+03
1.406184952779538435e+03
2.361386037652304822e+03
3.050520441768985165e+03
1.407438193013959108e+03
1.329504022533690431e+03
1.690617897918476501e+03
2.621425123199318023e+03
2.306188448669741774e+03
1.447183320450439624e+03
1.487995736167008999e+03
2.362633685773579145e+03
2.899285450606037557e+03
1.512573397001534659e+03
1.459036903195224113e+03
2.788143180147530984e+03
3.795908936801891286e+03
1.816304772926131818e+03
1.625837564696335903e+03
1.706318106790534102e+03
1.772642802961883945e+03
2.100617586848473820e+03
9.792392091391214990e+02
8.235967319351035485e+02
1.582084905436737699e+03
2.715516537569973934e+03
1.514383265100447034e+03
1.485185115000749875e+03
1.775327233035066001e+03
2.861779768798275200e+03
2.506575959171714203e+03
1.433614969731054998e+03
1.375111498118841837e+03
2.175151086859396855e+03
3.529441210831243097e+03
1.594107215241751646e+03
1.162282407501161970e+03
2.588122259489386124e+03
3.383209811836213248e+03
9.390890419403166334e+02
1.015613113518198020e+03
2.378862969931775751e+03
3.032359188548208294e+03
1.064496784488563662e+03
1.141570754034418542e+03
2.125430460037195644e+03
3.289380188722691855e+03
1.460089661084291038e+03
1.215560165727823687e+03
2.122501258293151295e+03
3.073645479118674302e+03
1.427323999712470140e+03
1.289421571240443654e+03
2.268447414975317770e+03
3.029198411333940385e+03
1.316305235629022036e+03
1.405413054747601564e+03
2.984646878717837353e+03
2.508603613448157375e+03
1.021428839969395881e+03
1.232422162278307042e+03
2.522900062648679977e+03
2.960009951255744909e+03
1.280855761310814842e+03
1.226013024769689082e+03
2.309545187093854565e+03
2.692135277100901931e+03
1.381997647772921709e+03
1.451539623866312922e+03
2.421197091719119726e+03
2.784687002374377698e+03
1.384702058735137143e+03
1.449710323134332157e+03
2.480122574655839799e+03
2.532141217833680003e+03
