3.299573420294980224e+03
3.924710906734598211e+03
-3.304532372395922835e+01
1.204406327563394598e+03
2.585490058826670975e+03
4.181587117665442747e+03
9.134618226833984522e+01
1.016306377636218031e+03
2.250978993181132864e+03
4.158688085940424571e+03
6.224876685671941914e+02
9.567538836810150542e+02
1.962227218555182162e+03
3.991266769479655977e+03
9.201045981444639210e+02
1.354844858317336048e+03
2.601254260450200036e+03
3.465866590635266675e+03
7.577323250207457477e+02
1.672974209640174877e+03
3.628416440983306529e+03
2.107291135732824387e+03
7.241435005754208305e+02
1.596076973082440190e+03
3.615701521762214725e+03
2.469921092392848095e+03
5.687884305458370591e+02
1.550214563669680274e+03
3.263217878909728370e+03
2.283799359404668394e+03
9.862516149726117192e+02
1.790659572995091366e+03
3.654838943089737313e+03
1.184558789680701693e+03
1.375689718114927473e+03
2.723460240898024040e+03
3.165292926898990117e+03
6.881711424688519401e+02
1.673902549382165489e+03
3.560098779129647028e+03
2.184955995977330076e+03
8.249007128096551469e+02
1.987105562916101235e+03
3.545597458305874170e+03
7.819689661059843502e+02
1.646499594029588934e+03
3.624919416387567253e+03
1.137149513875909179e+03
1.392571546788692103e+03
2.843056025315556781e+03
2.547800195334672480e+03
9.512489392195620894e+02
2.089418723315645366e+03
3.495030892320348812e+03
9.387965867345866400e+02
1.446862321750805449e+03
2.960909776364218942e+03
2.655497338624058557e+03
7.523232065698508677e+02
1.650361855935880840e+03
3.220928461131644781e+03
2.286989947787963956e+03
1.012071301582877823e+03
1.848656491042990410e+03
3.686407883938658415e+03
1.594103410300828273e+03
9.477815420885195863e+02
1.989394094985704214e+03
3.503599792513430657e+03
1.390328217118138355e+03
1.120282319620985390e+03
2.077212859179437146e+03
3.596965662740735752e+03
9.405032154283636601e+02
1.424976426195867816e+03
2.764529732931037870e+03
2.272941404372289071e+03
1.253173177186848761e+03
1.921015806727506970e+03
2.131756397481293789e+03
3.533845157065800322e+03
1.018669502367144560e+03
2.168358614973571548e+03
3.628921030832219913e+03
8.309787947719376007e+02
1.456472667317929790e+03
3.462445310904490725e+03
1.557635400955837895e+03
1.058094592048758159e+03
2.542558153816020422e+03
3.127554585122061326e+03
7.184356429745060950e+02
1.723264109512344930e+03
3.463718160972128771e+03
1.157304873717310329e+03
1.269102995098001884e+03
2.950044322936058052e+03
2.541402603868078131e+03
6.986829614842009732e+02
2.205746418374139466e+03
3.766271601873243526e+03
5.924364498036234181e+02
1.207821433446535821e+03
2.743589404899327292e+03
3.367715372243526872e+03
6.863497090173981405e+02
1.510057002923373602e+03
3.196790017134669142e+03
2.493258285499483918e+03
8.608831124862177830e+02
1.745813274344364117e+03
3.396127166944444070e+03
2.613811736118161662e+03
6.035303054639941820e+02
1.539903394176029906e+03
3.327219662501233415e+03
2.195001314183426075e+03
8.032337109750628770e+02
1.736767109181517753e+03
3.542718394695930328e+03
2.250934110203295404e+03
6.178977152633240166e+02
1.712614836992083156e+03
3.961935849549691739e+03
6.993477391778973242e+02
1.213569420692725089e+03
1.769988375047845921e+03
3.747781701391978004e+03
1.935041469576273357e+03
8.507164029781423551e+02
1.738977407816680852e+03
3.900882829571409729e+03
1.150224603981710061e+03
1.217468807926067711e+03
1.984219799179801839e+03
4.069667485268147630e+03
8.589683143960739926e+02
1.210148798291065987e+03
2.374245264545951613e+03
3.344234645889325293e+03
9.103585074734442060e+02
1.648637828188771437e+03
3.570172939051638423e+03
1.434408326431740761e+03
1.105347085760310392e+03
2.289058821042127420e+03
3.659986584569696788e+03
9.534824489617836889e+02
1.407161374194417021e+03
2.834714390285796526e+03
3.152158543815082794e+03
8.082750218721877218e+02
1.766130681028862227e+03
3.729606525912576217e+03
1.453288935677200698e+03
9.242614398044396467e+02
1.973321075176100294e+03
3.640034405410885483e+03
1.417969840369052235e+03
1.018860574673036695e+03
2.262752867773546313e+03
3.800866734068524238e+03
6.472739714945521428e+02
1.294788556197856224e+03
3.531463387618196521e+03
2.081360809127996163e+03
8.464299180526564896e+02
2.389254737933756587e+03
3.695836065431772568e+03
7.438382715391467173e+02
1.210681515445254036e+03
3.197003498950587982e+03
2.722180917071543718e+03
7.565791796042924489e+02
2.059478575640174313e+03
3.742410199707734591e+03
9.013298262695284393e+02
1.174085995676653283e+03
3.149315699793950898e+03
2.416713302660561112e+03
8.108932343417798165e+02
1.943770902346076127e+03
3.744549107811518297e+03
8.454137278594222380e+02
1.048438081914950999e+03
1.880908657389831205e+03
2.886602284018853425e+03
2.113261942485590680e+03
1.406093378992788303e+03
2.234944059063521308e+03
3.877306316837200484e+03
6.627195100375422498e+02
1.290943664340508121e+03
2.526505704195107228e+03
3.650717501925663782e+03
8.134546178947975932e+02
1.211023077524298287e+03
3.113450941640640394e+03
2.762696598416083816e+03
7.155505056221807081e+02
1.732177162580090908e+03
3.434115147976113349e+03
1.908483665866039473e+03
9.409554879722453506e+02
1.997173250243058646e+03
3.890472843602205558e+03
1.229540748539627430e+03
9.190499468169472266e+02
2.050985045568384521e+03
4.125334585682284342e+03
5.145592572892928729e+02
1.318539460376931402e+03
2.312251420785627943e+03
3.929601485889478226e+03
3.695639961621439511e+02
1.543274532512582027e+03
2.425353830944024139e+03
3.959390499486480621e+03
7.538313080234204335e+02
1.236996528577446270e+03
2.066009728550042837e+03
3.913066582527686023e+03
7.932097642356083043e+02
1.502516511886193939e+03
2.690682163659188518e+03
3.632559391055438937e+03
3.353824896769806401e+02
1.482838204334497505e+03
2.826467736987203352e+03
3.250473117327593172e+03
7.207004409337572497e+02
1.557533987173707374e+03
3.434086680759223327e+03
1.858262818010249248e+03
1.018049819060265008e+03
1.801165543265312408e+03
3.229888796085702779e+03
1.929891970503659195e+03
1.228396278741593051e+03
1.912672193785562058e+03
3.490740048406004007e+03
1.485178231984564263e+03
1.131280361456707169e+03
2.450424277888196229e+03
3.414411719205844292e+03
7.674786836410814885e+02
1.469766119330081438e+03
3.185466263728535978e+03
2.254719651727876681e+03
1.118984735534993433e+03
2.166711979362352849e+03
3.501629537678746601e+03
8.561490193695027529e+02
1.794459783887762569e+03
3.639977376999347598e+03
1.242389720165043627e+03
1.109681599215030019e+03
2.181975853072554855e+03
3.753111441031408958e+03
8.956833389037824418e+02
1.248416191467695171e+03
2.908622095379465463e+03
3.343642890058810735e+03
6.796713484641300056e+02
1.393815626733196950e+03
3.127456968878862881e+03
2.102824554490512583e+03
6.444582670397886659e+02
1.562203998025572901e+03
3.592596503888365532e+03
1.939133076296970557e+03
8.637801561255367915e+02
1.697565477986372571e+03
2.027046459392871157e+03
3.702421520271258032e+03
1.400108517075131203e+03
1.497469557840275456e+03
2.036309658946137915e+03
3.716024252664103642e+03
1.362862723019216901e+03
9.703493201927251448e+02
1.755680066682976303e+03
3.367165326932247353e+03
2.568974548197781132e+03
6.196418645433424217e+02
