1.955669686648957622e+03
1.911394505887134528e+03
1.922778479956785759e+03
1.976512843253307437e+03
2.835143232379698020e+03
3.008296747054373100e+03
1.821020346323183048e+03
1.780804251439815516e+03
1.834387767096679227e+03
2.781810484544417704e+03
3.275045858904776196e+03
1.692116730687244853e+03
1.402589484070820390e+03
1.531133129534818181e+03
2.182381928801466529e+03
3.374988135512112422e+03
2.002776467948165191e+03
1.570870367887628845e+03
1.707068870918794573e+03
3.103648320981123561e+03
2.242070161811664548e+03
1.132609899992326973e+03
1.190172845640508513e+03
1.888282278510483138e+03
3.361267176143648612e+03
1.899382895516181634e+03
1.094367934403334857e+03
1.288180839121690724e+03
2.265192301389557997e+03
3.407357860667927071e+03
1.704636843822807350e+03
1.092298987267849043e+03
1.303607815605358383e+03
2.136987947099503344e+03
3.305812391969772307e+03
1.920477990452098311e+03
1.385736361996931237e+03
1.519643500439488889e+03
1.731502398026310402e+03
2.934742858483457439e+03
3.215588682717631400e+03
1.523604758680687837e+03
1.308612643794660471e+03
1.699039140223601180e+03
3.065296940232520683e+03
2.487583115868867935e+03
1.326592642197034593e+03
1.264045436935516818e+03
1.385475882996723612e+03
2.478897356866448263e+03
2.706932404600409427e+03
1.451126420408144213e+03
1.253710687434298279e+03
2.136885952297956919e+03
3.036684778889178233e+03
1.846455591438018928e+03
1.225064888667141759e+03
2.259552836207969904e+03
2.327658835297370842e+03
1.830110351351280769e+03
1.462112384298816551e+03
1.665207523981542181e+03
2.890361054010323187e+03
2.630304123974849063e+03
1.468123335020357217e+03
1.296528425782618115e+03
1.832960791982889759e+03
3.105225513605973902e+03
2.481070422988391783e+03
1.237219263642704163e+03
1.131800375711078004e+03
1.923763071819803599e+03
3.181448221129714511e+03
2.125888322522556791e+03
1.197364459023580821e+03
1.178907892974969855e+03
1.853038164488292068e+03
3.381128920635907434e+03
2.744895436465865259e+03
1.590694938327817226e+03
1.178256830010162957e+03
1.613114360357108581e+03
3.207849420484625171e+03
2.352816341096216547e+03
1.222939144369931228e+03
1.287061625105355233e+03
2.424930053433292869e+03
3.670692742043452199e+03
1.598977496196938773e+03
9.713499566658466620e+02
1.193175806902610248e+03
2.292648514990105014e+03
3.115216828369983887e+03
1.557331085100071050e+03
1.258078115548328924e+03
1.459053504919058241e+03
2.645813226518122519e+03
3.415286556847832799e+03
2.104890419311004280e+03
9.847812789435914738e+02
1.197956018018110626e+03
1.638316778451715436e+03
2.865405018005485545e+03
2.015777950916671216e+03
1.366507163269535113e+03
1.496653247845242504e+03
2.765854911957085733e+03
3.772187529880957300e+03
2.110235798125670499e+03
1.301524121768227815e+03
1.093391275955699939e+03
1.447938032715288500e+03
2.656301867838205908e+03
1.791350029103288080e+03
1.398035875044849263e+03
1.581567975344102933e+03
2.808123137097783456e+03
2.703196407478972105e+03
1.448441451422093223e+03
1.634012390762967016e+03
3.562650437556237648e+03
2.321376548829773128e+03
1.477779467467670656e+03
1.456437822724250736e+03
1.786025439372745041e+03
2.153740910126869039e+03
2.023592716786753044e+03
1.947613247977215451e+03
1.657721509564523103e+03
1.900201461491311875e+03
3.167991785991169763e+03
2.029740844180857039e+03
1.142881608021726834e+03
1.114668658767805937e+03
1.598910542439988831e+03
3.236835775298051885e+03
2.474913564588590816e+03
1.548456751261660884e+03
1.411332410696993747e+03
1.551005517689689896e+03
2.749086203112969997e+03
3.207534978637128461e+03
1.764955125423131676e+03
1.432158221705672304e+03
1.903422001691203377e+03
3.314943307120519876e+03
2.208445177674284423e+03
1.209177432152182746e+03
9.647879362288590528e+02
2.281903380673392803e+03
3.464650344922229579e+03
1.961431206924646176e+03
1.096758509016185371e+03
1.063810890599167124e+03
2.431275739251166215e+03
3.647165209277961821e+03
1.974558341683943809e+03
1.314583962340804419e+03
1.175858797654048885e+03
2.009329102510904022e+03
2.939610491338194151e+03
2.038082159660909610e+03
1.220858683984572281e+03
1.299632138441595089e+03
1.879519124087261162e+03
3.130717893427785384e+03
1.804616585768127834e+03
1.236230046329417746e+03
1.394708684935491874e+03
2.970785553594785597e+03
2.509528342622317723e+03
1.276826452125334072e+03
1.299619642530297597e+03
2.197688906629916346e+03
3.446892831002438470e+03
1.963673180822017457e+03
1.273791814051005304e+03
1.426000157220485335e+03
2.625938974165729178e+03
2.271294256320714794e+03
1.300714098423717360e+03
1.270202944758784724e+03
2.747328810865968535e+03
3.057502184632806802e+03
1.641551472210938755e+03
1.152200890973352443e+03
1.986829022186896736e+03
3.179441280459998779e+03
1.879501145854869947e+03
1.054677826131751999e+03
1.127918679744127530e+03
2.569676810467467476e+03
3.336625662240005113e+03
1.672445097188020100e+03
1.046860700303845533e+03
1.296374193911207158e+03
2.754610840554213155e+03
3.284342932843139351e+03
1.601483213498700934e+03
1.074460248316505613e+03
1.556366693457486235e+03
2.884390097918106221e+03
2.701418860955559012e+03
1.112523709381929393e+03
1.123996549866015812e+03
2.227460099129999435e+03
3.373608686725368443e+03
1.869893522717037968e+03
1.251809799897470384e+03
1.683986878724499775e+03
2.918858715553601996e+03
2.064584643380397210e+03
1.393559507999711741e+03
1.514404011445970127e+03
2.796730721738702414e+03
2.845318277267779195e+03
1.406031596987195371e+03
1.345834721205170581e+03
2.229335709983976358e+03
3.239845095580105863e+03
1.924601935313697140e+03
1.127110729233548454e+03
2.342592352730309358e+03
2.579625868502649155e+03
1.820054854432228467e+03
1.941539502079381691e+03
1.467892982160046131e+03
1.365968530062120408e+03
2.850025557683588431e+03
3.241701478679574393e+03
1.531687066208959095e+03
1.170531737704765646e+03
1.165774311423128211e+03
2.572634484061044077e+03
3.073180624484893997e+03
1.478888321364901230e+03
1.151356420000247454e+03
1.148849951464313108e+03
2.485694121521050420e+03
3.329508880627521194e+03
1.681118151665089954e+03
1.230021803704407375e+03
1.224580620669065411e+03
2.522332477703673703e+03
3.337751882215030946e+03
1.992822545190869732e+03
1.195514963214207000e+03
1.240851196254424394e+03
2.257296833431592404e+03
3.440097860027463412e+03
2.119635138387779534e+03
1.319240885743731724e+03
1.067312879433845865e+03
1.804182358389943602e+03
3.129767900640447351e+03
1.904742897377049985e+03
1.232421364533073302e+03
1.510871699857133763e+03
2.851999779463203140e+03
2.408525665342308457e+03
1.452030670906012347e+03
1.555103495986042617e+03
2.272620491288697394e+03
3.317396399598589142e+03
1.893361668178704804e+03
1.262382687903965689e+03
1.373597863616210816e+03
2.675585471353479988e+03
2.529111781689732197e+03
1.395248700505047509e+03
1.209251478202521412e+03
1.805888531097873511e+03
3.381601621992451783e+03
1.978033663138152178e+03
1.160484772922983211e+03
1.371084468054431454e+03
2.851100331918860320e+03
2.839061889928377241e+03
1.430271859995580144e+03
1.238346823967818636e+03
1.599697987619661262e+03
2.966423763007665912e+03
2.793152045319668559e+03
1.436651844149072303e+03
