2.125859673400042539e+03
1.439125286467083697e+03
2.244220758481882967e+03
1.951990765880354047e+03
1.598355663494143073e+03
2.405739508953474797e+03
1.568960043979712282e+03
1.902980281354801491e+03
2.518670357958107616e+03
1.490217959647106454e+03
2.210021192341105234e+03
2.321428045247228511e+03
1.432258833588497737e+03
2.426514003199852596e+03
1.773203749243954007e+03
1.874399924472465727e+03
2.479109145449004245e+03
1.519675914501625812e+03
1.897460201776922077e+03
2.343232766934583196e+03
1.429737921459766312e+03
2.289279441156715620e+03
2.066217045544623488e+03
1.441887025534838813e+03
2.477805064480463443e+03
1.713279991019773661e+03
1.550875724168870420e+03
2.525764000631750605e+03
1.561097498387866153e+03
1.824824447171302154e+03
2.488467175400939595e+03
1.436806716914272783e+03
2.119444589337843354e+03
2.272318890754831955e+03
1.368731703370469404e+03
2.195533321935709409e+03
1.971499600905815669e+03
1.560132499564951786e+03
2.329180905820845055e+03
1.627710592030529824e+03
1.995882852701362935e+03
2.560886570739814033e+03
1.552519783963631426e+03
2.056197713113406280e+03
2.319566108023384459e+03
1.358401128730745995e+03
2.135724992495645893e+03
1.920570807575917570e+03
1.549567779617467522e+03
2.463402435494924703e+03
1.582159743843128126e+03
1.726200030124527757e+03
2.296176883948373415e+03
1.353504434039172338e+03
2.132883645269118915e+03
2.174987389665581759e+03
1.302917525185281647e+03
2.298177827922668712e+03
1.833312474480402216e+03
1.658145922940396531e+03
2.564494377177017668e+03
1.830671331755325809e+03
1.534979507529960074e+03
2.510752074253378396e+03
1.799660140933643333e+03
1.382854324846292911e+03
2.327019931102186092e+03
1.737490526548694561e+03
1.270821883283304487e+03
2.232466507730342528e+03
1.873821942659656088e+03
1.385903695993208430e+03
2.367102646990837002e+03
1.868733395055458004e+03
1.640639415413286315e+03
2.562664057591813616e+03
1.704143752451358750e+03
1.543693223908998561e+03
2.892576981979688753e+03
1.467207547812235362e+03
1.566769156375467219e+03
2.569602090994549599e+03
1.486857721733140124e+03
1.802610994312263074e+03
2.511880047897276654e+03
1.328247680737672681e+03
2.029488757340380516e+03
2.271589181840293804e+03
1.268874159607497859e+03
2.141244552787158682e+03
1.829519030949177022e+03
1.377168397277000849e+03
2.359879171184193183e+03
1.564007616328948643e+03
2.074197281680976175e+03
2.434521024156230396e+03
1.412599428081972974e+03
2.191507461986951512e+03
2.152067511455349631e+03
1.337823232247918440e+03
2.643568396439447042e+03
1.915039971280520831e+03
1.126286117835832101e+03
1.966133011125666826e+03
1.884073280412952954e+03
1.264259619497143376e+03
2.208865133078910731e+03
1.798653906026071809e+03
1.371576493216643939e+03
2.222858876518503621e+03
1.669061311858176623e+03
1.696069019832198364e+03
2.407881552021940934e+03
1.516062679004969823e+03
1.998173603394222482e+03
2.271179336357233751e+03
1.480446554766932422e+03
2.342394768899006067e+03
2.053956343727071271e+03
1.690328379338218383e+03
2.801884989847548695e+03
1.837875854615828075e+03
1.434749582110479878e+03
2.596048959796176405e+03
1.673051686606848079e+03
1.688231084865523144e+03
2.408565101086152936e+03
1.287435169469822995e+03
1.895816746199641557e+03
1.983018382043836255e+03
1.160520063383622983e+03
2.010436228053333252e+03
2.062775512146502024e+03
1.263707029081699829e+03
2.255977601849391704e+03
1.817846028042865328e+03
1.560004992061861458e+03
2.297133465871139833e+03
1.481322432984793295e+03
1.887734249120492677e+03
2.368293677102705260e+03
1.575640604410821425e+03
2.224385733778826761e+03
2.279477475261165637e+03
1.600396510136819643e+03
2.255648786159428255e+03
1.702379630261630609e+03
1.856612702143432898e+03
2.444326736838847410e+03
1.559015684650294816e+03
2.067773332008583111e+03
2.454969988878769072e+03
1.477798859781318242e+03
2.078241262053928040e+03
2.377999228898227102e+03
1.291200725349832965e+03
2.233377571949749381e+03
2.120498320305125162e+03
1.382544910595878036e+03
2.469563533060173995e+03
1.998290016046815254e+03
1.425170830811366386e+03
2.649393485298175165e+03
2.247163348918548763e+03
1.087838035653129737e+03
1.815591608776227531e+03
2.402979569797915701e+03
1.217028288641419749e+03
1.996649562183790522e+03
2.293762403245487349e+03
1.348538746369832552e+03
1.609124137602532073e+03
1.602673997500663290e+03
1.695648084190528152e+03
2.655976775167734104e+03
1.966998125623774285e+03
1.376375491935343007e+03
2.338918198191906413e+03
2.077380247191848866e+03
1.552317433206379519e+03
2.660262618912126982e+03
1.627313855160213734e+03
1.596813520866249519e+03
2.691109766373298044e+03
1.339771731983005111e+03
1.592411005156865258e+03
2.471311970422442755e+03
1.397807985117724002e+03
1.679313680867457606e+03
2.484782129073355009e+03
1.356514891308315100e+03
1.532212293942271344e+03
2.654616671862792373e+03
1.336202333198722044e+03
1.752592637113093815e+03
2.300742377495026176e+03
1.282783588401589668e+03
2.139686619614402389e+03
1.941701862309784019e+03
1.398076626371266457e+03
2.443353375934028463e+03
1.589977114789758843e+03
1.627894187516081047e+03
2.656168016094213726e+03
1.912195303898674183e+03
1.338078771444221729e+03
2.534435079684355969e+03
1.879843918851586295e+03
1.367776774548216736e+03
2.130410311105492383e+03
2.130684580118020222e+03
1.346661074308421576e+03
2.193437628465927446e+03
2.070199339400805457e+03
1.331806019848493861e+03
2.265335130028100139e+03
2.043416956485401897e+03
1.562223981652399061e+03
2.592336850702255560e+03
1.800021045219675443e+03
1.631857548050903006e+03
2.442397322358039673e+03
1.610513813923608041e+03
1.912284432666732755e+03
2.320759075657005269e+03
1.446776923089343427e+03
1.999111406794868799e+03
1.934839993727511228e+03
1.453616448290606058e+03
2.144261711866472979e+03
2.028357039746230384e+03
1.487828051958416154e+03
2.241911130463533482e+03
2.064694968864059319e+03
1.457531952904730133e+03
2.229381378075544490e+03
1.939211385384461209e+03
1.439773707516233117e+03
2.316852871472264269e+03
1.918724115605005409e+03
1.569295647137855440e+03
2.550029720965037086e+03
1.821342616635179184e+03
1.515306494830408383e+03
2.442352535029543105e+03
2.751242852340804802e+03
1.310311820436208336e+03
1.908562602365103658e+03
2.137218656759314399e+03
1.411518092057131526e+03
2.390474239950162882e+03
1.999503677948698169e+03
1.242984618214269858e+03
2.296953094970481288e+03
1.759823917216546533e+03
1.328959731340172539e+03
2.265504350959675776e+03
1.742267032299717357e+03
1.638693896310499667e+03
2.589491602703757508e+03
1.721514146693207749e+03
1.545581278905011004e+03
2.452128926698242594e+03
1.722096991618089532e+03
1.322557726380493705e+03
2.395605558138435754e+03
1.856832829026345735e+03
1.435748288465872974e+03
2.430588228290949701e+03
1.245536750204276359e+03
1.872087647690981385e+03
2.555658057480544358e+03
1.325449264595222758e+03
1.583167206928732639e+03
2.421501754089371843e+03
1.383387696115038807e+03
1.747257812454532541e+03
2.419975265409378608e+03
1.409508298251548695e+03
1.883658390145832072e+03
2.395067284839138210e+03
1.352149074166639366e+03
2.087318599311420712e+03
2.165419144825721105e+03
