1.070779623211846683e+03
1.139252957871389981e+03
1.352801388263977969e+03
3.347506635035589170e+03
2.121409375300556803e+03
1.173155332991205114e+03
1.133681579181142979e+03
2.638323401962733442e+03
3.714637033584154779e+03
1.570962455314563613e+03
1.103045218772393582e+03
1.081704232662633785e+03
2.431339520911772979e+03
3.559140766669475852e+03
1.726985119213421513e+03
1.368020836635872911e+03
1.333424287327523871e+03
1.753331941201001882e+03
3.575506094963360283e+03
2.315746913551358830e+03
1.579498140569094176e+03
1.372590693988512612e+03
2.095510877748718030e+03
3.839896468115379321e+03
1.999995008302699262e+03
1.370713079698287174e+03
1.731453160879301549e+03
4.083629657755028802e+03
2.904428524091487361e+03
1.161193739965211080e+03
9.339386758770073129e+02
3.022669288562967267e+03
3.476068202622412173e+03
1.243471477103481448e+03
8.608403756391470552e+02
1.947380972520381647e+03
4.102432821908401820e+03
2.076089590188165403e+03
1.125875974690797875e+03
8.954970996415044056e+02
1.831297981866279315e+03
3.806697317951620789e+03
2.089568912948760499e+03
1.231864587971959281e+03
1.068401837345801141e+03
2.347318273875236628e+03
3.468352745200684240e+03
1.500403666851027992e+03
9.532667470820365452e+02
1.346645321495015196e+03
3.750153323816461580e+03
2.837922221466911651e+03
1.290336106027996721e+03
8.916891979555198304e+02
2.131426503710329143e+03
4.070266453601863304e+03
1.453609344641513189e+03
8.872818508152241748e+02
8.778586774344992136e+02
7.298718461836474489e+02
1.556598418584208957e+03
4.099998912488620590e+03
2.263324164258414839e+03
1.302305998247526759e+03
1.078273589483626210e+03
3.037749187103784152e+03
4.079884328090123745e+03
1.978197955260886829e+03
1.013217688804024419e+03
8.658040067818554917e+02
3.182014213515755728e+03
3.729441690658015887e+03
1.670088520284621836e+03
8.386980713230883566e+02
1.239673021333987663e+03
3.891667604699927779e+03
2.718310578051371522e+03
5.794759157040174387e+02
2.921993865113385596e+02
2.598673037571066743e+03
3.256893560170637556e+03
1.344140316092462172e+03
9.545692944591290825e+02
9.446778160738175529e+02
3.111837284502538751e+03
3.400849321406962190e+03
1.416807502568574137e+03
8.198173582485777615e+02
1.207032455584854461e+03
3.732309526868405555e+03
2.750580998999857002e+03
1.326763475693577448e+03
7.654943421766669189e+02
1.902289255789432445e+03
3.787829842430216559e+03
1.751343326724869030e+03
1.147892885347434458e+03
7.459416436890483055e+02
3.204369346135805245e+03
4.090246173999973507e+03
2.779906112596916046e+03
9.004293597206561799e+02
2.843509054065930854e+02
8.200535669123806315e+01
1.021046861644571209e+03
3.176889853669256354e+03
1.227036625606970802e+03
5.507249062914097522e+02
4.793224045950729533e+02
5.131024093350055182e+02
2.087236154757047188e+03
2.627140295248749680e+03
1.261363989719915935e+03
9.628053967188168372e+02
8.609079242744764997e+02
2.330444370594007069e+03
2.891272477753288968e+03
1.298411452782202105e+03
1.214321682857048245e+03
2.243203613788463372e+03
4.147958489078754610e+03
2.520594782656075040e+03
1.533562099673534931e+03
1.422252434329082234e+03
3.176647152213875415e+03
2.392530717312647084e+03
1.146923831808422619e+03
9.880691458262880360e+02
1.378485790424020252e+03
3.739959640323243093e+03
1.964900952290893429e+03
1.177966303977337020e+03
1.074191463435350897e+03
1.185618524862536788e+03
3.096520443911288567e+03
3.615967624299248200e+03
1.557000996496867174e+03
1.140097920348277057e+03
1.030157353461364892e+03
1.904367394414139653e+03
3.842218550689005951e+03
1.983338846441226224e+03
1.292966445654404879e+03
1.279418915483646515e+03
1.241822519030960621e+03
1.434019482471954007e+03
3.736613234913672841e+03
3.359061908779232908e+03
1.585544661726204367e+03
1.104509524797186259e+03
2.633086548678863437e+03
4.151269269592334240e+03
2.284236191110314394e+03
9.956818332776307443e+02
1.166961539908776103e+03
3.796976270918442424e+03
3.412518355794522904e+03
1.180948734598136753e+03
5.471344631804479377e+02
2.765737038502013547e+03
3.640887049044792093e+03
1.017899340252596289e+03
5.891267295800251986e+02
1.583520340363187870e+03
4.050343123838925749e+03
2.093658472589056146e+03
1.127313367837647547e+03
8.429818183467596100e+02
2.822587976131492269e+03
3.767854469896049977e+03
1.545416184852472952e+03
9.255005286145009222e+02
9.011706802328570802e+02
3.521617995012454685e+03
3.018843339412263504e+03
1.196925305798812133e+03
6.496639189600274449e+02
3.217301097878351811e+03
3.131570857386365788e+03
1.100359449104202440e+03
6.295173363061168175e+02
2.419675096185573238e+03
4.169079940245321268e+03
1.803340713504176620e+03
7.835610414362687379e+02
7.971141473437729701e+02
7.777532630707066801e+02
8.345406373178833519e+02
9.144286906870969460e+02
3.357068195801810816e+03
2.498266236102251241e+03
1.247046417774049132e+03
9.535424506790095620e+02
1.550308910408164138e+03
3.968872245324438154e+03
2.441230373776240413e+03
1.155987748819663921e+03
8.716739602814923273e+02
2.411903794525499961e+03
3.991468585171777704e+03
1.693638926888892229e+03
9.448245858350107937e+02
9.308066205563159201e+02
3.506670362116913111e+03
3.601188077636068101e+03
1.093140222024416971e+03
6.800577369816617193e+02
1.300300810332391393e+03
3.851565920404954795e+03
2.135469137183838029e+03
8.491788977594497965e+02
6.820853597741755721e+02
1.678598578281923437e+03
3.979473879922566539e+03
2.236500136575642045e+03
1.004753311299684469e+03
9.220018054706956718e+02
1.079330746293113634e+03
1.028064019335375406e+03
1.721446874104716244e+03
3.150123538522229865e+03
1.212566558197780978e+03
1.202242989187954436e+03
1.149859921221575405e+03
3.110032552374572333e+03
3.857036168441381506e+03
1.716432514664681321e+03
1.062791117624688695e+03
1.203386351769626344e+03
3.207659731713649762e+03
2.094774957317586995e+03
1.269097445825887235e+03
8.770861411317275724e+02
2.384233926939402863e+03
3.774138669340863999e+03
1.607187758602175563e+03
8.396555515453499083e+02
9.151803442093540752e+02
2.511062332311676982e+03
3.471942950042298889e+03
1.320990382147145738e+03
8.403415681252500917e+02
9.410861154820173624e+02
2.712696673854774417e+03
2.546840591902598135e+03
1.169480488266358634e+03
1.512972092165575305e+03
3.853414235469531832e+03
2.376130240352261353e+03
1.389058114980151913e+03
1.204394175466164597e+03
2.099072928442216835e+03
4.067347503763558507e+03
2.188670696289848365e+03
1.248696423939254373e+03
1.066865048958365151e+03
3.332321144468669445e+03
3.233949776208386538e+03
1.223699072321727044e+03
8.336870365152199156e+02
1.928894329123591660e+03
3.988532285303719163e+03
1.795830929503779998e+03
9.060604629197557642e+02
1.292932317218391063e+03
3.731685568583733129e+03
3.095365316778921624e+03
1.053349730454497148e+03
6.219609457829034227e+02
1.945390776057668518e+03
3.547311112806385609e+03
1.786547798066835867e+03
1.049631358285086435e+03
8.036624063886685008e+02
3.268866991170086294e+03
3.621316077452758236e+03
1.472330062175898547e+03
6.797691898193907036e+02
1.734102526382934684e+03
3.346850708587631289e+03
1.615317325063706221e+03
9.395548064030462001e+02
7.921165655104955476e+02
1.888474323102278731e+03
