1.155973392881881637e+03
1.551892684756625840e+03
3.038273363271148810e+03
3.028802530548347931e+03
7.085875489918765879e+02
8.378460270837798589e+02
1.708744959978527277e+03
3.099467822402561524e+03
3.090749053012302284e+03
1.026228350047321328e+03
7.761533164500751809e+02
1.089941569391123039e+03
2.367864265401600278e+03
2.690076612619101979e+03
1.156677309786301976e+03
1.598183519193599750e+03
2.918337191675405393e+03
1.760818944644276144e+03
1.215660948665878550e+03
1.655944042470468958e+03
2.522196947560727949e+03
1.580594601264917628e+03
1.576941761044434088e+03
2.607332480646029580e+03
1.760970461890845854e+03
1.403770724847222255e+03
1.981922273714088988e+03
2.809115772921978078e+03
1.430737773623333851e+03
1.284535479448157048e+03
2.446547323019644864e+03
2.733012661623772601e+03
9.798996331196062783e+02
1.652151742657266141e+03
3.188603242573966327e+03
1.366709998281214894e+03
7.843125923659206364e+02
2.747148537473306533e+03
2.834446766801865124e+03
1.023568893832903314e+03
1.356567296823745664e+03
2.852452923500798988e+03
1.704624803811481115e+03
1.259533758551425308e+03
2.186733633713190102e+03
2.425613364865604126e+03
1.116101639876994113e+03
1.473207385520617208e+03
2.561183742004674514e+03
1.482833409541293577e+03
1.495112971058139237e+03
2.626284622513302111e+03
1.669757607122925720e+03
1.267161244456367740e+03
2.447183206777173382e+03
1.847510548229613278e+03
8.751427092682956754e+02
2.415119064427994545e+03
3.272685563640134660e+03
1.242635454321271936e+03
1.717550513735332970e+03
1.700301549283684153e+03
2.238919517996198010e+03
2.938695950512303625e+03
1.359342165698667259e+03
1.201116530294049198e+03
1.206745848868785515e+03
2.597367850777345211e+03
2.299299545067778126e+03
1.252366012746956812e+03
1.228794177684440228e+03
2.601197408285252550e+03
2.471569803522015263e+03
1.399658590434040434e+03
1.283129308626408147e+03
1.469413901948108332e+03
2.527664046939134096e+03
2.739455809942728592e+03
1.130085998371667529e+03
6.322526477681939241e+02
2.220826810801192551e+03
3.025203991106850026e+03
1.391238416710672482e+03
1.379230233824597462e+03
2.732508491278754263e+03
1.933416832314764179e+03
1.142877808193123656e+03
2.229178234501421684e+03
2.433288919070409520e+03
1.275909108058499214e+03
1.801077834929539222e+03
2.575766099407257116e+03
1.588605465332473386e+03
1.094380082061593157e+03
2.460760485581583907e+03
2.187317354592630181e+03
1.265175865918734644e+03
1.338364529595195108e+03
2.538669096264412474e+03
2.687480430860669003e+03
8.675479457518600839e+02
1.384222007395526134e+03
2.984635747808804808e+03
1.669629257540621211e+03
9.978870392804113862e+02
2.662774181467375911e+03
2.241790850010843315e+03
8.689150426527326090e+02
1.970532658575193409e+03
2.989420439014408203e+03
1.360509198775577488e+03
1.065976427940409394e+03
2.666448399809443345e+03
2.328225037193555181e+03
1.019395994260815769e+03
2.054866633500699663e+03
2.762194343502543688e+03
1.130424478517713396e+03
1.157832633999969630e+03
2.412143935546094326e+03
3.147246873945209700e+03
1.949602168736804515e+03
1.013092694622952422e+03
8.221805379717569622e+02
2.668448483566869072e+03
2.741010729463848747e+03
8.146863612579471692e+02
1.253636067976100321e+03
2.869137369036721793e+03
2.177181531173248459e+03
1.024338026914183047e+03
1.843654153723520039e+03
2.863173614556313169e+03
1.784681256074966996e+03
1.315743043597110272e+03
1.615172861057568980e+03
2.477377378374325872e+03
1.983718707634577186e+03
1.575868691642531758e+03
1.581768827286631222e+03
2.063423723492618592e+03
2.655444352711134343e+03
1.867182762291099380e+03
1.333204388194973035e+03
1.713904632662632139e+03
1.559263767256212077e+03
1.943615575105750850e+03
2.608634094151182580e+03
1.700835577654515419e+03
1.497424300641437867e+03
1.538645928387943968e+03
2.587179436609373170e+03
2.672436330039203312e+03
1.450109811822218035e+03
1.003340781143204026e+03
1.326648175482133638e+03
2.663383929224710755e+03
2.838932098426200355e+03
1.438022385264485592e+03
1.396433559492495078e+03
1.439731316617486527e+03
2.606368034245233957e+03
2.458625075824052601e+03
1.653350992261376632e+03
1.667874912902615506e+03
1.725869377313245195e+03
1.769121112738778947e+03
1.814616809273878744e+03
1.266590986587088992e+03
1.129587604991355647e+03
2.813928538054011824e+03
1.867006086571773039e+03
1.722472778328540926e+03
1.805499522926083500e+03
1.610473862780840818e+03
2.717393897010422279e+03
1.824099659273952966e+03
1.684697703178808524e+03
1.571687475319746454e+03
1.156254446292181001e+03
2.868428296077814593e+03
1.845202929486526955e+03
4.626616166851640060e+02
2.057666044644357953e+03
3.462090610765132624e+03
1.514943736164491838e+03
9.205635427303792540e+02
1.813813084765406302e+03
3.253287198693545633e+03
1.200741750406648407e+03
9.602578220230728903e+02
2.456177835837193015e+03
3.050282594015201084e+03
9.620480620503085447e+02
1.113633726195351073e+03
3.024586868876140670e+03
1.991001085628387045e+03
7.975526955657808230e+02
2.175484929740556709e+03
3.262912629711292539e+03
1.214590231166454487e+03
1.027420523560003176e+03
2.174617857876028211e+03
3.321375781436153829e+03
1.314433744672599687e+03
9.474397140638819792e+02
1.998275617921463436e+03
3.047376864874357580e+03
1.553774577972258840e+03
9.992669398858031400e+02
2.012287611198302102e+03
3.000001932863885486e+03
2.044928448047982101e+03
1.208902626771493260e+03
1.242165620594669690e+03
2.198650225896953089e+03
2.909022119689306692e+03
1.380239207165719563e+03
1.032736672598895211e+03
2.052586417052571505e+03
2.913750653139964015e+03
1.599441537605211352e+03
1.092450320212680253e+03
1.495549623081017216e+03
3.314156949747261933e+03
2.064838010025885978e+03
7.716284294699494239e+02
1.654051034025077570e+03
2.943342854574834291e+03
1.366197743476217056e+03
9.910369440087258681e+02
2.644197861467482653e+03
2.367462797153538759e+03
8.744704913568539268e+02
2.003863659112292453e+03
2.894903394839687735e+03
1.081550305554762417e+03
1.506922864552219608e+03
2.911814148278166158e+03
1.717458238107814850e+03
9.132857760827338325e+02
2.467833427121903242e+03
2.473387470223090077e+03
1.033286671060870276e+03
1.640821420922299012e+03
3.024983630995324802e+03
2.109188418468894270e+03
1.039188101143796530e+03
1.730423928363521554e+03
2.611064593566210078e+03
1.681187368458303354e+03
1.298258797837997690e+03
2.408826186067239632e+03
2.287116385241081389e+03
1.137626979176676969e+03
1.619253776130423375e+03
2.723813131891418379e+03
1.846267121713647157e+03
1.011810265963570032e+03
1.885233211804377561e+03
2.775375409961690366e+03
1.594911317484872598e+03
1.189759272544490614e+03
2.313578032847186023e+03
2.507904538847419190e+03
9.620026397215272027e+02
1.650364576622732784e+03
2.899107991054874219e+03
1.884664657681061044e+03
6.634185228341603988e+02
2.166918447641066905e+03
3.244538637293679585e+03
1.525562888523330685e+03
8.219102774545966668e+02
1.894993238895654713e+03
2.902355142764512038e+03
1.829808679360075757e+03
1.047859515310332426e+03
1.602919860436551971e+03
2.774302742677622064e+03
2.060540326694523628e+03
9.319709494131437850e+02
1.755942577232596705e+03
3.480495654329865374e+03
