5.739180845159471573e+02
1.171147748712828161e+03
3.005732609721781955e+03
2.560301550103675254e+03
7.151084405217271751e+02
1.246857921536837921e+03
2.032807915712260410e+03
3.469141272747216135e+03
9.805152238083068141e+02
7.006813602388638174e+02
1.301127601223625106e+03
3.042629620764948413e+03
2.185277990005662105e+03
9.064386121155840783e+02
1.248793428785500510e+03
1.825189429269178390e+03
3.376390813713346688e+03
1.356741764257593786e+03
7.286503641090278052e+02
1.253313719035273152e+03
2.924908695455284487e+03
2.542594196518927220e+03
8.113504136350944691e+02
1.262896111671418112e+03
2.083939676800804591e+03
3.092423251975481890e+03
1.073419878588004622e+03
9.924471476899785785e+02
1.571637604017946160e+03
3.262143845533038984e+03
1.122238087544837299e+03
1.172681232505500930e+03
1.184024780111570635e+03
2.758587527666530150e+03
2.245821850210470529e+03
6.591170495893743464e+02
1.226420587876809122e+03
2.500728079560367860e+03
2.906870745805665138e+03
1.071622111380888100e+03
1.225920614066323196e+03
1.575879703511695425e+03
3.078981163893120083e+03
1.370041268075402968e+03
1.050574247811079886e+03
1.463779745472927061e+03
3.015159433329808053e+03
1.652968947837049427e+03
8.174807113090023449e+02
1.215982255104215710e+03
2.839156761572652613e+03
2.698479079790316064e+03
7.674591090162736009e+02
1.223802141626248158e+03
2.163930072216113786e+03
2.911796738344321966e+03
1.375691868540809537e+03
7.919379284101942176e+02
1.221759412925733841e+03
3.421575961628490404e+03
1.927777800747107676e+03
5.755093623701752676e+02
1.043726334668137270e+03
2.690108487539920134e+03
3.384541631311683886e+03
3.705409836170734366e+02
1.052972233831800850e+03
1.387876562388779575e+03
2.769167680204113822e+03
3.126262005623559162e+03
5.369615335581785303e+02
1.121522566656052277e+03
1.175893364012957363e+03
3.028506801126821756e+03
2.345722010039463839e+03
6.685701558937055324e+02
1.341846399354825053e+03
1.480796397592471521e+03
3.084252091285909501e+03
2.353191427222025141e+03
9.512559433490657739e+02
1.206295047093675066e+03
2.478300545322849757e+03
3.099871860658807236e+03
1.161888907658787730e+03
1.002490092039964338e+03
7.083832058023293712e+02
3.484178402488645588e+03
2.938474905252533972e+03
2.790074828865363656e+02
9.977394565999437646e+02
1.434228268001548486e+03
3.694430376280573000e+03
1.502224135187045022e+03
6.869503534855585940e+02
1.244826588838387352e+03
2.126362221829419013e+03
3.170513879971382721e+03
8.723310852610351276e+02
9.354789191076077941e+02
3.727970307954458349e+03
1.626987311649314279e+03
5.394801842487181602e+02
1.177681361159511198e+03
2.087882351494824889e+03
3.190800532769317215e+03
7.438768095345187703e+02
9.373290038338104750e+02
1.360447076507493648e+03
3.481862721185014379e+03
2.138001078646881524e+03
5.045067649810035846e+02
1.094867777614819488e+03
1.848421814278035527e+03
3.145160775883538008e+03
2.072495934544376723e+03
8.925259848708345771e+02
1.212107610932242551e+03
1.997749693099516890e+03
3.335401878142470650e+03
1.384312219080088653e+03
7.559776469203713987e+02
1.127017913252873086e+03
2.749551980515808737e+03
2.652176466154399805e+03
7.515648716225952057e+02
1.250268424959729600e+03
1.316748011808582078e+03
3.384919599917528103e+03
2.683651581718667785e+03
4.352213171579307414e+02
1.134861668892502848e+03
1.892550859067474903e+03
2.908873610581141293e+03
1.272682816591594246e+03
1.034262361982756602e+03
1.576808121252437786e+03
2.569516293842165396e+03
2.101139380848911060e+03
1.019093599397231742e+03
1.033867326508785482e+03
2.631438991313892984e+03
3.704689251805958065e+03
8.603189448811095872e+02
7.247634616123558544e+02
1.232181230743035712e+03
3.266839747259286924e+03
2.098365317836228769e+03
4.887698023223393307e+02
1.076218436943345750e+03
2.210131000178407703e+03
3.285196169820017985e+03
9.777872463417409108e+02
9.848571697955113677e+02
1.264643723185920635e+03
3.172021133883267339e+03
1.741686227180268361e+03
8.874401167536492494e+02
1.090461898837794251e+03
2.716284957464758463e+03
3.108332305277614068e+03
6.268892707661613031e+02
7.665739875467181719e+02
2.102962000074026037e+03
3.404655623834587459e+03
1.327182311713802164e+03
9.648764459152325799e+02
1.214115029530021502e+03
3.001680217529564288e+03
1.874923070901986193e+03
7.559643286259040451e+02
1.105174874446559443e+03
3.063897704140012138e+03
2.079559193185743425e+03
8.335928058670144765e+02
9.986015651072904120e+02
3.018836527050344557e+03
3.511744615165932828e+03
7.277186333006271752e+02
8.113272859527837682e+02
6.029603018780902630e+02
3.548772233261036035e+03
3.358354796534256366e+03
1.297708434445884507e+02
4.842782995505340295e+02
2.709804125365817981e+03
3.471879841558496082e+03
6.466011927568461033e+02
8.812856671550626970e+02
1.381528648097505538e+03
3.899421450482589080e+03
1.076721815559381866e+03
4.707979833458934991e+02
1.462807473857724062e+03
3.874445085122671117e+03
3.539367254405935455e+03
1.440434909303421364e+03
-2.369611842959073300e+01
-2.383093041492802655e+00
9.748693344632249591e+02
2.790647339764810567e+03
3.913616208501294750e+03
1.367735631452062307e+03
2.329194879162259440e+03
1.716003806714907569e+03
3.564968297740122125e+03
8.768950743949809521e+02
5.766484080688101130e+02
1.530262864736605479e+03
1.895339850081391205e+03
6.384736142296160324e+02
3.820699811988342276e+02
1.663700082525937432e+03
1.669246203100150751e+03
1.537048606831275265e+03
2.797930155163136988e+03
3.318726276073449753e+03
3.173200353932915732e+03
7.520276978174118767e+02
1.129366102763246545e+03
1.600051330638956870e+03
2.791496287253813080e+03
2.170673644044279172e+03
9.255860137690748388e+02
1.298063710326638329e+03
2.870533993160560385e+03
2.820191147280048426e+03
6.058138736234213866e+02
9.274454179780278764e+02
2.460218867092587061e+03
2.735181389305295852e+03
8.916938044877654193e+02
1.071130782598836959e+03
2.474103860735323906e+03
2.329436654292411731e+03
1.057114916556086428e+03
1.120899781162906265e+03
1.799657828687723395e+03
2.750072475606284570e+03
2.625418004516443943e+03
9.452408312268348709e+02
1.353464435281438909e+03
1.664206989535474349e+03
2.911708607417749135e+03
1.546261081176553716e+03
6.530066687735094320e+02
1.136348893667479160e+03
2.896309835729797669e+03
2.422830273073626358e+03
9.093095721659349238e+02
1.212888925430674362e+03
2.642371081762428730e+03
2.658206148057176961e+03
7.916601156151191390e+02
1.051171319487493975e+03
2.574838494354360137e+03
2.097613488041161872e+03
7.337678232568730436e+02
1.279428080946660884e+03
2.506801519872537028e+03
2.529326415545379859e+03
1.440916541854589468e+03
1.055674538418059683e+03
2.354181068302829317e+03
3.143475301168156420e+03
9.298204359843493876e+02
8.675472995510068586e+02
1.155530716325669573e+03
2.751286103177942550e+03
2.271446463233231498e+03
1.069944649835953442e+03
1.194673733687161530e+03
2.833604880705845062e+03
2.263561396452540976e+03
9.837303885858613057e+02
1.157518151756318957e+03
1.678077324150015784e+03
2.422211653434856999e+03
2.908565503882360190e+03
1.554859897398215708e+03
8.835847419948311199e+02
1.067669324347778684e+03
2.347620562448061264e+03
2.731886499074493713e+03
1.078876560894748991e+03
