4.085959874328555543e+03
4.179870097071902251e+02
4.063107184522380635e+02
3.810435050740099541e+03
3.103804605894848464e+03
5.196564670987734758e+01
1.844053540340601558e+03
3.719859329404340315e+03
7.130222076094554495e+02
1.262930706766545200e+03
3.715082034317505531e+03
8.461019373109423896e+02
1.638916630633305658e+03
3.450190274931155727e+03
1.215555345822903973e+03
9.580328900385400175e+02
3.989346376511338349e+03
1.863601626575497448e+03
5.914854718836976417e+02
3.139021202360429925e+03
2.642848350873891377e+03
7.273105634016326349e+02
2.378048302574494301e+03
3.167465109206204943e+03
1.080658999964953182e+03
1.526636224495181523e+03
3.372460574381564129e+03
1.456396791439993422e+03
1.119538040897135488e+03
3.132520402556080626e+03
2.190602254333570272e+03
1.105891319933838304e+03
2.538517348930531625e+03
3.231539711290512514e+03
1.419164108552289235e+03
1.198654712540616856e+03
3.244206299051728820e+03
2.476266552941405735e+03
6.931761316179124606e+02
1.973631373245267923e+03
3.595007518846428411e+03
1.433664107858019179e+03
8.040336464392488551e+02
2.906750228451396652e+03
3.367773542040207758e+03
8.881990253180073296e+02
1.037428011025229353e+03
3.164426994354235831e+03
1.776796539122469085e+03
8.304884296223829097e+02
3.105106970642626493e+03
2.167903219180414453e+03
7.960504041841822982e+02
2.660133889927677956e+03
2.475506049164051547e+03
1.227622367457496694e+03
2.325691782839878215e+03
3.519178143475232901e+03
1.159751219505962354e+03
7.515436107258399261e+02
2.827901413945015065e+03
4.043437155355691175e+03
1.649503975870990871e+03
5.171790596069084813e+02
1.229362811680150571e+03
3.838632564820452444e+03
2.962387473760423745e+03
6.746985930441106802e+02
9.180226584971923103e+02
3.378557144775763390e+03
3.312807439732366674e+03
6.415534504905683661e+02
6.964270118035288988e+02
2.594632981464519617e+03
3.798291537159742347e+03
1.293365053316734020e+03
5.087798596392297554e+02
2.446267410716672657e+03
3.870344884409163114e+03
1.168439849898489911e+03
8.375692354484112911e+02
2.987118136608904933e+03
3.097452810451794903e+03
8.275471603966858538e+02
1.261947000570379487e+03
3.657238717064401044e+03
2.230952301554008500e+03
6.559161609103670116e+02
1.674374492478843422e+03
3.804579774610085224e+03
1.763229283116361785e+03
5.506876905645348188e+02
3.104907936342240646e+03
2.725624888028498390e+03
2.475722340674485906e+02
2.301078041082107120e+03
2.080413917882602163e+03
3.900023113868654491e+03
1.081833280600787930e+03
2.138643319711971174e+02
3.895404506089036659e+03
2.491006807855485931e+03
6.082731175695032562e+02
9.760400856002414685e+02
3.537305980372062095e+03
2.407638208532940553e+03
7.852808336986150834e+02
1.867967903992220727e+03
3.749378846893922855e+03
1.480856826965431992e+03
6.964024272726619529e+02
1.942104701240345094e+03
3.636019729101467419e+03
1.477336587089733484e+03
9.289124341843041748e+02
2.612587113382527605e+03
3.093021614624192352e+03
1.240051241941211401e+03
1.164025482634785476e+03
3.191548493726299967e+03
4.079615058697924269e+03
9.611091409861635384e+02
3.294440734309134200e+02
1.925333753822147173e+03
3.918320769776815723e+03
1.498966481803660599e+03
6.962066138554057488e+02
3.057668035696427978e+03
2.490203258073308916e+03
8.054939944961035962e+02
2.748584019986662497e+03
3.114232446213730782e+03
1.093111993568481466e+03
1.213842601074217555e+03
1.867095612585502749e+03
3.244095034336851768e+03
1.716577889412102195e+03
1.154354273959042757e+03
2.722661402529983661e+03
3.096576112460245440e+03
1.711399272003309989e+03
1.130296249931867351e+03
3.051240306534833508e+03
3.370195267881324980e+03
5.841068048505510433e+02
1.688494721316524419e+03
4.077572052244355291e+03
2.816418828012801896e+03
7.762642733560262798e+01
6.173459999355106902e+02
3.742850986811884468e+03
3.339992464858549283e+03
5.096267953891748448e+02
5.119394639803889504e+02
3.219061673916635755e+03
3.489389536040046096e+03
8.432580077696668468e+02
6.977352391543872727e+02
3.283195841018083684e+03
2.614528382332728143e+03
5.308309859996340947e+02
2.283871135646559651e+03
1.897921384274736738e+03
1.476781699252087947e+03
3.906240065115673588e+03
2.604382010081742010e+03
5.432905149954962098e+02
1.311426400171084651e+03
3.582258074267911525e+03
2.476733575431144345e+03
5.664188769999391297e+02
2.409664452949882161e+03
3.513483576975494088e+03
9.473651707798823054e+02
7.686941952914552303e+02
2.269974051235176375e+03
3.590089468357837177e+03
1.289035754434171395e+03
8.606338691169229378e+02
3.008256474310375324e+03
2.346932626359819096e+03
9.820364212711930350e+02
3.059086192657501215e+03
3.644879881481833763e+03
1.093575792493646304e+03
5.077207470306805703e+02
2.642180789530971651e+03
4.031774236641443622e+03
1.053368719161909894e+03
3.843579929963433983e+02
1.695560884501378723e+03
3.739124434369456594e+03
1.903541186805121242e+03
8.130406837197114100e+02
2.537963413636078258e+03
3.055794671298997400e+03
1.119348549076906920e+03
1.507911922733192114e+03
3.289971747586849688e+03
1.447257554423827060e+03
1.274553216739604750e+03
3.327655487427407024e+03
2.105413396126729367e+03
9.060844827869386791e+02
3.724732614286974695e+03
3.075511871995456659e+03
2.510491646183449177e+02
9.202008124583583140e+02
3.562954152850911214e+03
3.116360004652267435e+03
6.233749531473848720e+02
1.358806976940675895e+03
3.665686845411114973e+03
1.645598413518941243e+03
4.064273178564191653e+02
3.608559830330701516e+03
1.864394215866069544e+03
4.470535847083224894e+02
2.885443744555213470e+03
2.533880113727733260e+03
7.388023907566757771e+02
3.170162279345648585e+03
2.577846995763195537e+03
6.774481775243507400e+02
1.928094250992225398e+03
3.122485981114736660e+03
1.480743614936616268e+03
1.003032359079479534e+03
2.905119582934018581e+03
3.161931418236441914e+03
1.012704974401869777e+03
1.140096946353644171e+03
3.220611392168958446e+03
2.073856836180216305e+03
1.186303929668944647e+03
1.497626420727612867e+03
2.552861523082930034e+03
3.098043458217538955e+03
1.529524513704492847e+03
1.264111148901710749e+03
2.866414596657587026e+03
2.580199884067932999e+03
1.197517664158361640e+03
2.820324049495848158e+03
3.740897795967141064e+03
1.660986757963912396e+03
1.937109173104640263e+02
3.496855387112648259e+03
3.465622587817676504e+03
5.037145393340123860e+02
5.997179897261873975e+02
3.146494800434222270e+03
3.439345264134204172e+03
7.149092149928014805e+02
8.916392995451128627e+02
3.589352715186594651e+03
1.870847785513138433e+03
5.443233850329716006e+02
2.739135712899982536e+03
2.991823415938653397e+03
6.730426541564755780e+02
1.549342911454016757e+03
3.591276340620633619e+03
2.116444733132041620e+03
5.173623267304326419e+02
2.715760877053057357e+03
3.326568961070207934e+03
1.755366238430723797e+03
3.120334063863488723e+02
3.303106539088021236e+03
2.174260360200154537e+03
5.724636220355109799e+02
3.251710159961319732e+03
2.977380925268059400e+03
6.162690789345210760e+02
1.228557547805875174e+03
3.583490854274856702e+03
2.646887649394186610e+03
6.056358423888049174e+02
1.818651894377718691e+03
3.755343266106502142e+03
1.536129605882384567e+03
5.399702291095444480e+02
2.340113785278530941e+03
