8.503692785373790457e+02
1.691588839648519979e+03
3.178926953628720184e+03
1.931451105937639113e+03
9.779790974640022796e+02
1.230684239803087848e+03
3.141261039108413115e+03
2.292203973380406751e+03
1.105015533181326646e+03
1.210115221019950013e+03
3.009894878852625425e+03
2.191452255697704459e+03
1.122628022181764891e+03
7.173969552992522267e+02
2.033803245451812472e+03
3.149738078643868448e+03
1.567361364403736843e+03
8.307588926202432731e+02
9.033271205465540561e+02
2.756520628236854463e+03
2.615308024745300372e+03
1.433944599777722715e+03
9.195300648420795824e+02
2.189517319795552794e+03
2.925220797902979939e+03
1.613530672462921530e+03
9.999263284583768154e+02
2.283494451364731503e+03
2.997563113807965692e+03
1.599190586624912839e+03
1.074125281892624344e+03
2.272100218955088621e+03
3.001708271797182078e+03
1.805378381577937262e+03
1.212522292588585742e+03
1.416137409298226657e+03
2.902092410128550455e+03
3.218189256688438945e+03
1.370170279651207466e+03
8.173747905961948845e+02
2.389427514401305416e+03
3.549749953733360599e+03
1.652377317849295650e+03
7.674168050731974517e+02
2.742351935924922145e+03
3.872846714728227653e+03
1.663328911297129480e+03
6.408911695386481142e+02
1.736756039383056304e+03
3.391065507766252267e+03
1.929265948562177300e+03
9.609680014720875079e+02
1.552401737344572211e+03
3.402505290355462876e+03
2.359330135997010530e+03
1.154370355012071968e+03
1.428510962841688752e+03
3.313968208430906543e+03
2.453625401889801196e+03
1.137126425320880571e+03
5.632034885588183215e+02
2.140750438545891484e+03
3.701506830075223661e+03
2.017467130580122102e+03
9.784714453183594287e+02
1.881844356466244108e+03
3.957901677837490297e+03
2.216984057416555970e+03
7.467481988882160522e+02
1.472949045411266525e+03
3.385973409504285883e+03
1.855959370789021477e+03
6.154259102845441021e+02
1.169477119636173484e+03
2.974336113852592462e+03
2.418135470025501036e+03
1.083935133541931918e+03
8.228170642063784044e+02
2.892311587150633386e+03
2.830996610035087997e+03
1.491712371307981357e+03
9.824669016544015676e+02
2.468854334003790882e+03
3.890500671847968533e+03
2.062640546215130144e+03
6.722621088613811935e+02
1.614199225782310577e+03
3.568991035218356956e+03
2.155110971261248324e+03
8.782812335646176507e+02
1.965974817874876635e+03
3.401667399421168739e+03
1.941296009857727540e+03
1.373754124243904698e+03
2.437282231213197520e+03
3.192049238989224250e+03
1.642311661176848247e+03
3.852862758969118886e+02
2.238550979036104764e+03
3.641694375927461806e+03
1.846871276216205615e+03
4.372295720933370831e+02
1.429328962494680809e+03
3.434036325933608623e+03
2.181380668180361226e+03
8.236816387881644914e+02
6.249661429018412946e+02
2.587763494425227691e+03
3.086034192135940430e+03
1.226759649076427650e+03
5.782263675345047886e+02
2.582559768146826627e+03
2.826058984458594296e+03
1.192957214143111514e+03
7.083000250987444133e+02
2.391671862744118243e+03
3.368167662002376346e+03
1.904502220156983867e+03
7.449362226811763321e+02
8.428942900443818189e+02
3.387618890922836272e+03
3.470989392654773837e+03
1.081971166789589688e+03
5.808797748416332070e+02
1.078247442770011730e+03
2.778012143937411111e+03
2.232600334317796751e+03
1.073957509231014001e+03
9.108292365466569436e+02
1.537245278139639368e+03
2.809029252244833515e+03
2.015028888914621575e+03
1.007662796476943299e+03
1.282089128733234247e+03
2.968957145447322091e+03
2.346235808710909623e+03
1.410697515247083857e+03
1.117759504054890613e+03
2.545241604102141991e+03
2.817980409101487567e+03
1.512412709994360512e+03
1.225469743763798078e+03
1.407594624512531936e+03
2.774462316362286856e+03
2.656410223184503138e+03
1.509990959776677300e+03
1.205503872881547522e+03
1.529547022523111082e+03
2.914456437085651032e+03
2.584974683954548254e+03
1.549601707394672303e+03
1.350612454020398673e+03
1.784018553867654191e+03
3.243968402437339137e+03
2.921358989244557506e+03
1.494408026122276624e+03
1.628474349041568757e+03
3.682576057634653353e+03
3.920660594213297372e+03
1.612349865163674622e+03
6.900445516036945719e+02
2.411746748635589938e+03
4.136346013174890686e+03
2.545079670189413719e+03
9.403791900466914058e+02
1.477601216386931810e+03
4.045740382426436099e+03
2.466837360718426680e+03
4.824231692177746709e+02
2.151678652546376270e+03
3.981267591702087429e+03
1.739182912043298757e+03
2.082997374569785904e+02
2.290100624640896513e+03
3.549083831992133128e+03
1.257965652195691746e+03
3.798456489959324358e+02
3.009195917667560479e+03
3.281432704131183982e+03
1.145860375215681870e+03
2.402854834075214683e+02
2.587875436265133430e+03
3.111464664623200861e+03
1.517022570897983996e+03
1.550275472825572479e+03
3.968162707840179451e+02
1.157553794214399431e+03
3.321138910683769154e+03
1.533393114987088893e+03
3.955690017199412409e+02
1.073394071265829098e+03
3.475906312955931753e+03
2.136607075802864074e+03
6.409000052379750514e+02
7.043451456243878965e+02
2.915087518141116107e+03
2.299748300168138030e+03
9.551982514170432523e+02
6.671681958297908750e+02
2.701139277701805895e+03
2.718288721972364328e+03
1.159336885168099116e+03
9.026665771502963480e+02
2.966512951913065535e+03
2.650104240557319827e+03
1.161724289205764308e+03
6.150476619120778423e+02
2.020201791812605961e+03
3.430117223955829559e+03
1.734059720012319076e+03
7.556776735668677247e+02
1.825279253720678298e+03
3.374990474265638113e+03
1.936811801615145214e+03
7.673551813624322904e+02
1.334520221149372446e+03
3.486023522635251993e+03
2.767129967191106061e+03
1.124555771225744365e+03
1.106063025025455545e+03
2.990338541949101455e+03
2.588139122094858976e+03
1.272561551223840070e+03
7.919019357575010645e+02
1.676186842336157497e+03
3.572567276785518516e+03
2.897073380260540489e+03
1.273111507724295052e+03
1.545205617140081358e+03
3.487604809041125463e+03
2.411158605484237341e+03
1.311021534176360319e+03
1.776491962148328412e+03
3.686246969725567396e+03
2.517113961062247654e+03
7.443313941173043986e+02
1.292444779624191597e+03
3.313312955489319393e+03
2.359781211726990932e+03
9.447434698334523091e+02
6.830870743403347660e+02
2.156374479525607512e+03
3.426602371273338576e+03
1.810590514201755695e+03
9.411192960927126023e+02
1.952553732653937459e+03
3.314346242992601674e+03
2.143797171177523978e+03
1.256377865244517352e+03
1.717285463156213382e+03
3.546738918711210772e+03
2.252096341380329250e+03
7.925992793217684493e+02
6.668782406909813290e+02
3.020511973311110069e+03
3.050328719935104800e+03
1.202846347622296662e+03
6.525643164328793091e+02
2.580098952781320349e+03
3.446168411367332737e+03
1.699819848332672336e+03
8.426533060234306731e+02
1.278006514962065239e+03
3.145276479523165108e+03
2.580501216432881847e+03
9.966966652776391129e+02
9.260648709109897254e+02
2.966327568268962750e+03
2.585152105852233944e+03
1.117506828736369243e+03
8.504234373359768142e+02
2.383232919504704569e+03
3.186617269425114955e+03
1.475065215848736216e+03
6.828215545390708030e+02
1.816989637668230671e+03
3.528276136133182717e+03
2.654826668337130741e+03
8.914698478749049855e+02
7.872461882197229670e+02
2.783271122661393292e+03
3.250954997995235317e+03
1.522862148999345436e+03
6.783639185002675731e+02
