1.663881750622292657e+03
1.446308098632566498e+03
1.848786603377821166e+03
1.798864271418382259e+03
2.110798070325670324e+03
2.304479899244257012e+03
1.316346823860399809e+03
1.695824361987000884e+03
1.807376153157583758e+03
1.820657568209213878e+03
2.383207112154602328e+03
1.910124048993006681e+03
1.397001693651830465e+03
1.819571026546662097e+03
1.816842682715434876e+03
1.864684763121684455e+03
2.360422689971554519e+03
1.769518114994424423e+03
1.472828175515450994e+03
1.766241535065172002e+03
1.971007234841743639e+03
2.345008021117284443e+03
1.305554361078505508e+03
1.692842674540724147e+03
1.867943295542457918e+03
2.020293044142051940e+03
2.364868004950137220e+03
1.312125132137720811e+03
1.612402211984706355e+03
1.892241923007587275e+03
2.301222708711777614e+03
2.066340261566273057e+03
1.312792568743172069e+03
1.708198929212298935e+03
1.883149537483100858e+03
2.314315161134043592e+03
2.079464625206266646e+03
1.362732032128765923e+03
1.771205196095251722e+03
1.731927406116373277e+03
2.678843486517156180e+03
1.240162389615130905e+03
1.713353229728340921e+03
1.965949215373370180e+03
2.383384170370919492e+03
1.229316790978081826e+03
1.848377443611981107e+03
1.819093137737389270e+03
2.414372228411061315e+03
1.449741411069396918e+03
1.622753870154716424e+03
1.788739507201184324e+03
1.912311000687135675e+03
2.344431911372759714e+03
2.003480277489627724e+03
1.331652013245730814e+03
1.794476898149622457e+03
1.842219631886290927e+03
1.849736733862619985e+03
1.900468680965060003e+03
1.975351205265909130e+03
2.171852255241404691e+03
1.390478811313804272e+03
1.779560160499835092e+03
1.752242002622497012e+03
2.510866186222935539e+03
1.996009332469369156e+03
1.202266337711840379e+03
1.784344837309860395e+03
1.896346944145748466e+03
2.480569577674981247e+03
1.614186190555384201e+03
1.378596862936212574e+03
1.676788963279708241e+03
1.933564590168416316e+03
2.469219821775715445e+03
1.620495676238196438e+03
1.418845993176472348e+03
1.773105523044520396e+03
1.800642658404025951e+03
2.030200446821978630e+03
2.430621293313447950e+03
1.283999463312442913e+03
1.617729540582683285e+03
1.894444634916455243e+03
2.274895793104223230e+03
2.116496953420391492e+03
1.263416991861190809e+03
1.767141754414204115e+03
1.934413295744846664e+03
2.470428316012454161e+03
1.180389980504124651e+03
1.751643186110065926e+03
1.817447817808552827e+03
2.004814427702924604e+03
2.445575695043167798e+03
1.242153701025071086e+03
1.614612171465224037e+03
1.886677582321797672e+03
1.918661204548795922e+03
1.815985032545815557e+03
1.793342619087472485e+03
2.141716045645588565e+03
2.356259189886949571e+03
1.343888557712662077e+03
1.593847307609420795e+03
1.876139140236057756e+03
1.766227933268645074e+03
2.508644593263712977e+03
2.053660874131292076e+03
1.165915469802459256e+03
1.733588206840296607e+03
1.871827098893910488e+03
2.342569812209956126e+03
2.176934043620498869e+03
1.240331868087729617e+03
1.655271454395425735e+03
1.854571297901490880e+03
2.306335461397239669e+03
2.277948806500724004e+03
1.129172571004512065e+03
1.771372870055706699e+03
1.798908129719072804e+03
1.903461899453826845e+03
2.425190949416710282e+03
1.676755876697776330e+03
1.326700504681076382e+03
1.827896724019548856e+03
1.871551012836785958e+03
2.267848055287686748e+03
2.128503668405852295e+03
1.197597154190278388e+03
1.712075373143705065e+03
1.906784866623767357e+03
1.907491206357936335e+03
1.771060570060766395e+03
2.510519400980600494e+03
2.119798774502532979e+03
1.178031583528955252e+03
1.733484937343206184e+03
1.878491981709256606e+03
1.796024306275122171e+03
1.897525863453837246e+03
1.925460011831744623e+03
1.825208051333736194e+03
2.021962411534135754e+03
2.297585421140655399e+03
1.328429931114530973e+03
1.592884160192457557e+03
1.900621733805043959e+03
2.081558438901310183e+03
2.273120459152453350e+03
1.376633751036923513e+03
1.562454011502635922e+03
1.843334077253574833e+03
2.489506146339733732e+03
1.817067777786103306e+03
1.324942838530768313e+03
1.704191201395568442e+03
1.886702015369933406e+03
2.384076602766544511e+03
1.605320766980460348e+03
1.423842291933526667e+03
1.831015578857541186e+03
1.914170112559023210e+03
2.387460396685804426e+03
1.963708699089431775e+03
1.357888319922481742e+03
1.749675522001410172e+03
1.896542975287616628e+03
2.368420328809538660e+03
1.643749494337180295e+03
1.558208483635297853e+03
1.763691595515872905e+03
1.913521804918916359e+03
2.418565394321797612e+03
1.604859725605680751e+03
1.423804344164636632e+03
1.808253534161354537e+03
2.011247734043689661e+03
2.284306253436650422e+03
1.310825089488592539e+03
2.909074000643626277e+03
1.326876133279239639e+03
1.579242970566764598e+03
1.809583618831249851e+03
1.987284196149274749e+03
2.397833339419628373e+03
1.337712001955256028e+03
1.668336537162331979e+03
1.853084648424086481e+03
1.925168303787865625e+03
2.426992443566590737e+03
1.402920930187144450e+03
1.495006831554496330e+03
1.864164353993789291e+03
2.394608121497325101e+03
1.863813159747449390e+03
1.404897890314244933e+03
1.792803720825779010e+03
1.792783161456760126e+03
2.348871606594602326e+03
2.092963225385537498e+03
1.248290483113758228e+03
1.846143430971650332e+03
1.808566268816650108e+03
1.866063620957020930e+03
1.932189098800547299e+03
1.857941887610752474e+03
1.805645474338252370e+03
1.828065830941085778e+03
1.980125794744161340e+03
2.495273599733440733e+03
1.274896730497436693e+03
1.589371364159371524e+03
1.855107548152904201e+03
2.070302426117294544e+03
2.396261396755729947e+03
1.433850274985289388e+03
1.615300728569734019e+03
1.729486735695161997e+03
1.742833409114800588e+03
2.534636798571069903e+03
1.738698795923192165e+03
1.346919577056622302e+03
1.766882425771146700e+03
1.915972138537926185e+03
2.268781209886265060e+03
2.076200537191864896e+03
1.324055076225517951e+03
1.760851848815751509e+03
1.904056948752429207e+03
2.410852591182949254e+03
2.004327885329869332e+03
1.309616928232917417e+03
1.702765936458366241e+03
1.933436702068481054e+03
2.403697170304936662e+03
1.322203312790542896e+03
1.737696114575677029e+03
1.893365084430514798e+03
2.291529105009468822e+03
1.920315638341919112e+03
1.416307757153284683e+03
1.788681872575218677e+03
1.929670777173055512e+03
2.357415987969935486e+03
1.517260638556077083e+03
1.605512953420150779e+03
1.727694769609458035e+03
1.929205472512642018e+03
2.313340371534727183e+03
1.998456774672787333e+03
1.409173778647855443e+03
1.736454242212512327e+03
1.761145280194668658e+03
1.942686830245928377e+03
2.391837751155874685e+03
1.569014307425608649e+03
1.541970816257827664e+03
1.778498380457605435e+03
1.856170311336793247e+03
2.451472518169296109e+03
1.471886228239724232e+03
1.663373576131912159e+03
1.800166388865979343e+03
1.988315309564896779e+03
2.523240836711871907e+03
2.677990568533690293e+03
2.359507968682280989e+03
3.878206308440038015e+02
1.435821926217345663e+03
1.341161498863897350e+03
1.827110954559367201e+03
1.860026570978422114e+03
1.891425280190544299e+03
1.965890781433828124e+03
1.828360155647920237e+03
1.943111310683599640e+03
1.876074239732679644e+03
1.856572589641558125e+03
1.945071193083172602e+03
1.804158842544285335e+03
1.905630072146525436e+03
