1.624704775025093568e+03
3.352928112931092073e+03
1.704989339713594973e+03
1.479173571598207900e+03
1.920483519242783814e+03
2.052086815065438259e+03
1.998486688398712431e+03
2.952553257431520251e+03
2.401323208687706938e+03
1.279604531532870851e+03
1.842301926526193256e+03
2.092844837132621706e+03
2.190304382662082389e+03
3.122926863958073227e+03
1.177879528998524165e+03
1.761188679962299602e+03
2.024661262360185674e+03
2.576223407380067783e+03
1.579765082179435467e+03
2.079394658539457396e+03
3.146265695161325311e+03
1.083008037791718834e+03
1.714425027689392437e+03
2.987465349757663262e+03
2.491673578805841771e+03
1.007688624837860289e+03
1.726107310449779106e+03
3.189852263098415733e+03
2.756905872183490374e+03
7.100517030423241067e+02
1.557585309133993405e+03
3.281478975339021417e+03
2.517516399639158408e+03
8.398194356088602035e+02
1.646106649471597166e+03
3.139041947213230742e+03
2.726149064770013865e+03
8.960158858760873954e+02
1.694141223011490410e+03
3.140495852645333343e+03
2.150759697284345293e+03
1.236768498237281847e+03
2.145337126901866668e+03
3.376962776732564180e+03
6.904303897150211924e+02
1.548875344395016555e+03
3.145409969795978668e+03
2.160614096680129478e+03
1.142874059895030314e+03
2.441574131885135557e+03
2.985328386093459812e+03
1.000481115338408017e+03
1.799910418390140876e+03
3.176555948888751118e+03
1.320714550012911786e+03
1.459989045331695934e+03
3.655228450003292437e+03
8.726413390423189185e+02
1.373344165791074374e+03
2.580667821376608117e+03
3.322119568325671480e+03
1.040547549783585737e+03
1.368980584514322118e+03
2.566691482923208696e+03
2.455658445274639234e+03
1.441187448779731540e+03
1.807797670846220626e+03
3.517129714541792509e+03
1.300221850283873209e+03
1.267079572224596632e+03
2.923855354935591549e+03
2.673821471555210792e+03
1.042074065135091359e+03
1.757535228551716500e+03
3.208248190151223753e+03
1.620964551371873995e+03
1.235001336989300626e+03
2.999502706176732318e+03
3.161092260267514575e+03
3.862566336597299141e+02
1.544958249755126417e+03
3.549553671101635246e+03
1.738082448090458229e+03
1.100513097377593795e+03
2.891877749663964096e+03
2.196123150739975245e+03
1.277822350858422169e+03
1.852135578580956007e+03
3.262111052640784692e+03
1.567356145227624665e+03
1.290262149434189496e+03
2.719655607265165145e+03
2.990283824061848463e+03
7.816760326583951155e+02
2.063709777592568116e+03
3.386538115271664537e+03
8.992670093402700786e+02
1.265550894142543029e+03
3.257188572718636806e+03
2.578867949596730796e+03
1.420036855250956478e+03
1.405209369286148331e+03
1.374740139182868688e+03
3.036438843308665582e+03
2.838774869250179108e+03
8.416249402226300163e+02
1.674050894292562361e+03
2.858963873629722002e+03
3.115012241405188433e+03
8.516790790638624458e+02
1.642981554679294049e+03
2.849224132825437209e+03
3.143302683603525111e+03
7.624525435866104317e+02
1.529398235373693524e+03
3.375593778368044696e+03
2.254601977762600200e+03
9.332502471571925753e+02
1.896051407733194083e+03
3.485417013200220026e+03
2.279705791465932634e+03
6.328446372303552607e+02
1.371772380454717677e+03
1.963038637990360030e+03
3.577622434308156244e+03
1.961294640292679333e+03
1.027223771224257916e+03
1.846652502127397611e+03
3.418777707359133274e+03
1.798997338265240160e+03
8.541107767338943404e+02
1.825013200886572804e+03
2.474481859199447626e+03
3.302486207264892528e+03
1.465296640088068216e+03
1.278837125459770959e+03
1.889294013111569029e+03
3.028131638315162945e+03
2.847423001229839883e+03
8.261007685946824495e+02
1.575278473035369416e+03
1.924822447561685749e+03
2.044968805845568568e+03
2.072386012674341600e+03
2.903132885632215221e+03
1.662310355007669159e+03
1.852004247908257867e+03
2.577978519367892204e+03
2.244804155370793069e+03
1.555625128879800968e+03
1.797964761300527925e+03
3.033208650868245059e+03
2.382149205444345625e+03
1.049678078103963117e+03
2.664972363300004872e+03
2.950678261806687715e+03
9.840814218664047530e+02
1.449392900862344504e+03
3.147869343989977096e+03
2.024267569599469653e+03
1.219897318220417446e+03
1.539914993670317244e+03
2.121414499954717940e+03
3.281957182198752889e+03
1.677546195131036939e+03
1.179292712243107189e+03
2.620066279722177569e+03
2.987365725957593440e+03
9.525812669026187223e+02
2.136751544773108890e+03
3.105082374514820458e+03
1.352047354394105923e+03
1.172688656240261480e+03
3.252782636892603932e+03
2.385631326622492907e+03
7.470482880362086462e+02
2.337982002379664664e+03
3.279241062935126138e+03
1.173078321457881430e+03
1.109684902813268536e+03
3.339243945556781000e+03
1.766146627798844520e+03
1.306776941118515651e+03
2.029414582681861020e+03
1.794968834941724481e+03
2.544995831151406037e+03
3.645869209391075401e+03
5.243193857030904610e+02
1.616353946674496683e+03
2.678496222789856347e+03
2.980111394740368723e+03
9.261865602814350495e+02
1.934142116554477980e+03
3.652866166386475015e+03
1.101601350851016832e+03
1.232183619105242769e+03
3.006577286073373216e+03
2.386570587009638984e+03
1.002566341250813934e+03
2.423290963483518681e+03
3.149782738773007168e+03
9.682773988553598201e+02
1.537265860613306586e+03
2.875493258245569450e+03
3.809460613747786283e+03
4.929472305239175967e+02
1.177777863361711752e+03
2.901701709882362593e+03
3.172829286758524177e+03
8.676801633801786693e+02
1.581676882610074472e+03
3.170360514099521879e+03
1.953753041064698436e+03
1.172019279624389810e+03
1.560252939956218142e+03
3.502900072502890907e+03
2.935257115450106085e+03
3.312046430221638502e+02
1.479327301539151676e+03
1.910420157011603806e+03
3.099195925008229096e+03
2.106187167807694550e+03
1.464784483375005721e+03
1.978559942927930024e+03
2.477273431401313701e+03
2.876932350911602498e+03
1.270785206478381042e+03
1.713711864619761855e+03
2.222638618230191696e+03
3.231853373742006625e+03
1.117247997632159240e+03
1.578380825482495311e+03
3.023996870959126682e+03
2.332477038271458241e+03
1.209512482090042340e+03
1.664536304368909441e+03
3.332901525520843734e+03
1.473441352336336877e+03
1.548089523105859826e+03
2.039400006324987771e+03
3.258812355440824376e+03
1.126197770669771899e+03
1.524575272444417806e+03
1.892299602348684402e+03
3.332960228376714440e+03
1.769796325010536975e+03
1.187175972631466720e+03
1.745325631385282122e+03
3.092904930962584785e+03
2.422647132975242130e+03
1.394822082588122157e+03
1.551549681695192021e+03
3.138831638779448895e+03
1.816878835540858290e+03
1.221525965435429271e+03
2.124141986181953598e+03
3.232084413513280197e+03
1.216085957053037191e+03
1.554027569481801493e+03
3.027447091819129128e+03
1.818811277847293695e+03
1.290111126822215965e+03
3.121934312789863725e+03
2.498126371573847791e+03
8.272345910915348668e+02
2.453504697770237271e+03
3.168819628384190310e+03
8.912195971495779077e+02
1.435147463361942073e+03
3.223245443047655044e+03
2.643061601111521213e+03
8.980912146904295241e+02
1.632620568141416925e+03
3.136458780910437326e+03
1.645627097998130466e+03
1.136734632778052855e+03
2.075370856789961636e+03
3.336420242299368965e+03
1.261358427256839832e+03
1.489248625367378509e+03
2.279760718639598053e+03
3.023931447172443768e+03
1.284655671658146730e+03
1.627105356755310140e+03
1.867969867605069112e+03
