1.600693124417989793e+03
1.709137888074816146e+03
1.929867533793640405e+03
1.567109929415710894e+03
1.701303710722394044e+03
1.920046898690341550e+03
1.642592752908352850e+03
1.635489514550033391e+03
1.770532247108197225e+03
1.861397890626178878e+03
1.569664198010668770e+03
1.710448705269923039e+03
1.939172461589191471e+03
1.633429077072963992e+03
1.613676002629857749e+03
1.775874934451703439e+03
1.862384159423702386e+03
1.574496460129739035e+03
1.720126341167122291e+03
1.938559958949812653e+03
1.555809274886347566e+03
1.656374194376008973e+03
1.854331107051642448e+03
1.748542930443682280e+03
1.618251603780025789e+03
1.734990405145001432e+03
1.919449892251136134e+03
1.565624652838877864e+03
1.669368282218616287e+03
1.774432422537719958e+03
1.875485094278343240e+03
1.550827519259788687e+03
1.683533037409410554e+03
1.913608984469781262e+03
1.594470254979433776e+03
1.649643721276990163e+03
1.849671485927782669e+03
1.816534780340367206e+03
1.604254284183357413e+03
1.758575854842409399e+03
1.905888903163605164e+03
1.581337656057576623e+03
1.725395637274352111e+03
1.844391820954620016e+03
1.586001435504122810e+03
1.855939852271995733e+03
1.664667534555420389e+03
1.612255813624783514e+03
1.938308613988184106e+03
1.588350629053188186e+03
1.710436580489505786e+03
1.885351509086846136e+03
1.573050102577139114e+03
1.874113166707272512e+03
1.673795145095805083e+03
1.637243754815593093e+03
1.744120142291907541e+03
1.854666493245254969e+03
1.620720689924160297e+03
1.659856859036434116e+03
1.910028633842334330e+03
1.598175674984434636e+03
1.692429063113702341e+03
1.872897969026758801e+03
1.597292956147983887e+03
1.679262971786831713e+03
1.905105729069024619e+03
1.616966806920736190e+03
1.637556080372906990e+03
1.876511171466707083e+03
1.715507730616371418e+03
1.597411615267390289e+03
1.842925810773929925e+03
1.843018287716379973e+03
1.570424967021927614e+03
1.744399645176504237e+03
1.877799113348622996e+03
1.574780141602489721e+03
1.686508834440333430e+03
1.878796070540658093e+03
1.794842489422610015e+03
1.593902737830121850e+03
1.749401593039624458e+03
1.889035944892272028e+03
1.565105789941088460e+03
1.854187229103423761e+03
1.700587607558916488e+03
1.613585316140916802e+03
1.834510922314609161e+03
1.806235017107034764e+03
1.608818533902002855e+03
1.756093997198087891e+03
1.835890060317898588e+03
1.605831906402016557e+03
1.687759422300398683e+03
1.916798343607676316e+03
1.590855598860439386e+03
1.683683330330915396e+03
1.944143599046469717e+03
1.605746107123281490e+03
1.627691643613288079e+03
1.914852196377459677e+03
1.725040560343674088e+03
1.607406167562357496e+03
1.777365491022661445e+03
1.832584759145273665e+03
1.539326828281295775e+03
1.876273626967804830e+03
1.760721750604773888e+03
1.587525099688864884e+03
1.800600737867177031e+03
1.867396657277486611e+03
1.579639326166146702e+03
1.728100707347026173e+03
1.898018267841385523e+03
1.567688903237998147e+03
1.653025032573439830e+03
1.943026773740044518e+03
1.588823280996508856e+03
1.648419459401434551e+03
1.852936970470404958e+03
1.730556310415865482e+03
1.624903618446988730e+03
1.717346136156115108e+03
1.930915973177294973e+03
1.551511749982107403e+03
1.700560923377379140e+03
1.919304431997746633e+03
1.567772060385995701e+03
1.658145518303856534e+03
1.959974743498341240e+03
1.831312697935031110e+03
1.450116527366035825e+03
1.709066737286530042e+03
1.748982626880895168e+03
1.971298106101593476e+03
1.581568538717924639e+03
1.632502634670943507e+03
1.796531682409100767e+03
1.888989530829350542e+03
1.577652006018378415e+03
1.684610912371671020e+03
1.747388168112059702e+03
1.945549687775153188e+03
1.584979592781075553e+03
1.633844073821682287e+03
1.779191231377150871e+03
1.885751431860381672e+03
1.553014134344888362e+03
1.670948571362634311e+03
1.915207408135200922e+03
1.611065719370411671e+03
1.598095865400766115e+03
1.918866205733041397e+03
1.742975898759809525e+03
1.579148589037599777e+03
1.870002950400747523e+03
1.760913678996811768e+03
1.591578356913945981e+03
1.807415480928134457e+03
1.804130964618956568e+03
1.601106330842961142e+03
1.685854011128932825e+03
1.747789754208636623e+03
1.952793736324631027e+03
1.560504502354903707e+03
1.700355089039876702e+03
1.902955603457620782e+03
1.534905480374965464e+03
1.926009580917766016e+03
1.599851415476802231e+03
1.623019180765579677e+03
1.956385008368779609e+03
1.544903477408304070e+03
1.700335736702073291e+03
1.920768205675487025e+03
1.572339403427160732e+03
1.657316962821959123e+03
1.935393374002311020e+03
1.593075816295316599e+03
1.650154203388848828e+03
1.929035780640867415e+03
1.644462450204369588e+03
1.618900159740069512e+03
1.795606171808994077e+03
1.899307589546636564e+03
1.577286537529985026e+03
1.688533558378249381e+03
1.964735666476624147e+03
1.593161945635116581e+03
1.613092696760636500e+03
1.947860340849147860e+03
1.590108855995464410e+03
1.634089550281883021e+03
1.888460348162142509e+03
1.710369581086924427e+03
1.611549696964780196e+03
1.849776433557488190e+03
1.759064733826672864e+03
1.573199904321451413e+03
1.782664974859271979e+03
1.879112130355324325e+03
1.594601434444695997e+03
1.668950475579342537e+03
1.914925959139004590e+03
1.655886135352335032e+03
1.618176170724200119e+03
1.729550655728327001e+03
1.929063649822632442e+03
1.561777264023059615e+03
1.678122466467074219e+03
1.804969647665411003e+03
1.845219205746311900e+03
1.534082672183294790e+03
1.714778706421670449e+03
1.935930198859569828e+03
1.554829082926922638e+03
1.658868396363269312e+03
1.869091266660511337e+03
1.792080267833331391e+03
1.558248211229246408e+03
1.731950383394816527e+03
1.883634425581120695e+03
1.576229193327785879e+03
1.690544411010373096e+03
1.937724033283218660e+03
1.583952633057292360e+03
1.630676741545553114e+03
1.913242935977133129e+03
1.708076354807483767e+03
1.574368858039425959e+03
1.843446127680088921e+03
1.779853670444173076e+03
1.601346034829546170e+03
1.759781426331792090e+03
1.905783956742320015e+03
1.598039288231521141e+03
1.647384207091380404e+03
1.930462495950879202e+03
1.614275805270911178e+03
1.611449141286457007e+03
1.850739826917711298e+03
1.790762545187209071e+03
1.583719658294174678e+03
1.725698794270466578e+03
1.920535360549612506e+03
1.563860273440141100e+03
1.642651577382886671e+03
1.948761224972029368e+03
1.620809603236018347e+03
1.637042269205969433e+03
1.907530599588054883e+03
1.699013763765304247e+03
1.585157986078397926e+03
1.894385577468771771e+03
1.754126188957672866e+03
1.604671924183259762e+03
1.787231957003372827e+03
1.844507823600527900e+03
1.590706728080281437e+03
1.709310589063250745e+03
1.923447089232520511e+03
1.581936289824714777e+03
1.677296813851898605e+03
1.929719706935687100e+03
1.680951947234641466e+03
1.625603189581629749e+03
1.821080416988801744e+03
1.834196561013957989e+03
1.591365167849235831e+03
1.681130485771708663e+03
1.892718195670435080e+03
1.739767774974317035e+03
1.614147072170369256e+03
1.735975637202850294e+03
1.970741486011917004e+03
1.548773701038346189e+03
1.557775975200786888e+03
1.715188799889939901e+03
2.063949415787952148e+03
1.510301794242618826e+03
1.598018794432260620e+03
1.891470721607757923e+03
1.692651760400364765e+03
