1.418984687051993205e+03
1.441376109903389761e+03
1.786643148052848574e+03
1.992437306906062986e+03
3.060307803366553344e+03
2.847363360104720414e+03
1.414449858033194687e+03
1.281024737308521480e+03
1.273896371943941176e+03
1.639772372644905317e+03
1.862401651915027060e+03
2.784798064335610434e+03
2.835879800092988717e+03
1.242924512168385490e+03
1.604863489585697835e+03
1.593826767523926037e+03
2.828437808519385726e+03
2.076437840791848885e+03
1.289023161797304965e+03
1.593393790752568293e+03
2.400294663065528766e+03
2.960474445129706055e+03
1.273854260388218790e+03
1.312742708311767956e+03
1.764860391908552401e+03
2.793270255586483927e+03
2.828748671673839453e+03
1.346213092647666144e+03
1.482894776616479021e+03
1.661920819918536381e+03
2.599397169004094394e+03
2.915575216803892545e+03
1.375731686944164039e+03
1.291497868740639433e+03
1.614506181875707853e+03
2.002090752739422214e+03
3.402707934746649698e+03
2.049717713968723729e+03
1.211163785884642721e+03
1.569620303512837154e+03
2.463347067026668356e+03
2.522491972668834933e+03
1.359084725718841128e+03
1.624498150890941815e+03
2.076996683881110584e+03
2.794846063659711490e+03
1.306611958804183132e+03
1.618563212192140554e+03
1.570418586103193320e+03
2.582115388836317834e+03
2.400117560583549221e+03
1.473394909391548254e+03
1.511517348660652942e+03
2.614119308142468071e+03
2.450941360721336878e+03
1.317615647035287111e+03
1.524568089504659383e+03
1.708892923881846400e+03
2.913963681263864601e+03
2.248384229579478415e+03
1.333979835269889008e+03
1.411836651263048907e+03
2.725888430642355615e+03
3.120365015565140766e+03
1.308251501401715586e+03
1.051408589814568813e+03
1.256969200914812063e+03
2.781556935143075862e+03
3.209119511052567759e+03
1.616738251776469269e+03
9.448624218194515834e+02
1.358215623520584813e+03
2.849894877708010426e+03
3.073715593895069560e+03
1.380493917734579782e+03
1.123781147347669503e+03
1.288531779176840246e+03
2.440568235259660469e+03
3.352604077963580039e+03
1.788638550242136944e+03
1.152781132948100321e+03
1.400321006057012710e+03
1.873754976484807685e+03
2.973903850874271029e+03
2.526572703874949184e+03
1.062856781112666567e+03
1.602922986367181693e+03
1.933587698813932093e+03
3.037932876488594957e+03
1.262819175334556348e+03
1.557137276060506792e+03
1.596431486957205607e+03
2.837789210442052536e+03
2.158119651760931447e+03
1.342011911900950281e+03
1.607978319363933679e+03
2.258711421891950067e+03
2.906448538942631785e+03
1.899179715595593279e+03
5.312662412565631485e+02
1.194176879959123426e+03
3.368296254377747118e+03
3.145177486539832898e+03
1.128227034253336797e+03
1.623472583315758584e+03
2.335912697223861414e+03
2.966170197027563063e+03
1.221055430442855595e+03
1.567166251180526160e+03
2.254513719286941523e+03
2.863771411922702100e+03
1.337742430105024368e+03
1.335433903974794930e+03
1.694777090405340459e+03
2.690195196528953602e+03
2.726287364331084518e+03
1.208068449604177658e+03
1.451390989495543181e+03
1.720542643081797451e+03
2.523181549042333245e+03
2.946825017251045665e+03
2.016472225949159792e+03
9.468326020781437364e+02
1.539011075776277721e+03
1.882879930549729124e+03
2.941038385355022456e+03
2.541888840519083715e+03
1.025278649152783373e+03
1.312722685372470778e+03
1.687229220458794771e+03
2.787243706977164038e+03
2.765907463052938056e+03
1.434681180596046715e+03
1.030630027057428833e+03
1.608277880062357326e+03
2.463230161489087095e+03
3.088259145913304110e+03
2.022912617491062065e+03
1.102001599982803555e+03
1.274382005780993723e+03
1.979879137066318890e+03
3.141777165438565135e+03
2.230757982754893874e+03
1.370499959849162451e+03
1.364792881708320010e+03
1.683871161275347731e+03
2.969636559315490103e+03
2.629070190981423366e+03
1.248099032489554020e+03
1.187634696625484594e+03
1.824248609529266560e+03
3.054917627809735222e+03
2.521269212597750993e+03
1.200722828265014869e+03
1.242303046172226914e+03
1.786909779839560997e+03
2.956429227034087944e+03
2.615732264645449050e+03
1.273969449434697708e+03
1.335928001372780273e+03
1.765192787179993275e+03
2.784493263000944353e+03
2.534814290072319636e+03
1.009522542892058482e+03
1.574348770871423767e+03
2.350774024830030612e+03
3.100589452169650485e+03
1.310834552820426325e+03
1.511348905647759238e+03
2.154059672110296560e+03
2.852598738066697479e+03
1.571304661532112050e+03
1.348764299959707387e+03
2.218866296259522187e+03
2.780032920352082783e+03
1.318038159220408488e+03
1.255388401532545913e+03
1.744845366426173769e+03
2.801488841018482162e+03
2.136439562928568648e+03
1.222143786185814861e+03
1.310434361908481833e+03
1.514232869017360599e+03
2.043749552426489345e+03
3.242004315904863688e+03
2.252988072290889704e+03
1.260231281125835494e+03
1.802177512150835810e+03
2.844359549459710706e+03
2.519549885978181464e+03
1.159375724578162135e+03
1.376925205317678319e+03
1.754581639850578540e+03
3.059395511725104370e+03
2.325263922125271165e+03
1.058871124606559761e+03
1.407443574052100530e+03
1.750857062429128064e+03
3.253085295886462518e+03
2.592690687111127772e+03
9.935783086921345557e+02
1.161979227806600875e+03
1.593380152956818620e+03
3.135076484075246299e+03
2.995316830404538905e+03
2.431914894881957025e+03
1.264529989135194683e+03
9.595482304283618760e+02
1.422829249099855133e+03
1.707205971022980293e+03
3.208548485685664673e+03
2.736705994833262594e+03
1.280112660671320782e+03
1.147381742527892357e+03
1.599607620677465775e+03
2.984725926948688539e+03
2.719519078685192198e+03
1.203735794161059403e+03
1.195442778085210193e+03
1.530580874931942162e+03
2.597360951806753746e+03
3.005150180880773860e+03
1.504624577829064037e+03
1.082161149151976815e+03
1.391527651248149368e+03
2.586319771384092746e+03
3.188954955354820413e+03
1.369516642576222466e+03
1.411196270291064593e+03
1.553427037553147784e+03
2.884136140011473344e+03
2.928132740457496766e+03
1.249716770704339297e+03
1.048618355845327642e+03
1.680641743706393299e+03
3.120881432133845465e+03
2.729893985906564922e+03
1.116010391746995992e+03
1.320956535486768416e+03
1.613223917621880901e+03
3.111552957938481086e+03
2.744721658105820097e+03
8.814069144388308814e+02
1.341195471208145364e+03
1.856689277329969627e+03
2.848079688063241520e+03
2.898399571741234922e+03
1.015206845301237308e+03
1.442460480983902926e+03
2.323147396639904855e+03
3.000428003640684437e+03
1.478923022757479657e+03
1.398074709996227739e+03
1.816687940805861217e+03
2.750524286208963986e+03
2.361929219623591962e+03
1.177351846497291262e+03
1.472041371187245204e+03
2.509883081523896180e+03
2.676766265063117771e+03
1.386385401488425714e+03
1.355964382910371341e+03
2.415248822833917984e+03
2.661497261267079466e+03
1.414503128073324206e+03
1.367319744350309975e+03
2.144137345571693913e+03
2.790087506342070810e+03
3.177435441163848736e+03
1.838380831111110410e+03
8.916603802709947786e+02
1.172981612739708225e+03
1.670840830032356052e+03
2.410747209771366670e+03
2.692982273596275263e+03
1.657388995310363498e+03
1.312015154121065052e+03
1.509480551766918552e+03
2.178751245978092811e+03
2.823534931051156946e+03
2.201972628849192006e+03
1.295589734073981390e+03
1.404461028262003083e+03
2.076994162159791358e+03
