1.213839340577018675e+03
1.774089670245256002e+03
1.941677583625591069e+03
2.740824876197995309e+03
2.097101047358255528e+03
1.279608134504824875e+03
1.795937702853783094e+03
2.525152213938275054e+03
2.723171321599262228e+03
1.047466807201674783e+03
1.626739944630850232e+03
2.171266400896806772e+03
2.808482684730936398e+03
1.214781817897029896e+03
1.584034333042077151e+03
2.425762197327182548e+03
2.584207731520816651e+03
1.137296259253435437e+03
1.735537016409820126e+03
2.542514127229432688e+03
2.598752747007744347e+03
1.226789304478040549e+03
1.837006246951435287e+03
2.787752691833264180e+03
1.184028673868898295e+03
1.677794004864404087e+03
2.302680046562056759e+03
2.811810326756655741e+03
1.180739387235399818e+03
1.617711499379931183e+03
2.269340509112522341e+03
2.680663886211196768e+03
1.177477969974150938e+03
1.695327404622823451e+03
1.872356059429557263e+03
2.761601915189358351e+03
2.254622162330292667e+03
1.201468572345938128e+03
1.748088853724936826e+03
1.910923156060219299e+03
2.968302214052610907e+03
1.542408386924563047e+03
1.516027893026625179e+03
1.859439525203750463e+03
2.719235197944161882e+03
2.573369964289819563e+03
9.370537721981235109e+02
1.741008628044709212e+03
1.899894726957637658e+03
2.819894446240678008e+03
1.910726164129621338e+03
1.391386795714129448e+03
1.900775527659542604e+03
2.710484837221461930e+03
1.771021561456755762e+03
1.525738941203760760e+03
2.166267354051895836e+03
2.731815890334426967e+03
1.329508540155805349e+03
1.532692977391999420e+03
1.952320637531109469e+03
2.787807471438645280e+03
1.597892128118835444e+03
1.413390072736997581e+03
2.500176129891216078e+03
2.585576992011807761e+03
1.195644113035111786e+03
1.986697310308607484e+03
1.617475163064643539e+03
1.830125394390562406e+03
2.755765360244923613e+03
1.806500747478118001e+03
1.495559461872907377e+03
1.832242016057048204e+03
2.806240270593871628e+03
1.668074361688027921e+03
1.497737925362487658e+03
1.818400285896939749e+03
2.554134796699705930e+03
2.543041276505565293e+03
1.247718838578514806e+03
1.739579702073870294e+03
1.878875405387721912e+03
2.831695891050425416e+03
1.487596706893743431e+03
2.519157230297675142e+03
1.281870237092225807e+03
1.782617899645535999e+03
2.496176756984570147e+03
2.540714380681816692e+03
1.197676963898308486e+03
1.802389681863247233e+03
2.222081555969763031e+03
2.570069101654803944e+03
1.267767148376217392e+03
2.255231750850199660e+03
2.095826618246132057e+03
1.546238889239498349e+03
2.087395379049338317e+03
2.667356329375838868e+03
1.425177263878202211e+03
1.637746892358028617e+03
2.129386143404641189e+03
2.824839621757811074e+03
1.099658729213267179e+03
1.714297795533087537e+03
2.338992291167216081e+03
2.560180768078150777e+03
1.343175950881229483e+03
1.669558179776750194e+03
1.946414522517168052e+03
2.787027245535831298e+03
1.527498349931275243e+03
1.604262923047807135e+03
1.754718964362450834e+03
2.719917468657956761e+03
2.179910080864426618e+03
1.312991080484532176e+03
1.648488051973773736e+03
2.703753853512562728e+03
1.576631586158893469e+03
1.597124277087384826e+03
2.131333357945427451e+03
2.679735532552560926e+03
1.287576974904785402e+03
1.714400876220047166e+03
2.820450827412748822e+03
2.058924764778274039e+03
1.231991328817061685e+03
1.820016421092713244e+03
2.843164715877381695e+03
1.708469571098279403e+03
1.438710210554916785e+03
1.812375800226174988e+03
2.352837084089174368e+03
2.759494403042542217e+03
1.175805825007644671e+03
1.651585946040880344e+03
1.915962641029989300e+03
2.825995818480139405e+03
1.955389079324825616e+03
1.412081289071849596e+03
2.025130097850012817e+03
2.873314243843496570e+03
1.124960207712344072e+03
1.506485045721669621e+03
2.742301122721814409e+03
2.025733173091729441e+03
1.349256810502220560e+03
1.762096536600829040e+03
2.739411767145166323e+03
2.243543763402023615e+03
1.248352959221981109e+03
1.715150810489391915e+03
2.617518596113161038e+03
2.536845207643224512e+03
1.162698901193802612e+03
1.676323554612435373e+03
2.059770562252737363e+03
2.831823915324356676e+03
1.430410918293755003e+03
1.584511113086517980e+03
2.050348151016378324e+03
1.778131578474790331e+03
1.821669951537464158e+03
2.689723506912750963e+03
2.121830991871171591e+03
1.335374349437977571e+03
1.844497050758947125e+03
2.647458605217966124e+03
1.997922353296803976e+03
1.447291828514715235e+03
1.987213568836079276e+03
2.814701916431843074e+03
1.346398930917092684e+03
1.544345698707649490e+03
1.997745928699010392e+03
2.872265075656087447e+03
1.230716704616672359e+03
1.615217257749330884e+03
2.852125141632286613e+03
1.307456799731486399e+03
1.580610899431501821e+03
2.862300380000193854e+03
1.467126511675826123e+03
1.457505158720447753e+03
2.452236373297911086e+03
2.512193912285689748e+03
1.232241955195303262e+03
1.684433924234065216e+03
2.726072539929774393e+03
1.961451868304852951e+03
1.398828186557479285e+03
1.861550129830581000e+03
2.779193130739825847e+03
1.672037417208307943e+03
1.544653479082892773e+03
2.119578416445643143e+03
2.724257629715761141e+03
1.231236112626051181e+03
1.671697119137470054e+03
2.597618831638190841e+03
2.218937140709378127e+03
1.270618829734387873e+03
1.887988969281852178e+03
2.705579706239154348e+03
1.762262668950236048e+03
1.426839309393103576e+03
2.235834935491704528e+03
2.700859022724778697e+03
1.223608195579453650e+03
1.554084160265845185e+03
2.693463750751262978e+03
2.401390027607206775e+03
1.139179347267468529e+03
1.735549210180112368e+03
2.834109448676080774e+03
1.973154018452901028e+03
1.380275026692495203e+03
1.740650715859229422e+03
2.896603334812697994e+03
2.252516934845732521e+03
1.200760668964195020e+03
1.706790181797691957e+03
3.012108684622306100e+03
1.421206815943365882e+03
1.478906589459886845e+03
1.753932094681408216e+03
2.426935151273208248e+03
2.705282139345383712e+03
1.158863229879109667e+03
1.599263446579657284e+03
2.394090009249604464e+03
2.643505276639968088e+03
1.153876405126384952e+03
1.608756957234955053e+03
2.594353806619785246e+03
2.499221772281771791e+03
1.288579003528938301e+03
1.602976104412398854e+03
2.732024442539329812e+03
2.550090714432564255e+03
1.081265983766829777e+03
1.672148300023747652e+03
2.987385597983298794e+03
2.573649504765896836e+03
1.221831276136628048e+03
1.725093654722781821e+03
1.817117194566771786e+03
2.785316994867228004e+03
1.996867034993609650e+03
1.314602081196588870e+03
1.936647380180182608e+03
2.784868941771845130e+03
1.400419669523513448e+03
1.527110982836644553e+03
2.621860620665397164e+03
1.870903906175306020e+03
1.544608218791695208e+03
1.877046770308638997e+03
2.615073236047858700e+03
2.037701516459698951e+03
1.402712790869592482e+03
1.820656236122193832e+03
2.801540303749794475e+03
1.817863769184605644e+03
1.410291023120857972e+03
2.330073374129892272e+03
2.526037228847257666e+03
1.274903317299959554e+03
1.626117174117416653e+03
2.341048543679533395e+03
2.543117952847773722e+03
1.281663053456205262e+03
1.608457806701886284e+03
2.623773414481083819e+03
2.461025132232367469e+03
1.210103812423691807e+03
1.689868856757834919e+03
2.519003339054156640e+03
2.560813012071536377e+03
1.202314865062293165e+03
1.703684428563844449e+03
2.172039575426133069e+03
2.769206522538539048e+03
