2.455603133540273120e+03
1.574386773778299585e+03
1.316336432693132338e+03
1.595985141464891512e+03
2.178837507407100475e+03
2.300399908167539252e+03
1.175206539717280521e+03
1.350821406571875968e+03
1.836253428310689969e+03
2.461954955081602748e+03
1.842528640432199154e+03
9.621845039192156719e+02
1.567815995122025470e+03
1.955852873077820959e+03
2.482793171662877739e+03
1.458044554644781783e+03
1.132100394160608175e+03
1.683051933202900727e+03
2.394109029338485016e+03
2.230416656214488739e+03
1.090314427139022882e+03
1.369777770251226002e+03
1.791395970479251673e+03
2.440259098774776248e+03
1.650282407110935765e+03
1.116332241519736726e+03
1.676301127633151509e+03
2.342179281592890675e+03
2.113860335453397511e+03
1.188265314533775609e+03
1.454137891858025569e+03
2.013777267433148154e+03
2.432449985747208757e+03
1.277645762787838748e+03
1.301712653714881981e+03
1.678174944301927553e+03
2.017057109404142693e+03
2.432831631361256768e+03
1.259007427427322682e+03
1.371006687358531735e+03
1.620501453176249697e+03
2.321310747984537556e+03
1.883278957004743006e+03
1.344105934266248369e+03
1.457219642753620747e+03
1.998651569950037128e+03
2.425138256229078252e+03
1.275592661364442620e+03
1.433301940304130767e+03
1.645031264456157487e+03
2.310636133043747122e+03
1.725329648000263205e+03
1.349541678977775973e+03
1.479233155890504804e+03
2.258005388115025653e+03
2.226481006377213816e+03
1.165740877592038714e+03
1.462017005701076869e+03
1.672371491676371534e+03
2.163768930354841814e+03
2.305635701418600547e+03
1.241310328397217745e+03
1.424842284353456535e+03
1.678156265903024860e+03
2.236083703906856954e+03
2.222209643786642118e+03
1.216006132140466889e+03
1.343246725929658623e+03
1.822372974851795107e+03
2.398769792920477357e+03
1.836628424523825288e+03
1.182171413196213734e+03
1.509452562002458990e+03
2.090553321146840972e+03
2.411333379547194454e+03
1.329718075008648384e+03
1.196610375534452714e+03
1.653149990862619461e+03
2.622649157591150470e+03
2.023590490039243150e+03
1.106618350522197488e+03
1.442550710009194290e+03
1.924313026979896904e+03
2.303291829080439129e+03
1.381150323759396997e+03
3.499804335760383651e+02
2.105163576135746553e+03
2.464922916367797825e+03
1.601198267881183256e+03
1.615557935700744565e+03
1.758366640278786690e+03
1.576776978178214677e+03
1.472162885065241881e+03
2.077545517640985963e+03
2.375063403584936623e+03
1.365418035172452392e+03
1.380007262659935122e+03
1.581500892381669246e+03
2.408293842456823313e+03
2.343839971829614115e+03
9.896306394270172859e+02
1.353887371660856843e+03
1.681449992747564238e+03
2.489091725708219201e+03
1.477697585382821444e+03
1.370094202157865084e+03
1.452947069163093602e+03
2.344352101211320587e+03
2.336391206769975270e+03
1.303669517625515027e+03
1.386044160027129010e+03
1.687137436118932101e+03
2.276405458252240351e+03
1.885552802473863494e+03
1.359047142993776106e+03
1.367920841343038092e+03
2.083803668229679261e+03
2.369493538382712359e+03
1.298809755611419178e+03
1.338247501657387829e+03
1.840483845844779808e+03
2.486594795402827913e+03
1.250413145071913732e+03
1.333903356570332335e+03
1.687680699570396428e+03
2.469430132087500624e+03
2.234131128890756827e+03
9.569883666682919738e+02
1.383873621619264213e+03
1.369744089367174411e+03
2.050088031209869769e+03
2.454045693376242070e+03
1.587648778417534459e+03
1.090391364557908219e+03
1.565938065628748973e+03
2.118238145636183617e+03
2.355246960407162533e+03
1.286049832381806709e+03
1.419615540708241952e+03
1.647096448344662804e+03
2.429327262551140393e+03
1.844570085632650262e+03
1.330420853770907570e+03
1.413225454637829444e+03
2.204502010553162563e+03
2.304964513727467875e+03
1.375232823497780146e+03
1.518550268213560912e+03
1.417123695873141514e+03
2.213684673707460206e+03
2.368498884061577428e+03
1.354649615133697807e+03
1.407252717235794989e+03
1.468929622186215965e+03
2.234657061657491795e+03
2.200619280188563152e+03
1.404642591860191715e+03
1.381409857991134231e+03
1.589816022409700508e+03
2.325078263820696066e+03
2.209724492421892592e+03
1.318209992915236171e+03
1.349214908159950937e+03
1.362118071376748958e+03
2.534470997477856145e+03
1.877819799617927629e+03
1.440130004773355495e+03
1.442695603074854034e+03
1.881010333302707977e+03
2.391086967924607507e+03
1.464889633078667430e+03
1.333442147077237223e+03
1.521105767284637295e+03
2.380163708017492354e+03
1.776462053186597359e+03
1.444021581775200502e+03
1.513563371349158842e+03
2.075848168663825163e+03
2.170273138953720263e+03
1.403604510856787783e+03
1.493121200003977265e+03
1.542944014098797197e+03
2.473865689718209069e+03
1.930894045675619964e+03
1.143936366371740633e+03
1.345800162047574986e+03
2.377749211953280792e+03
2.156863038059295832e+03
1.317382530290042041e+03
1.471271297487935954e+03
1.559644391456531821e+03
2.371080334901214883e+03
2.026959844226859786e+03
1.366212582160163038e+03
1.351476876106041118e+03
2.005265605350791702e+03
2.374907187919835451e+03
1.689751625942170904e+03
1.281067552327083149e+03
1.370046719355585310e+03
2.214567910844117250e+03
2.136359652925380033e+03
1.198856943090878303e+03
1.373806566817787825e+03
2.082426907614128140e+03
2.342226504952938740e+03
1.178418276201574827e+03
1.377378379181959872e+03
2.023079449642358668e+03
2.407193512012571318e+03
1.463829498284155989e+03
1.169790869050317497e+03
1.612066326090010307e+03
2.434136615046579209e+03
2.141329566653690563e+03
1.198331859591222155e+03
1.373748194053059706e+03
1.715486060838905132e+03
2.472240257229082545e+03
1.852563562872443981e+03
1.000750268863988026e+03
1.522655279284000699e+03
2.492310538167139839e+03
2.192726589976450214e+03
1.186646677467667132e+03
1.408715443135539545e+03
1.754425490051641873e+03
2.469631488898612133e+03
1.534619388497759473e+03
1.421794049481626416e+03
1.360011072715493128e+03
2.315724092529458630e+03
2.314584233520918588e+03
1.278879005630149095e+03
1.300314187969240038e+03
1.822668000933665553e+03
2.457024817013176289e+03
1.693641490266302299e+03
1.307887904424332419e+03
1.263877673602756431e+03
2.599156383490908411e+03
1.737177436895103028e+03
1.577771531576798679e+03
1.610547602384504216e+03
1.313188172473028771e+03
2.328346209815443217e+03
2.385394136475626055e+03
1.347150079698898480e+03
1.686524214422415071e+03
1.417151360246784634e+03
1.372328930961101378e+03
2.601746434943518580e+03
1.929008269917878124e+03
1.286697608521755228e+03
1.380806778571665291e+03
2.072481017163214801e+03
2.445053466317941002e+03
1.284466360315914926e+03
1.274655273874768454e+03
1.838684194017379923e+03
2.418781952632347839e+03
1.282043222013460763e+03
1.402575610809719819e+03
1.982827826610631746e+03
2.601476065904754705e+03
1.156835391563168741e+03
1.194002238638041035e+03
1.836668115644237105e+03
2.590868673773697083e+03
1.928149654342129224e+03
9.343095217585558885e+02
1.372678080712110841e+03
1.745598284284435294e+03
2.474595620117857379e+03
1.872955577109843034e+03
1.260623977686978833e+03
1.461033368332982491e+03
1.925640151363172663e+03
2.354770490080780291e+03
1.580246415630833098e+03
1.242084476211590072e+03
1.543720947391569780e+03
2.319668664181723670e+03
2.213999698609022289e+03
