1.558710980265677108e+03
1.382252975704330993e+03
1.680247496832245815e+03
1.650798965273869499e+03
1.783386492995487970e+03
1.294856639848360146e+03
1.646594707413746846e+03
1.837607241798774112e+03
1.777767848720065103e+03
1.885899682489102133e+03
2.185036027920256402e+03
1.918651697112630472e+03
1.583970253186696254e+03
1.390935259409355012e+03
1.388280485938429138e+03
1.975924682868727814e+03
2.085737788528299461e+03
1.419309406215113313e+03
1.605189661294343523e+03
2.285680848432490166e+03
1.561697936493051884e+03
1.433108186253079566e+03
1.763905424398258901e+03
2.036066940346502179e+03
1.476472075745919938e+03
1.745479727505265600e+03
2.189707267746117395e+03
1.611494356936026179e+03
1.401401289049922298e+03
1.754397208451381630e+03
2.127408147054873098e+03
1.712469197142471785e+03
1.337604410125049753e+03
1.549821084655117602e+03
2.093641799303437438e+03
2.087195660140875589e+03
1.453187202544269212e+03
1.485682677454693476e+03
2.034001547576459416e+03
2.095512586060395279e+03
1.439062711682531699e+03
1.403337925568096580e+03
2.045263034919327993e+03
1.924570542457677902e+03
1.490229154305438897e+03
1.595275714260832274e+03
2.129987736331480392e+03
1.637726757950307501e+03
1.508028438768949854e+03
1.776502096721585531e+03
2.003209920313191787e+03
1.533488258666885713e+03
1.476115465497599644e+03
1.859617790854785881e+03
2.061765337483225267e+03
1.541969579211317523e+03
1.592668186342512854e+03
1.880876249588837254e+03
1.829929205018971516e+03
1.647623546474675095e+03
1.731039194696369577e+03
1.708243029861248033e+03
1.680003328454610482e+03
1.569993964572160394e+03
1.680350916037512889e+03
1.762939972481582799e+03
1.881727986790955811e+03
1.715113865420619277e+03
1.670634703884229111e+03
1.755237284985995075e+03
1.708548439254929690e+03
1.694235241136152808e+03
1.763804131878632688e+03
1.757850358507786950e+03
1.945174493824843239e+03
1.888325237962568963e+03
1.507557388595816519e+03
1.518872439258352870e+03
1.504530501540949899e+03
2.127166391317919533e+03
1.663869124550813012e+03
1.498931194446823611e+03
1.962445367069371969e+03
2.040338018297349208e+03
1.475028478064991759e+03
1.481853799463236328e+03
1.871662283189881236e+03
2.256353040688135479e+03
1.509296678154908932e+03
1.505340312463890086e+03
1.539891997857989963e+03
2.100900789952620016e+03
1.641030537320454187e+03
1.476781770157545452e+03
1.599346613309957092e+03
2.169288203015657928e+03
1.710449239630049306e+03
1.465302294257599669e+03
1.561232211194548881e+03
2.052367811140227786e+03
1.903138063837968730e+03
1.471070570633823081e+03
1.548046203725279838e+03
1.884515717600706921e+03
2.080358191511487803e+03
1.582969588120699427e+03
1.433032469577662596e+03
1.809673675159744107e+03
2.066918867761868569e+03
1.572309388911246288e+03
1.473378806548631701e+03
1.723617463587837847e+03
2.087342102200364934e+03
1.556862018099602892e+03
1.558199374180357836e+03
1.718149869749349136e+03
1.745307770678405177e+03
1.717691204906978783e+03
1.914296248071320406e+03
1.983835929764114780e+03
1.786909166047159943e+03
2.721517963880291518e+03
1.564765009208102356e+03
1.787690710074452454e+03
1.432484871036843288e+03
1.445357936531991527e+03
1.163106190344450852e+03
1.161416585367036532e+03
1.280152967251317250e+03
1.994972270345224842e+03
1.729789776639844376e+03
2.245845430839965502e+03
2.157413116180986435e+03
1.745763606829099672e+03
1.495911611431235542e+03
1.520009754253580240e+03
1.509266777792965513e+03
1.893146815181066358e+03
2.159609155774322062e+03
1.553927180675984118e+03
1.509443218706554262e+03
1.788488740806576970e+03
1.724639143458766512e+03
1.800489332130008052e+03
1.772606096179852784e+03
1.709217323620985326e+03
1.813448306517818992e+03
2.058232482509738020e+03
1.961869155196866132e+03
1.660661066933982966e+03
1.625255464261897032e+03
1.674561376154343634e+03
1.688118049349644252e+03
1.774401586756762072e+03
1.639220040979966825e+03
1.482355895885441669e+03
1.534872078848057527e+03
1.724767503438982658e+03
2.102186863351154898e+03
1.851240272778450162e+03
1.650294545681353384e+03
1.670718406040425407e+03
1.646903131902920677e+03
1.457040987282623746e+03
1.633461474929297538e+03
2.144200529138399361e+03
2.005042692987233977e+03
1.637051694500183203e+03
1.656597569676089506e+03
1.871793648910402680e+03
1.915630164892760831e+03
1.606114218484273806e+03
1.689518648843586561e+03
1.603258088735372439e+03
1.635214412773157846e+03
1.318824080760347442e+03
1.381912729940688223e+03
2.007461155884225946e+03
2.229231121834216083e+03
1.578954848061549910e+03
1.442613138023683632e+03
1.523756235484271883e+03
2.239471560325447626e+03
2.091703048709515315e+03
1.604043781241235592e+03
1.482070512431822181e+03
1.495918673157907051e+03
1.758308815536140855e+03
2.088317588157171031e+03
1.966647998377601880e+03
1.473992658134933436e+03
1.506690559144151621e+03
1.596893091813245974e+03
2.172003641277202405e+03
1.859917884595926580e+03
1.444153223661800439e+03
1.446722131193357427e+03
1.909184712721313645e+03
2.149679120317775414e+03
1.721144200503998718e+03
1.454846740773700049e+03
1.500373805982578233e+03
2.093023324217161189e+03
2.121052446663452884e+03
1.612718737737297715e+03
1.667823082704505623e+03
1.688772966934172473e+03
1.721899531629217563e+03
2.008971295229709540e+03
1.561095076763823954e+03
1.562418917955818870e+03
1.393335844325099515e+03
1.927572035604278881e+03
2.216491743919029886e+03
1.783042279871866413e+03
1.469459931514310028e+03
1.506499369952464804e+03
1.451214044079686118e+03
1.566086068811358246e+03
2.312038357673161045e+03
1.853520985460327893e+03
1.661879297934371152e+03
1.486430791198650240e+03
1.699692693500040605e+03
2.073775834507022864e+03
1.938390430186108460e+03
1.460440341967830818e+03
1.451623673302921816e+03
1.679864724324034569e+03
1.989484106222787887e+03
1.592542889873665899e+03
1.787789863598788997e+03
1.980384426370176925e+03
1.989124435063145938e+03
1.506251893569367667e+03
1.432739623246826113e+03
1.540297034078583238e+03
2.102176628513310789e+03
1.995309806684000705e+03
1.445343179749299452e+03
1.427184003012212997e+03
1.928494945229081850e+03
2.077673347973930959e+03
1.558860293862565186e+03
1.501336614077868944e+03
1.742003350245425509e+03
2.251316752940711012e+03
1.747443572678045939e+03
1.476922169522641980e+03
1.482722254042574605e+03
1.946820289534570293e+03
2.015178496871755215e+03
1.460303289191067279e+03
1.630506266315519952e+03
1.953663180863406524e+03
1.655430376434538175e+03
1.542393732173193939e+03
1.894423097445231406e+03
1.859247363648801183e+03
1.534754270523179457e+03
1.651172871169830387e+03
2.089290532617174449e+03
1.464323684302314405e+03
1.505643456887044067e+03
2.061005134265917604e+03
1.841594588164553215e+03
1.487334086490016716e+03
1.603804725812694869e+03
2.116632701634139721e+03
1.896206369545528560e+03
1.504770135013708796e+03
1.540766024612035835e+03
1.497301225743009809e+03
2.108056271545573509e+03
2.000553253458429708e+03
1.614804593901934595e+03
1.457841506541289618e+03
1.522554072968136325e+03
1.846046447837039977e+03
2.118739706968702194e+03
1.624259254386973680e+03
1.502496015275484524e+03
1.530957442400626860e+03
1.939390563606182013e+03
