2.368157623107924792e+03
1.583189641375647852e+03
1.415353682089960557e+03
1.410116787105156618e+03
1.941717349817173499e+03
2.994105470777607934e+03
1.973763479173836686e+03
1.430230108006802311e+03
1.680964236793828377e+03
2.963295518238664954e+03
2.207487976466364216e+03
1.403845823090399108e+03
1.468485101199056317e+03
2.491962393275059185e+03
1.660752800485056923e+03
2.502393463665354830e+03
2.260033029122506377e+03
2.901535397435130562e+03
2.847858644121332873e+03
1.236024964743584178e+03
1.119699350765370127e+03
1.728150158529852206e+03
2.832378277810325926e+03
1.532681540494247656e+03
1.253460381804078679e+03
1.516969714264693494e+03
2.592447180908479822e+03
1.961552816166726416e+03
1.441261873815088848e+03
1.379274637148167130e+03
1.711264686382970467e+03
2.674010896893390509e+03
1.734990638893659252e+03
1.578439759117374933e+03
1.716071097806299349e+03
2.431714864717937417e+03
3.032757813632285433e+03
1.893282643941560991e+03
1.829196506345566604e+03
1.841705659210176009e+03
1.771324877911421709e+03
1.579644258286283730e+03
1.836588987978782370e+03
3.183678345224824170e+03
2.404201065443147854e+03
1.461114282065930638e+03
1.146544432724668923e+03
1.585438665145937875e+03
3.605362998375771895e+03
1.860347984703341581e+03
1.026974755256092067e+03
1.271788581966814945e+03
2.973819298487584092e+03
2.282895951297804459e+03
9.245634778055583638e+02
1.308126661985419560e+03
2.685088989678017242e+03
2.803881278918042426e+03
1.692667567000169811e+03
1.201487770286989644e+03
1.447106433416172194e+03
3.027018005035396527e+03
1.923637417199226775e+03
1.129196948253621031e+03
1.432536141440544270e+03
2.683231620226357336e+03
2.168494670448468696e+03
1.352759421358817917e+03
1.469702751083370686e+03
2.336761317386941300e+03
2.981765737673010790e+03
1.421432581965923646e+03
1.353416914403083410e+03
1.805396518178072256e+03
3.109001801420225092e+03
2.062511531570551142e+03
1.283860072145019103e+03
1.682288080327427451e+03
3.023962316535804803e+03
2.087703265643550822e+03
1.282988274332267565e+03
1.371237331303566179e+03
2.437151327246426717e+03
2.912031155682331246e+03
1.377435443958110909e+03
1.322037402660157113e+03
1.884356087923297991e+03
2.955832721780388511e+03
2.063460212235040672e+03
1.885467672012217463e+03
1.302397766498737155e+03
2.186850286621010127e+03
2.766923710249074702e+03
1.833310489123152820e+03
2.229689454543107331e+03
8.877932198620636655e+02
1.119661390226317280e+03
2.121431129017385047e+03
2.748600572025866768e+03
1.642858183258637155e+03
1.380519474867379813e+03
2.441024290510034916e+03
3.016290264905171171e+03
1.153675132820525960e+03
1.177129539635678839e+03
1.794100437686617397e+03
3.482756491821387044e+03
1.649475350854637782e+03
1.908786102500144125e+03
3.990668928442074957e+03
1.229976193930821410e+03
7.788714346417623346e+02
1.076771940933296264e+03
1.762199248948684271e+03
3.091536761672562079e+03
1.401857258584562260e+03
1.176229293594523597e+03
1.400524989143812945e+03
2.035572348446054548e+03
3.003249848755130643e+03
1.669795166179044600e+03
1.506801161250788482e+03
1.747261138580134229e+03
2.801685677406098421e+03
2.351577953435586551e+03
1.496204918165978825e+03
1.566080911023423141e+03
2.177598557154002719e+03
3.201892385596867825e+03
1.645635234598962597e+03
1.347531504799845152e+03
3.692225244571633993e+03
2.319795297798606043e+03
7.259290073433738826e+02
1.021084781887827830e+03
1.348411500920654134e+03
2.259503037230083919e+03
2.636173432256711294e+03
1.591792602431700743e+03
1.493695988511051610e+03
1.881164527603586293e+03
2.857841977778897217e+03
1.809583631464980726e+03
1.534729782909522783e+03
1.627946938537214919e+03
2.626863397007591175e+03
2.628407920475020092e+03
1.493643940224675362e+03
1.439868844879128346e+03
2.047481822836890615e+03
3.002455819208537832e+03
1.639413210005009205e+03
1.394338599677030743e+03
1.917250878525879443e+03
3.315911330383955374e+03
2.010231923273456914e+03
1.162038952480218768e+03
1.893569680370164178e+03
3.402130931750840318e+03
1.392787634965732423e+03
1.143662444658648383e+03
1.472741469902162180e+03
1.824517897921452914e+03
3.393148969285438397e+03
1.812182661351242814e+03
1.216500266419692935e+03
2.213356173200825651e+03
3.071739653497889321e+03
1.175684693401728282e+03
1.527969509558549134e+03
2.535506531826870741e+03
2.422719835990028514e+03
1.021743836127842883e+03
1.480341892232340797e+03
2.453989595844585438e+03
1.646624262805358512e+03
1.270164690595385309e+03
1.431104990744349607e+03
2.308119364368940296e+03
2.662593722489117226e+03
1.546475454396635541e+03
1.436945896238035402e+03
2.200984919375940080e+03
2.955460931832718870e+03
1.773036796102456719e+03
1.381937836172700372e+03
1.647381288375522217e+03
2.928946681710368921e+03
2.346040326608596388e+03
1.278064191469973139e+03
1.347600879408888886e+03
2.261490001137472518e+03
2.975307635746689357e+03
1.479739878340066980e+03
1.337168232160599700e+03
2.106702034786578679e+03
3.214254028854925309e+03
1.502803280287006146e+03
1.298013139276929223e+03
1.841559083091279035e+03
3.096816370975971950e+03
1.414568538508357733e+03
1.588753755383791486e+03
2.286091776496578404e+03
3.382884452124047584e+03
1.513589366306671309e+03
1.068917617441460834e+03
2.603885342763855533e+03
2.776344925017051992e+03
1.284726901140648351e+03
1.119850238893830237e+03
3.065435845353316381e+03
1.685160433676540151e+03
1.569375107676377866e+03
2.547653646549767473e+03
1.107863431292913901e+03
1.029075035330633227e+03
2.050375976825124781e+03
2.741115476090688844e+03
1.470487544477627125e+03
1.308341365009490119e+03
1.594520681964924961e+03
2.799311141358717123e+03
2.532209298750716698e+03
1.417953047080919760e+03
1.479178730730495317e+03
2.212011246749062593e+03
2.913418987372775064e+03
1.649106096553725138e+03
1.704867364766262881e+03
1.817645725025987531e+03
1.682270587460106526e+03
1.857879222304567293e+03
3.147368824606427552e+03
2.253460503743731351e+03
1.337386139273870185e+03
1.465948848682061907e+03
2.984712735247938326e+03
2.899319732093674702e+03
1.110794374914580658e+03
1.243428027314544806e+03
2.884266938669758474e+03
2.841265742678777769e+03
9.896969577663842301e+02
1.236651818451977533e+03
3.004524297443649630e+03
2.353250009549526112e+03
8.141006564223563373e+02
1.139947697632919017e+03
3.548546986185810056e+03
1.633427179182562668e+03
9.892803549515399482e+02
1.169218354707052868e+03
2.027611882320358973e+03
2.949153882315888495e+03
1.845578351991533964e+03
1.434575467840477359e+03
1.747512776769589664e+03
3.177651714729359355e+03
1.732360191869737037e+03
1.237278213459940616e+03
2.928706175855849779e+03
4.186695775082016553e+03
6.453429512578288723e+02
5.267093994336512424e+02
9.227314449477847802e+02
1.392511723950033229e+03
1.707283838441640683e+03
2.664857306398287164e+03
1.901703033423989609e+03
1.496402144703573867e+03
1.599495509491619259e+03
1.766974513707553342e+03
2.515770021128708322e+03
2.373425682475969097e+03
1.617026013466167342e+03
1.666500404981892643e+03
2.205425630442596685e+03
3.272677939705861718e+03
1.751745528788956335e+03
1.378497436268701904e+03
1.753156374379951785e+03
2.468466033221351154e+03
2.410425077107540346e+03
