2.260552192025490967e+03
7.339371419168141983e+02
1.134541600311533784e+03
2.287343678975139937e+03
3.692685376525658739e+03
2.093538934968716148e+03
5.806708349486358429e+02
1.166236038679174271e+03
2.534193497417739763e+03
3.677535597440038146e+03
2.023774679244498884e+03
8.094565586203891598e+02
1.315845693757840309e+03
2.299352229272684781e+03
3.880677487311733330e+03
2.527835505992688468e+03
3.838797944717058499e+02
1.137473425143120949e+03
2.805765012181147085e+03
3.680355846661106170e+03
1.416690848533954750e+03
1.022150476568968543e+03
1.369920465886112879e+03
3.116375464200219085e+03
3.388486171785619263e+03
1.320000707405841013e+03
1.163373638833691757e+03
1.078078855968787821e+03
3.415609841974321625e+03
3.062665156026684599e+03
1.159938476107404767e+03
1.309841621038595804e+03
1.438084830700438033e+03
2.980391632677890811e+03
3.163760207269930561e+03
1.836028735425264586e+03
8.352560927017738095e+02
1.255110768246059251e+03
3.615500731552046545e+03
3.158228125998696669e+03
1.299249764259092217e+03
8.432447076535969472e+02
2.898308668590260822e+03
3.270874504891170545e+03
1.667816708119819396e+03
6.959049920324065397e+02
1.525359270199003049e+03
3.603124332949137170e+03
2.737822771946379817e+03
3.908308168188224840e+02
7.659486475926072444e+02
3.394630738865739659e+03
3.421197196574491500e+03
1.528317426379393737e+03
1.212124403890830308e+03
1.190956852115867605e+03
3.445776754047925351e+03
3.347853704588325400e+03
8.178117391733195518e+02
8.598410622801205818e+02
1.520207374636259374e+03
3.649939778239365751e+03
3.285895930812294409e+03
1.471504841899680059e+03
5.390529954917358282e+02
1.359512354832630308e+03
3.993723622580984284e+03
3.030701142518235883e+03
7.619504215004168373e+02
1.007079475228538286e+03
1.624851182911502747e+03
3.733236183175111819e+03
3.159980277422112977e+03
4.705745847045968162e+02
7.431042561075499862e+02
2.720058330214057605e+03
3.729282709744165004e+03
1.866815026645981334e+03
3.748019927334367480e+02
1.662372893368682753e+03
1.916351628292170972e+03
1.664172667099022874e+03
1.987160067416683432e+03
4.091452800883163491e+03
2.300664516820928384e+03
4.672255670510302821e+02
1.281693604508480348e+03
2.314029874448606733e+03
4.120361297565068526e+03
2.817079970161348228e+03
8.814909903221749232e+01
8.504711196508228568e+02
1.796056796757282655e+03
4.142999742657631032e+03
3.169735740613932649e+03
3.681844835417924742e+02
7.171001254255486401e+02
1.928500803723125728e+03
4.008543944329481747e+03
2.162886192624494470e+03
3.147079961477098209e+02
1.289334703389524748e+03
3.801294806438265368e+03
3.759473608010212047e+03
7.347747332743505240e+02
4.470197567081786474e+02
1.335152029015604285e+03
3.937554484057703576e+03
3.037626689056459782e+03
1.010177562070124509e+03
9.539630411840794295e+02
1.861145816492642325e+03
3.573463323033633969e+03
2.439836852049024856e+03
9.831935472191381677e+02
1.391571822294093636e+03
1.796880201178557172e+03
3.478878546851896317e+03
2.326606827499874271e+03
9.522039748994333195e+02
1.245162611704053461e+03
2.001537931518445930e+03
3.030096809109483274e+03
3.675471168454158033e+03
1.662285554956097712e+03
6.313769711378390639e+02
1.416459634758986113e+03
2.606688858141254514e+03
3.952425372842028537e+03
2.964651275739336597e+03
-7.497013053755178191e+01
9.131089402269441280e+02
1.519677958033501454e+03
3.815903746387842602e+03
3.710275404741474631e+03
4.801804161013387784e+02
6.249444518984864771e+02
1.841014368668037378e+03
1.967651485458916568e+03
1.820196142452375170e+03
3.603903343118394787e+03
3.775227157907447690e+03
5.293645058902077380e+02
8.992372584675346161e+02
1.609070907818230125e+03
2.783247543553527976e+03
3.666570089953913794e+03
1.812101921119913186e+03
4.940074317745596773e+02
1.284727633774213018e+03
2.271421090385354091e+03
3.620960755140568381e+03
2.777625567710667383e+03
9.595002136535275667e+02
1.120981970873192950e+03
1.435842847762746032e+03
3.399642828058587384e+03
3.245451859891437380e+03
1.032092497488198887e+03
9.466692864990319549e+02
1.561429371429893308e+03
2.465651377845511888e+03
3.537674644470448584e+03
3.324668977621588056e+03
8.535378435647238575e+02
6.694831830775143544e+02
1.576626868026838338e+03
3.794572640663828679e+03
3.030578697244571686e+03
2.933759105263580409e+02
1.004169845726123071e+03
2.413106513950435328e+03
3.686810380372420695e+03
2.220730761375796646e+03
3.984561574125359584e+02
1.162180855016519445e+03
3.563260410912191674e+03
3.426734365234883171e+03
8.562074800348716508e+02
8.316612176904606031e+02
1.519580604145951156e+03
3.567743607255079951e+03
3.426745209670272743e+03
7.066607922378266267e+02
1.032754586675666815e+03
1.785161438104046510e+03
3.906199701955312321e+03
2.873009777294725609e+03
2.442822857066863946e+02
1.096680962236561754e+03
2.884250994742378680e+03
3.724601514899882204e+03
1.481536122647620232e+03
1.150340627731060749e+03
1.636575383528526572e+03
2.409854328375916793e+03
3.528649147992884082e+03
1.306067630457200494e+03
5.134396896689677305e+02
1.551182561571505403e+03
3.229855934319569769e+03
3.305337925280446143e+03
1.545862884357318535e+03
7.317153342272886221e+02
1.601654471327790588e+03
3.666889438095617152e+03
2.867998167308925531e+03
5.676309137193679817e+02
1.275678219144811237e+03
1.881424459890291018e+03
3.229929513594072432e+03
3.165312658315791850e+03
1.696610621820226470e+03
9.732088195779705302e+02
1.359016968379746913e+03
3.331321761782270642e+03
3.038586371228713688e+03
9.816718163836217173e+02
1.238595098226650180e+03
2.900213476079612519e+03
3.823148227887328176e+03
2.053969914067588434e+03
6.014223631293948102e+01
1.129264379584864628e+03
2.673813272000951656e+03
3.867138283117754781e+03
1.888327206531170987e+03
4.042618853013592002e+02
1.313332616860579492e+03
3.564089484779522081e+03
3.280118334356101514e+03
6.115307375965786605e+02
1.083123244335982008e+03
1.675428660296955968e+03
3.451877786837191252e+03
3.036148922409141505e+03
7.628824786784717844e+02
1.200761003094972011e+03
1.761275021414227012e+03
2.973028636426354296e+03
3.214241942585062588e+03
2.733100907637874570e+03
1.117303882877706201e+03
9.671046618750493735e+02
2.214303044032802063e+03
3.600627715514500323e+03
2.725712769781702718e+03
3.826678153765508910e+02
9.547129812921289158e+02
3.037343318936136711e+03
3.531822380658705697e+03
1.659342871396828514e+03
7.454428645805181759e+02
1.230426975724187741e+03
3.668922893994629248e+03
3.094033532699752868e+03
6.881209484080702623e+02
9.043107321260848721e+02
2.334739309533727464e+03
3.506215949072699914e+03
1.878672936727784645e+03
5.735438323888932928e+02
1.492971053016561200e+03
3.018169400480798231e+03
3.420039300811894009e+03
1.181961499031561743e+03
1.100205877866611672e+03
1.738815715679022560e+03
3.038449663996260824e+03
3.327388426977232939e+03
1.865758160475425711e+03
5.688675311203784304e+02
1.385024050722731772e+03
2.719203228150881841e+03
3.443018625997420258e+03
1.279864182304364476e+03
1.326230650603162758e+03
1.430865118624435581e+03
3.067270086310848001e+03
3.528852079178413987e+03
2.132681503793669890e+03
2.341835673164786726e+02
1.223736497302609678e+03
2.850217907509671477e+03
