1.290128155357731430e+03
1.715367207147019599e+03
2.520537945538045733e+03
3.453358193850379848e+03
2.419030119828351417e+03
7.427874583457870585e+02
1.381023300580472323e+03
1.840836476976014183e+03
2.648419942047708901e+03
3.401460832503381425e+03
1.594451571803578418e+03
1.173296026488644657e+03
1.632394228581084235e+03
1.909483511363615435e+03
2.844944446860888092e+03
3.312113074758127823e+03
1.391849521201193738e+03
1.230932814483554239e+03
1.737128269757323324e+03
2.568810767873301302e+03
3.276425518986544830e+03
1.655657903486445775e+03
9.874767085665796458e+02
1.606425521172944173e+03
2.632458961633531544e+03
3.343143907671966645e+03
1.812272027927007912e+03
9.888743695571725993e+02
1.491615665821879702e+03
2.580873441834784444e+03
3.296838728452280975e+03
1.837544125040753897e+03
9.219308623461085972e+02
1.550338356553253107e+03
2.056090833931800717e+03
3.176780086707778537e+03
3.109436003067240108e+03
9.875801602010831175e+02
1.268879016002274511e+03
1.816928545788914107e+03
2.485412715954493251e+03
3.311305160868628263e+03
1.827581026619828435e+03
1.044718191451278472e+03
1.593287806067612109e+03
2.672528995403079080e+03
3.348538019659647944e+03
1.773469551153100610e+03
9.331450424069538485e+02
1.462970432829650690e+03
2.692752094912373195e+03
3.295294679697762604e+03
1.581959112946030928e+03
1.076029625932261069e+03
1.771425826038463128e+03
1.991214048471123078e+03
2.647369230511902970e+03
3.400107520833591479e+03
1.474115645833060171e+03
9.772618711428434608e+02
2.260977591805788506e+03
3.296819113265359647e+03
2.030736054021818290e+03
9.263478040393459878e+02
1.569849762228122245e+03
3.082185207494556380e+03
3.010826329882316713e+03
9.903672836337223089e+02
1.165656423329858853e+03
2.074612211578457391e+03
3.249010553710318163e+03
2.718158489777428713e+03
9.345366716183214066e+02
1.392014891900000293e+03
1.801719214499021291e+03
3.235322289405027732e+03
3.132348509652174926e+03
1.168971330212066277e+03
1.209133999505427028e+03
1.928784715386913831e+03
1.557150655828870867e+03
1.771198449868190892e+03
2.864822174156032816e+03
3.509467208873981690e+03
1.467523599629352930e+03
1.052513554013126395e+03
1.598337561695763270e+03
2.648751595960101440e+03
3.500107250060591014e+03
1.737024513147404832e+03
9.754832894166710275e+02
1.451071533338086738e+03
2.588112344886080791e+03
3.309762170945923572e+03
1.821404742354621476e+03
1.110325171486168074e+03
1.528076815739929771e+03
2.363360814162359475e+03
3.662792498476017045e+03
2.170558355288972962e+03
6.572700132395093533e+02
1.318942617207889953e+03
2.858100214642732226e+03
3.452488155704938436e+03
1.129727193253301266e+03
1.244356575340651943e+03
1.603546599461452161e+03
3.131438958841725253e+03
2.896035227953385856e+03
1.097980584595567734e+03
1.247498004976125458e+03
1.854039906133447175e+03
3.209189917653104203e+03
2.976978675056644988e+03
1.032728323173831313e+03
1.298686162957122178e+03
1.718162224920443805e+03
2.855210551000128362e+03
3.247465648657075235e+03
1.481868205790753336e+03
1.037135915601023726e+03
1.692118867219402318e+03
2.544997578877126671e+03
3.392167484633383992e+03
2.105204014911359081e+03
7.648587165498873901e+02
1.476369662489421216e+03
2.468655149211741445e+03
3.530850138014774984e+03
3.173260872814826143e+03
2.471583461031941340e+02
9.572237436248026370e+02
2.538146714952962611e+03
3.502188120174059350e+03
1.506801850521383130e+03
8.414187865788946965e+02
1.549071424946167099e+03
2.905303174562483491e+03
3.462659410623178701e+03
1.189769787318460430e+03
1.069267008412019777e+03
1.693693455409998478e+03
3.081634645658332829e+03
3.271369553948137764e+03
1.067384023332522702e+03
1.549582973257176491e+03
3.309234798698830673e+03
2.566215978332798386e+03
6.981747436861988945e+02
1.182849882745934337e+03
2.875460312447633896e+03
3.457581915718960317e+03
1.710099153428503769e+03
6.883792347827740059e+02
1.374662261509622340e+03
3.035491561549307789e+03
3.426316356382899357e+03
1.550488623944835581e+03
7.749506901228862716e+02
1.440168600511661225e+03
2.862606450689477242e+03
3.894618944835043294e+03
1.644077026363647519e+03
5.094417370139456125e+02
1.349773550716842237e+03
2.918093281610210852e+03
3.458387839061549130e+03
1.188683257281997612e+03
1.266624776992490524e+03
2.099645136653210557e+03
3.387097948118710065e+03
1.595338935621201472e+03
9.767391850388669354e+02
2.173328037056461199e+03
3.458462933038349547e+03
1.724015376450224949e+03
1.106369478407921406e+03
1.533670025709862557e+03
2.718580900791523618e+03
3.369526927420320590e+03
1.536920223217140574e+03
1.071734181407351116e+03
1.865611713089694149e+03
3.339992587205397740e+03
2.071501840674024606e+03
1.620954278301793238e+03
1.026273932723278449e+03
2.572551830514210451e+03
3.351432005569957710e+03
1.693428699645428196e+03
1.020937447681917774e+03
1.516177304330650713e+03
2.363703062265879453e+03
3.383408573681877442e+03
2.431684444002158671e+03
9.344174549655980400e+02
1.278711066731252004e+03
1.862839434993402165e+03
3.122464923798519976e+03
2.991857550942982471e+03
1.162587747533390939e+03
1.289077345261194068e+03
1.660383035191265890e+03
3.252944665286513555e+03
3.422493651351841436e+03
9.998101981587356022e+02
8.055062548042421895e+02
1.668629408783837107e+03
2.169671129077277328e+03
3.414011572235769108e+03
3.158999374357819761e+03
6.492461631157192414e+02
1.206732863704164174e+03
1.756587195867293303e+03
2.279902204968795104e+03
3.380364318852788074e+03
2.615091981597207450e+03
8.607344269714138818e+02
1.364738066467565204e+03
1.854396904297062065e+03
2.171332238611286357e+03
3.222771036067021214e+03
3.238933863558833764e+03
8.087725082642290317e+02
1.095232513702246706e+03
2.054603610452943030e+03
3.391675671470059569e+03
1.772507441092272529e+03
1.191985952047553610e+03
2.091735390971365632e+03
3.307045412035813115e+03
2.230332760857400444e+03
8.196185081839729492e+02
1.390747647986636821e+03
3.205276971600072557e+03
3.359165475015706306e+03
1.007448910088407956e+03
9.237484642716660801e+02
2.707805926470496615e+03
3.623681026573836789e+03
1.124542586723600607e+03
9.300669380285487478e+02
1.870560688272983953e+03
3.294671078731956186e+03
2.223519159782912539e+03
9.413385837986058959e+02
1.464015432478558978e+03
2.796467802054494314e+03
3.473097766208444682e+03
1.332130551716583795e+03
1.213968408000268937e+03
1.612702037597639219e+03
3.060971549991666961e+03
2.968574853876521502e+03
8.662383860627805916e+02
1.338602549348072444e+03
2.097752283735807396e+03
3.278137276235860099e+03
2.426879900394766537e+03
8.480138589913028682e+02
1.473685148495058002e+03
2.354394016235337858e+03
3.245246992601558759e+03
1.651753119274545497e+03
1.234769701004366425e+03
1.699524147452830448e+03
3.020559302262919573e+03
3.190271315021935152e+03
1.012674381629183927e+03
1.204758807448945845e+03
1.786187041466269420e+03
3.094289282563771849e+03
3.240920932797524983e+03
9.471431477024179912e+02
1.183844638841039341e+03
2.388261532914721556e+03
3.391831771220850896e+03
1.935540082244506948e+03
8.018475930267967442e+02
1.497753111371580417e+03
2.500193234726893479e+03
3.523845447146412880e+03
2.027709241900843836e+03
8.117764307996679918e+02
