2.164932542105634639e+03
2.443952245217227755e+03
1.584399989967202373e+03
1.600932402152471695e+03
2.537589730942513597e+03
1.907975580672817159e+03
1.485665758613508160e+03
1.523193077128340519e+03
1.969614988220671648e+03
2.836640680289282955e+03
1.804235419112212412e+03
1.419958804644482370e+03
1.668577046207735521e+03
1.971975557256575712e+03
2.023143447065850978e+03
2.576267762516706171e+03
1.507549230459271939e+03
1.516193437647693372e+03
2.216045958219804561e+03
2.083317125959513305e+03
1.554379087409358135e+03
1.736674806061811296e+03
2.411104978203671635e+03
1.730796916138554479e+03
1.596796768488269208e+03
2.351768997737941845e+03
1.914033483676801779e+03
1.506309532562596587e+03
1.903394445887708343e+03
2.351861042250218816e+03
1.672360659033748789e+03
1.496879722729666355e+03
2.264381776653215638e+03
2.405734782264118166e+03
1.459138135909051016e+03
1.545180347896108742e+03
2.376906391138992603e+03
2.804789215451008658e+03
1.406189737234664335e+03
1.340774066347580856e+03
1.901429400422803383e+03
2.945920653464518182e+03
1.705071844186273211e+03
1.154685157511451735e+03
2.003166372804472303e+03
2.879250789983105278e+03
1.377790593917955448e+03
1.186440147287166383e+03
2.306963249455104688e+03
2.593114173449799182e+03
1.250352725251699439e+03
1.310878755033331799e+03
2.729958997163751064e+03
1.649377360341288522e+03
1.173648217184549821e+03
1.945687652406624011e+03
2.839622237943577147e+03
1.599602013076236517e+03
1.382447783855691569e+03
1.395623103889482081e+03
2.447781820511923797e+03
2.348389649558127530e+03
1.383274612436825919e+03
1.472459831982878541e+03
2.531208723523300705e+03
2.097141647557948545e+03
1.297383957334584466e+03
1.902045454942109245e+03
2.528005038455826252e+03
1.583012510099436895e+03
1.399136425750796434e+03
2.427050713637183890e+03
2.362680726890450387e+03
1.333294848732121636e+03
1.787963496438853781e+03
2.513048096165484822e+03
1.672892613881849684e+03
1.438747937826624593e+03
2.480563156742979118e+03
2.199639099551566233e+03
1.494971892066032069e+03
1.429362908970818580e+03
2.467697210315308894e+03
2.257899499726257545e+03
1.328286524305686271e+03
1.720143670896308095e+03
2.739608123471564795e+03
1.557614292514194176e+03
1.348273927455782996e+03
2.482549209335234991e+03
1.980906451284215336e+03
1.459329350093093581e+03
1.656765980697429541e+03
2.495155256226079928e+03
1.609133336715703535e+03
1.353010163473535613e+03
2.551014378759463398e+03
1.610036037797104655e+03
1.303323671471054922e+03
1.725694774284726236e+03
2.564298583290669740e+03
2.062854109111107846e+03
1.203424680988865703e+03
2.062899301422822646e+03
2.674054389527206695e+03
1.347995019438281588e+03
1.435131370315984441e+03
2.675500997117208499e+03
1.990654965996665851e+03
1.192227390678114716e+03
2.320486168094429559e+03
2.600596580704919688e+03
1.284780553962059685e+03
1.292965595646271140e+03
2.470448049449941664e+03
2.340765855446940805e+03
1.224303268003697212e+03
1.765748075528901154e+03
2.729509936889913206e+03
1.930051783337880352e+03
1.200036406189954278e+03
1.710851954370907606e+03
2.789416486212330710e+03
1.949589009604641888e+03
1.247043070180596033e+03
1.439764047221584633e+03
2.363553451185213817e+03
2.832627587088793916e+03
1.307639370892773059e+03
1.311125717485480436e+03
1.686566163461567839e+03
2.637987091957520079e+03
2.842288323262422637e+03
1.203882264935694593e+03
1.259331164908303663e+03
1.708852150550339502e+03
2.691806474264918506e+03
1.768816913231873059e+03
1.314865431166998860e+03
1.882127068530379574e+03
2.983286827352315413e+03
2.199801534308746341e+03
1.329620201044834630e+03
1.383829868627479527e+03
2.286588871453103820e+03
2.336618908382245081e+03
1.355469235558264018e+03
1.473326656662540927e+03
2.405855171832286032e+03
2.185955133464867686e+03
1.402471192852743343e+03
1.489987575703189350e+03
2.555668498212245140e+03
2.007159243039903004e+03
1.353343658178668875e+03
2.034760682101591101e+03
2.408504812702109120e+03
1.498892970468274598e+03
1.368564040595844745e+03
2.384014008533305969e+03
2.178094344622880726e+03
1.577263796177037875e+03
1.785948851503671222e+03
2.700556182543591603e+03
1.777736728149526243e+03
1.164056561120372635e+03
2.203717150949739789e+03
2.469254922132717638e+03
1.366428043376933147e+03
1.511841564677850556e+03
2.754363738552786344e+03
1.777650501848570912e+03
1.180072385624696153e+03
1.953226495305139679e+03
2.622143875228422985e+03
1.624839182426459047e+03
1.289128660185346462e+03
2.523480963018484090e+03
2.308091016211908482e+03
1.384545221976508856e+03
1.403316922507853860e+03
2.522365784469059236e+03
2.262687635718533329e+03
1.133675832760635558e+03
2.035009704470579436e+03
2.911669812882715178e+03
1.411283451273122182e+03
1.282428707043743998e+03
2.712209974503625290e+03
1.742115219040482771e+03
1.186012538769709408e+03
2.357573653586238379e+03
2.070375312174171086e+03
1.219383390754702305e+03
2.006262226383410052e+03
2.545825853571028802e+03
1.300605823938208687e+03
1.463459562459800054e+03
2.640938340865804093e+03
1.926487142440769958e+03
1.278757332359687325e+03
2.329106241864518779e+03
2.220308027856389799e+03
1.259582383229816514e+03
2.361067939517527975e+03
2.920291715054249380e+03
1.666571994793150225e+03
1.026475083480020430e+03
1.295264135788708472e+03
2.564001998638602345e+03
2.417325962338171394e+03
1.300070344996796393e+03
1.272545077500410798e+03
2.022217961504210962e+03
3.189835962615845801e+03
1.761797452327430619e+03
1.134256229546245322e+03
1.181276574975936683e+03
1.994960344422462413e+03
2.851926979521909288e+03
1.785320078765020980e+03
1.419891435390229844e+03
1.474462186674276836e+03
1.859400777846002939e+03
2.379189106066802651e+03
1.489166613278976911e+03
1.270670448166902816e+03
1.624638879952623483e+03
2.837908574581796984e+03
2.364481926849536194e+03
1.703316148888864973e+03
2.593766233830782767e+03
2.294492565791470042e+03
1.457747566117366205e+03
2.048440198198850794e+03
2.482815535096257918e+03
1.409246878796171586e+03
1.495834475858108135e+03
2.486858206967045589e+03
1.794844116756495168e+03
1.372544154954146506e+03
2.165777520635676865e+03
2.266444175718597307e+03
1.473969133109507993e+03
1.586871318621356295e+03
2.634561391514735078e+03
2.150728507918369814e+03
1.493052796777246385e+03
1.302768212997443243e+03
2.210399868717369372e+03
2.543146984056098518e+03
1.475736377247456630e+03
1.487862121990548530e+03
2.575654771439615615e+03
1.883323325006466121e+03
1.275696237582595131e+03
1.982964965279854368e+03
2.376474140610181166e+03
1.435320679317746681e+03
1.443375019320250658e+03
2.469362718257983943e+03
1.768393177173054482e+03
1.304191817389490780e+03
2.428989791746197625e+03
2.142776992925964350e+03
1.288805222116652203e+03
2.002929928713471327e+03
3.059100458036200962e+03
2.025322378053867396e+03
1.079072837251512055e+03
1.106028973334813372e+03
1.653086027460124569e+03
2.850740077586954612e+03
2.229592618032643259e+03
1.269092032585826701e+03
1.246456802175230905e+03
1.670717447154498359e+03
2.854169596573587114e+03
1.977296446204773929e+03
1.304654487123790204e+03
1.348001391361256083e+03
2.302009833891604103e+03
2.731183740772096371e+03
1.600718498542267071e+03
1.312102691608948135e+03
