1.980747217087776562e+03
1.994131618870532520e+03
1.999739630457155727e+03
2.008741955746356552e+03
2.447958611793166710e+03
2.626521974505081744e+03
2.105871251238717377e+03
1.853655434314329796e+03
1.821003012601404635e+03
1.976974071763334450e+03
2.582387961766259650e+03
2.436937153022356142e+03
1.958291239097163498e+03
1.742352500419992793e+03
1.921372412375681279e+03
2.676551773435279756e+03
2.356209414318315339e+03
1.645674950581278381e+03
1.537686339507162074e+03
2.253431442308306487e+03
2.632538828384630506e+03
1.804912512317892833e+03
1.530804681259801328e+03
1.893677556031984295e+03
2.549242388232132271e+03
2.136089602519941764e+03
1.612396638047006718e+03
1.594278862407779116e+03
2.102178755780663323e+03
2.643775552358115419e+03
2.034221050667026930e+03
1.674571352600233240e+03
1.679709322018007470e+03
2.234330735671118418e+03
2.581647489120707178e+03
1.872290876148875668e+03
1.679220263806300181e+03
1.759884549473506240e+03
2.356875504843029375e+03
2.588621230020949497e+03
1.923857337361667305e+03
1.776619028450888663e+03
1.934286747019521499e+03
2.485047680699412467e+03
2.125177154077060550e+03
1.671811562597539705e+03
1.981651917527436581e+03
2.448464161439065720e+03
2.025706265554539868e+03
1.687162757081286372e+03
1.771332667242689695e+03
2.346996022522931526e+03
2.317701085875863555e+03
1.765402069469639855e+03
1.664826919209549942e+03
2.141996204561487048e+03
2.605766555484095534e+03
1.956038794800551614e+03
1.654592303906640382e+03
1.700112381262824556e+03
2.343777534831564481e+03
2.367715631344228768e+03
1.849955247750053104e+03
1.686525925527832669e+03
1.993988656331468292e+03
2.544963096526365916e+03
2.053015782183243118e+03
1.769886447249464709e+03
1.748292186923941017e+03
2.299470885258382168e+03
2.423444417461696958e+03
1.850194983789631124e+03
1.656091807304895383e+03
1.683790993452546672e+03
2.062632130712537673e+03
2.568703155510225315e+03
2.176411365278227095e+03
1.817014276111276331e+03
1.768646073915773513e+03
1.804985038383949131e+03
1.974947357787286364e+03
2.519452419959905910e+03
2.573105222230994059e+03
1.942483300579243178e+03
1.695678241785187765e+03
1.982538801823405947e+03
2.506074979243692269e+03
2.348760044544012089e+03
1.735226066321206645e+03
1.548471417764266789e+03
2.117965218219810595e+03
2.592378540254608652e+03
1.973053099009184962e+03
1.542408004907980967e+03
1.712097221891607433e+03
2.473921384253836095e+03
2.347651392472079351e+03
1.717759061511932259e+03
1.551007605891472167e+03
2.353984755890758152e+03
2.393743197402529859e+03
1.677853856003676128e+03
1.545874755880116254e+03
2.226878258904644099e+03
2.577730145157837342e+03
1.772252258183934828e+03
1.571788022974411206e+03
1.928463873818706588e+03
2.567860432953567852e+03
2.187138302071748512e+03
1.654141824127366363e+03
1.641789259327203354e+03
2.307870259079017615e+03
2.455284500380449117e+03
1.834147303384830138e+03
1.654984611104848000e+03
2.313388531680098822e+03
2.476310224844683034e+03
1.787870705825198911e+03
1.538050956426088533e+03
2.048372393914150052e+03
2.409556709580867391e+03
1.811751500013246186e+03
1.684260639533030371e+03
1.999979427216555450e+03
2.671533385938509127e+03
1.964578730919415875e+03
1.723834905846103766e+03
1.851678085087648469e+03
2.376194079085164049e+03
1.940788054678806020e+03
1.684661315917474212e+03
1.857156194561192251e+03
2.229102516985291459e+03
2.537592812265053908e+03
1.896583391516136089e+03
1.795398667482934343e+03
1.901585340016288910e+03
2.441012261297827990e+03
2.451244448497616304e+03
1.863510088459502413e+03
1.763481219409227378e+03
1.890629672584943364e+03
2.486396966014217469e+03
2.234573236712316429e+03
1.762147752409549184e+03
1.743327327552854058e+03
2.268880035466317167e+03
2.603242291537002529e+03
1.947515240478539909e+03
1.740999113904504384e+03
1.760839671131078831e+03
2.308029184553462073e+03
2.572182593374874159e+03
1.958161583377325087e+03
1.658457611423262961e+03
1.758364723004844109e+03
1.738125586750365756e+03
1.738282328993093188e+03
1.958295888710068311e+03
2.608605924422459793e+03
2.498972091493845710e+03
1.821868133042274167e+03
1.626584604753178610e+03
2.231534318688341500e+03
2.678173543905293172e+03
1.834373107913904278e+03
1.588336525368828688e+03
2.035142803337644636e+03
2.631141683591082710e+03
1.971386386195440082e+03
1.510971791444029122e+03
1.957973164594130367e+03
2.601274967641955300e+03
1.967948907489667818e+03
1.566311576814074442e+03
1.708349531813074918e+03
2.514962400534557673e+03
2.260575759108371130e+03
1.684998744830769738e+03
1.593860981966568033e+03
2.077039215921027790e+03
2.609063093459557422e+03
1.992397855424121417e+03
1.683082607830661118e+03
1.735499496077301728e+03
2.407055453598195072e+03
2.268167269469019175e+03
1.760122481177372947e+03
1.677673882886725778e+03
2.324337786776582561e+03
2.429288912811716727e+03
1.790494150120810218e+03
1.703532753011975274e+03
1.861482301969836044e+03
2.522648931263460781e+03
2.198711493601969778e+03
1.778262336124705826e+03
1.763394759381437552e+03
2.267489089205180790e+03
2.516689961334771397e+03
1.770227577254715470e+03
1.597875727030279904e+03
1.916511761455108626e+03
2.260228136782927777e+03
1.932998687637331386e+03
1.839038223737043154e+03
1.839615741220259679e+03
1.871021379405729931e+03
2.150632605723046254e+03
2.659164619484979539e+03
2.281589462748269398e+03
1.823007946492274641e+03
1.757995738280699243e+03
1.937716824918762768e+03
2.497544846074566976e+03
2.308780690410426814e+03
1.805584951734599144e+03
1.704999653477962738e+03
1.761305487775492338e+03
2.271665926496670181e+03
2.643014061929157833e+03
1.994611155602741064e+03
1.669619357605886307e+03
1.791960596716369764e+03
2.393828186013205595e+03
2.405635237790635529e+03
1.776242796603607530e+03
1.622372043647289956e+03
2.068370430518222747e+03
2.566294059216651021e+03
1.983397777334970442e+03
1.631425377462603819e+03
1.786148152854784712e+03
2.444833691523499056e+03
2.375938718976970904e+03
1.662747243553550561e+03
1.597773676254807697e+03
2.211325988231886640e+03
2.595434801034738484e+03
1.950970352203296670e+03
1.604833443776433796e+03
1.778912846390764571e+03
2.365395419032001882e+03
2.365018891506118052e+03
1.757339904558621811e+03
1.679937420797042250e+03
1.770826848648165424e+03
2.195121146679057802e+03
2.678532395548716067e+03
2.082460323917273854e+03
1.748063355556098941e+03
1.687721517695523062e+03
2.159826151616312927e+03
2.588719441548708346e+03
2.039431967886802113e+03
1.755066483284772403e+03
1.733554328168799429e+03
2.320575390193504063e+03
2.390195140667052783e+03
1.774461305153864942e+03
1.670109246049951253e+03
2.095287806206399637e+03
2.523491295299102148e+03
1.901891958668985581e+03
1.622245823592744273e+03
1.777743506868461282e+03
2.459309923176766915e+03
2.135130227390078289e+03
1.689382554949061159e+03
1.742075413367908141e+03
2.429991741189406184e+03
2.416029836173405783e+03
1.806579441656003382e+03
1.587041950138767561e+03
2.072131629151387187e+03
2.577661866272091629e+03
1.994863675798001623e+03
1.700601072401392912e+03
1.726782057850164165e+03
2.317086109878413026e+03
2.326465389307395981e+03
1.729793160815880128e+03
1.643822049636558404e+03
