1.869232608355687489e+03
1.935851204980103375e+03
1.956209030084941105e+03
1.971314505609546814e+03
2.070267885187224238e+03
1.845442456398143577e+03
1.941520779727850822e+03
1.944951681513940002e+03
1.946730463774862983e+03
2.026569327629270902e+03
1.938875342139609756e+03
1.900857930238315930e+03
1.944561789763243269e+03
1.953459319625483204e+03
1.942179339627419722e+03
2.039115007614193019e+03
1.936865174519638003e+03
1.889364513294329527e+03
1.931965281378768395e+03
1.943810806549437075e+03
2.073949864088285267e+03
1.857689818039291595e+03
1.931623493186529913e+03
1.954415193867238486e+03
2.049261779038626628e+03
1.962111438920261435e+03
1.892669636614265755e+03
1.947730636557999787e+03
1.978082391229769883e+03
2.075332760735312149e+03
1.815993507004101048e+03
1.925126674771717489e+03
1.963146851929194099e+03
2.070585459129911214e+03
1.842238066030991604e+03
1.932516563190345551e+03
1.957183226596942859e+03
2.080994787801903840e+03
1.923885643147381643e+03
1.914273209627782308e+03
1.941045408170617293e+03
2.000355978584011609e+03
2.049729717669845286e+03
1.850350290893511556e+03
1.943417283471012752e+03
1.938610944780881482e+03
2.062702782481725080e+03
1.947294953627969335e+03
1.895084236092404353e+03
1.930160384403316584e+03
2.065859311688546768e+03
2.001277226291621673e+03
1.851418556127167221e+03
1.934124379995864956e+03
1.962978486150013623e+03
2.059376637773591938e+03
2.109917032116891278e+03
1.781196541810840472e+03
1.880865273483093233e+03
1.934747632030637305e+03
1.984199368690927486e+03
2.043822465920430886e+03
1.870189626704198417e+03
1.927499881694387113e+03
1.931379447014190191e+03
2.001580962196030214e+03
2.051976491331788566e+03
1.857738002857018046e+03
1.918244042605186223e+03
2.022974534202991890e+03
2.034328050851127273e+03
1.929075342710894347e+03
1.887421506971616964e+03
1.937173012613264973e+03
1.943241004101451836e+03
2.095710011512703659e+03
1.828267748672671814e+03
1.934124390195001524e+03
1.956243279111946094e+03
2.106402140292987042e+03
1.883860684994494022e+03
1.908000260450833139e+03
1.937498737383124080e+03
1.984992524009774343e+03
2.088059680674729407e+03
1.838274089772234902e+03
1.930298244719421746e+03
1.941787088451710360e+03
2.042081532448664575e+03
1.984279322374299227e+03
1.887298509833489561e+03
1.941455213494653208e+03
1.942548624152419052e+03
2.096080534392450772e+03
1.880494161972072789e+03
1.906203714445882042e+03
1.946636755012194726e+03
1.951904226639793706e+03
2.087784554910561837e+03
1.896897323518505118e+03
1.908987526679882421e+03
1.947988808492631279e+03
1.987331441278647162e+03
2.068161386695946931e+03
1.847132080482111860e+03
1.925287685298387942e+03
2.091533667435641291e+03
2.048759419266956684e+03
1.958159100345066918e+03
1.920200254282343622e+03
1.936112492807465969e+03
2.018791674847818058e+03
2.058504273465961433e+03
1.843560283756740091e+03
1.934782441103485326e+03
1.949782945102991107e+03
2.097604528449925965e+03
1.868740605076555994e+03
1.891354932746897475e+03
1.936829456072489165e+03
2.028090986778366641e+03
2.011579511964630456e+03
1.862614291375056609e+03
1.940854644280547063e+03
1.968797006158965587e+03
1.954833500033437076e+03
2.167997237177672559e+03
1.899058392815868274e+03
1.829038578000966481e+03
2.062596663425292718e+03
1.692968773708621939e+03
1.959299051717098109e+03
1.932859795960468546e+03
1.938667826302077628e+03
2.096311160033123997e+03
1.892034921241217717e+03
1.891263886782526470e+03
1.948148263984224513e+03
1.957789904949404217e+03
1.964883758448282151e+03
2.047707020861460251e+03
1.887040034617467199e+03
1.928138964249272931e+03
1.931186796325368050e+03
1.973209620335682530e+03
2.094473274796348505e+03
1.833321726162976347e+03
1.908547384340216695e+03
1.930841943614887896e+03
1.947332368554390314e+03
1.957440855808491733e+03
1.949492633592064294e+03
1.951474104177084655e+03
2.131600894923087253e+03
1.883211440106177633e+03
1.896713234091907907e+03
1.935140231076710961e+03
2.015738262354401968e+03
2.085541411089577650e+03
1.816144818213351755e+03
1.918219634017916405e+03
1.948551464578147943e+03
1.966536169704924532e+03
1.962234828028858374e+03
1.955623010936869605e+03
1.954056292300909718e+03
1.958287096235525269e+03
2.144068890576004378e+03
1.791512581403579816e+03
1.903534942027986062e+03
1.962607305922660998e+03
1.985356037278858366e+03
2.112990194344321480e+03
1.822945250842255973e+03
1.931727094011986537e+03
1.950925358152788249e+03
2.052912108327199803e+03
2.001032210262223543e+03
1.871808711008550063e+03
1.947556749571013597e+03
1.952442158993330395e+03
2.012632834600988190e+03
2.078035712326909106e+03
1.803695226287597507e+03
1.939284919219249787e+03
1.946327395243250066e+03
2.100811631701670649e+03
1.885400215715749255e+03
1.887137479876357247e+03
1.948502100775722056e+03
1.952348541722513119e+03
2.105803278603368199e+03
1.866057774462572979e+03
1.920546019558113585e+03
1.947120861282102396e+03
2.034110283444622382e+03
2.036617272450050905e+03
1.831072108209484668e+03
1.947704411552938382e+03
1.905789001900090170e+03
2.082446418544313474e+03
1.919588831677589724e+03
1.891616401216042732e+03
1.955482277578425965e+03
1.961071775154322950e+03
2.122961847577219942e+03
1.901270453510049947e+03
1.882706153301100585e+03
1.951169723798163659e+03
1.956096884780561822e+03
1.995993677476729317e+03
2.055485142528074448e+03
1.839692600092076191e+03
1.939704520041421119e+03
1.952312013837756012e+03
1.956124922964805137e+03
2.069179442188733901e+03
1.959995839692687923e+03
1.877332673355279439e+03
1.941449464660489639e+03
1.953742172190939073e+03
1.941784593556912796e+03
2.076407135140016635e+03
1.888635918754983777e+03
1.897064888975857684e+03
1.937982168090361029e+03
1.955823103425152567e+03
2.044691999331588704e+03
1.971532089198192580e+03
1.876338889684186597e+03
1.951846133937902096e+03
1.956856487910835995e+03
2.089226446291488173e+03
2.163802806181905453e+03
2.064426261764254832e+03
1.635812787225020429e+03
1.862691764097747409e+03
1.928825209799562572e+03
1.970126573455710968e+03
1.973822449693658427e+03
1.971484216497562102e+03
1.970339881743486558e+03
1.971151081874390911e+03
1.924978453049090604e+03
2.117377067567505492e+03
1.838931963720944850e+03
1.926115721109164497e+03
1.957525596536968351e+03
1.965481301121623574e+03
1.964182737551652053e+03
1.959447743195147268e+03
1.961903444095835084e+03
1.961327189056876932e+03
1.963571810305491908e+03
1.952581273879472974e+03
1.960617491826342302e+03
1.957400131610012750e+03
1.958069155112236558e+03
1.952726396824748690e+03
1.948999086476560478e+03
2.133005774440976438e+03
1.792682044148082468e+03
1.940275064226171708e+03
1.954044299124659801e+03
1.952627386178719462e+03
1.953786798094781261e+03
1.942925667440972802e+03
1.941670002801493865e+03
1.940747419334589267e+03
2.040809457947116925e+03
2.110192921082360499e+03
1.781433341240446907e+03
1.875736012228891695e+03
1.939347086739480119e+03
1.954753690988903372e+03
1.953424747197117313e+03
2.086657217933994161e+03
1.860177980487108471e+03
1.915735307058755552e+03
1.946113742592824565e+03
1.976204785225333126e+03
2.071203764784082523e+03
1.835810075635435169e+03
1.916788792948542323e+03
1.943846886229830034e+03
