9.064830225727679363e+02
1.092716692345147749e+03
1.507086337456184765e+03
1.758656779881266402e+03
3.294490427251491838e+03
2.840227499610597988e+03
1.266875453162359690e+03
1.262147940286431322e+03
1.516898955733348885e+03
1.676428474322608736e+03
3.167839126326899532e+03
2.942136577493242839e+03
1.139852585403720923e+03
1.166100807107589389e+03
1.447437693746141122e+03
2.451455671852660544e+03
3.420852108659008536e+03
2.513611296934581333e+03
1.022361018816061460e+03
1.176554762473985420e+03
1.264113862371259984e+03
3.007847511510124150e+03
3.119036825260458954e+03
1.467164065716770438e+03
1.093759853514801307e+03
1.367008485393949513e+03
2.421162068664702929e+03
3.190507448022071003e+03
2.049441096761108383e+03
8.908516282647868820e+02
1.270549932574420154e+03
2.076401214560573862e+03
3.323017918669627306e+03
2.331500193784028397e+03
1.130463211065661653e+03
1.118951609931834128e+03
1.521574732556726985e+03
3.336727403264921577e+03
2.795828086868176797e+03
1.287617160606637981e+03
1.326613424084289591e+03
1.400121552772071482e+03
3.046761859961834034e+03
2.838510365424691372e+03
1.291778874062467366e+03
1.240246464782308749e+03
1.423256289051340900e+03
2.886032516106933144e+03
2.981438578884667095e+03
1.506112632257721089e+03
1.288524737474068615e+03
1.384908593050745139e+03
1.821414803333424288e+03
3.053704360231029113e+03
2.441361555732623856e+03
1.161012553848313928e+03
1.229941873377595584e+03
1.449366175227381063e+03
3.047295525910435117e+03
2.892978585044700139e+03
1.587703558012551639e+03
1.256689354720950178e+03
1.316752792880105517e+03
2.416951639594151857e+03
3.060354008848831654e+03
2.541413473155463180e+03
1.312506468578913427e+03
1.218583222687027956e+03
1.480610745972537643e+03
2.869059695986557017e+03
2.837383134454695210e+03
1.409684496583231066e+03
1.099418676372532673e+03
1.574724908087123595e+03
1.696612416624258458e+03
3.016295089204685155e+03
3.094755977399709991e+03
2.096442638668141171e+03
1.211444478640773696e+03
1.639526025461254903e+03
1.239451987180769947e+03
1.083599637141049016e+03
1.648555737495054700e+03
3.409049683364391512e+03
3.163204629930036845e+03
1.301227526014207797e+03
1.208008865693739381e+03
1.290509327038863375e+03
1.955646925276195134e+03
3.253318218427906686e+03
2.702115230919423084e+03
1.074800407959480481e+03
1.110553522428156612e+03
1.387109887532766152e+03
3.224000359000890512e+03
2.983832209581289590e+03
1.290328788756524318e+03
1.065078553543114595e+03
1.354058186252177620e+03
1.925908223230048634e+03
3.455198012830126117e+03
2.615433933986762895e+03
1.072296163072711806e+03
1.251761333409553117e+03
1.353908761814232776e+03
3.329514938185335723e+03
3.076379841829572342e+03
1.345833360684701120e+03
9.864601529806790268e+02
1.403211334370316081e+03
2.504513290326443894e+03
3.253504824013711186e+03
2.052665044270472208e+03
9.664241214691377309e+02
1.217395449760002975e+03
1.650840543261353332e+03
2.562314031120647542e+03
3.335246721387004527e+03
2.025961872436738986e+03
9.735433713989891658e+02
1.236704746029548232e+03
2.853560883214931437e+03
3.213189750345846278e+03
1.513071784167577789e+03
8.502170341619076908e+02
1.244607307591745894e+03
2.470205258667001999e+03
3.287145746440725361e+03
1.614866612313833457e+03
1.061854832679547599e+03
1.519303376443184789e+03
2.160197316057200624e+03
3.269114584107176142e+03
2.633464302744116594e+03
1.136650307053369716e+03
1.114103589831331647e+03
1.464884217490760193e+03
2.392618408112673933e+03
3.136839517438399980e+03
2.148140093231889296e+03
1.055943830700634180e+03
1.492158534067186110e+03
1.635662250769670891e+03
3.400236836136227794e+03
2.598662433686261465e+03
1.507369222718866467e+03
1.207624894168745868e+03
1.517278274743728844e+03
1.545532265728377752e+03
2.756949217791638148e+03
2.952392921030443176e+03
1.783797757522739175e+03
1.273582806640747776e+03
1.400060049112253637e+03
1.532572973661187007e+03
2.869817326853685245e+03
3.035413115905218092e+03
1.932458515499675286e+03
1.197243723194539598e+03
1.362714925738471948e+03
1.411579898167113242e+03
1.795999700416318774e+03
3.359583889281424945e+03
2.919693124101607282e+03
1.078263669469045453e+03
1.262457016939665664e+03
1.541642691308378517e+03
2.031546759754854747e+03
3.374826766504103489e+03
3.964410545521487165e+03
1.760132806155264234e+03
-7.908318385522826510e+00
7.347700941536500068e+02
1.672623197272181415e+03
1.976039265752080837e+03
2.075378423060792102e+03
1.780626557239171234e+03
1.517468479791333493e+03
1.824524740366649667e+03
3.413882734262840131e+03
2.737015486167572817e+03
1.076484625528921697e+03
1.222662199943987389e+03
1.557022663502117439e+03
3.343631870829314266e+03
2.849233206975838584e+03
1.061248364310697980e+03
1.175417227247690562e+03
1.317497344779679452e+03
3.298449054505560980e+03
3.104302628315826041e+03
1.137745362390720629e+03
9.387931931685557174e+02
1.379190012233310199e+03
3.099925899672592550e+03
3.298293139729327322e+03
1.839357130309553440e+03
9.353915440808183348e+02
1.226615253716078541e+03
1.548323602831433163e+03
3.252545910863076188e+03
3.123386036147625873e+03
1.368632929006959557e+03
1.064062405036639348e+03
1.265158966268371387e+03
3.253501471821862651e+03
3.144408823416466930e+03
1.436062342514127749e+03
9.926328850294833046e+02
1.296800205941678314e+03
2.033512236483278457e+03
3.343893944423946323e+03
2.691897461492481852e+03
1.020009133572489873e+03
1.117835307932521573e+03
1.461117994371285704e+03
2.821441791957299756e+03
3.107244449742895995e+03
1.847907441497562104e+03
1.005751462718800212e+03
1.256737890434798146e+03
1.587467452099667526e+03
3.338802633831348430e+03
2.585488558979735444e+03
1.063800360842062446e+03
1.192975315380245092e+03
1.674311364661878088e+03
3.338465861639503146e+03
2.573497456952840821e+03
1.061242290315592300e+03
1.312160511595566959e+03
1.604488454844702801e+03
2.079574418814459932e+03
3.375759247265443264e+03
2.471261176013093518e+03
1.087510889229504755e+03
1.152907678690080502e+03
1.520659579510982667e+03
3.276152568688213250e+03
2.882880311567229455e+03
1.134705528879737585e+03
1.153710154453028508e+03
1.421314437538709171e+03
2.739661119657241215e+03
3.160272036831252990e+03
1.844892409811718608e+03
9.724865552711115697e+02
1.384182686293710276e+03
1.672935182499538769e+03
3.189982419730497895e+03
2.939439866574887674e+03
1.231768282264092932e+03
1.189507675603702864e+03
1.418724138617395511e+03
3.029467245327111414e+03
2.976255369795725528e+03
1.445618630948637247e+03
1.086880449765089907e+03
1.324689200797428384e+03
2.712219547710600636e+03
3.142325036472739612e+03
1.688073278149971884e+03
1.156314157353167047e+03
1.277353079242611557e+03
2.158951513284700468e+03
3.166206169516043246e+03
2.925385061786909318e+03
8.242105618685508261e+02
1.021904638921708056e+03
1.271585640912782537e+03
3.003697834087516185e+03
3.081484128031607725e+03
1.526558584298415553e+03
9.112748725833257595e+02
1.361006687279764037e+03
1.836713141148335581e+03
3.474374122422798337e+03
3.080153615478155189e+03
1.414244488125763382e+03
9.082190485222741927e+02
1.278077831777962501e+03
2.274476612758604460e+03
3.183274088844984362e+03
2.543827764975801529e+03
1.094687886746315826e+03
