1.987130464639534694e+03
1.970516313246741674e+03
1.937665810083154838e+03
1.969835053135924909e+03
1.995596781967693460e+03
1.971536384511844062e+03
1.951215163663851627e+03
1.984447263414845565e+03
1.996893758876291031e+03
1.275640257948220778e+03
1.444024706788185313e+03
2.709282480564187154e+03
3.378789518747731108e+03
2.126860420828586484e+03
1.877081818209368066e+03
1.836696526560576785e+03
1.824608264559018380e+03
1.898924991409955055e+03
1.937590565044801451e+03
1.913237977374011734e+03
1.952846952356865813e+03
1.991274828091460449e+03
1.951818785947195465e+03
1.988346670774508766e+03
2.004343013760568056e+03
1.960451333481980555e+03
1.971251723199455910e+03
2.014907965262537118e+03
1.995079762018072188e+03
1.766006058419818601e+03
1.256328656790068862e+03
1.366775072691582864e+03
2.220478702384402368e+03
3.021362305523359737e+03
2.293564823883227746e+03
1.960749859785410308e+03
1.979279640508752664e+03
1.789247835823508240e+03
1.685702906036802005e+03
1.715845929859628541e+03
1.885049468537134317e+03
2.981984898232866271e+03
2.215880691030643447e+03
1.959063480888698450e+03
1.924659275754022701e+03
1.968270690692955213e+03
1.924821387124421562e+03
1.831652842589739748e+03
1.745579312487881225e+03
1.800646605149316656e+03
1.886263783858154738e+03
1.881132862455780014e+03
2.293369262859433547e+03
2.832210253078464575e+03
1.855507058441632807e+03
1.625234080617544805e+03
1.799737567496741804e+03
2.710527312449191413e+03
3.217650385326249307e+03
1.888041985572309613e+03
1.346808179778847943e+03
1.462987254383420122e+03
1.552430273137820222e+03
2.133887882957672900e+03
2.693266976346705178e+03
1.850009807942277803e+03
1.827507954737992122e+03
1.803188934515497067e+03
1.791426885938688201e+03
2.006771227440421399e+03
2.619913080137328052e+03
2.457759812137640893e+03
1.986223648794120663e+03
1.914867486362629734e+03
1.888714972481316863e+03
1.819561804409710021e+03
1.737583894745580437e+03
1.717708588618509111e+03
1.868114039823176199e+03
1.967480993169800286e+03
2.844558994977202019e+03
2.207602965522948125e+03
1.461431400276082741e+03
1.782212853249764748e+03
2.854452927558473220e+03
2.218827401104351338e+03
1.318753754298094236e+03
1.514892784226685080e+03
2.316438348597447657e+03
2.904488407533577174e+03
2.074808059100113951e+03
1.872605110710188910e+03
1.828711830926678431e+03
1.845842513156226914e+03
1.931241078300975914e+03
1.972929517986425935e+03
1.980739288623906305e+03
1.915791447302459346e+03
2.040398692088306461e+03
1.917041801241447274e+03
3.228649274749173401e+03
3.723022612943775584e+03
9.152396883359556341e+02
8.644396157013895845e+02
1.337170427782480601e+03
1.766287865486478040e+03
1.566341145249072724e+03
2.272257133767137020e+03
2.524794776848938909e+03
2.096194003892190267e+03
1.878605615600926285e+03
1.933477004733490503e+03
2.145286759589596386e+03
1.829764129536325981e+03
1.825403376995572671e+03
2.057109369609927853e+03
1.724345302830136461e+03
1.870152384624658453e+03
2.598856527907512373e+03
2.307237371487266955e+03
1.314349451138951054e+03
1.501080275084528921e+03
1.759052351235606466e+03
2.614422696732963232e+03
3.234768582384233923e+03
1.829703342256684891e+03
1.289109433036996734e+03
1.499232955585279342e+03
2.506936753927976042e+03
3.235872520020337561e+03
1.717233787034348097e+03
1.470893702649036413e+03
6.425857064306316033e+02
2.825034312543854867e+03
4.176843252703773942e+03
1.236267000033240720e+03
1.114228801535116276e+02
1.837552345316217952e+03
4.150613774100262162e+03
1.755103350578597201e+03
6.783192065258149341e+02
1.556826904321121674e+03
1.800103640365666479e+03
1.833443290482055318e+03
1.902507785136700704e+03
1.958434300014007476e+03
2.028259942619326921e+03
2.040113186908229864e+03
2.038959748581532040e+03
2.011964089205003575e+03
2.020295763458788770e+03
2.297697439535311332e+03
2.256161960224383165e+03
1.442282084720621242e+03
1.556681507031129286e+03
1.756093364825029539e+03
1.843924060535348417e+03
1.923308857737088829e+03
1.982978053095600671e+03
2.031120683424209574e+03
2.083796984488803446e+03
2.709861069336275250e+03
3.222484849463463433e+03
2.395291129880523840e+03
1.927021397382339273e+03
1.672518997274877165e+03
1.637014042802857148e+03
1.801466001269535582e+03
1.554657177861787204e+03
1.607680438226584329e+03
1.705425130298122212e+03
2.518755342046596979e+03
3.018589283292079926e+03
2.045024037243432076e+03
1.907991734668253230e+03
1.910530527012593893e+03
1.951862868198802971e+03
1.943453538652649740e+03
1.931465237562683342e+03
1.961033305727294191e+03
2.011759143409177568e+03
1.962302178269793103e+03
1.953242886487125816e+03
1.670227351566845755e+03
1.677581351789531709e+03
1.751109622242982596e+03
1.850125869393174753e+03
2.328125060844508425e+03
2.772481117535282010e+03
2.130790645476034570e+03
1.983345023178973634e+03
1.875052456942322351e+03
1.814211585672836009e+03
1.802914744539255935e+03
1.793051816194277990e+03
2.608761092450307387e+03
2.183258383472285914e+03
1.875793509471335710e+03
1.816083420340709381e+03
1.814714096708805528e+03
1.806394656477764329e+03
2.070585833901300703e+03
2.710952256868152745e+03
1.730399012438325371e+03
1.651055577465577244e+03
2.237776047218570966e+03
3.170719379097940873e+03
1.802199955771978466e+03
1.264319872718112947e+03
1.531741179516218381e+03
2.454078456182485752e+03
3.089869273803127726e+03
1.780284404058633527e+03
1.281983686470162866e+03
1.484922575263227827e+03
1.722478376120577423e+03
2.491854143466067399e+03
2.889830209827787257e+03
1.944414247999797908e+03
1.936217855356188466e+03
1.631916545397097707e+03
1.480039420064611704e+03
1.799017992574246591e+03
1.911716670275136948e+03
2.579052003993295330e+03
1.890112750810484840e+03
2.982624746989628875e+03
3.140700793826170866e+03
3.006191781850820917e+03
2.304914625022334349e+03
1.905845243601975426e+03
1.772966213134874351e+03
1.525629143663988998e+03
1.565934572762837661e+03
2.109930904780730543e+03
1.659587071415341143e+03
1.676499843310225970e+03
1.668209801152384443e+03
1.924273807731653505e+03
1.960294551282383736e+03
1.506755064760014875e+03
1.158371338681523866e+03
1.544472262070898978e+03
2.090133777074521277e+03
1.121331131717928429e+03
1.587242291951410152e+03
2.336420675972132358e+03
2.916720229426843161e+03
2.274584901736542179e+03
2.051393374989673703e+03
2.026591966783344787e+03
2.070518234735850456e+03
2.084996100004431355e+03
2.019849641625006370e+03
2.017397874644156218e+03
2.063613683233520987e+03
2.025828995301845680e+03
1.994520464336736950e+03
2.034893064336366024e+03
2.050359714186499787e+03
2.023565382561737806e+03
1.988279750325752957e+03
2.028030966913256862e+03
2.058991507891640140e+03
2.037466039947431454e+03
1.963732715473609915e+03
1.608221905652347914e+03
1.885935572377944936e+03
3.056071348293583924e+03
2.612779846132377770e+03
1.248035529289011265e+03
1.234223287626261481e+03
1.733830519320301164e+03
2.803896745386807197e+03
2.622514791123931445e+03
2.006827867433678648e+03
1.937396774892467420e+03
1.918823867467587888e+03
1.965166075938527683e+03
1.974286178346709903e+03
1.966310479063620278e+03
1.843103434916005426e+03
1.784638216432343825e+03
1.810222512991530493e+03
