3.221172774293896509e+03
4.017684831880411821e+03
2.400500163004806836e+03
1.750820254791673506e+03
1.619685415471582019e+03
1.536349386019101303e+03
2.391505514222428246e+03
3.815547928934925494e+03
2.665521261204490656e+03
1.635637171924301811e+03
1.336302008645895967e+03
1.348845950477165616e+03
1.747819701476678347e+03
3.106998619779937599e+03
2.559050016192205021e+03
1.843147740106399169e+03
1.677417821913061971e+03
1.559799832954820886e+03
1.560102562177230766e+03
2.121631518095805859e+03
2.066743491061669829e+03
1.829268829949747669e+03
1.714936135815339867e+03
1.712095465526959515e+03
2.248620696092728849e+03
2.179977828392809442e+03
1.917879632346306607e+03
1.745745355990702592e+03
1.890688128645012739e+03
2.564428623087309461e+03
2.297045278022561433e+03
1.973873411415882401e+03
1.778859595620872369e+03
1.882427588996262784e+03
2.816713377844120259e+03
2.921472227877920432e+03
1.847838317190562066e+03
1.688389917980572591e+03
2.807005325291008830e+03
4.108827713217177006e+03
2.247635157058181449e+03
1.415188592506819532e+03
1.442883885889725661e+03
2.832440480662646678e+03
2.590390564502709822e+03
1.434519587761728189e+03
1.162935264209073694e+03
1.886360299547934119e+03
3.225840127297833533e+03
2.213013593402485640e+03
1.277407498972322855e+03
1.461485611588654365e+03
2.755169535610600633e+03
2.801384805977565065e+03
1.620615384540535842e+03
1.261851204786854851e+03
1.503821436130391703e+03
3.079542262305336408e+03
3.313384038695676281e+03
2.043820235382110013e+03
1.522079102598609552e+03
1.201917607530844634e+03
1.694694156944775159e+03
2.527940401039939388e+03
1.877617519602228413e+03
1.453999813706725945e+03
1.252016741789518392e+03
1.817088924325162452e+03
2.483296445044600205e+03
1.832356059136923932e+03
1.560674653529365514e+03
1.513340112904595799e+03
2.406076959305498804e+03
3.648496443131321030e+03
2.404341016063277948e+03
1.573124934833570251e+03
1.360985097549503962e+03
1.859228990178924278e+03
3.744918024017300922e+03
2.890894898488433682e+03
2.682393517446583701e+03
1.480059960543794432e+03
1.086081628590351329e+03
1.560705640986933986e+03
2.695607851850778388e+03
1.840057995154610580e+03
1.471912062459037315e+03
1.345478272738955411e+03
1.894586584638033173e+03
2.624140541757733899e+03
1.732766781256030526e+03
1.471756363019521814e+03
1.644615565051616613e+03
2.627224476237851832e+03
2.509913612780238054e+03
1.682587721123694109e+03
1.354781105809402106e+03
1.892225974102567534e+03
3.521353231233401402e+03
2.260324733400437253e+03
1.541015293829036409e+03
1.286148448881904187e+03
1.968781020324931660e+03
3.534708513774809035e+03
2.580066333381148979e+03
1.610735872212085042e+03
1.313179029696671705e+03
1.819775369690469006e+03
2.873474136528736835e+03
2.081554211495749769e+03
1.427968947493986207e+03
1.452445307924009057e+03
2.464819869336832198e+03
2.524164725831788473e+03
1.794255722654807414e+03
1.440292648923199749e+03
1.703488976969072155e+03
2.794229620581378640e+03
2.326788571365645112e+03
1.424216558215672649e+03
1.354428519862886333e+03
2.931864258212766799e+03
3.929711682904459849e+03
1.829479930009178815e+03
1.310696047439422500e+03
1.493102400300052977e+03
3.372922659005195783e+03
3.027782149706167729e+03
1.407066823870091184e+03
1.068722230802630747e+03
1.463701852525681943e+03
3.230526324234062031e+03
2.328668871137295355e+03
1.600933521859448547e+03
1.245134902510664460e+03
1.441779882625966593e+03
3.582792160992379650e+03
3.349959648844396725e+03
1.557959814688383176e+03
1.173298561448199735e+03
1.119407511548899265e+03
1.664014665435792949e+03
1.813344890329441796e+03
1.500021641297612632e+03
1.427857925421960317e+03
1.418386465923683090e+03
1.787117875047342068e+03
2.227634368659676511e+03
1.811638682549310261e+03
1.571413758592699423e+03
1.737050797479020730e+03
2.770051482102321188e+03
2.421202342722205685e+03
1.870942450382623520e+03
1.630731600949721496e+03
2.449249056426695461e+03
3.734530995600845927e+03
2.304044429194003897e+03
1.616893452422774089e+03
1.539187351588130696e+03
2.565942529824017583e+03
3.778021931763755674e+03
2.585036471914973845e+03
2.293705604695116563e+03
1.277954395139208373e+03
1.265584036615644209e+03
2.686681077035080307e+03
2.126798156998249397e+03
1.431771457961213855e+03
1.330981687598274675e+03
1.690799158449590323e+03
2.767790701709737277e+03
2.280192048446694116e+03
1.449507883253881346e+03
1.346796485240021866e+03
2.459282731950500875e+03
2.858190143356429417e+03
1.833285621150662791e+03
1.426508180265147530e+03
1.637691613485051676e+03
2.690193314739196467e+03
2.299404775615210838e+03
1.563790119941641024e+03
1.481440097095179226e+03
2.623251632326555409e+03
3.444076453827923160e+03
1.964260319430601157e+03
1.418655271896496970e+03
1.452705241688683600e+03
2.610085601948248495e+03
2.540279198071510109e+03
1.648301892836125944e+03
1.296983629280180139e+03
1.854894500082651120e+03
2.650934922853803982e+03
1.850483481345630025e+03
1.483027023128683595e+03
1.392196941956307910e+03
2.147364991597912649e+03
3.040934803572590681e+03
2.109241588415257411e+03
1.672790632541840750e+03
1.538890854618458434e+03
2.201567630239795108e+03
4.067498622467866426e+03
4.045781244846311893e+03
4.048188475378645308e+03
4.048125088509813850e+03
4.048100365011275244e+03
4.048403431775032004e+03
4.069984354876512043e+03
2.614228422992878222e+03
-7.474611808592320017e+01
1.260460841896583917e+00
1.101241981069431795e-02
-1.248143513938850197e-03
3.336445205636314186e-05
1.030420605935898147e-06
-6.660900346363177811e-05
1.338991689971175342e-03
3.203391529809065941e-02
-3.407136584760452447e+00
1.180874961882994114e+02
3.833137170539293948e+02
7.292649007079279500e+02
9.159495161864758757e+02
1.043515849665992846e+03
1.193142604017878284e+03
1.379878416664626457e+03
1.508387935182591264e+03
1.566226886764750589e+03
1.640880380080503073e+03
1.718124286112752543e+03
1.800370805072667963e+03
1.881647335896299637e+03
1.930611314949340795e+03
1.947663876391788790e+03
1.922539421208841304e+03
1.943229069336677185e+03
1.998646804069257314e+03
2.071186104508102289e+03
2.076817875108865792e+03
2.076072320702882735e+03
2.100464866287255063e+03
2.268084757341470322e+03
2.451333195052555311e+03
3.255967135521931141e+03
3.363951359887365925e+03
2.553002330877678105e+03
2.068231750717458908e+03
1.914653932117119211e+03
1.932558700189376850e+03
2.229851162273742375e+03
2.138416255549519974e+03
2.025100218600716289e+03
1.955495767369884788e+03
2.122728186987627851e+03
2.389485488723782055e+03
2.141010407327718440e+03
2.069811018264478662e+03
2.063065578220359839e+03
2.226285901710632061e+03
2.530386123217474051e+03
2.134739265090043318e+03
1.963240476517722072e+03
1.983049874089164859e+03
2.918021817844187353e+03
4.085884538794357013e+03
2.495039339129702057e+03
1.698858827650727335e+03
1.491924405862186632e+03
2.423458191923998584e+03
3.509905104875681445e+03
2.113785199917750560e+03
1.505028783067082941e+03
1.480591057426374391e+03
2.355734734108423254e+03
3.767655813618609045e+03
2.396080665028082421e+03
1.570224303218994692e+03
1.384241741656226168e+03
1.424021188918317876e+03
1.928523135953298834e+03
3.321265015862193650e+03
