1.104974547597704714e+03
1.258450766294085270e+03
1.458877036082834820e+03
1.464009528482518135e+03
2.266882812637461484e+03
3.479048195027219663e+03
1.551881005590959148e+03
1.272479810798471362e+03
1.833765970610184013e+03
3.050950295641251159e+03
2.968733425003950742e+03
1.470153780686259097e+03
1.228443777921451101e+03
1.900471307880074619e+03
2.779225127233551120e+03
1.350355900180778235e+03
1.140142041250304374e+03
1.497190688968313680e+03
1.689132037561346124e+03
2.796401642108196938e+03
2.801453420626418392e+03
1.594876253161872228e+03
1.378661256259817037e+03
2.222269411563018366e+03
3.514905770810963077e+03
2.714920933424512896e+03
8.187274332592716064e+02
8.813515206366269013e+02
2.622461133761885321e+03
3.368545252747244376e+03
2.896324658009249561e+03
7.302501784374971976e+02
7.146626117291300488e+02
2.514891798168760488e+03
4.069876916729967888e+03
2.399877684617850718e+03
6.216216294893596341e+02
8.906996797675064954e+02
2.863725368266325859e+03
2.311537990611359874e+03
1.178027440588134596e+03
1.187553408080723557e+03
1.621595490820379609e+03
2.643332629352903041e+03
2.314691944556369890e+03
1.258929694026064908e+03
1.300603144609020319e+03
1.518915699972725406e+03
2.591602938752126192e+03
3.204669160609356823e+03
1.504219736723140159e+03
1.183213130424713881e+03
1.331005042531262234e+03
2.860790498765541088e+03
3.492064263149089129e+03
2.504871557301054054e+03
7.101528413572638101e+02
1.057285703282869463e+03
1.087071499852198485e+03
1.371271489844612233e+03
3.082164481148466166e+03
3.791353054212901952e+03
2.010656938828909688e+03
9.934760162736765778e+02
7.555443696914547900e+02
2.634572394387104850e+03
3.826000788856015333e+03
2.221110074294261267e+03
3.556125818352186343e+02
5.784729110571418005e+02
2.781479777118272068e+03
3.852195789308558233e+03
1.977792197731760552e+03
4.472367905592864190e+02
6.913433558505416840e+02
2.648525933783010714e+03
3.837599317513750520e+03
1.573963273971917715e+03
7.963396861780199742e+02
1.113932698111940908e+03
1.676150978500648080e+03
3.448865449279470795e+03
3.097857661452716002e+03
1.383352716571950396e+03
1.116178194805981093e+03
2.480827322773046490e+03
3.465024993223478305e+03
1.524971287274328688e+03
7.627606068843322191e+02
1.351621062619772829e+03
2.808537619641177571e+03
2.997614664972894843e+03
1.181972127583436304e+03
6.546215643264177970e+02
1.751839370479616719e+03
3.387838952613476977e+03
3.509547333450908809e+03
7.813186940289389213e+02
2.921979818909939581e+02
2.111388023626454014e+03
3.673299556368611775e+03
2.355919131536652003e+03
9.715391106131528431e+02
1.149351750494036423e+03
2.757799404887468427e+03
3.087210821525496158e+03
1.762050195424393223e+03
7.704428674745346370e+02
1.081914598306635071e+03
2.674595286129402211e+03
3.274384761186601736e+03
1.695663324463898334e+03
9.085777369128887813e+02
2.093546784412712441e+03
3.404710763871431482e+03
1.757464852428957101e+03
1.027985865801023692e+03
1.347701381675698030e+03
1.034557662527698312e+03
3.687979037986027834e+03
3.458409540318888048e+03
3.408439665664549466e+03
8.814607216599927142e+02
4.136309130095639375e+03
4.124621182841299742e+03
1.475895600093079565e+03
-3.030077018382806031e+01
2.795940282418290934e+01
1.822066511406572999e+03
4.119440148508509083e+03
4.054289413712201622e+03
2.165533212978700703e+03
1.361371597067608946e+03
1.121418776124239230e+03
1.079909637301027942e+03
8.731214758728860943e+02
6.477950666194433325e+02
6.843092964860431948e+02
3.299817591358988693e+02
4.856366334930471140e+01
-1.134031340345941441e+00
7.501435177300845858e-01
-2.828695694026470164e+01
8.274613199896291462e+02
1.777852958244006913e+03
2.513383889948074739e+03
2.437771520016682643e+03
2.363332864517394228e+03
2.652262004365263238e+03
3.819797518570910597e+03
3.342635791236265504e+03
2.287386587828470510e+03
2.012341038403048287e+03
2.664211371490004240e+03
3.866129516120193784e+03
2.699916603136037338e+03
1.658153893856949935e+03
1.659940931107633105e+03
3.615057794464944436e+03
4.113419984152943471e+03
1.773570583532716682e+03
7.887537490397349984e+02
1.093225591983481991e+03
1.684658828541880212e+03
3.646176995569320752e+03
3.044902805922054540e+03
1.145589159485024084e+03
9.368581366961656158e+02
1.292502115898158536e+03
2.799361730282338613e+03
2.832025007856530920e+03
1.545379434066916247e+03
1.206323740540697372e+03
1.294084928752232145e+03
2.716957614906008075e+03
2.510212426767674970e+03
1.375776801993668414e+03
1.404019327662526621e+03
1.507808641307013659e+03
2.946235441733792868e+03
3.830635147587874144e+03
1.800207215047068303e+03
6.335929549708871491e+02
7.437223453032988800e+02
2.485330772068355600e+03
4.002305304248697212e+03
1.953313723567454190e+03
1.704214165578974416e+03
1.280277259465968200e+03
7.292714277803528375e+02
3.043038395883481826e+03
4.123319128994823586e+03
1.897948177909418291e+03
6.499686349530081770e+02
8.043945500531008292e+02
2.632167227301200455e+03
3.497274612429675472e+03
1.348449713019759656e+03
8.911235311552986786e+02
9.792158874950011977e+02
2.597489794982672265e+03
3.095894242863035743e+03
1.666384953291846841e+03
1.041963946573821204e+03
1.338138075985900514e+03
2.343206611122829599e+03
2.594647311287207231e+03
1.626267967130557281e+03
1.270579120056566126e+03
1.592909004270922196e+03
3.016385715551326030e+03
2.755138054563174137e+03
1.486996173746438444e+03
1.184665817370291506e+03
1.162962271083796622e+03
2.254405735797097805e+03
3.784734248502128594e+03
2.706100909622423387e+03
1.223680628689814057e+03
1.057093161095898267e+03
2.059115471470337980e+03
3.122155620273292698e+03
4.134530094802532403e+03
1.522967929529374487e+03
6.505079604559875861e+02
5.754450302029397335e+02
1.161320205536743742e+03
1.803606897998942259e+03
2.814626653882116898e+03
2.690673754973023733e+03
1.459996838551318660e+03
9.563619374585630339e+02
1.384160216389418338e+03
2.964791986365489720e+03
2.256307140890762639e+03
2.035121297790386507e+03
1.263110199196712529e+03
1.005554673779672953e+03
3.042460718204602472e+03
3.666591776397488502e+03
1.960014099342502504e+03
9.186987902518344526e+02
1.292128358384448120e+03
2.947725996400753957e+03
3.969054463139941618e+03
1.821096321249284983e+03
7.401042232184397562e+02
1.018641613334377439e+03
2.475328639488792760e+03
3.247907145358834896e+03
1.953587444641479806e+03
1.388908893033269351e+03
1.135381478459359187e+03
2.199778918449594585e+03
2.724060646270808320e+03
1.396331473842866671e+03
1.116635893163997025e+03
2.187678165736839674e+03
3.182877638311675582e+03
2.838260568116267223e+03
1.231241901319503540e+03
9.565214540552459539e+02
2.790169340325770463e+03
4.109846777995374396e+03
2.092144809957261259e+03
1.492578466043263177e+02
9.418318113363403654e+02
8.203740392386040412e+02
1.217275884997677394e+03
3.211188225258546026e+03
3.741723453855888238e+03
1.696303383908379601e+03
1.420019421872869998e+03
1.552582952717218859e+03
2.090465184082009273e+03
3.029307138065357776e+03
1.887677516161276344e+03
1.417621752615001697e+03
3.022241168038490287e+03
3.685316250184851015e+03
1.270899404944811522e+03
3.539071518730534649e+02
5.393974136176702814e+02
1.289323178034223702e+03
