1.784149709454526601e+03
1.879705206203676880e+03
1.923060943010887286e+03
1.736444501723222402e+03
1.945791315420681713e+03
1.930435832265023919e+03
2.999756158700541164e+03
1.495841166832751469e+03
1.182323903567752723e+03
1.544589829810886386e+03
1.952845703545032848e+03
1.887437498030369852e+03
1.704869576388553696e+03
1.865110186494847540e+03
1.794413562211515000e+03
1.705358084252370872e+03
2.464175783379615041e+03
2.801264757590118279e+03
1.096953186411072011e+03
1.528755238241572442e+03
1.626029633926410497e+03
1.627334951985569433e+03
1.938016914138489255e+03
2.475408992576442870e+03
3.184313464174124420e+03
9.871313510003554939e+02
1.126191176393433580e+03
1.473965798318593443e+03
1.847087947322517266e+03
2.737018426909706704e+03
2.704082801869368268e+03
8.140975651175614303e+02
1.287698229331226230e+03
1.606053260110998053e+03
2.623993650714795876e+03
3.592402807856825348e+03
9.262342392195972707e+02
1.113413306265090114e+03
1.472356944502196257e+03
1.562718172684830506e+03
3.256348139979172629e+03
1.666897512329763231e+03
8.608481539672665122e+02
1.462437307520008289e+03
3.087425236401701568e+03
1.824941044801629232e+03
1.032466770955142920e+03
1.402906845927378299e+03
2.514405050192521685e+03
2.731069588410432971e+03
8.552640351272289081e+02
1.343466032992675309e+03
2.759762864819984316e+03
1.735624386992581776e+03
1.074824556036898230e+03
1.389682927677471980e+03
2.625826059909638388e+03
2.695714511668108571e+03
9.177631328972674964e+02
1.427471469980409211e+03
1.741362583313240748e+03
2.606397508061072585e+03
2.897090360022521509e+03
9.709537825235021273e+02
1.202734485234977001e+03
1.551558363022249068e+03
2.660336456405831086e+03
2.662155972030616795e+03
1.155502629509067447e+03
1.410858077492224766e+03
1.466146496728146758e+03
2.387766758203854351e+03
3.071299329820840285e+03
1.122906421627999862e+03
1.280835804024188064e+03
1.613886190177174967e+03
2.806332098175433202e+03
3.399811940163293002e+03
3.862490819378041920e+02
1.029854752957788151e+03
1.772959831300307769e+03
3.284837155575454290e+03
1.469216883820333578e+03
6.875211114537348749e+02
1.429150357650949900e+03
3.043411128378849298e+03
2.914661449462540986e+03
1.577357621981657530e+03
1.027910898074482020e+03
1.190070467812109200e+03
1.447933547190699073e+03
2.735297500889334970e+03
2.627783785407831147e+03
8.900008738476880126e+02
1.397891293057737812e+03
1.888100379813484324e+03
3.602359158031259540e+03
9.720383391966447562e+02
1.020868111447110778e+03
1.609189641696429362e+03
3.323951528654019967e+03
1.373055032297239222e+03
1.008856399986006863e+03
1.405607579013678333e+03
2.723109101928957898e+03
3.240985982914906799e+03
6.579779286653372310e+02
1.257934864347339953e+03
1.709278352762761187e+03
3.378668234570217010e+03
2.383325895067056535e+03
6.700179028990719416e+02
1.048221599337376347e+03
1.476747626018755000e+03
4.007621185884331226e+03
2.420880869157788311e+03
2.045713498752611258e+03
2.740215338999869800e+03
-1.950565829486135101e+02
2.067038295629801723e+03
9.715652077981970933e+02
9.796281762265151656e+02
2.364974869911297901e+03
7.567480558098793608e+02
5.463694785999110763e+02
4.830692341131729677e+02
1.996633018016236065e+03
4.135086381738141426e+03
3.030183157387237316e+03
1.406194583482471671e+03
2.345403339984136437e+03
1.138473219855094612e+03
1.142568883358984522e+03
3.136715634706756646e+02
8.554930444375645493e+02
1.425188406642722384e+03
1.796515441456330336e+03
1.816421744451915856e+03
1.972896290554250072e+03
2.532395830165361076e+03
2.734402319737949711e+03
1.268317493869504005e+03
1.723001198959690328e+03
1.812587507520729105e+03
1.738550045667167751e+03
2.034100357135184822e+03
1.804015252025583777e+03
2.350973580922535348e+03
3.226920358066608969e+03
1.153639485403213712e+03
1.279461966449171086e+03
1.629159947267799453e+03
1.608262890559859670e+03
2.634274961149811134e+03
3.173712185531094292e+03
9.936161034697280456e+02
1.232074432389714730e+03
1.509496188313460152e+03
1.989343373948269800e+03
3.305137561004883537e+03
1.693807296296448158e+03
1.314315603086047076e+03
1.539753616896231733e+03
1.349523605128363670e+03
1.581859157056287131e+03
1.711921451353924112e+03
2.946429554798520257e+03
2.072305353796675718e+03
1.149491460181344337e+03
1.554075387477917047e+03
1.570743167244058895e+03
3.233583370936058145e+03
1.822196877566403373e+03
9.237321778035144462e+02
1.195840073625974583e+03
2.528863018326085694e+03
2.954413481704556943e+03
7.732506832465767275e+02
1.364702564412779111e+03
1.934247895185034395e+03
3.257180718467450333e+03
1.146508424109905945e+03
1.100055737890153978e+03
1.838526881943622811e+03
3.002266034564003803e+03
1.806616861291267242e+03
8.439585654968636845e+02
1.320189982628531197e+03
2.317102569518029668e+03
3.222730632976324614e+03
8.464918023211675973e+02
1.279600517782188717e+03
1.742035607943120567e+03
2.997878315542114706e+03
1.985465203316539373e+03
8.703287511562925829e+02
1.406375891831424724e+03
2.184581835606394634e+03
3.390615174125739486e+03
1.094790824672752251e+03
1.003342246438470625e+03
3.258702913929841088e+03
3.198149226441958490e+03
-4.034218209877145256e+01
1.058098268891192447e+03
2.329486037875214151e+03
2.088632002033375556e+03
2.333757155779740970e+03
1.490121734487100866e+03
1.486749847665079642e+03
5.826829221734171824e+02
1.600016829957674190e+03
2.564404360353013999e+03
3.184687160815978132e+03
1.912213094961676234e+03
1.696214826422411306e+03
1.087491145333518261e+03
9.587767153141425069e+02
1.287896018947416223e+03
1.630237937258743386e+03
1.750488374813188557e+03
3.287637280867967547e+03
2.153032020392512550e+03
1.260115542712190745e+03
2.088824214561881035e+03
1.990658629420502393e+03
2.183253197207130142e+03
2.256046950661057053e+03
1.173738188483110207e+03
1.079311335194625144e+03
1.383281130993387933e+03
1.784889326729755339e+03
2.899048340062514399e+03
1.963481024496724785e+03
1.586436997041830409e+03
1.660079496704893245e+03
2.030389018797916833e+03
2.987854800002446609e+03
1.390122221862812921e+03
1.466716336092166785e+03
1.849267998093015649e+03
1.986560559880926576e+03
2.689089537681048569e+03
1.397590867453715418e+03
1.458674818498928971e+03
1.625403055008013098e+03
2.902161296623440649e+03
2.888103165448664640e+03
1.150811200526268522e+03
1.382459495982851649e+03
1.677359316084591455e+03
2.111956804304093112e+03
2.289722695653987557e+03
1.436195952676394882e+03
1.692496733919994085e+03
1.697836336924601483e+03
1.734175774557621708e+03
1.836536889525678134e+03
1.763550230195357244e+03
1.942932551743112754e+03
2.362037801306757501e+03
1.476271904765369072e+03
1.546250632207915942e+03
1.812282601896894448e+03
2.924398395839010391e+03
1.215844522434617375e+03
1.269578581792049590e+03
2.552990972529290048e+03
3.461071265444719756e+03
3.938998164290619570e+02
8.793711451347985530e+02
1.868952653514313170e+03
3.330674484666792978e+03
1.341389422547561708e+03
7.003123842217428319e+02
1.505617090931017401e+03
2.484397782415485835e+03
3.380844208504692688e+03
7.402124150644311840e+02
1.056686820800564419e+03
1.503265954920092554e+03
3.030941923877056979e+03
2.225421656423146487e+03
7.695564920893422141e+02
