1.046095612009249180e+03
1.471510073182700808e+03
2.701318074324354711e+03
3.164036107655282649e+03
6.561166772952877864e+02
1.138002505149260969e+03
1.533920148891559847e+03
3.140820594195571630e+03
2.823723479204194064e+03
7.989475140272404587e+02
1.028588377794607140e+03
1.677177179083074634e+03
2.005088043826297962e+03
3.737058170409494323e+03
1.065179176940069510e+03
1.261826345288104449e+03
2.177892779777725991e+03
1.645303114709688771e+03
1.533841956633172231e+03
1.556761945764701295e+03
1.722378582926147146e+03
1.734141965015001233e+03
4.078899995996567213e+03
2.099419286052461757e+03
5.334353007258316666e+02
1.077328169979139602e+03
1.455685846938905343e+03
1.858175216571249848e+03
3.971053388677551084e+03
1.986878558029809028e+03
5.981315987037900186e+02
1.003186545228122554e+03
1.460128803768747503e+03
3.547790254337638089e+03
3.032520145565747953e+03
5.564947999067944693e+02
1.060886946638724112e+03
1.386400178244051176e+03
1.788446422742683808e+03
2.277318879548845416e+03
3.998431741919667274e+03
1.053976012072597541e+03
9.005839053493295978e+02
1.236199752833641014e+03
1.512280453815512146e+03
3.049402699209665116e+03
3.237786394702156940e+03
6.675832281281986980e+02
1.076161483453417759e+03
1.426116278838090693e+03
2.077967157009182756e+03
4.007443115831496470e+03
1.114618098460481860e+03
8.114493775761662846e+02
1.336538371491148837e+03
1.558851457440616059e+03
1.604390563088370982e+03
2.238162497919935049e+03
3.472337369580562608e+03
1.425905618764699966e+03
1.182689819950967603e+03
1.393084307415369949e+03
1.540322360950626262e+03
1.700927627324005016e+03
2.702101980402242589e+03
2.742181132472041099e+03
1.281997111815451490e+03
1.439941727239332522e+03
1.548572498369455843e+03
1.577896865720037340e+03
1.801678665003614469e+03
2.462079756503190765e+03
3.101424912459095594e+03
1.274054511115150262e+03
1.220544134410322840e+03
1.409750302890050307e+03
1.993225397049445291e+03
4.090146443547639592e+03
1.319250355257960337e+03
6.939204732380022733e+02
1.300377651438232306e+03
1.382949014985119902e+03
2.791740944459143520e+03
3.966173242160061363e+03
3.096044980247132798e+02
7.881265271396936214e+02
1.278165116231871480e+03
2.515241480458512342e+03
4.005771447042084219e+03
4.586313199116221995e+02
8.632084008751370447e+02
1.328542919959101937e+03
2.199240980660225887e+03
4.198318025615240913e+03
5.387533187160877333e+02
7.166875317346143675e+02
2.500115347992982606e+03
2.796416421827926115e+03
6.053578742933382273e+02
1.197950156803610071e+03
1.544910173894407308e+03
1.712384005455233137e+03
1.813453703285661732e+03
2.967885539328669893e+03
3.641359884296591645e+03
5.606566220223925257e+02
9.857937725242885563e+02
1.470622135836466441e+03
2.785657428197517220e+03
3.145311545861774903e+03
7.691617455629474307e+02
1.281373474711314202e+03
1.372599195217186207e+03
3.555515993205619907e+03
2.320023782905525877e+03
7.502586111043835899e+02
1.329140007107502242e+03
2.472561086127318504e+03
3.334290656707884409e+03
4.692906039946316810e+02
1.062532672844689841e+03
2.043108095719682979e+03
3.592615062064649010e+03
5.444300394666263401e+02
1.503424975439045966e+03
1.387609984133250464e+03
2.072234496023987049e+03
1.654332508231659858e+03
1.722678912144327796e+03
3.758137120520489134e+03
1.236331506814709201e+03
9.490172753616024011e+02
1.249257320315813558e+03
1.689378217062553858e+03
4.085502320642506675e+03
1.706071055376211689e+03
7.744778751314000829e+02
1.338871286394627305e+03
1.409607177599702482e+03
1.670956320335766577e+03
3.688771785431006720e+03
1.941985323052677586e+03
9.679488872437706277e+02
1.242555339367298529e+03
1.380046180538580757e+03
1.553729003473833245e+03
1.819692181780927967e+03
1.894623622458453610e+03
2.160032108562991198e+03
3.504810406525256894e+03
1.236657635449498457e+03
1.055841202518139653e+03
1.465715664678552230e+03
1.764529270272992335e+03
3.493112552700188644e+03
1.636569730696182205e+03
8.351981194985340835e+02
1.397093672624193232e+03
1.730855861188931613e+03
3.496751191634917177e+03
1.643807583653705478e+03
1.149837338319191986e+03
1.182604871476256449e+03
1.645598815493280881e+03
1.927236633828837284e+03
1.831899426852231500e+03
4.089475142583758497e+03
2.546055861490769985e+03
1.397226707904447096e+02
7.363661987273482055e+02
1.983119337010242361e+03
4.168280364143568477e+03
9.149263732205303086e+02
3.341351921187599601e+02
1.071325185921215279e+03
2.998489402952554883e+03
3.884958854676101964e+03
3.124598047239791185e+02
6.128942218860917137e+02
1.268186262502177897e+03
3.480026496894582124e+03
3.000241174356245665e+03
3.913251063950262392e+02
1.083117625634700289e+03
1.584071820055020680e+03
1.894496306618420476e+03
2.933205011973518140e+03
3.606383931443792335e+03
4.640866401032546946e+02
9.399089223488238076e+02
1.615658647450641183e+03
1.739355087378143935e+03
3.536163143525511714e+03
2.935232961814826922e+03
3.675715306277623426e+02
1.078368538664543848e+03
1.549495937571335844e+03
2.614267738442795689e+03
3.739449133665913450e+03
4.872879559520525277e+02
9.617833166796780233e+02
1.434721154536820904e+03
1.718682890334902822e+03
3.588483441344346375e+03
2.609576811715536223e+03
5.804251673398998719e+02
1.108511230357887598e+03
1.564582211070888206e+03
1.885761154153115967e+03
3.678934492192173366e+03
2.190242316935025883e+03
7.828673268013626512e+02
1.061913035607221673e+03
1.453509532737440850e+03
1.772295108771661717e+03
3.193206033008369104e+03
3.427751910750391289e+03
5.473001999280212431e+02
1.054150685773500300e+03
1.344027249055321136e+03
1.625551772552033981e+03
2.391713298566875892e+03
3.660638500376350294e+03
1.045633641578070183e+03
8.861116695858563617e+02
1.336499795379092802e+03
2.289929841685805059e+03
3.851026691924478655e+03
1.084302994819957348e+03
8.749796945130590302e+02
1.162692343252345381e+03
1.661572328175312578e+03
2.506229856981366993e+03
3.890991482909018487e+03
7.196851457320053669e+02
5.876706718083187297e+02
1.367322156313678761e+03
1.807361585464063864e+03
4.220064031132776108e+03
1.098622869404112407e+03
7.076703849229444359e+02
1.265136013312431714e+03
1.387087615491714132e+03
3.514667508922947945e+03
2.705970195918338050e+03
4.976806655950771869e+02
1.231437526882799375e+03
1.351274477665829863e+03
3.485639581381311018e+03
2.823689181359121903e+03
6.151360671757649925e+02
1.062567083266762211e+03
1.456117177127917785e+03
3.465841126946083023e+03
2.552242694359993493e+03
6.874656976204537386e+02
1.171764169486640867e+03
2.319404318210280508e+03
3.744349348489961358e+03
6.930552091911663410e+02
8.650705293473506572e+02
1.441611164065045386e+03
2.621196662899071725e+03
3.658209126912021929e+03
4.958666743361968088e+02
1.013432780376556025e+03
1.570288145244988073e+03
4.124323010831721149e+03
9.961287725018552237e+02
9.224282903772856343e+02
1.408779551671555282e+03
2.973661851866499546e+03
1.464544815466060300e+03
1.084072957633513170e+03
1.390793707867388321e+03
2.066383027033470171e+03
4.041836886558573497e+03
1.358166371322320401e+03
8.270070622585625415e+02
1.465647364803871596e+03
1.487094184518631664e+03
2.457278884098855542e+03
3.539177215032192635e+03
7.530067801349058527e+02
