2.000303365872881614e+03
1.839191859468619896e+03
1.810457929221906170e+03
1.683156879651531881e+03
1.711644160783115922e+03
1.797667230460998780e+03
1.887453065720663972e+03
1.920484764286720747e+03
1.864035177313996428e+03
2.005643279463210547e+03
2.533069093086370231e+03
2.917510925041751761e+03
2.219153050095012532e+03
1.732396937055007129e+03
1.766607046186986508e+03
1.820265186671289939e+03
1.638652599315042153e+03
1.565018351912210392e+03
1.711961968349876770e+03
1.858082695697172085e+03
1.929700520957306253e+03
1.979629348587714048e+03
2.410217907236389237e+03
2.866618408590280978e+03
2.324289739598846609e+03
1.797554410457321410e+03
1.679766943477335872e+03
1.534295327350313300e+03
1.660752196711065380e+03
1.794716932986121947e+03
1.860874259489743281e+03
1.995778336720887637e+03
2.274526059932807129e+03
2.747186635512508474e+03
2.366979326979364487e+03
1.856853592676634435e+03
1.782636135058109858e+03
1.721707259715066812e+03
1.673075492640382208e+03
1.747894252520128020e+03
1.788569552374851582e+03
1.953569029705135563e+03
2.446708155694179823e+03
2.749951787595512087e+03
2.082836947771380892e+03
1.608133526997424042e+03
1.710695732603430088e+03
1.791476060919741712e+03
1.780519077861913956e+03
1.935691254738869247e+03
1.953187199635551451e+03
2.386154566862905540e+03
2.687957061999928101e+03
1.738480678061124536e+03
1.551925904352875023e+03
1.640862494680450936e+03
1.845028636568293223e+03
2.107199216401424110e+03
2.899789479751305407e+03
2.444711883198980104e+03
1.775851952842169112e+03
1.827590794918658275e+03
1.614634337800525373e+03
1.583383374805994890e+03
1.761111876937240368e+03
1.816593039868691903e+03
2.079185199354569249e+03
2.917018809892404533e+03
2.297054993386937440e+03
1.747234341455349295e+03
1.694959388520339871e+03
1.669059357853372376e+03
1.777660198307035898e+03
1.835748617261150684e+03
1.866271655424346136e+03
2.006320968911504224e+03
2.194073489751052421e+03
2.842588881288470020e+03
1.877252976479511290e+03
1.529751320791568787e+03
1.785574930040025720e+03
1.913370230189908852e+03
1.893078401736653632e+03
2.633209742873054893e+03
2.519096035775492055e+03
1.651444154732685774e+03
1.648914250490129689e+03
1.786881133274226386e+03
1.834839391508074641e+03
2.332412948782974581e+03
2.804451302672726342e+03
1.998256190453147383e+03
1.624033120659197493e+03
1.622791731996321232e+03
1.682776362600299990e+03
1.867945329182917931e+03
1.867396551640821372e+03
2.609597491638594875e+03
2.775490651807700033e+03
1.752632563013747131e+03
1.890806007688983073e+03
1.503600574532668361e+03
1.565833791112706876e+03
1.774569312159097080e+03
1.954451167613011421e+03
2.114099255780821295e+03
2.382782967402836675e+03
2.750180271581435591e+03
1.916110990566459350e+03
1.543189475402309199e+03
1.743247002093519995e+03
1.781174171415938872e+03
1.888494840119475612e+03
1.979084350673351764e+03
2.022677776600721245e+03
2.519977978517879819e+03
2.554164432476743059e+03
1.651275894409397097e+03
1.639264592734627058e+03
1.710888813159381471e+03
1.913556955469830200e+03
2.012918487107819146e+03
2.501932413529195856e+03
2.746292878817353994e+03
2.099908748357736386e+03
1.727283191895336586e+03
1.550463721040375049e+03
1.584137907061853184e+03
1.690719533379005952e+03
1.791970122519142478e+03
1.955705060464472353e+03
2.052325805987178228e+03
2.496502003765623158e+03
2.762453959383011352e+03
2.324030720065512469e+03
1.576614098553057602e+03
1.607526809064555664e+03
1.761883190292607424e+03
1.809682234253571096e+03
1.797315325937701346e+03
1.864160844239718017e+03
1.904039722154371020e+03
2.376576694740928815e+03
2.871681868803235375e+03
1.895019812258778074e+03
1.529713802027817337e+03
1.583263494798770807e+03
1.683785913312717639e+03
1.905499048881295721e+03
2.018079551470797014e+03
2.775356798662533947e+03
2.546596388723318796e+03
1.791864838023860102e+03
1.624844918234359511e+03
1.714966835876118921e+03
1.704278321305754162e+03
1.806575636170404323e+03
1.948230037925186252e+03
1.919203436206233619e+03
2.801431353935133302e+03
2.515452539601077660e+03
1.643750158264259881e+03
1.666491983429513994e+03
1.693028771491381349e+03
1.701583473247636221e+03
2.038683895407461932e+03
2.817404984607961978e+03
2.048970411199039972e+03
1.651989819690797958e+03
1.705489441532982937e+03
1.774826093528523415e+03
1.851031232628462703e+03
2.691335978733669890e+03
2.387712112768771931e+03
1.623499752090620177e+03
1.714285421787179075e+03
1.753664615139547777e+03
1.827129655040259195e+03
2.121947102323229956e+03
2.858366584961611352e+03
1.997952950216137651e+03
1.481733028957037050e+03
1.603370137761298793e+03
1.828426631163348702e+03
2.486119329519633538e+03
2.646621001440576492e+03
1.695597317095087874e+03
1.636190557118319020e+03
1.700024057550529051e+03
1.790124280091077253e+03
2.032362890956274214e+03
2.251488094883629401e+03
2.934199161726376587e+03
2.293670192864297860e+03
1.634890849997474334e+03
1.534233677819960576e+03
1.525665333955232427e+03
1.757767907025243630e+03
2.185997511870540166e+03
2.780252622261039960e+03
2.004462811454040775e+03
1.598015892852135266e+03
1.725993083145632227e+03
1.816024450677606183e+03
1.884057336088879993e+03
1.993895256900691038e+03
1.992491338487556050e+03
2.643046214300885367e+03
2.738998695847446470e+03
2.093792641648760764e+03
1.764027217375710507e+03
1.420987025389258406e+03
1.568930430427855981e+03
1.675355580246982754e+03
1.877500955879424737e+03
2.197499166595076986e+03
2.795535111216704991e+03
2.307169583870480437e+03
1.724387183142771846e+03
1.691443641580376607e+03
1.677996299423098662e+03
1.819600613573769579e+03
1.900332745067829364e+03
1.914590854958351429e+03
1.986355473400289839e+03
1.910302174928134718e+03
1.928526753999540006e+03
2.916973908115446648e+03
2.652925477624928590e+03
1.723311510122651271e+03
1.517556638014924829e+03
1.639856433253745536e+03
1.777009446980168832e+03
1.756499572918408148e+03
2.299331323199704912e+03
3.025585255193528155e+03
2.204819995313626805e+03
1.560484753027679062e+03
1.482776902910116860e+03
1.619319259990838418e+03
1.774305535860100463e+03
1.868297890241547748e+03
2.681716593856737745e+03
2.701038669539980674e+03
1.636624098803118386e+03
1.602597597524471212e+03
1.656280359893891728e+03
1.857158599704565177e+03
1.914621051782410859e+03
2.759771266956124236e+03
2.489968480879069830e+03
1.549997745479843616e+03
1.683038209542478398e+03
1.610480070914093631e+03
1.861790379592195904e+03
2.753259797936821087e+03
2.479387512221107045e+03
1.554865053944773990e+03
1.648389543222371231e+03
1.751866862463916505e+03
2.541340411526046864e+03
2.399834718711521418e+03
1.701944937654860269e+03
1.646327119953892634e+03
1.638433081992960979e+03
1.905874348279328842e+03
2.190390954356327711e+03
3.003835453687936933e+03
2.300876015014871427e+03
1.563393141221275528e+03
1.600150640331744853e+03
1.715240450347143224e+03
1.686160085404447727e+03
1.819053927438019173e+03
1.876988151158699566e+03
2.768563715906078869e+03
2.752182081944361471e+03
2.017652993724165299e+03
1.655929820724797310e+03
1.573231962896965342e+03
1.626572053515292055e+03
1.715471581801729371e+03
1.825861625640320426e+03
1.982738472902049807e+03
