8.862840363052932844e+02
2.938025624736073041e+03
2.576316262599626043e+03
7.437023428352933934e+02
1.355213914686121598e+03
3.275090316234357033e+03
1.631209912177608203e+03
9.206879666648355851e+02
1.781728575368573502e+03
2.255176502340246316e+03
1.418348889119177329e+03
3.738666754729231798e+03
2.432823847094191024e+03
4.520129413089341597e+01
1.295440836027409659e+03
3.031859654668609892e+03
3.372460381532443080e+03
4.077278822049019027e+02
7.811541615696829695e+02
1.615985038901225835e+03
3.363204862041196975e+03
2.988802799043819959e+03
1.149157721855881846e+03
5.889603593169179874e+01
8.761209296603948360e+02
2.570170181815091382e+03
7.052225596421081946e+02
1.227442295171454589e+03
2.561693549974451798e+03
2.152836549334642768e+03
1.136719742936492821e+03
1.958938232093705892e+03
3.271601109139649907e+03
1.131483950377455130e+03
1.349432682099290332e+03
3.298925543077195016e+03
2.551258498326143581e+03
5.190294437037809985e+02
1.242418216022733532e+03
2.990613737291766483e+03
1.962199599918508284e+03
7.828428723505544440e+02
1.313575199696453410e+03
3.118212089222265149e+03
1.448254134766026027e+03
1.090526352370974337e+03
2.568628605177930694e+03
3.043598258906100000e+03
9.888177304795406144e+02
8.449684936180295836e+02
2.677286581904206287e+03
3.338481485993542265e+03
6.252843862396138093e+02
8.954910003236288958e+02
2.940179129188385559e+03
2.212979695301380616e+03
2.719040232811434521e+02
2.380868489014093029e+03
3.792743937907930558e+03
1.926470182272346392e+03
4.813653555083272408e+02
8.915844182852788435e+02
2.683112728062747010e+03
2.005272351196933869e+03
1.124808761110379692e+03
2.408902714631184153e+03
2.231128140165990317e+03
1.153705197811058724e+03
1.503680577274670668e+03
3.074919128829333204e+03
1.496620019498731835e+03
1.042071790454280972e+03
1.973387785304531008e+03
3.397792147896204824e+03
1.694102011630103107e+03
7.569627638581383735e+02
1.089506135995449313e+03
1.683025791780966529e+03
1.684177174818139520e+03
3.960454626696860032e+03
1.099907686173744878e+03
4.634872912686412860e+02
1.786825819855976306e+03
3.577298331056876123e+03
1.381775195337688274e+03
6.921955001212638763e+02
2.022106249341331022e+03
3.306664118412038988e+03
1.337711639664470113e+03
7.174088790842780554e+02
2.799782444282362576e+03
2.724728478863398777e+03
7.372110942001714875e+02
1.171422124035721936e+03
2.950525521260514779e+03
2.078498826313755671e+03
7.625987545027317083e+02
1.844485214939996922e+03
3.209926226259748091e+03
1.078026469486480664e+03
6.376048609445815600e+02
3.096274059605655566e+03
3.393223788719290951e+03
6.210125267054763754e+02
4.640793229881473394e+02
2.279885475988683538e+03
3.865752927735350568e+03
1.539228676821170893e+03
2.755168357707649420e+02
1.372190820158842598e+03
3.739760140535249320e+03
9.791344455500010326e+02
4.641766925116927496e+02
2.474020141177893493e+03
3.603956973705712699e+03
1.045826546555625782e+03
6.717231493300935199e+02
1.854565140029973008e+03
3.947730733553156369e+03
1.190788293781282846e+03
2.399479030543423960e+03
-1.537728128677949258e+02
7.213719401884509352e+02
3.457078404951040739e+03
1.795328318918329614e+03
3.934810201513944321e+02
5.460434028629673548e+02
2.312359826702707778e+03
4.123093476824808022e+03
2.150966201342822387e+03
2.574197763938173580e+02
5.667706045525254694e+02
2.078702497936526015e+03
3.788868590009001764e+03
1.860590806021378739e+03
4.063912420009931452e+02
1.004788149258571934e+03
3.203951297161001094e+03
3.366160477148506743e+03
8.075856701658863130e+02
1.411124863525932369e+03
1.244708334165814449e+03
1.769212360019242169e+03
1.933641062281796394e+03
1.585928013815951772e+03
2.469544938904926767e+03
2.809927869024817483e+03
1.368023805593868701e+03
1.344806586423894714e+03
2.578144260411595042e+03
2.962028421721287486e+03
1.100937710550676684e+03
1.118042355789800013e+03
3.230982946769040154e+03
3.065274782658449567e+03
8.901040250019188989e+02
4.300615259985012244e+02
1.922748438361844592e+03
3.748778355733668377e+03
2.513537281106491719e+03
7.055735749665512913e+01
-1.236656940359617529e+01
2.502805867563376978e+03
3.585981993152666746e+03
1.443239309562166682e+03
6.396282026479452725e+02
1.172249742661828577e+03
3.108798345886426887e+03
2.411202321417289113e+03
8.975060148994158453e+02
1.126823798394522555e+03
2.913942183049924552e+03
2.176435718997821823e+03
8.830558893958291264e+02
1.710344366350460177e+03
2.969929144334361808e+03
1.402691325379477576e+03
1.080016795615537148e+03
2.663839528325197534e+03
2.795650446538881170e+03
8.736390504338847904e+02
1.086873355161591689e+03
3.188531375617260437e+03
3.045970888782322618e+03
4.057056265324414426e+02
6.145828439947435982e+02
3.169596865959816569e+03
4.123049897816471457e+03
1.137946168164703749e+03
-8.521602451726786853e+01
2.040539938519475072e+03
4.034414990952534481e+03
1.860479593514615544e+03
2.204446884054915756e+02
6.419160472433144378e+02
3.010935433764563641e+03
2.750641219003642618e+03
6.161352029460277890e+01
1.208526759486727769e+03
3.486393830741233614e+03
2.134529713661249843e+03
7.191097579194206446e+02
1.124473944057020844e+03
3.388443260102168551e+03
3.277469845431117392e+03
1.339172655683066296e+03
1.012190490979579749e+03
4.288199912928510003e+02
2.305578899714206273e+03
4.117097480058051588e+03
2.159929024113054311e+03
9.424113609239518041e+01
4.733158966817872511e+02
2.041180297354669619e+03
4.038030901644084679e+03
2.126495507191656543e+03
2.193619387902442952e+02
7.962724619205702083e+02
3.131529700450273594e+03
1.240218602959986583e+03
8.827957344544231546e+02
2.819433757928011346e+03
4.116859746915927644e+03
2.849823032918920035e+03
2.562497909142554818e+03
-1.780177376809166674e+02
1.809322284665853886e+03
6.039256673703546312e+02
1.397293203933417317e+03
3.377554614530099570e+03
1.197509603295577108e+03
8.864306008240206438e+02
2.384863848638980016e+03
3.498014825225719960e+03
1.413910292177200063e+03
7.307468962309727658e+02
1.649795725457321623e+03
3.316513624175068799e+03
1.363833821103007949e+03
9.503718470592998528e+02
2.533647477434125904e+03
3.067053783038132678e+03
6.221642066385534235e+02
1.149864183942731415e+03
3.509357992278383790e+03
3.451466281561310097e+03
6.001330065701041576e+02
5.860537019653838797e+02
2.472628475849343431e+03
1.788960311667039150e+03
8.449640415720344890e+02
2.449016950295119386e+03
3.003060890261219356e+03
8.550969542133603909e+02
1.033344314401035945e+03
2.978835706225058857e+03
1.737462512702038111e+03
6.569944679597192589e+02
2.378949740638608546e+03
2.782994966982600545e+03
1.064378226813783385e+03
1.579318984478925813e+03
3.246258520266258529e+03
1.378477149930173027e+03
6.923560653080678549e+02
2.357811265436127087e+03
3.742130130148706940e+03
1.832572990157821323e+03
-4.526332932608224269e+01
8.358031144404400266e+02
3.415674233674528296e+03
3.619798746538561772e+03
2.543944247293016190e+02
3.152118146902351441e+02
2.403580910599945582e+03
3.731051054344569366e+03
1.280913799385121138e+03
3.517783740276701678e+02
1.078535311205054541e+03
3.176295318137240884e+03
3.764645107619193823e+03
1.114845675697221395e+03
1.266252507489427472e+02
1.006105751165899846e+03
2.967117089188520822e+03
