1.954476999022022028e+03
1.867505719275747197e+03
2.062082849388680643e+03
2.876431065113071327e+03
2.080253838690429347e+03
1.191278960125255480e+03
1.317885101761770557e+03
1.663373004039615580e+03
1.752574862314773100e+03
1.812013619114051835e+03
2.035426315449126832e+03
2.594350992384308938e+03
2.184986882762071218e+03
1.342406885252099073e+03
1.301170285364497204e+03
1.594340318104856806e+03
1.817826941389165313e+03
1.830983371146626041e+03
1.838073447224997608e+03
2.589716928745705900e+03
2.244390053126826842e+03
1.128526910319981880e+03
1.453059362592674688e+03
1.676122757365446432e+03
1.767699848921649846e+03
2.644698893177202535e+03
2.659247140325969212e+03
1.258372888928445491e+03
1.304808383321536667e+03
1.536980244016765027e+03
1.662017345009182691e+03
1.996391093697920496e+03
2.651092115577612276e+03
2.347798961862453780e+03
1.238251656367926898e+03
1.402739748749977934e+03
1.572108324066769455e+03
1.772059088528941629e+03
1.817857340581589824e+03
1.877232671499171602e+03
2.439257937989940274e+03
2.543414791631848402e+03
1.243442322562804520e+03
1.468144675070054518e+03
1.720458767651319249e+03
1.757314228307835492e+03
2.282053481745374029e+03
2.692006047892301012e+03
1.345089990193489029e+03
1.302852316374530574e+03
1.625646317961696695e+03
1.676981361560053756e+03
1.975605581800680056e+03
2.552676317846161965e+03
2.392387237211214142e+03
1.210625928294047299e+03
1.369631804822312461e+03
1.591132777630167766e+03
2.542744189832538723e+03
2.171194721510618820e+03
1.207813535251079657e+03
1.420902303002748795e+03
1.818297199258242699e+03
2.657261780842035023e+03
2.650037208411232314e+03
1.947573655014713040e+03
1.109084921462767170e+03
1.170966557337259701e+03
1.472243430195297606e+03
1.856948778331134235e+03
2.695944320135683483e+03
2.670453390695107373e+03
1.374198227112355426e+03
1.112213097350025464e+03
1.372309279375140022e+03
1.698923032170527676e+03
1.769777245862065229e+03
2.866828360166521179e+03
2.788462234822651226e+03
1.487414818033818392e+03
1.047902829548679392e+03
1.322032656759647807e+03
1.569840705341409375e+03
2.138160295998581205e+03
2.709610503563957991e+03
1.616510303669826726e+03
1.230628403228625757e+03
1.556199822725196100e+03
1.841338636683716231e+03
1.796640024749754502e+03
2.598036388617276771e+03
2.660746187212358564e+03
1.185694447664707241e+03
1.280624665762366703e+03
1.595140623890149300e+03
1.920137907648981354e+03
2.634790340322767861e+03
2.570714296740040936e+03
1.057771016506864044e+03
1.188897263170706310e+03
1.611160954484691274e+03
2.314615790284520699e+03
2.876429045265465447e+03
1.815909742677388522e+03
1.089388975456039816e+03
1.260645872599022596e+03
1.596576405144811588e+03
1.979677573475639292e+03
2.726401386836381789e+03
2.345831252921946998e+03
1.201103410556558629e+03
1.292389248096506208e+03
1.502309799476288390e+03
1.756594432646327959e+03
2.575346742478834585e+03
2.702990019927475259e+03
1.361286018449322682e+03
1.214865810931946498e+03
1.462018426443445605e+03
1.655320498435465879e+03
2.475168882614300855e+03
2.816161083404504097e+03
1.564681455665579733e+03
1.182428864591209276e+03
1.510042428151854210e+03
1.635970766518750679e+03
1.793660073698133147e+03
2.453197638904789073e+03
2.798259913091095314e+03
1.498474384159256488e+03
1.176661295872276469e+03
1.421856305204888258e+03
1.639235433446215211e+03
2.697413427933864568e+03
2.606163510991465955e+03
1.297357283630088659e+03
1.244889351852427808e+03
1.551498226515079295e+03
1.665393759192866128e+03
1.892882838891067195e+03
2.591845612401506969e+03
2.662001264320328119e+03
1.297929330070831156e+03
1.288123283703235757e+03
1.580305448618699529e+03
1.795502278911608300e+03
2.573571508518412884e+03
2.481545525244828241e+03
1.272788982424533515e+03
1.803893092296511895e+03
1.423980274789435498e+03
1.438418231763598442e+03
1.862567596515063315e+03
2.539716454311323560e+03
2.487442302654676496e+03
1.158475456391671514e+03
1.322952789446972474e+03
1.745876013193146264e+03
2.627828517567042582e+03
2.380806346509958530e+03
1.117751429054851769e+03
1.386983219056385906e+03
1.643276296740980797e+03
1.819563419907073694e+03
2.736567842567068510e+03
2.334129975679801646e+03
1.159219226026520346e+03
1.371121734974593664e+03
1.703769122454997387e+03
1.817229836285082229e+03
2.493314293506574813e+03
2.550012877371820650e+03
1.297370851927610602e+03
1.343184043900756024e+03
1.631699756136887800e+03
1.813574069813054621e+03
2.362336959950941946e+03
2.392472148162295980e+03
1.274572839873216935e+03
1.424913368588760477e+03
1.749540782202119772e+03
1.944170162652944100e+03
2.682643846738653338e+03
2.577336511519582018e+03
1.157325087729874667e+03
1.179881414508220359e+03
1.532257924058088975e+03
1.801560010848899992e+03
2.423865852358016127e+03
2.634567896250104241e+03
1.319042364682983361e+03
1.257615777698120610e+03
1.568446657868648799e+03
1.700556373095795607e+03
2.187359855153023091e+03
2.811766032111512686e+03
1.878067716527659968e+03
1.153038529402075028e+03
1.372311570602343409e+03
1.682055558075569706e+03
1.736405338844714379e+03
2.236504277840485884e+03
2.714137751666073655e+03
1.635039954847288982e+03
1.580767539923815775e+03
1.812952453025191062e+03
1.847828380001390315e+03
1.318404799095462295e+03
1.518581613613680929e+03
1.841857947698830458e+03
2.706072754361578063e+03
2.579175040298740441e+03
1.449464566895520420e+03
1.209564155413038634e+03
1.377361938914759548e+03
1.694408987587471756e+03
2.014343827064082461e+03
2.672056870442180298e+03
2.419420450707339114e+03
1.306780643733055058e+03
1.201054143880034644e+03
1.490610286464612955e+03
1.714307621845953918e+03
1.766632323857591700e+03
2.544182739394769669e+03
2.735965078635575082e+03
1.708973578037801644e+03
1.234971484095489814e+03
1.374922692015307121e+03
1.559546520259380486e+03
1.810247546680936694e+03
2.069577894296468457e+03
2.636784922970251046e+03
1.985343362114545698e+03
1.260162230346782962e+03
1.457461452702825454e+03
1.715747975914227482e+03
1.836810784516053218e+03
2.523575110231382951e+03
2.498211473221802407e+03
1.274329283771761538e+03
1.353804301044553085e+03
1.555487211411230874e+03
1.676604739737248792e+03
1.858290907561613949e+03
2.823085386724846558e+03
2.707226096635641170e+03
1.604683207220597751e+03
1.155754046324947467e+03
1.314340479667162299e+03
1.549277831590063670e+03
1.794932337599273524e+03
2.125610822488711619e+03
2.685723937904316699e+03
1.685343239637690886e+03
1.239696164053870007e+03
1.523683410396654608e+03
1.771622959547175697e+03
1.992324866618984288e+03
2.695314420167262142e+03
1.662686623981139519e+03
1.317010673420485091e+03
1.571544072156367065e+03
1.812684867506405681e+03
2.150687167192316792e+03
2.654170712727308000e+03
2.248850089905816731e+03
1.147482723614592032e+03
1.251087749963393208e+03
1.617337824407828293e+03
1.747798268951693444e+03
1.817793604217603161e+03
2.300523147103367137e+03
2.600204974947950177e+03
1.535362281801437803e+03
1.325696162688899221e+03
1.555263988554299203e+03
1.766757112572849564e+03
2.531663022528940928e+03
2.748375872602891832e+03
1.941796552316617863e+03
1.279647631817455249e+03
1.192456567663420628e+03
1.403347130410170166e+03
1.615483608608103168e+03
