1.580868747517849897e+03
2.673225726544808822e+03
2.751642099224919548e+03
7.691094836328452402e+02
1.313624823262473910e+03
1.827523967336997657e+03
2.942020134532050633e+03
1.353785914307185976e+03
1.353281877742815368e+03
1.955924310872010665e+03
2.650274620207119824e+03
1.170033593085678604e+03
1.617654645478899283e+03
2.692509828002635459e+03
1.931143238362987859e+03
1.438749215240538433e+03
1.930819557263528395e+03
3.145725685731012618e+03
9.742828101256535547e+02
1.223998529186511632e+03
1.669060337911693523e+03
2.226362378958941008e+03
2.202154480875562058e+03
1.287482742103767578e+03
1.657327116481913436e+03
2.337263848399358722e+03
2.076916035309076506e+03
1.365663687899584829e+03
1.572586571616613128e+03
1.911117129960726515e+03
2.912766248223177172e+03
1.329616387627379027e+03
1.295784566681893693e+03
1.628958817438560800e+03
2.215505228707037986e+03
3.248889942365533898e+03
1.397978691238540705e+03
9.056290250389743051e+02
1.598127618455284846e+03
2.201349433748216597e+03
3.142713532334739739e+03
9.845129081318599447e+02
9.878820838241492766e+02
1.517928409136831078e+03
2.850065231388142820e+03
2.629072185397134945e+03
6.853854407338731107e+02
1.328008913774073108e+03
1.673596056292970161e+03
3.004933031650813064e+03
2.597318592033549976e+03
8.866054170782246047e+02
1.229446287389303052e+03
1.559040754930029152e+03
2.623237758512249457e+03
2.932811286529375138e+03
6.317417856937090619e+02
1.121062968508220592e+03
1.853906639894552882e+03
3.157237333108647817e+03
1.896107459924091245e+03
1.362526621077484151e+03
1.357643743801945902e+03
2.262405383227875063e+03
3.005262798553936136e+03
2.113879228215276726e+03
4.746510281863234013e+02
1.598768552556701252e+03
2.008647804678977991e+03
3.336010800037165154e+03
1.863591203195738899e+03
7.577150601711699665e+02
1.264227394897059185e+03
2.252033878754347825e+03
3.386560903317774319e+03
1.178506961593614051e+03
7.302759935319954820e+02
1.318415337168170481e+03
1.873459856540098826e+03
3.236665887717276291e+03
2.186513257201560918e+03
1.072276512441000250e+03
1.219167148527912559e+03
1.630610594898714453e+03
3.128839043847754510e+03
2.573092214585609781e+03
6.778362070343384858e+02
1.055471190507301799e+03
1.560141430817340051e+03
2.901903245513935417e+03
2.712083541281972430e+03
7.548666084106924927e+02
1.403992632746246500e+03
1.761806116566157925e+03
2.935514034101826837e+03
2.545401837639390578e+03
6.890057392375800873e+02
1.288777928392712056e+03
2.208370748686155821e+03
3.345649958033414805e+03
9.737202976298312933e+02
1.176643050419533893e+03
1.625212269064064003e+03
2.537176227891967301e+03
3.261161975408986564e+03
6.796946587754862321e+02
1.067925436590824575e+03
1.526772083302386591e+03
3.002376907557284085e+03
2.958273787207433088e+03
5.446323494931392588e+02
1.195129508360387263e+03
2.038157265981203182e+03
3.360667739755492221e+03
1.423522784300540707e+03
8.529163815912658038e+02
1.384558962662212707e+03
2.753929538512941235e+03
2.675224639752842450e+03
6.637374890586756919e+02
1.212095823250469493e+03
2.782881223641996257e+03
2.910595487480165048e+03
6.075186696872893890e+02
1.249858871073945693e+03
1.982410891902079584e+03
3.047483326681052404e+03
1.944556712019468478e+03
9.820315403509323460e+02
1.591634807811605015e+03
2.854954672880505768e+03
2.478737607557387946e+03
4.935907658733426047e+02
1.165341409115812212e+03
2.461623925420957676e+03
2.929081885538859751e+03
1.254527393635216868e+03
1.225869596386800140e+03
1.653139149516646057e+03
2.573840406101316148e+03
3.401057280683424779e+03
5.112879405247094837e+02
9.960416960210385469e+02
1.591648397410737743e+03
2.926067001149256612e+03
3.336746244506133735e+03
6.772819317768735345e+02
8.890391607468817483e+02
1.475883992185195666e+03
3.169709712545434286e+03
2.617644926700484120e+03
6.992252331867790645e+02
1.084046694071285401e+03
1.942795123866198765e+03
3.486612799645097766e+03
1.529080166364872639e+03
8.111584992072720297e+02
1.250325540843244653e+03
3.034885355924812302e+03
2.781433644765890676e+03
5.416330752121422165e+02
1.004237043738017746e+03
2.467172895266029172e+03
3.591811064346607054e+03
9.627476034887878313e+02
1.160828666655326060e+03
1.638272481654051035e+03
2.711776524694707405e+03
2.807105755183883048e+03
8.564296747681909210e+02
1.193611882494212750e+03
1.356060184488949972e+03
2.939797203132978211e+03
2.402185035785726541e+03
6.612533134507629029e+02
1.300050712020385390e+03
2.119525498075846826e+03
3.139425166068909675e+03
1.707005035066355958e+03
9.328640941794716355e+02
1.427473205390467001e+03
2.348179154429807568e+03
2.855509489910653883e+03
7.911425271652718720e+02
1.057056403880734933e+03
1.679745807853930501e+03
2.791422708035661344e+03
2.798079433892798988e+03
9.892908734848321046e+02
1.199418311199545769e+03
1.673277333039352698e+03
2.671441629635520712e+03
2.654628802693562648e+03
1.055155041975789800e+03
1.357322954812499347e+03
1.809355430224256907e+03
2.822180534046770390e+03
2.090729989733815728e+03
1.070324254587217183e+03
1.403514864435242998e+03
2.223736110248682508e+03
3.084318627838245447e+03
1.065015569020861221e+03
1.185862269175895790e+03
1.753076863070649551e+03
3.909033756828041533e+03
1.679059676345946173e+03
1.491559162163002611e+03
1.011323149573259457e+03
1.206734764450929788e+03
2.794016573655721913e+03
3.230288828304822346e+03
6.352057909898154549e+02
1.051676748592760532e+03
1.605628837263688183e+03
2.792225904762878145e+03
3.104028114755485149e+03
6.597727379953621494e+02
1.107047108327396927e+03
1.507313295345865527e+03
2.911161905041223235e+03
3.253742535246803527e+03
5.802695140301996162e+02
7.251465400094238021e+02
1.692732683402289240e+03
3.241637857116293162e+03
2.720195017821038164e+03
5.539996038495058883e+02
1.125952383167222706e+03
2.066706775905222912e+03
3.504360300394815113e+03
1.310452488251773957e+03
7.677615912128555919e+02
1.518174034440541391e+03
2.973602419295212712e+03
2.399662589817547087e+03
6.913235532806600077e+02
1.243752429592861745e+03
2.229474190379474294e+03
3.484384078636979211e+03
9.315661682395129901e+02
8.987637499220272730e+02
1.518668700798642703e+03
3.066106106539666598e+03
2.234003478257396637e+03
2.816956699607639621e+03
4.175348353458437487e+03
7.939741168514012770e+02
-1.834580487519710346e+01
6.368717046813836760e+02
7.083641273657059401e+02
1.321054191801335946e+03
1.792046971231256748e+03
2.035542686772662137e+03
2.090344456898720182e+03
2.053517569262712641e+03
2.327815804119994027e+03
2.365684880640943447e+03
1.581049806514994998e+03
1.771171597565713228e+03
1.835034987985186262e+03
1.885799860449662901e+03
1.901908294535076948e+03
1.906133871399717009e+03
1.888537259691808686e+03
1.859902620288442449e+03
2.003454630410052232e+03
1.905450384571284303e+03
3.718262355598182694e+03
8.746505681915358537e+02
1.136216324600008420e+03
1.686311183101123561e+03
1.854914049843493558e+03
1.859931445866621061e+03
1.894847952729149256e+03
1.993404224729389625e+03
3.588232654225386796e+03
6.909849626296224869e+02
1.227889456080439686e+03
1.667859103924053898e+03
3.167603900849117508e+03
1.275948262350184677e+03
1.263698574685737640e+03
1.695728084850107052e+03
1.852096735402901004e+03
