3.700735583340768244e+03
9.274510000436937389e+02
6.884339356389380100e+02
1.096750751539222620e+03
3.431579414508070386e+03
4.127956489445023180e+03
1.357800598705616267e+03
4.110418189066966761e+02
8.592098843987539567e+02
2.344890866222187015e+03
4.147617192472140232e+03
1.509436961049432057e+03
6.222650854313667423e+02
1.322599831943765821e+03
3.910822567206748772e+03
2.307848698807728397e+03
7.427008091386873048e+02
1.092150767536629019e+03
1.911036258635939703e+03
3.970116893630266077e+03
1.935782986055108950e+03
1.017296253460628577e+03
1.167861844905939506e+03
2.641270857605631591e+03
3.877825707028843681e+03
1.188855493560974310e+03
1.086990297365648985e+03
1.480680575136207608e+03
3.654660422927124728e+03
3.395241499151070911e+03
9.751541937046125668e+02
1.027679602051532811e+03
1.777992502142945114e+03
2.684808781087263469e+03
3.799120694398963224e+03
1.722267986609315813e+03
1.626322281941062101e+03
5.795857007996979746e+02
1.139271330398030841e+03
3.798766272170244520e+03
2.088451443681868568e+03
8.861963097056236620e+02
1.185434429178971641e+03
3.983566043123771578e+03
1.877060997492409342e+03
8.303065920122950274e+02
1.311088694601289262e+03
3.356471926683188940e+03
2.831467456019393012e+03
9.669607884452690314e+02
1.564875999463636617e+03
3.617625023740280994e+03
1.405190907515692516e+03
9.890924786602952281e+02
1.945379579536641813e+03
3.825431818297301561e+03
1.274163121985460975e+03
9.183268190049045643e+02
1.958300054643688327e+03
3.817907947460757441e+03
1.612859062478339411e+03
1.128104145718416930e+03
1.487779311965648276e+03
3.437804277451747112e+03
2.307063267173567965e+03
1.117300987086020541e+03
1.489602627290240662e+03
3.300067859160489661e+03
2.487829544916144641e+03
1.156657630258262543e+03
1.237748502105159105e+03
2.782164429705012935e+03
3.209006158908157431e+03
1.173799257609900678e+03
9.887364488563758869e+02
2.849832858952292099e+03
3.160038734451386517e+03
1.087409991331042420e+03
9.916017733654873609e+02
2.203542241530921729e+03
4.136747925640979702e+03
7.578154322930831768e+02
8.596373642858894755e+02
3.702119823810782236e+03
1.797300661857601199e+03
9.261402750255971341e+02
2.392623386394823228e+03
3.660147339245321746e+03
8.468826525524960971e+02
1.014810986719818061e+03
3.938289733572099976e+03
1.430372579782403591e+03
7.990227553241920759e+02
2.992280703612033903e+03
2.768909653660113236e+03
9.120633982774869537e+02
9.552992675321288516e+02
2.919313190795255196e+03
3.626130012600538521e+03
1.942539227827887089e+03
1.382274392865515665e+03
1.169266474991468840e+03
1.393544478502062475e+03
3.415347292250855389e+03
2.424611238118359779e+03
1.153034658787363469e+03
1.309782546183895420e+03
1.654635292641380147e+03
3.862141059090250110e+03
2.194023406264328969e+03
1.168466513220758543e+03
1.207877589976573972e+03
2.794239834231049372e+03
3.839204968279400418e+03
1.145122865200933120e+03
1.027241456770383365e+03
1.638742599616088000e+03
3.945042772106882239e+03
1.780329939831757201e+03
8.211212388468222798e+02
1.435386636905042678e+03
3.961495492535153971e+03
2.505465821368572961e+03
8.700598485320185773e+02
9.867698926384144897e+02
1.310843781470849535e+03
3.181398359127452295e+03
4.149104937498331310e+03
1.752518330485818751e+03
6.457058452553189909e+02
8.152761430555445941e+02
1.384826951525632239e+03
3.131044959614518120e+03
3.149944217126149397e+03
1.212720928205860901e+03
1.360796790179496838e+03
1.437972468195084730e+03
3.281551997226892581e+03
2.327450996151040727e+03
1.184001755211367026e+03
1.305570661982852016e+03
2.556353998312967633e+03
3.435030891354169398e+03
1.490905709697707607e+03
1.205605256165348010e+03
1.398827447474755218e+03
3.061753332066287385e+03
3.281167269916898476e+03
1.091913068254901418e+03
9.736349902694458933e+02
2.689111460935291234e+03
3.662919859165996058e+03
1.253235231716481394e+03
9.333594318602030171e+02
2.569560778942663546e+03
3.956216339666658314e+03
1.358503717624711499e+03
7.843759335352564221e+02
1.966610709164235459e+03
3.645283232901362680e+03
1.206361575660838753e+03
6.362856216571925643e+02
3.157920107059808743e+03
2.797144074360146988e+03
9.564884668850245362e+02
1.520333712859383468e+03
3.809407679320323496e+03
1.848708744316603998e+03
1.051212541847050943e+03
1.697405079550346045e+03
3.677288831203937661e+03
1.443078903999322165e+03
9.877424045763312961e+02
2.612263955247476133e+03
2.782664499360283116e+03
1.093369291749945432e+03
1.975789491661614875e+03
3.385579644544422536e+03
1.201380157752593050e+03
1.429327374991947863e+03
2.734497301406064253e+03
2.723177876000950164e+03
1.148335139027803734e+03
1.266223856871426960e+03
2.630891584033230174e+03
3.039132230083661398e+03
1.149113939016058339e+03
1.391409508626343495e+03
1.906475461653393495e+03
3.620556481366526896e+03
1.603670706039770266e+03
1.148622430336948128e+03
1.557856194955849787e+03
3.393130211114161739e+03
2.533661612750531276e+03
1.051284470256520990e+03
1.004652723762825872e+03
2.750361890184765343e+03
3.717619639782457853e+03
1.081718093293425454e+03
7.854583439348692764e+02
2.371670765767750709e+03
4.028380444556697967e+03
1.694321037678494349e+03
1.190962204107786874e+03
1.107589244964359978e+03
3.070070008075154874e+03
2.731008743116891310e+03
1.485062846938072198e+03
9.281467794419088477e+02
3.251287436332225752e+03
4.029933255810570699e+03
1.098820477329585856e+03
7.289296041868293514e+02
1.098837437115307466e+03
1.623148918183933574e+03
3.419570222801502496e+03
2.490149571415159699e+03
9.414794382801004531e+02
8.840175049270649197e+02
2.750792844207049711e+03
4.001458625131900590e+03
1.410374627409980349e+03
7.520873475861482120e+02
1.507989788864302227e+03
3.842918744195338149e+03
2.068419575794975572e+03
1.019989075133313918e+03
1.367595149545984896e+03
3.758853785184629942e+03
2.021187935514966284e+03
8.238457745673503041e+02
1.128701979370907566e+03
3.299887463509223835e+03
3.484429974720327664e+03
9.881633315924774479e+02
9.308048320907944344e+02
2.555729072180551157e+03
3.479601354037279179e+03
1.261653082691464988e+03
1.212578825674827385e+03
2.140389398179749605e+03
3.408354905569554830e+03
1.415762681979452964e+03
8.637198522828978184e+02
2.154087672387316161e+03
3.351950730904549800e+03
1.269895576722099577e+03
1.126463148103536923e+03
3.484947591224529788e+03
2.280573775984137683e+03
7.877606797935717395e+02
1.270350426149580699e+03
3.707114717877812836e+03
1.894135393868676374e+03
1.066648350294672355e+03
1.580675983024199695e+03
3.606807335851664902e+03
1.525659023754901455e+03
1.115333868351173123e+03
2.312196798891210619e+03
3.421702812110954255e+03
1.303776008173671244e+03
1.027690273325897579e+03
3.079951089936392236e+03
2.522937372682890782e+03
1.041736527447293838e+03
1.280038960266066852e+03
1.539541284608321575e+03
3.160858754605646482e+03
3.789367062378964874e+03
1.380153070128020317e+03
1.311925990373364812e+03
1.419241799542818853e+03
2.501137059290324942e+03
3.719684249957205338e+03
1.413144253814391959e+03
8.752263381129964728e+02
1.308099283705542121e+03
3.396196568500668036e+03
3.215582438840991927e+03
1.072199914732133038e+03
1.008634430098687403e+03
2.282669428084973333e+03
