6.306796164185487896e+02
1.507240684112974805e+03
1.569315495809349386e+03
1.810013322256652827e+03
2.291277031899055601e+03
1.908108292636620035e+03
1.800278788220871093e+03
2.972069614198538602e+03
1.467703534099113540e+03
1.619925383178288484e+03
1.866031645836961616e+03
1.938181987847831579e+03
1.943433335301919215e+03
1.913451504575886474e+03
1.869688908778751966e+03
1.889454394455902502e+03
1.797879245753972782e+03
1.766688332477500353e+03
1.800040356341851975e+03
1.741712592027223309e+03
1.732560806462477558e+03
1.713790815641887093e+03
1.795014850609083169e+03
3.175945872390168006e+03
1.046145588170883457e+03
1.226529221987473875e+03
1.623585206079083491e+03
3.041370312246182948e+03
1.814956377058686485e+03
6.790867174703746514e+02
1.333105265190764158e+03
2.409956349528260489e+03
3.365268471311919711e+03
4.172582035726238701e+02
1.095903840172695027e+03
1.661198269449990903e+03
3.936423743263786037e+03
6.652038825838162666e+02
1.274983149512660930e+03
1.486059631083696559e+03
1.559479843136545242e+03
1.626946529763572471e+03
1.752009484775761393e+03
2.067370602692572447e+03
1.754818412713175576e+03
1.727487852172142766e+03
1.752343228690982414e+03
1.714578746152268877e+03
1.713818043340363829e+03
1.670654045939364551e+03
2.114379314202431488e+03
1.799227505446102668e+03
1.515702598090478205e+03
1.673440302866761158e+03
2.884720664842300721e+03
2.242717348190509711e+03
5.664973089836660165e+02
1.851843018347456109e+03
3.395538239036457071e+03
9.133177112425512405e+02
2.527875984440141792e+02
1.927001156143057869e+03
3.164780314710104449e+03
1.167261725535609003e+03
4.471034513411159992e+02
2.835420253213403157e+03
2.783907906320955135e+03
3.196443950236130149e+02
1.304704442077117164e+03
3.231647407487097098e+03
1.654562155776417967e+03
5.718082751765066405e+02
9.525171843133318816e+02
2.968998893774349654e+03
2.659543475117453909e+03
7.087332936392461988e+02
9.676437564596271841e+02
2.805859112980596365e+03
2.889603854554916779e+03
7.429578209137426938e+02
1.534527586931786118e+03
1.400688363117290464e+03
1.445376621945236366e+03
2.465154337093174036e+03
2.645852918025508188e+03
8.675759089633144185e+02
1.253404675598076210e+03
1.719658409351849969e+03
3.097374238736606912e+03
1.365942297193845206e+03
9.154612462060640610e+02
1.314153869004337366e+03
2.249421396745355651e+03
2.346892512431416890e+03
7.413740514575154066e+02
1.254856186459525816e+03
2.823905276716175194e+03
2.057644272524614735e+03
6.710159897576052117e+02
2.180082615468612858e+03
3.176021669741964615e+03
5.175318228092746722e+02
9.833143442475732172e+02
2.019013885387782921e+03
3.232362501869813514e+03
1.013888885213827962e+03
9.816573952989705276e+02
2.362179017961113004e+03
2.870184958063151498e+03
7.645581696884670464e+02
1.024500423595410666e+03
2.556954262790445682e+03
2.518402331784933267e+03
7.360069663841671854e+02
1.153371596181134919e+03
2.333946086877627295e+03
2.859265137753599902e+03
7.530758058823173542e+02
1.024389973752475271e+03
2.309792950708798344e+03
3.296076351623409209e+03
5.619642055477202121e+02
9.224763581260598357e+02
2.524446096230978583e+03
2.436843732710509812e+03
7.921059801319153166e+02
1.284093082664591066e+03
2.778172407833284069e+03
2.205621671337092721e+03
7.937428001603303755e+02
1.401422390538271202e+03
1.821287910308162054e+03
1.859859769121675072e+03
1.835760350375996268e+03
3.053964897841950460e+03
2.333802094614419275e+03
2.589074471560398365e+02
1.497374549973816784e+03
2.122501296435274071e+03
3.121491869707017941e+03
8.207525838207453717e+02
9.635986879000885210e+02
2.270153446688054828e+03
3.051055939698381280e+03
8.973007753769154533e+02
8.168289066635288691e+02
1.998804186390209907e+03
3.084094674148289414e+03
1.314275075139069031e+03
8.387534871436188268e+02
1.207371035610651916e+03
2.785170605453145527e+03
2.753072187309913716e+03
8.766682034393759295e+02
8.619844126279148213e+02
2.678685057372255869e+03
2.565349406608481786e+03
8.187296798508367601e+02
1.090241366008763634e+03
2.740327962968881366e+03
2.458243061825987752e+03
6.173014642943830950e+02
1.366375604097770974e+03
1.805681302016910422e+03
1.667810460730081559e+03
2.644491284202213592e+03
2.879896710749347676e+03
7.205449375612721497e+02
1.097219256923187459e+03
2.953138837077354310e+03
2.283527674967723669e+03
6.411697392997148199e+02
1.220071706912686068e+03
3.087716046428549816e+03
2.007865617382287382e+03
7.575931274968346543e+02
1.285121359368989943e+03
3.089633152424648870e+03
1.996483340538618450e+03
6.812598693853312852e+02
1.076767131079779574e+03
2.719533282468484231e+03
2.811426548718520280e+03
4.487307656670686811e+02
9.134261442461906881e+02
2.766051364381756684e+03
2.782596879809975690e+03
5.994569014266317026e+02
1.026430318247196283e+03
2.685477240539211380e+03
2.343498950506387700e+03
8.971161893926750963e+02
1.337163333212373800e+03
2.928692062377818729e+03
1.869892639010456151e+03
7.446504328244272983e+02
1.405248239812088286e+03
2.912146529861182444e+03
1.986866647958316435e+03
8.029597260702569201e+02
1.629787265240046963e+03
2.879040939219250049e+03
1.503578047334498251e+03
7.149615408378706434e+02
2.390731952748131334e+03
2.669278109054830566e+03
8.424508823471143160e+02
9.846191457378049563e+02
2.253990898408453631e+03
3.050402190037194032e+03
1.025721064368963880e+03
8.722049464488879948e+02
2.458930657169515143e+03
2.593594555793250038e+03
7.527596342011140678e+02
1.445139871949332701e+03
2.931749751581907731e+03
1.346324125844394530e+03
8.234016967070415376e+02
2.462862897863409216e+03
2.652942867782351186e+03
7.381847211782280738e+02
1.693900557792810332e+03
2.840861549954410293e+03
1.054726795621098518e+03
9.463757336194079244e+02
2.625663666043021749e+03
1.943359539052133414e+03
8.940296841157863810e+02
2.252722713266311985e+03
2.693607285795816551e+03
8.399578083674599611e+02
1.291947635456295075e+03
2.831956230231295649e+03
1.366508312833002037e+03
9.510178474697947877e+02
2.504159214423177218e+03
2.227708379804106244e+03
9.360317452914536034e+02
1.433709156214028781e+03
2.849787635081494045e+03
1.723889715869592692e+03
8.934057624429601674e+02
1.805282197640976619e+03
2.748176173321551687e+03
1.074059343072955471e+03
1.036803835744837443e+03
2.498478763028228514e+03
2.600993406934255290e+03
1.012058879471589535e+03
1.549945683919061594e+03
1.296816010536454087e+03
2.232524199780499202e+03
2.888729419523710476e+03
1.126915807064227920e+03
8.791114103574059300e+02
2.459178117302993996e+03
2.666322402141937346e+03
8.855471291499376321e+02
1.044401650736438796e+03
2.763930709432446292e+03
2.309111715665110296e+03
8.016634165098354288e+02
1.375269643324626486e+03
2.770427122317989870e+03
1.348029516978503352e+03
6.224760127069085911e+02
2.454680967535085074e+03
2.814252767431987650e+03
8.829916432340399979e+02
1.081948291444893812e+03
3.029515841615518639e+03
2.216574943642899143e+03
5.263958455403902690e+02
1.645218634097527229e+03
3.014742768905277899e+03
1.100230960903309324e+03
8.133192562535616617e+02
2.764713017886852413e+03
2.702740706667376799e+03
6.309359643931287565e+02
1.058852134224767724e+03
2.845106337139442530e+03
2.183938172605225191e+03
