1.922544976609309515e+02
6.969609530042291681e+02
1.105899629610842339e+03
1.676833787152995910e+03
3.469011064546824400e+03
4.027501339854560229e+03
1.554202204370131540e+03
6.086866126274272801e+02
1.058766448925181521e+03
1.575480325223861200e+03
1.970342398016029847e+03
3.626076894727069885e+03
3.494172101967286380e+03
9.696504617142678626e+02
9.567538487985826805e+02
2.950332530676031638e+03
3.118438063405350476e+03
1.340959269557150492e+03
9.760441791819895343e+02
1.076752338916099006e+03
1.361050430440716127e+03
1.779394941969734191e+03
3.456478678314435456e+03
3.153026829733769773e+03
1.496469296050358480e+03
1.247495782712689106e+03
1.284988974238096716e+03
1.542566673034418045e+03
3.097618815650871966e+03
3.690457596466509131e+03
1.549777657480253765e+03
1.020802533834565224e+03
1.215901947995577530e+03
1.518156214458315617e+03
2.301894081957268099e+03
4.102551736984751187e+03
3.977409052861683904e+03
1.373088951333895466e+03
6.650684945860920152e+02
1.067035589599401646e+03
1.165647412835462319e+03
1.402092682376155381e+03
2.827859393096641270e+03
2.650823343503510841e+03
1.400943305796735558e+03
1.364076945806498543e+03
1.695797744422438655e+03
1.650559155456040116e+03
1.986685044396102967e+03
2.762307902603262391e+03
1.864204370096659204e+03
1.692273478424448513e+03
1.699036237536998669e+03
1.874102725097106486e+03
1.874249903955703076e+03
2.163645172063051177e+03
3.603838320674341503e+03
3.612119458585998927e+03
1.832973011456334461e+03
1.229042553550198136e+03
1.241300109897150151e+03
1.302185933518010643e+03
1.412832557933869793e+03
1.479825832343262846e+03
1.603322651718131510e+03
1.634331259230103342e+03
1.989155542591957783e+03
2.167739369003335469e+03
2.001310515593268065e+03
2.212145636107165501e+03
3.702462958389118739e+03
3.896760780691164200e+03
1.846872633172599080e+03
1.066179735154083801e+03
8.387591422862403761e+02
1.034069906371108345e+03
1.363085499772592584e+03
3.334428639398933228e+03
4.117613886871136856e+03
1.587918747057498877e+03
6.320530638235821925e+02
8.469220666645256870e+02
1.375438784510917230e+03
1.834632545532942913e+03
3.467297963430660275e+03
3.073576599620649176e+03
1.579721406038095893e+03
1.170966274457858617e+03
1.385458122118014671e+03
1.647385041564152971e+03
1.700548078375069281e+03
2.665164272490493659e+03
3.754594311956929687e+03
2.168878714157232025e+03
1.187135131793534811e+03
1.127061736639257333e+03
1.396892369448195268e+03
1.755115560105448822e+03
4.201016187168127658e+02
-3.637958768566527112e+00
2.066099207414544594e+02
1.076436493699969787e+03
1.696131267267521707e+03
2.710390329867432683e+03
4.072471142670685822e+03
2.815984254640062318e+03
1.822178675160050489e+03
1.715253149232017222e+03
2.243504221133970987e+03
3.771710166062236112e+03
3.707520939188376815e+03
1.693748489524946535e+03
1.351740284779381227e+03
1.529432422853597245e+03
2.086817043534996174e+03
3.693346524318663342e+03
3.146020214602628130e+03
1.331323544798283365e+03
1.184846929130930903e+03
1.779380942671674575e+03
4.056661026241846230e+03
4.104573364532790038e+03
2.202364409231045556e+03
1.268855554809240175e+03
1.155706073259540744e+03
1.212236961522504544e+03
1.478097558523955513e+03
1.653780831690553896e+03
3.176538561525519981e+03
2.500464761223054666e+03
1.197367957304956917e+03
1.505745459373734093e+03
1.721705075981093842e+03
1.724444550614875880e+03
1.719820985828683661e+03
2.244924399305810766e+03
3.290472847475675735e+03
2.608534999318213522e+03
9.767890077405465945e+02
9.843365729513114957e+02
1.708574293122158224e+03
3.327965934924098292e+03
2.845459002291020624e+03
1.527932704167656311e+03
1.232320429560769753e+03
1.115516222725710122e+03
1.266491999006206925e+03
3.104355450381658557e+03
3.588452886754836982e+03
1.890823607965717429e+03
1.328320079465469689e+03
1.268314769512336397e+03
1.317933420593818482e+03
1.472782249040525812e+03
3.149470589027413553e+03
2.977048740505225396e+03
1.408335322203443639e+03
1.889047623385983115e+03
2.980145172848986931e+03
1.813421884786946976e+03
9.369456175397203879e+02
1.761039157948600632e+03
2.404126317081219895e+03
1.822192108384329458e+03
1.704733673257902637e+03
1.838058493774060025e+03
1.826516259700461887e+03
1.861031909342247445e+03
1.923372532959844420e+03
2.028960319934580866e+03
3.383095228248389503e+03
3.338557096290983282e+03
1.576336203647710590e+03
1.028187497329322468e+03
1.049826811589231284e+03
1.351727558744927364e+03
2.123067330632424728e+03
3.708937964644765998e+03
2.835840886577861511e+03
1.104119251288176883e+03
9.645842833983285800e+02
1.055100619015091752e+03
2.884978794703159110e+03
4.129491064863158499e+03
2.340784594109499722e+03
9.298849120731566700e+02
9.379898279626361273e+02
1.210911083676577164e+03
9.663654331483805890e+02
1.118305489206524044e+03
2.099298325560406283e+03
3.695135087871550695e+03
2.564210634146159464e+03
1.112838720328074032e+03
1.104474010436943672e+03
1.430810432958661522e+03
1.705371272503982937e+03
2.636013639567143400e+03
3.722169054954984858e+03
1.790643997224666464e+03
1.199791584942948930e+03
1.445465222239537070e+03
1.655892143784458540e+03
3.086663755539099839e+03
3.775227329629938595e+03
1.626833779049727582e+03
1.060222190637085077e+03
1.251880988516766593e+03
1.490078671232793113e+03
1.868727699319239036e+03
3.534726447743177232e+03
3.088522626507480709e+03
1.230922873265058342e+03
1.118388002889622840e+03
1.432926674130071660e+03
1.750179916187975095e+03
1.852410193363995177e+03
2.250994179518821511e+03
3.600922786504907890e+03
3.384498995982748966e+03
1.115671759723644072e+03
9.365922028576384264e+02
1.325101068523677441e+03
3.230232687879669129e+02
6.474761261881203609e+02
2.517248613757684325e+03
1.134930533268532599e+03
1.223916765700985934e+03
1.571319661431485429e+03
1.913384915839685618e+03
2.340029605961740344e+03
3.789212652488979074e+03
3.266763213054949574e+03
1.634666675468746007e+03
1.523868678991036177e+03
1.788424541221272193e+03
1.983118199788516904e+03
3.252721310045112659e+03
3.617036466034993737e+03
1.667111486512187639e+03
1.370804215143969486e+03
1.592556887678205612e+03
1.857485585482945908e+03
2.988477763991321808e+03
3.787032099578178077e+03
3.283536478086714396e+03
1.972002531721462674e+03
1.768516077101369092e+03
1.675989933586727602e+03
1.587056852460753589e+03
1.687757704710697681e+03
2.059388418160304809e+03
3.236794035334370164e+03
2.128347504835909604e+03
1.088358398296360065e+03
1.110424914836355811e+03
1.466555309629089152e+03
1.775945626775198434e+03
2.257691143980400739e+03
3.296180403669300631e+03
1.914590870258291034e+03
1.170887812884489449e+03
1.442109019760724550e+03
1.737473148559096899e+03
3.028997131384042859e+03
3.955405134961963540e+03
1.626031369951210763e+03
7.432794325912763043e+02
9.438893265443667815e+02
1.267203644377418186e+03
2.006370052787932536e+03
3.450843728531116994e+03
3.127741217185329333e+03
1.189626242440102942e+03
1.020292210575661443e+03
1.273797695614914574e+03
1.562124369682863517e+03
2.278256536610315379e+03
3.868867465101100606e+03
3.624319460625099964e+03
1.217912913144249842e+03
7.783421968169864158e+02
1.049105032690102689e+03
2.165455649270785671e+03
