1.660245358804980924e+03
1.766742832513258236e+03
1.795916590281167828e+03
2.149948649128026773e+03
3.277977731486830635e+03
3.226274340288979147e+03
1.361493395490651437e+03
1.315348673674887095e+03
1.534756624559535567e+03
1.555637214086402309e+03
1.601598395618002542e+03
1.632108494404249768e+03
1.708726752041667851e+03
2.497857327955119217e+03
3.680412089750897849e+03
1.945951573955531785e+03
1.432923100500808914e+03
1.445056029031421531e+03
1.568113929185247116e+03
2.153056531343393090e+03
1.711023399654283821e+03
1.656667194328497317e+03
1.685479962214043553e+03
1.791227055217962061e+03
1.902810605203097566e+03
1.826901877139440330e+03
1.813061605927834762e+03
2.149133520701567249e+03
1.914332229029078235e+03
1.761052651521903272e+03
2.011481612223724824e+03
3.293663146364271142e+03
2.218763199048319620e+03
1.596094383973068489e+03
1.472650431814095782e+03
2.949135260175345138e+03
3.602662950866078972e+03
1.831077628747089875e+03
1.168031899079290270e+03
1.830042613910000455e+03
2.492131917353069639e+03
1.585393722815377259e+03
1.231340219464709435e+03
1.492957503813685207e+03
2.287798759402428004e+03
1.807506938230679225e+03
1.497720769954811658e+03
1.525389965981661589e+03
2.011087727754852949e+03
2.176619950728882031e+03
1.732640115935418862e+03
1.765696437223742578e+03
1.879986257993765548e+03
1.713337300960466337e+03
1.772006968723172122e+03
2.453804958917171916e+03
2.045038414702020646e+03
1.564835610657898997e+03
1.735075105974382041e+03
2.431398404500529978e+03
1.816759390403544330e+03
1.545186891082130842e+03
2.203599599628736996e+03
2.827459824208125156e+03
1.837940586518275722e+03
1.516613296634851622e+03
1.613850751249161021e+03
2.400989384866340060e+03
2.507884076026693037e+03
1.675497208278663948e+03
1.440588156882496605e+03
1.825959157977803898e+03
2.553921336145919213e+03
2.009474214432965255e+03
1.473128329328636710e+03
1.637878756360441002e+03
2.452722906308829806e+03
2.021162828312335932e+03
1.848235938117127034e+03
1.336410679495488012e+03
1.822561598571711784e+03
2.733298536414424689e+03
1.934436790698228606e+03
1.435452272156104527e+03
2.077453135662794921e+03
2.604534449966228749e+03
1.615494221504786765e+03
1.424472270108870362e+03
2.402716974689496510e+03
2.070911600177342734e+03
1.520516489760016611e+03
1.600476497562047143e+03
2.394621825682027065e+03
1.782586692564391115e+03
1.567934193750984377e+03
1.615906835193017741e+03
2.408604325212830645e+03
1.949578575467476412e+03
1.585436798771011354e+03
1.855003515155108744e+03
3.832755982970720197e+03
2.105160806367638997e+03
1.230769236174842945e+03
1.226562722451500122e+03
1.428236131204997264e+03
2.199019732210820621e+03
2.031980773048504943e+03
1.700834938883494942e+03
1.691433290628538543e+03
1.815057322217957562e+03
2.556912640529266355e+03
1.948620380974895852e+03
1.649383610224043878e+03
1.572262192049379337e+03
1.977476429462446276e+03
2.633089684430378838e+03
1.834272245525960443e+03
1.573325591182800508e+03
1.547291507698738315e+03
2.473785942063424955e+03
4.046632785947617776e+03
2.579604452406071232e+03
4.288472714906574765e+02
8.148249350985770434e+02
1.342276935712450040e+03
1.623946557727952950e+03
1.590714535430769047e+03
1.628438226801455812e+03
2.904027993837994472e+03
3.155061807953969492e+03
1.174535006552433515e+03
1.249189532598320966e+03
2.154943637253939869e+03
3.315330035478684749e+03
2.678706274206251237e+03
1.303489732710637782e+03
1.115927634491690014e+03
1.334958417980536296e+03
1.507454183843135070e+03
2.055244391528523465e+03
2.225678273759356671e+03
1.919302334982804268e+03
1.782723877881265025e+03
1.576355767574887750e+03
1.643788872030882430e+03
1.682733887828089109e+03
1.468387859532223274e+03
1.741324397727443284e+03
2.251419102641773407e+03
1.882011449381489911e+03
1.793596606456203290e+03
1.822220756567618764e+03
2.055007429992368998e+03
2.847404952307574604e+03
2.228545781151816755e+03
1.713641267220303916e+03
1.756372117917284186e+03
2.756974586032985826e+03
2.616304209416807680e+03
1.664880089826310950e+03
1.324211156008195076e+03
2.413134843739563621e+03
3.393993607324577624e+03
1.731593242053576432e+03
1.111675749702680832e+03
1.661225447318123315e+03
2.441234624072117640e+03
1.790851522092694495e+03
1.323423947035814535e+03
1.426036583827171398e+03
2.089430109707147039e+03
2.191323322544946222e+03
1.749826994785383249e+03
1.576255750495229904e+03
1.761608016353947050e+03
2.126060997537388630e+03
1.760938506711531318e+03
1.617067396118888837e+03
1.734650407858415520e+03
2.330923580241437321e+03
1.933124219518540258e+03
1.699880655570493218e+03
1.971549895976715106e+03
3.221392445743877943e+03
2.150409012885940228e+03
1.422525660737333737e+03
1.411106205784586791e+03
2.459353078997919056e+03
2.591302112813628810e+03
1.475518673118768675e+03
1.324496812134727634e+03
1.804420183244024429e+03
2.423862403464474937e+03
1.727256667342142691e+03
1.519750183702102959e+03
1.536525173745556913e+03
2.207248987626072449e+03
2.267429859340672010e+03
1.641355064329373363e+03
1.542532253812643603e+03
2.047291162593167655e+03
2.784327315756581811e+03
1.941779734034295416e+03
1.369254859774288889e+03
1.900268118433815062e+03
2.583042563262047679e+03
1.723565517972754606e+03
1.509518948745802618e+03
1.546273028254884821e+03
2.539289209417304392e+03
2.438499828155385785e+03
1.823391466461486289e+03
1.806173603387787352e+03
1.663232750876809860e+03
1.431601822256687456e+03
1.856515646104671077e+03
2.805061583195185904e+03
2.112974622119364994e+03
1.492942643674656665e+03
1.388437931024714544e+03
2.146663233733791003e+03
2.821247580316885433e+03
1.679091315538759545e+03
1.306553700722473650e+03
2.181901205651901819e+03
2.809133226803164234e+03
1.686506787414982000e+03
1.373234686288323473e+03
1.891253504860426347e+03
2.391214314183006081e+03
1.673672486880241649e+03
1.492087119792895464e+03
1.785754602831696047e+03
2.454728986439813525e+03
1.935253304039256818e+03
1.737372567906185168e+03
1.797331926063139690e+03
2.449662061716222979e+03
2.067484699833088598e+03
1.594296266724984662e+03
1.497390151120823930e+03
2.020961551637082266e+03
2.481270733981316880e+03
1.797883115195228129e+03
1.491049198127885347e+03
1.867712658365353036e+03
2.881260426244266910e+03
2.454523156563871908e+03
1.437156610031320270e+03
1.532659163961489639e+03
2.280044189357676714e+03
2.004598887610524343e+03
1.463833261719432585e+03
1.752547599422818394e+03
2.516110973501528861e+03
1.811517877171393820e+03
1.374947527475115521e+03
1.693492848089421386e+03
2.504515670528377541e+03
1.881478653000737950e+03
1.548905117970338779e+03
1.649511562292026611e+03
2.533164461280015530e+03
1.999745262104095900e+03
1.501947702981420889e+03
1.740373116675018082e+03
2.599986458608062549e+03
2.383583020212011434e+03
1.456848013013490117e+03
1.401365123130199208e+03
2.434844337776593875e+03
2.263185655804348698e+03
1.441419713510391830e+03
1.819192358192630536e+03
3.859460493089967258e+03
4.041382979267241808e+03
3.724136370344164334e+03
-1.358913043882801617e+02
-6.923448599042592022e+00
3.743071466162545562e+02
1.208837768544812207e+03
2.142341371687243736e+03
1.966290802577643944e+03
1.725626212339708900e+03
