2.033155652598223696e+03
1.786006001225228374e+03
1.938913517001934906e+03
2.209119749024812791e+03
1.908693050586738991e+03
1.806179203763236046e+03
2.046397796068767548e+03
2.238598024535526292e+03
1.615826120942744865e+03
1.842469676189576603e+03
2.178999935859187644e+03
2.347824009427786677e+03
1.416645363670132838e+03
1.992062872931212269e+03
2.133182769443646521e+03
2.200823142281416949e+03
1.643033785886133501e+03
1.909577714898822478e+03
2.280269113417932203e+03
1.672707846042112578e+03
1.890729810094430604e+03
2.226139546962218901e+03
2.020841578906860605e+03
1.762818214784914062e+03
2.043809114044206581e+03
2.283928897051683634e+03
1.658476878225896144e+03
1.813142459940369008e+03
2.138686971507866474e+03
2.202228818795943425e+03
1.651199731429819394e+03
1.903138089540374722e+03
2.271054675471313203e+03
2.068273391586387334e+03
1.668381153973961773e+03
1.892685503418863846e+03
2.202898553987234664e+03
2.010075790061683620e+03
1.797608481378902525e+03
1.995898512662771509e+03
2.282519556381093480e+03
1.698154496246826739e+03
1.919134087532430385e+03
2.147174091431623310e+03
2.119658911494374934e+03
1.711403372250814300e+03
1.927685283729691264e+03
2.181581830368789269e+03
2.018474469275053480e+03
1.830445650541789291e+03
2.059437724714784054e+03
2.151221716917440972e+03
1.703421657594968337e+03
1.942798566531002734e+03
2.214346312802857483e+03
1.853626904850265646e+03
1.823637462553587284e+03
2.241835918489477535e+03
2.105595126006556711e+03
1.771892670403353577e+03
1.899218616639841684e+03
2.220871267409974280e+03
1.812464839916789060e+03
1.754016791458815760e+03
2.223842664954519478e+03
2.195416388575381916e+03
1.619271805672813116e+03
2.011191777400933233e+03
2.207035720063036479e+03
1.802806765731571204e+03
1.777149192471643119e+03
2.211518625880636137e+03
2.121429611741150438e+03
1.693504070676941410e+03
2.017665219654920975e+03
2.252466454279155641e+03
1.727394438479302380e+03
1.844455156171199405e+03
2.225470065237789640e+03
2.412008531583264812e+03
1.489562259031456733e+03
1.888044313895142750e+03
2.120704341025457779e+03
2.220648507217693350e+03
1.624444490915746883e+03
1.824029565110375188e+03
2.239082049631462269e+03
2.054180525942353142e+03
1.796256217940089982e+03
1.986562298990909994e+03
2.192475502365253760e+03
1.780732651219653235e+03
1.846123672247911827e+03
2.137060523949511662e+03
2.187857831984956192e+03
1.718775955467257972e+03
1.875795042013030979e+03
2.231939592202981203e+03
2.040082888577618178e+03
1.807636453755979801e+03
1.981432687331840043e+03
1.834849143025245894e+03
2.332900658324098458e+03
2.020148600063921322e+03
1.731845245153374208e+03
2.073007314846728605e+03
2.224251618151083221e+03
1.635446916813848929e+03
1.854139318884783279e+03
2.212759231873115823e+03
2.220629588655182943e+03
1.579113363817720028e+03
1.976557439404813749e+03
2.233224444296643014e+03
1.785749097952103511e+03
1.789945714771174607e+03
2.214196817205943262e+03
2.194665116585302712e+03
1.588292035114552391e+03
1.964825890516346362e+03
2.281519654404556604e+03
1.746398602539147760e+03
1.842357991665934605e+03
2.154529627008125772e+03
2.148784678834060287e+03
1.679408101224109259e+03
1.906104881043995192e+03
2.219779981879819843e+03
2.018716202545074793e+03
1.833848086256218494e+03
2.031599622742751308e+03
2.167937550551599088e+03
1.666003635134766000e+03
1.891197703625616214e+03
2.113989756034614402e+03
2.148318558084876258e+03
1.719567869388164809e+03
1.940122156711131083e+03
2.136283829614199931e+03
2.167824933010949735e+03
1.726830426194279198e+03
1.910068697595860613e+03
2.426853375404248709e+03
1.749414597815608658e+03
1.802231157264204512e+03
2.158001033661983911e+03
2.233766841544681029e+03
1.589689715094785015e+03
1.816754377099236763e+03
2.276438887992023410e+03
2.097258640690748507e+03
1.652209928455687987e+03
1.963901146695373882e+03
2.220528718116620439e+03
1.820970202230057112e+03
1.678018625167825348e+03
2.315122181042503144e+03
2.143859707630840603e+03
1.628502782839531619e+03
2.179048363824063017e+03
2.272932179923431704e+03
1.621807397325371994e+03
1.914270442707090297e+03
2.242021186145154388e+03
1.786488156153593991e+03
1.789629288981977425e+03
2.246352493083935769e+03
2.024089414955576103e+03
1.661331544596239382e+03
2.234126870203825092e+03
2.191677429302752444e+03
1.592496389228046837e+03
2.228666019010704986e+03
2.240049734826521671e+03
1.622731781716956903e+03
2.021047360649350139e+03
2.235403120330779529e+03
1.689617928976576650e+03
1.868995602933502596e+03
2.228144802280456133e+03
2.018287480263795487e+03
1.731677081389930663e+03
2.121838089016096546e+03
2.241708077984937972e+03
1.608436032088138290e+03
1.930910388695689335e+03
2.209762639356081309e+03
1.757803029235359872e+03
1.781086063464393192e+03
2.218846183638956973e+03
2.212832498693250727e+03
1.588240434272466018e+03
2.036427924078543128e+03
2.207487294888275756e+03
1.704911402818341912e+03
1.828947142961821328e+03
2.261140753856805986e+03
1.994244954162672229e+03
1.708413462977815470e+03
2.013397619173838166e+03
2.263175717598738629e+03
1.666030730837399005e+03
1.835532073473465971e+03
2.283599977494322502e+03
2.215335661101293681e+03
1.833297876558223379e+03
1.795517024482859142e+03
1.784652234520023285e+03
1.982176559745222221e+03
2.221365072755485926e+03
1.974407727494013443e+03
1.767491216517822295e+03
1.990843589946373186e+03
2.267259031563900407e+03
1.821316108013962321e+03
1.815402496185562995e+03
1.915567069443433411e+03
2.139823193115944832e+03
2.303158838700213437e+03
1.541647854130844053e+03
1.925281483533634855e+03
1.959419430341385578e+03
2.258793386058682245e+03
1.865229124225849091e+03
1.769670115886521216e+03
2.123118758095906742e+03
2.241365796757758289e+03
1.644615830406231680e+03
1.846106712070878984e+03
2.212026451502297277e+03
2.137370995626029526e+03
1.675366264653152257e+03
1.920788759180932402e+03
2.237451058273717081e+03
2.039010398120255786e+03
1.751004745871766772e+03
1.949753046675030873e+03
2.192054236562624283e+03
2.003125617427659790e+03
1.804264779738829930e+03
2.029556396594457055e+03
2.222846761614506704e+03
1.668218140379725128e+03
1.853831038444403475e+03
2.098095764410937591e+03
2.188574975115759571e+03
1.640239848101539110e+03
1.883037039063735165e+03
2.194888622241653593e+03
2.184877587053843399e+03
1.698920173026870543e+03
1.918637109637383901e+03
2.221016954462168542e+03
1.772510317913167000e+03
1.807350315277702066e+03
2.181057793156585376e+03
2.136470555679543395e+03
1.681226702583300494e+03
2.011288560323292586e+03
2.197001211503397371e+03
1.709739537641215520e+03
1.862005348115511651e+03
2.216514781310361741e+03
2.038026001097520748e+03
1.723535621967205316e+03
2.099844444379471042e+03
2.287420061313043334e+03
1.522171832971697086e+03
1.909016038555521163e+03
2.260445408426105132e+03
2.211001451503439057e+03
1.514771595581386464e+03
1.938014849020068368e+03
2.231904778401888507e+03
2.184936164968175945e+03
1.614621198800525235e+03
2.000073551102365627e+03
2.276705570684441682e+03
1.662418170675570536e+03
1.867444364571549158e+03
2.082704347290698934e+03
2.182822132488950047e+03
1.648104125787055182e+03
1.941450821932624649e+03
