1.382171523385855153e+03
1.689763735456407630e+03
2.169974280442144845e+03
1.629501964730152395e+03
1.632408169880370679e+03
1.517502856477111209e+03
2.333532569900820818e+03
1.474136825988428654e+03
1.600268836318546391e+03
1.530833156184499558e+03
2.154293919079481384e+03
1.643710398468595713e+03
1.385596654858400825e+03
1.785343081623188255e+03
2.316147565226947791e+03
1.289705429069497995e+03
1.467455451521233044e+03
2.385063296635327333e+03
1.475116963487264684e+03
1.694045190030131153e+03
2.075715313268537102e+03
1.445823056235356034e+03
1.645047283611257853e+03
2.094972247701518427e+03
1.511938101722477313e+03
1.490248818532777705e+03
2.125947741979837247e+03
1.720624193201911567e+03
1.443498990832181107e+03
1.652598957090485555e+03
2.140206577254153672e+03
1.483416104447044063e+03
1.658452662061939463e+03
2.020005010400568381e+03
1.596931835073277171e+03
1.426146159242698559e+03
2.156850493760895915e+03
1.556318687284392354e+03
1.707371205625515131e+03
1.755043451093424437e+03
2.033834127899091754e+03
1.441601391052139206e+03
1.811628294611061392e+03
2.055100996572209169e+03
1.387085329217624121e+03
1.891718821866209964e+03
1.828676298328547546e+03
1.393761744750509934e+03
1.856020218057851935e+03
1.899366950003293823e+03
1.541331767726033604e+03
1.871688441743824569e+03
1.805783911248411414e+03
1.458529372730239174e+03
1.667252995952995434e+03
1.737970401204502650e+03
1.863552825124264700e+03
1.519731101059355296e+03
1.491875436266795532e+03
2.099696218462604065e+03
1.791782347121565863e+03
1.655761813696326271e+03
1.581787081917235810e+03
1.678352517636787752e+03
1.952425042777642147e+03
1.910689570734754625e+03
1.478015737708925144e+03
1.939738977457016972e+03
1.633413939742622688e+03
1.585778302803609677e+03
1.776941692670116709e+03
2.086100949336551821e+03
1.466421039002902489e+03
1.621307996102413426e+03
1.755530743434724400e+03
2.151109989205039710e+03
1.437076670437316352e+03
1.532662839594551770e+03
2.253749341867785915e+03
1.479122778792232339e+03
1.806074712549615924e+03
1.774197526383997911e+03
1.707615471173033256e+03
2.166733642724280799e+03
1.266685445843920434e+03
1.614332695787664761e+03
2.294700913694930932e+03
1.365371382157786684e+03
1.468068508090898376e+03
2.234386511401212829e+03
1.494259959063506585e+03
1.549687946371450835e+03
2.080252125451358552e+03
1.704304763927530075e+03
1.583641266133244244e+03
1.795764942441082212e+03
1.982636646159773136e+03
1.101078439558712716e+03
2.058053369743258827e+03
1.542069783214642030e+03
1.566707701175109150e+03
1.437032086824073303e+03
2.222676367187311826e+03
1.646819297081921604e+03
1.678340488805668656e+03
1.688391366691963640e+03
2.135934192148547027e+03
1.408417758654099089e+03
1.715709438616777334e+03
2.132662559406114269e+03
1.376142266165518777e+03
1.854551102774727724e+03
1.879314637641160061e+03
1.910175903108601460e+03
1.367355256799099607e+03
1.901253257167543325e+03
2.008583583115345618e+03
1.405279392987639085e+03
1.468711477751294524e+03
1.965152915509074091e+03
1.544406665886782321e+03
1.391206831682006850e+03
1.740438609653972208e+03
2.025830388047412271e+03
1.648212963889001685e+03
1.756747329024430655e+03
1.719317349079909263e+03
1.595927004887595558e+03
2.064033551439631083e+03
1.625984454433350720e+03
1.698057477689161487e+03
1.734851356143113208e+03
1.723474757811742847e+03
1.744828293754042306e+03
1.725193058548556792e+03
1.715217150979756298e+03
1.723599242448895211e+03
1.780944100535090683e+03
2.197175458052394333e+03
1.247177922954115047e+03
1.338169943339003567e+03
1.780393676108130649e+03
1.878215996821920726e+03
1.717199909195560849e+03
1.621150956198566291e+03
2.126426743976796388e+03
1.725135258552324103e+03
1.511988504798325039e+03
1.927632427659033510e+03
1.879790059387496058e+03
1.595356835890018829e+03
1.494572415932488184e+03
2.161345822990444958e+03
1.661462613347637898e+03
1.435284573098615056e+03
2.037628185951064779e+03
1.650062029385210053e+03
1.725926121334318850e+03
1.805282265860400685e+03
1.994877006673968253e+03
1.443591148663522290e+03
1.659096904987919061e+03
2.066454494748425077e+03
1.538691567619806165e+03
1.760526175549874779e+03
1.690056242035180730e+03
1.901285422348749535e+03
1.426224198078669133e+03
1.971455512077368212e+03
1.804934971798881179e+03
1.616357709579531729e+03
1.856932764631091459e+03
1.674855771530953007e+03
1.723178710884116299e+03
1.782133922000027496e+03
1.648978496258460609e+03
1.724518567965303191e+03
1.615336793625175005e+03
1.939777013269137115e+03
1.348645915672739648e+03
2.027509594232760719e+03
1.483835836872211075e+03
1.327207883791899121e+03
2.053386673671087920e+03
1.657532157998899720e+03
1.717812651953221575e+03
1.763607152641219500e+03
1.667049017358269339e+03
1.868673311899494138e+03
1.606088256321601648e+03
1.586243653905381279e+03
1.891090219527056661e+03
1.832254888368240245e+03
2.023914791604321636e+03
1.159236440513133857e+03
2.895305535903765303e+03
1.428387008073737434e+03
2.344089195014888901e+03
1.195548727598091318e+03
2.064122964629965281e+03
1.660013188369435284e+03
1.346464284853331492e+03
1.893934038321324351e+03
1.482801847558979489e+03
1.398236353440548100e+03
2.064328658689518306e+03
1.722350033944422648e+03
1.574850541230287263e+03
1.491058522591670908e+03
2.247607600900418220e+03
1.617175997861203996e+03
1.733905185269001322e+03
1.364697423777426593e+03
2.249099543651417662e+03
1.672624065367829189e+03
1.689330043102508853e+03
1.710487006288855355e+03
1.736521882802429218e+03
1.729262746624700640e+03
1.702382121027042785e+03
1.907487317827210518e+03
1.503517086673537733e+03
1.511033403779510991e+03
1.854760103356001309e+03
2.205764482296231108e+03
1.631929701475965885e+03
1.451777345253835847e+03
1.975187200729107644e+03
1.979492063409025604e+03
1.617755249661668131e+03
1.639150621201024023e+03
1.646302497793911925e+03
2.105538683138661781e+03
1.183953174811444114e+03
1.767096687861117061e+03
2.037543307358949050e+03
1.570822765052288560e+03
1.405090038472686501e+03
1.980939847002933448e+03
1.577016902350998862e+03
1.592467212985541664e+03
2.057768592115306092e+03
1.703334852781178142e+03
1.342718719781584696e+03
2.159770378920866278e+03
2.543034791141984897e+03
4.089730192258834904e+03
-1.177829968918663752e+02
8.828449509695436745e+02
1.523902915187707322e+03
1.730921051211365693e+03
1.640158341892058615e+03
1.830239935357906461e+03
1.655429641047928271e+03
1.627553644701045641e+03
1.781437986087393710e+03
1.708841449807368917e+03
1.802563677319830504e+03
1.585597973932209698e+03
1.741603308524399381e+03
1.853401608709629272e+03
1.567491362101943650e+03
1.701969449502905036e+03
1.589269196021333073e+03
1.608127014117185581e+03
1.550992708814120533e+03
1.675151464101198599e+03
1.484420284887281014e+03
1.454683254415189367e+03
2.133637771374197655e+03
1.710091928755112349e+03
1.729294723842861004e+03
1.798095031345003690e+03
1.786817250848130470e+03
1.776511644054227645e+03
1.749815150157255175e+03
1.743667486773018027e+03
1.719522585300941273e+03
1.767163772132571466e+03
1.785550954060936647e+03
1.525164048580494409e+03
1.501055475699379031e+03
2.458342928493149884e+03
1.255133889064198002e+03
