1.538246614940797826e+03
1.820304069693585916e+03
2.039654235372830044e+03
1.802060664268294659e+03
1.781267047554113560e+03
2.109954409691814362e+03
2.249355712263595706e+03
1.847446592720406215e+03
1.882350798962502267e+03
2.724572394240951326e+03
2.372443884479878761e+03
1.676270075168837593e+03
1.751142472963226737e+03
2.379624127283131202e+03
2.291369627073172069e+03
1.544547406428142040e+03
1.872492115930231876e+03
2.495264877090127811e+03
1.707188822951433622e+03
1.721390944253982980e+03
2.511679306954084495e+03
2.014793771456762897e+03
1.598047832627128400e+03
1.940995901137159080e+03
2.564774886212448109e+03
1.685083486050907823e+03
1.726547440168996673e+03
2.530388552394077578e+03
2.027642462156434704e+03
1.607793822535957815e+03
1.900990934721957274e+03
2.792000990256095520e+03
1.722751838690515797e+03
1.570274613226840529e+03
1.916585982266407882e+03
2.777632592508272865e+03
1.751925940396745318e+03
1.599356332861523697e+03
1.965281917933899649e+03
2.514884907449832554e+03
1.738388127996423918e+03
1.685427162867795232e+03
2.089135618802545196e+03
2.209151002552507634e+03
1.752555808585375189e+03
1.852576008242717307e+03
2.362670269593811554e+03
2.130000964292707522e+03
1.733117147369405529e+03
1.999742517340431959e+03
2.384594407133356071e+03
1.822232659839031612e+03
1.914898497372100110e+03
2.488560194230887646e+03
2.098562791499248306e+03
1.604027686653630553e+03
1.638778199991854763e+03
1.735958321627527539e+03
2.791920289653883174e+03
2.238195198830163918e+03
1.531773557972206390e+03
1.857686663850761533e+03
3.295664002192355838e+03
1.917948335733242402e+03
1.376735000729347803e+03
1.823822665905295480e+03
3.194874009133334312e+03
1.569786718184612027e+03
1.299234480042455971e+03
2.003287996957897576e+03
2.887884044145028383e+03
1.409348255476804297e+03
1.442715824157154657e+03
2.277393639149695446e+03
2.069316812308004046e+03
1.455950902467950527e+03
1.591937413679298288e+03
2.991163250271961715e+03
2.154637920665502861e+03
1.333757251605729834e+03
1.503989165738758174e+03
2.029593787844895132e+03
1.911823638293259592e+03
1.587567710701079250e+03
1.773302681197739275e+03
2.594977306144663544e+03
2.062025780498382574e+03
1.600918632835853487e+03
1.757308500182008856e+03
2.409314001244983501e+03
1.917115140577589045e+03
1.730078491861064776e+03
2.088288446514381121e+03
2.622930852426601177e+03
1.779996023960626417e+03
1.733984009265220266e+03
2.305460538771063966e+03
2.146560947259240493e+03
1.676757961623868823e+03
1.851278571874285262e+03
3.114286311379271410e+03
2.158885099829436058e+03
1.501172661398517675e+03
1.605966016319091295e+03
2.536731860071229221e+03
2.136240595016943644e+03
1.497219687333207730e+03
1.714520350382490506e+03
2.688529502074203720e+03
1.859845519117161302e+03
1.508774055600342081e+03
1.777418306441266850e+03
2.771640431146664014e+03
1.733471404715304288e+03
1.531750021410902036e+03
1.969585951612752297e+03
2.654340339777438658e+03
1.641694147344209341e+03
1.578637532600816712e+03
1.958479118727052537e+03
3.353219612149323439e+03
2.104623320672737009e+03
1.381063806511690473e+03
1.573017560043769890e+03
2.544708930197651625e+03
2.098064180125484654e+03
1.464099607010357204e+03
1.612532790152983353e+03
2.609371036919520520e+03
1.757947789033890558e+03
1.591471719081707079e+03
1.667294619980837751e+03
1.743456537392708469e+03
2.431281758717556841e+03
2.440647983008862411e+03
1.593879269080023050e+03
1.616177058818443356e+03
2.021720283103393513e+03
3.177250357667646767e+03
1.697381718739759663e+03
1.520435059094650569e+03
1.785029400235532648e+03
3.037441726603379720e+03
1.849017177516940137e+03
1.521553541623048659e+03
1.691171328913251500e+03
2.443230583142383239e+03
2.228590616548078742e+03
1.535661213168453060e+03
1.668365985307914343e+03
2.540887769735305483e+03
2.092258905896864235e+03
1.561013947990297538e+03
1.728279000770364064e+03
2.582799578632101202e+03
2.140080928581658100e+03
1.570900749482941592e+03
1.682439008736804681e+03
2.524350990441836984e+03
2.113165614725578507e+03
1.547952004647616377e+03
1.779586388722004131e+03
3.477016600229690539e+03
4.125393896882341323e+03
2.116482921584720316e+03
7.508978145633300301e+02
7.490379384045327242e+02
1.090606179722963361e+03
1.706416241894148698e+03
1.454327518700331666e+03
1.428689289373630800e+03
1.672376850560485082e+03
2.010484225270242632e+03
1.793540021325273983e+03
1.731314683750372296e+03
1.955785737105970156e+03
2.254301292077641392e+03
1.976288311507622893e+03
1.834139028285895620e+03
1.995443271490945563e+03
2.359732008419756767e+03
1.974576958006357927e+03
1.861673744776798912e+03
2.741248267383146413e+03
4.090463010554890388e+03
4.097231113298285891e+03
2.558887163098817382e+03
1.000174292982331281e+03
2.216891552597090254e+02
3.174044552224777931e+02
6.208974025232967051e+02
1.306488692207634131e+03
1.414550808271740379e+03
1.374277126940195558e+03
1.488691584324323685e+03
2.039105645968591944e+03
1.943977135581117864e+03
1.727731065833710318e+03
1.745314298157211169e+03
2.212072665071299070e+03
2.135164661109311510e+03
1.820074709509638751e+03
1.807327515287488495e+03
2.449555869454050480e+03
2.837686221764381571e+03
1.849263137533731197e+03
1.718983595538607915e+03
1.997328737139887380e+03
2.986208563686122034e+03
1.857043473468801722e+03
1.591474014635337198e+03
1.718101731045853967e+03
2.663680868534082492e+03
2.245197925550027776e+03
1.609406536540113393e+03
1.610395321065488361e+03
2.163259408002359578e+03
2.593419039168732070e+03
1.726743683774762530e+03
1.589768025784255769e+03
1.971914569488024881e+03
2.578069089518742203e+03
1.830240835394797614e+03
1.654832194145863468e+03
2.110712853617523251e+03
2.401123085644985622e+03
1.778125081361265302e+03
1.723377183787315971e+03
1.806805143776787872e+03
1.782545941005666009e+03
1.953628913207525329e+03
2.803911086988856823e+03
2.109860822858528081e+03
1.736209849315722749e+03
1.809722945791833581e+03
2.582260547363603564e+03
2.152095856809060933e+03
1.639954975570680972e+03
1.748532574248497895e+03
2.571714923429974078e+03
2.082226740548835096e+03
1.629749485788457832e+03
1.881057966474301566e+03
2.858983016072455939e+03
1.884009160599910729e+03
1.510854385669473459e+03
1.857510282501542406e+03
2.710232860571433775e+03
1.724924631456178304e+03
1.556215188530268961e+03
2.003481018317487951e+03
2.239617831569023110e+03
1.663250238723068833e+03
1.766312607679017901e+03
2.649637129477554936e+03
2.046185969413643306e+03
1.577884725398713044e+03
1.872945384350772656e+03
2.773241605613690808e+03
1.834146362449932667e+03
1.517517882188400563e+03
1.880764692043197101e+03
2.515430447674303650e+03
1.720838600101557859e+03
1.650449807722950254e+03
2.163372665479397256e+03
3.091602008929644853e+03
1.600639292268188456e+03
1.447761506114354461e+03
2.246241263838850955e+03
3.604600748553671565e+03
1.917854988525532917e+03
1.178811770840604140e+03
1.406522195902415433e+03
2.443583362780340849e+03
1.706794340332113961e+03
1.326824855654627754e+03
1.678198354070619644e+03
3.061539473545573856e+03
1.926136601597955405e+03
1.407813853427525146e+03
1.544276114734330349e+03
2.474455965996080522e+03
2.380616834955562354e+03
