1.341075777303619134e+03
4.113327174965531412e+03
9.797040600452075978e+02
3.303086394351901731e+02
3.256786410763139884e+03
2.920413302392601508e+03
4.015529395418019476e+02
9.440300577729987026e+02
4.177231642958625343e+03
3.092193495556912694e+03
5.097864248888053567e+02
2.243484919389501329e+02
6.820734624778483521e+02
3.613092445193453386e+03
3.187623175385727791e+03
4.302430669684550821e+02
6.599073901225686996e+02
3.731214922592540006e+03
1.573344351128286007e+03
5.059916385410108433e+02
2.841689907171663435e+03
2.928954927824106562e+03
5.326093320645478570e+02
1.263090995738402626e+03
3.778319224295762524e+03
1.182123088642187668e+03
4.192199391248759639e+02
3.540792649740760680e+03
2.016365939688861317e+03
4.115065692559969648e+02
2.477440265492545223e+03
3.336133319578088503e+03
5.696707029307282255e+02
1.151847515891071225e+03
3.852991633016784817e+03
1.150850887554828205e+03
3.937904438173914059e+02
3.736620784353342970e+03
1.372262835383178299e+03
4.576243893979446966e+02
3.272488505459617954e+03
2.245424589390068832e+03
6.623915133762573078e+02
1.945945562384615187e+03
3.417939078997506385e+03
7.376611373719358653e+02
7.256019925037380744e+02
3.656115223270292972e+03
1.355679253383202422e+03
5.027254327997484324e+02
3.467991948574288926e+03
1.955896821503696401e+03
4.822872563985371812e+02
2.925643443469474732e+03
2.604067453191983986e+03
5.419165393224918716e+02
1.950654368912760447e+03
3.734157398680795723e+03
8.746718232667319626e+02
3.055025706181938858e+02
3.436020236860325440e+03
2.354683334696447218e+03
5.641457897284657292e+02
1.782718886714012115e+03
3.546882693010185903e+03
9.736904184131817601e+02
4.044640318574800517e+02
3.703341253904852238e+03
2.044374993421923136e+03
2.594320780967667588e+02
2.689122614388626062e+03
3.120374992919736997e+03
5.485629534239958502e+02
1.721073790873351982e+03
3.635980038503224932e+03
7.332189675987008286e+02
4.655625749488391989e+02
3.784649186192486013e+03
2.136003577262235012e+03
-6.866699648447779580e+00
1.986341383463352258e+03
3.636617218254111322e+03
9.194112713363410876e+02
1.638911298812720815e+03
3.261458886751173850e+03
8.140702275086269992e+02
7.669189341711398811e+02
3.632294585311300580e+03
1.537698475027299310e+03
4.850024115843440313e+02
3.017311688604481787e+03
2.224025874808815388e+03
5.549446041715599449e+02
1.880767194068099116e+03
3.636409443082125563e+03
9.922120624418791976e+02
6.642765085877190359e+02
3.562959541773800993e+03
1.300585217327028431e+03
2.899277112728523775e+02
3.904093021622538799e+03
1.448109934507337584e+03
7.383575769608377186e+02
2.444700175384194154e+03
3.194579604107266277e+03
4.966367393382334399e+02
1.374828716840476545e+03
3.666522188638878561e+03
9.229449455707366496e+02
5.255859163426804344e+02
3.635006498355402073e+03
1.717791304740540454e+03
3.085163518325744576e+02
3.362638452453363243e+03
2.458498325587210275e+03
2.339097800603014718e+02
2.830748257924666632e+03
3.081167252415655184e+03
4.991159268031821625e+02
1.292511092879184162e+03
4.003948694588377748e+03
1.129359087936786636e+03
6.485029396954223557e+02
1.307324577691848390e+03
2.128276239406497098e+03
3.821758427863444467e+03
4.517140751547123045e+02
7.516034495721694384e+02
4.224744870714277567e+03
9.858374118964663921e+02
2.496646762602393324e+02
3.543285517722706572e+03
3.304040645186422353e+03
3.499723648325859244e+02
5.812239912288404184e+02
4.160655699588509378e+03
1.766456228242993802e+03
1.888905198623160118e+02
1.745681181425124350e+03
3.748253615090579387e+03
1.028215511457193543e+03
2.482811145976633043e+02
3.620866801005639445e+03
2.257026018575989838e+03
3.443115618746991800e+02
2.022732640403392907e+03
3.432912512251896715e+03
6.856342465301017910e+02
8.650288680827441112e+02
3.719646987236231325e+03
9.513000832062220979e+02
6.464831226638349335e+02
3.805310375098635632e+03
1.434832677467263011e+03
2.138649467193478131e+02
3.874054945907685578e+03
1.842011030198108301e+03
1.594798288840067357e+02
3.249591139569116876e+03
2.850289131376778187e+03
3.163817788787949894e+02
1.178219293959965853e+03
4.155400284057624958e+03
1.320323430248336308e+03
3.693058111125826031e+02
2.701169617072895107e+03
3.424908265448024849e+03
4.065231812105090512e+02
1.189660622859567184e+03
3.901095311145469168e+03
9.150400221061948969e+02
2.143080250657686179e+02
3.750642109770862135e+03
2.064857695422319466e+03
-6.287246094385194795e+01
2.639858711325654895e+03
3.578486671857978308e+03
4.706693172461073686e+02
4.726260821169692008e+02
3.933344467294321021e+03
1.685373554461171807e+03
7.011533998910113041e+01
3.376181202025690709e+03
3.207818120547768103e+03
3.158044600462048379e+02
6.501653552236763289e+02
3.643898847446447689e+03
6.651208869654112732e+02
1.921222217736723906e+03
3.776443915932386972e+03
6.389806087962595029e+02
5.816670793378341386e+02
3.864681472542808024e+03
1.650521786345962937e+03
2.533560937342039381e+02
3.441506028616279764e+03
2.324407490626682829e+03
2.577342802330491054e+02
2.665862591467626771e+03
3.300262074720018973e+03
3.549961188082777994e+02
2.002925004909183372e+03
3.316055557956276061e+03
3.744157777824369191e+02
1.419808847331975585e+03
4.093940296983111693e+03
1.050480105246751464e+03
1.184352686593732358e+02
2.796038922491901758e+03
3.487053797966543698e+03
4.887942166423729873e+02
3.660097867420296893e+02
3.903369888886963508e+03
2.245067918814621862e+03
2.797378754447732945e+02
1.408891458038301835e+03
4.115195309250925675e+03
8.326722591093806614e+02
2.997785483667461790e+02
4.045526717077748799e+03
2.568520634767808588e+03
2.702000375635495857e+02
4.869552564071774441e+02
3.176368783886856818e+03
3.730644940870854043e+03
6.797060036805246455e+02
8.700152760951605160e+02
3.386829818433942819e+03
9.910745899314018743e+02
4.873945945744343362e+02
3.688933115202421050e+03
2.040082206958090183e+03
3.468779796271329587e+02
2.799826868967144492e+03
3.070585085063621136e+03
4.701297039387778796e+02
1.732638935174125209e+03
3.610418713257411582e+03
5.390517848790378821e+02
6.640800141038823767e+02
3.787942076982006256e+03
1.613149972265101042e+03
2.059544916509038615e+02
3.112666550969032869e+03
2.893625322732742916e+03
3.013104265967660922e+02
2.583967188598586290e+03
3.170869262406289636e+03
4.415952650723735360e+02
2.455667109390220048e+03
2.624818316019025133e+03
3.653078937517782947e+02
2.244477457387306004e+03
3.472960646975969212e+03
7.841235917476734585e+02
6.767463999090010702e+02
3.756114169588078767e+03
1.369504282052741701e+03
3.873844723935018237e+02
3.341738822437576800e+03
2.627189883406893387e+03
5.529822931140166702e+02
1.672808044047265412e+03
3.691793241298932116e+03
8.737623966507451314e+02
5.307418803735349684e+02
3.713312280185649342e+03
1.859945813300022564e+03
3.491622781561084707e+02
2.370248222648666342e+03
3.342865449210421048e+03
6.546996303608970038e+02
4.644166116475897752e+02
3.718115082768364118e+03
2.018223106578371016e+03
6.520455641038859085e+02
9.100072487298439228e+02
3.995020743927906551e+03
1.673319427522557362e+03
4.405065134235640016e+02
2.247611889918724501e+03
3.376514186668397542e+03
5.392289505587049234e+02
8.371590883111831545e+02
