2.704692320973462643e+02
1.141333785318282480e+03
1.821071152249745410e+03
1.401069447862068046e+03
1.602231260616332520e+03
2.143448219662602241e+03
3.833434891076246458e+03
2.391215456881013324e+03
7.917831937656319496e+02
9.571307610998118207e+02
1.414136985424609747e+03
1.669118074923755330e+03
1.628922404231563632e+03
2.849632426089454839e+03
4.116488810501105036e+03
2.285119359802316922e+03
4.530455303386216315e+02
5.777138675445459057e+02
1.316423700164078355e+03
1.589513471156667720e+03
1.630721123300407953e+03
1.807586570098494576e+03
2.625403338800520942e+03
3.835576132483045058e+03
1.570565426250928112e+03
6.545667034681223413e+02
1.109005645670280046e+03
1.437715974937597593e+03
1.592074152057136189e+03
2.039041802800073583e+03
1.827771374985409693e+03
2.433783284343000105e+03
4.126603270875084490e+03
2.919408061999078200e+03
5.362722914774866467e+02
1.776235913743748540e+02
8.480420053687525979e+02
2.653015044971939460e+03
3.350556663396344447e+03
1.149556137358402111e+03
1.066914431725549548e+03
1.261905047842294152e+03
1.521176857312336324e+03
2.650574556316431881e+03
3.197387439062048998e+03
1.337863869284670500e+03
1.051363524468953074e+03
1.336393405704260203e+03
1.637126303701786355e+03
2.094433653091391989e+03
3.922322364574797575e+03
2.226761486732009871e+03
5.032529430249764459e+02
9.318716744801525920e+02
1.365732677577831964e+03
2.532791522792850628e+03
4.172725042625188507e+03
1.721203365325173081e+03
2.873888383100185138e+02
6.568044003858128690e+02
1.267588523129830946e+03
2.981806183327624240e+03
1.754511933195870142e+03
1.212106446297369985e+03
1.474925398247049088e+03
1.815498917060274835e+03
3.448378847868130379e+03
2.044710429876064154e+03
1.003432843417490403e+03
1.265893771644891558e+03
1.455727858741506225e+03
2.629320760755127139e+03
1.879600433543233976e+03
1.402539795588043035e+03
1.483790970958356411e+03
3.282328227217285985e+03
3.188687855705692073e+03
1.902919086232376458e+03
5.866952325924542038e+02
8.443851120501195737e+02
1.259638825555846097e+03
1.604809050583076669e+03
2.935273982590139440e+03
3.467698649452304380e+03
1.376292631102078531e+03
9.666035579901049459e+02
1.106351752621403421e+03
1.618777899916365413e+03
3.198608138360885278e+03
3.708584787332989436e+03
1.292959608731157232e+03
4.424413621203379989e+02
9.662782285522077927e+02
1.529845183714015775e+03
3.093074474331895090e+03
3.448905610239533871e+03
1.058556618397645707e+03
6.476983969724841472e+02
1.194586312252250991e+03
3.142582574304721675e+03
3.762145041432456765e+03
9.966666785944631783e+02
3.618704902943812272e+02
9.704400189757743647e+02
1.500609993519482941e+03
3.173390006003352937e+03
3.705371769514969401e+03
7.785676599320908053e+02
7.005942595393904639e+02
1.321423599448788082e+03
1.836017310285980784e+03
3.809510611271734888e+03
2.972361048064704846e+03
4.902187402439323591e+02
6.281512135782534187e+02
1.313325479638125444e+03
2.468879860853954597e+03
3.811998815105220274e+03
1.257576855701941213e+03
5.284878325044087433e+02
1.310766465122404497e+03
2.295015098884422059e+03
4.140666387726509129e+03
2.382455762010848048e+03
-6.744601945443028512e+01
6.268332031054985691e+02
1.319326452521866486e+03
2.553562207860064518e+03
4.039702728610902795e+03
1.377996519913654993e+03
4.147501299212999584e+02
1.186345471400978795e+03
1.510005719503267755e+03
1.866934625658186405e+03
3.812262252697915301e+03
3.634110633648775092e+03
1.698972314002225517e+02
6.723253359983510791e+02
1.238072717819993159e+03
1.702016992605645783e+03
3.332484704895920913e+03
3.034354158773776817e+03
9.298623749731891621e+02
9.532791464601882581e+02
1.368699906876648356e+03
1.757300544765297900e+03
2.431544959351388115e+03
2.326996761297364628e+03
1.543552708729283495e+03
1.530239939084226080e+03
1.834153382324993800e+03
2.551168986595524530e+03
2.285043761237851868e+03
1.428749291780214662e+03
1.349924151735794339e+03
1.671533243080645434e+03
3.034307537441417026e+03
1.828167549941176276e+03
1.209614801770678241e+03
1.378518536576659699e+03
1.735698183502559004e+03
4.069587557312862828e+03
2.721996030087745112e+03
8.071639395085592241e+02
4.749937184304053517e+02
9.974187154801776387e+02
1.294344050360817619e+03
1.748545940976825250e+03
3.270982040017268446e+03
3.048598433519738137e+03
1.003461939727054528e+03
9.294089103486833210e+02
1.347639931691938045e+03
1.646607275910181897e+03
2.635859829192888355e+03
3.866095691053187693e+03
1.579152375274036331e+03
6.737249459482827660e+02
1.086865031293771153e+03
1.406950678722027078e+03
1.748748606646932330e+03
3.227444338211148079e+03
4.047976873295826863e+03
1.090685529508913760e+03
2.974589855321298160e+02
9.088032890484297468e+02
1.469750854142105709e+03
1.628382301604020540e+03
1.965192553038796177e+03
1.803704172739999649e+03
2.041919620152157449e+03
2.076358771838017674e+03
3.880403036182927735e+03
3.106667291567964639e+03
4.810780395616775422e+02
6.745011346742395517e+02
1.207891833490771660e+03
1.538987665973596904e+03
3.517419588855075290e+03
2.992108188530741245e+03
8.652898904959951096e+02
7.242398749005882337e+02
1.134152430731566028e+03
3.447766032660624660e+03
3.964880000049097362e+03
5.769887385641309265e+02
3.016997245096042093e+02
8.945607134183177322e+02
1.887251401073295028e+03
3.591308062397947197e+03
2.066514915108931291e+03
8.113648078379991375e+02
9.591314644521484070e+02
1.531299608382193810e+03
3.550545607048467900e+03
3.322905905091427485e+03
6.588056538261710102e+02
6.252100625665777898e+02
1.143036833615811474e+03
1.717307718879254935e+03
1.665990443319145470e+03
2.871090552593053417e+03
3.893729717146537951e+03
1.118843539881140259e+03
5.689997943435739671e+02
1.182824188399215927e+03
1.496559559865823758e+03
2.364272854054331219e+03
3.361514721841572282e+03
1.500719350959252097e+03
1.233420091622179370e+03
1.358913164485982861e+03
1.520387476468737077e+03
2.092630716593213037e+03
3.742585480097128766e+03
2.377933848368908457e+03
8.203835040778914163e+02
8.596479554199173663e+02
1.275226804226996137e+03
2.781567356980150635e+03
3.215402081574009117e+03
1.078098531101054959e+03
9.344092333637411230e+02
1.211759918564104964e+03
2.246084081346884886e+03
3.787974308439629567e+03
1.903308229143323160e+03
6.819251089903755201e+02
9.029719139168897755e+02
1.375130951333727580e+03
2.706251866110346782e+03
2.889933890535933642e+03
1.332091236144869981e+03
1.252737816669005952e+03
1.391732377730923417e+03
1.780579334308435818e+03
2.227738704823533681e+03
3.006835941759142770e+03
1.584437740374974283e+03
1.271782820311402929e+03
1.550247017208755324e+03
1.752571427859757932e+03
3.177200328804853598e+03
3.404546530724962395e+03
8.576416793323365937e+02
7.587712446540275550e+02
1.060321426688923793e+03
2.252771756733587154e+03
4.002347863382081869e+03
1.944109199997370979e+03
2.767040411087177176e+02
8.107810057533883992e+02
1.208945677348704521e+03
1.644591915313704476e+03
2.941588301390735523e+03
3.809195996405672304e+03
2.154151397534168609e+03
3.147857249115514264e+02
7.009070361091463610e+02
1.434254545381068738e+03
2.045383208273755599e+03
3.703346688611583431e+03
2.363188457218226176e+03
6.323280374022155002e+02
