1.498958596524838185e+03
1.624345976683628578e+03
1.862585617277236452e+03
1.967788377515074444e+03
1.509388658761524312e+03
1.631685591255109102e+03
1.904058687877796274e+03
1.952596780200748981e+03
1.447999242077503595e+03
1.649707721247047402e+03
1.925770134795720423e+03
1.777942843712161448e+03
1.526335372457394669e+03
1.705037659428498728e+03
1.963397268513806239e+03
1.603818639490190662e+03
1.578366577193079593e+03
1.895305336162983394e+03
1.855008602121775539e+03
1.514586333539637963e+03
1.638042594883648917e+03
1.956870934462638843e+03
1.700443634769301070e+03
1.584239144510866026e+03
1.773564985109548161e+03
1.960825430347592373e+03
1.501311143547618485e+03
1.609058227797952441e+03
1.949658553037460251e+03
1.743009567477453857e+03
1.567916027561047258e+03
1.717302184731798889e+03
1.979339308414393827e+03
1.558082127860385299e+03
1.605643242510981054e+03
1.889104877665560707e+03
1.828678176051531182e+03
1.535700185541053770e+03
1.697240332932889714e+03
1.986584360562561642e+03
1.508662128219936449e+03
1.586552812743955201e+03
2.024204699713415039e+03
1.532178920724354839e+03
1.580449763859580344e+03
1.977176126244795796e+03
1.697233923240887862e+03
1.546432448058918908e+03
1.929378183039655596e+03
1.807646078443280430e+03
1.497510820346430819e+03
1.824276586300265762e+03
1.961989257228755605e+03
1.479963370237238905e+03
1.605953968505132934e+03
2.021966216136262801e+03
1.570315955462681814e+03
1.563524642535095381e+03
1.923128437131985493e+03
1.856451447781126035e+03
1.523360873597507862e+03
1.670597902243942826e+03
2.009212247084270302e+03
1.526177955307995262e+03
1.534950434420112970e+03
1.999027889041288972e+03
1.692950299203136638e+03
1.559426031809519372e+03
1.814898900816503556e+03
1.879825872129697245e+03
1.551406146889753700e+03
1.722032506639178109e+03
2.012800894153292802e+03
1.510344194924896101e+03
1.542941261484934103e+03
1.993450396313658530e+03
1.831040707553155244e+03
1.680566798197175103e+03
1.538893010050411476e+03
1.599437772346347629e+03
2.030054981063392233e+03
1.822670973473368576e+03
1.501857546462506662e+03
1.779692272791302230e+03
1.980002657044416537e+03
1.470530221148744886e+03
1.628171378881954752e+03
2.016972639885834724e+03
1.526133235679042627e+03
1.559898762068545011e+03
2.014808047531891134e+03
1.655470705745181704e+03
1.523806667009384910e+03
1.879268503623440438e+03
1.972700300828884565e+03
1.467357503879073192e+03
1.598454948380164524e+03
2.014949092459014309e+03
1.817059478086217496e+03
1.497731348650001564e+03
1.641355218454487840e+03
2.007848006357492295e+03
1.552795281040564987e+03
1.557713739259105296e+03
1.981366307379230420e+03
1.660119764089537739e+03
1.526067066046123045e+03
1.872283382641276603e+03
1.909129188220436390e+03
1.509446722885657437e+03
1.636524236825536491e+03
1.994006256737422291e+03
1.592922191040544476e+03
1.572747766997205190e+03
1.905906699759840876e+03
1.841142347502225221e+03
1.543637294819584895e+03
1.671548035742230468e+03
1.977892281620130689e+03
1.577510091268835595e+03
1.531952293219309695e+03
1.945258112275608028e+03
2.025201337226019632e+03
1.558688572078251354e+03
1.438624117967898655e+03
1.708652161797754388e+03
2.004047646029058797e+03
1.500398587818223177e+03
1.643283657945100231e+03
1.857028535041134319e+03
1.981109335749038337e+03
1.476644626971441994e+03
1.637274231659309635e+03
1.813425191363380691e+03
1.955677341191809091e+03
1.509964470685259812e+03
1.622459962133668114e+03
1.756732026398964308e+03
1.991905561885270345e+03
1.570373726542935856e+03
1.548002696373823483e+03
1.813691663323329067e+03
1.964758251626426045e+03
1.504123514936878337e+03
1.598709689927878571e+03
1.815086566808879979e+03
1.951671882657686410e+03
1.531607037550808627e+03
1.604965745436087445e+03
1.986485264915374273e+03
1.757921115465794855e+03
1.548470116938724459e+03
1.644495310665090528e+03
1.997017156442840815e+03
1.580917051997194903e+03
1.552618835708078905e+03
1.881065069217640257e+03
1.956274241231634278e+03
1.461161364843665297e+03
1.599276285491004501e+03
2.026510092663554360e+03
1.836426919484463042e+03
1.444825307301184239e+03
1.631071015691998582e+03
2.013654883577248711e+03
1.693090409120637560e+03
1.523188638695170994e+03
1.905362408188829704e+03
1.830865391784426492e+03
1.511182425299757597e+03
1.893543386377556317e+03
1.836817555133087581e+03
1.543283283191803093e+03
1.796123291098833533e+03
1.922472323005933049e+03
1.501799747684791100e+03
1.766798199262738081e+03
1.957524255682952798e+03
1.497648843364107734e+03
1.692408271425884550e+03
2.008245303227882687e+03
1.465526528753038519e+03
1.813689497878362772e+03
1.651304107466595724e+03
1.998047364926965656e+03
1.635070487526435500e+03
1.558052737682527322e+03
1.903539112514303952e+03
1.919229460692069551e+03
1.463841445419871206e+03
1.679689721327571988e+03
2.055411606991172448e+03
1.569510851997929649e+03
1.496962288383000214e+03
1.824916479700556010e+03
1.996688066565101281e+03
1.495324499803672325e+03
1.574821749941966573e+03
2.064637275015428258e+03
1.641365795809859037e+03
1.489043975509685652e+03
1.804298512070790593e+03
2.047766516812013151e+03
1.483259341030095129e+03
1.541146348188729007e+03
1.945393947981440988e+03
2.044979954976259705e+03
1.433211521446987945e+03
1.594912803775651355e+03
1.832804535898643280e+03
2.027403797986448581e+03
1.534936800291070767e+03
1.559098999850533801e+03
1.700697038999480128e+03
1.998478717410861464e+03
1.826191403936814595e+03
1.479739880109088745e+03
1.636608371967495486e+03
1.899129056634623794e+03
1.974696667253379246e+03
1.473388566130050776e+03
1.593160862897983861e+03
1.934701028850263583e+03
1.923158368677335147e+03
1.457468460006229634e+03
1.663894416499880663e+03
2.007251477433753280e+03
1.528201357920915370e+03
1.586966343740289631e+03
1.928728354288412675e+03
1.803748197040467858e+03
1.567784016692928617e+03
1.741708460111924978e+03
1.927509681791075764e+03
1.544763691654124614e+03
1.620027592755170645e+03
1.903265091752410399e+03
1.816455811525730724e+03
1.516414050421771663e+03
1.746644868774105134e+03
1.975436251155850869e+03
1.526404071474508328e+03
1.610239211085279521e+03
1.902638225861124056e+03
1.955159583621508546e+03
1.450608282375391127e+03
1.613723993406297268e+03
1.950091895649305343e+03
1.779838882392605456e+03
1.484665240716633207e+03
1.900230072563739441e+03
1.860250713168741640e+03
1.478940979915617390e+03
1.803082918572501512e+03
1.970274337849863514e+03
1.492354978849854433e+03
1.669495531704410496e+03
2.010321655355750636e+03
1.490755263733525226e+03
1.598983152461098143e+03
2.021115776028391565e+03
1.492308942257669742e+03
1.591702516465248436e+03
2.039001647608765552e+03
1.629715716124778965e+03
1.484634033866482469e+03
1.926927208693530929e+03
1.972596520562975456e+03
1.440980530513337499e+03
1.618868715813565814e+03
2.056957864471648463e+03
1.636207777081454651e+03
1.492735082626266603e+03
1.925123391783338093e+03
1.916259966698070912e+03
1.464011996883339179e+03
1.673964482820960257e+03
2.096744401555303739e+03
1.494996219068585333e+03
1.566707085214759445e+03
1.857574666422974815e+03
2.008178022531930537e+03
1.450804924027059087e+03
1.564491770594585205e+03
