1.287614648851135144e+03
1.591155511271806517e+03
1.822036043372926315e+03
2.007489895269296539e+03
3.398387660632412917e+03
1.327007668685212593e+03
1.580805471617871717e+03
1.775005932050563842e+03
1.874635578417417264e+03
3.551859457886200289e+03
1.340877548862546064e+03
1.557186523572885790e+03
1.766313469312180814e+03
1.902249329960444356e+03
2.445825533233704391e+03
3.069448675189478763e+03
1.239303398356290018e+03
1.602659240037813333e+03
1.803026158417525721e+03
3.320623908861512518e+03
1.394479792936631611e+03
1.477276932017458648e+03
1.716883087681193047e+03
3.170376741589172070e+03
1.378605732203090383e+03
1.517135555455762415e+03
1.870050292127232979e+03
3.615327345325441001e+03
1.141414888614952133e+03
1.515169190206308485e+03
1.763716490645733529e+03
2.123323361863585887e+03
3.693267691384719001e+03
1.051941839089633504e+03
1.538057081035079364e+03
1.727813783196355644e+03
2.650699319196320175e+03
2.392733820590364303e+03
1.244241437755353900e+03
1.539860525613522213e+03
2.214154914460488271e+03
2.814922831827954724e+03
1.350739490181488691e+03
1.628816362179625685e+03
2.381643309353572022e+03
2.696889470093699856e+03
1.335886184461181529e+03
1.387210578940750338e+03
2.582463739964052820e+03
2.343832344815333727e+03
1.265235991895081270e+03
1.613634856744836497e+03
2.091955210889091632e+03
3.260221167565496671e+03
1.216982007144138151e+03
1.597971662321597478e+03
2.827165437551499963e+03
2.477134212985342856e+03
1.452471491168577813e+03
1.172256125971215170e+03
1.565719661323232003e+03
3.007973158097784562e+03
2.398590888164307216e+03
1.035307482403506356e+03
1.533603708171892094e+03
2.433650520939439502e+03
3.619720736325263260e+03
8.624315489831537889e+02
1.303453839614308208e+03
1.741412463319413519e+03
3.741863519944943619e+03
1.136387746757387049e+03
1.271013217220704746e+03
1.704267388364578892e+03
3.768164575163646987e+03
1.132365013055994268e+03
1.293134307377173172e+03
1.593818228366689254e+03
2.977506215502945906e+03
2.856823370175220589e+03
9.018800277871669095e+02
1.360121827900693233e+03
3.074076203036201150e+03
3.066935314864601423e+03
7.087782444870534846e+02
1.512241026660931993e+03
1.623285747912603028e+03
1.738686926815408697e+03
3.730604129029119576e+03
1.621121684032669918e+03
1.052226647484332034e+03
1.478613045634597484e+03
3.319303946300407915e+03
1.906055174382930090e+03
1.069745268609831783e+03
1.501142908751328605e+03
2.862684386479500972e+03
2.419882062568561196e+03
1.105719260454066671e+03
1.606285489171943937e+03
1.928351938195037064e+03
3.971430396172755991e+03
9.506314097112755235e+02
1.361227594069422594e+03
1.700934814534150291e+03
3.311664792205742742e+03
1.740881646711477288e+03
1.214792082978481176e+03
1.618728062880830976e+03
2.332908590581746012e+03
3.537846771494596396e+03
9.298694845277474315e+02
1.422122353933341628e+03
1.673084042091875290e+03
3.220983811720277572e+03
1.536618414693563182e+03
1.394805927812463551e+03
1.679975671351356368e+03
3.031039441802997771e+03
2.909760614350354444e+03
8.204504519387701293e+02
1.429155584288917680e+03
2.161704723658214789e+03
3.373829845430863770e+03
1.017276685497645758e+03
1.518894538620251979e+03
1.765316604909541638e+03
3.039139211838721621e+03
2.281308060906437731e+03
1.148468985040150528e+03
1.567558851265440808e+03
1.751062819350285054e+03
3.231439755406403492e+03
2.479042903539505915e+03
9.391631259163494860e+02
1.424293703495514364e+03
1.716862451430036117e+03
2.913979642970930854e+03
2.719462777207391809e+03
1.066623261300923104e+03
1.628826333967944265e+03
2.855764573090620615e+03
3.022750054960918078e+03
7.345728517272578983e+02
1.316894640968523163e+03
1.777702799223580087e+03
3.467828694969402477e+03
1.253894257682999296e+03
1.393198878351437543e+03
1.699289340718939002e+03
2.577860527411503881e+03
2.920077081677875867e+03
1.144872097956254265e+03
1.544282917909249363e+03
1.998062618007814990e+03
3.753986235883141489e+03
1.145916049692076285e+03
1.344232722490053902e+03
1.706006538315664102e+03
3.151506585344165615e+03
1.726011670700867398e+03
1.283287896244190051e+03
1.621963116103173206e+03
2.206520304113884777e+03
3.661838883151322989e+03
1.678793661148052706e+03
1.334246277620491355e+03
1.436029134686673842e+03
1.737129693275332329e+03
3.921711784614885801e+03
1.329933279066964133e+03
1.197783388886042303e+03
1.564754234670766209e+03
2.886747028956076065e+03
2.186135503784391858e+03
1.229523823114823017e+03
1.578922544600268566e+03
2.999599008157223579e+03
1.880774763259089696e+03
1.285740419801150438e+03
1.611180040407171646e+03
2.699225627476070258e+03
3.734022680185596982e+03
6.158350891786045622e+02
1.241516194993783074e+03
1.633137674482155035e+03
3.756889540826004577e+03
1.267781763768273322e+03
1.117466169978349626e+03
1.527607694779478834e+03
3.193784827795621823e+03
4.163746161402076723e+03
8.504400731095164474e+02
3.622357226483297836e+02
1.220637136786011524e+03
1.576927968971530163e+03
2.818592385334903156e+03
2.181220091162849258e+03
1.236128394378585654e+03
1.632021228270089068e+03
2.596772690921199683e+03
3.203276084436889505e+03
1.027909208932902629e+03
1.450564366290825319e+03
1.911906237457240650e+03
3.580630923298173002e+03
1.126233586423974657e+03
1.532251290411045602e+03
1.763819041720885025e+03
3.506107346607873751e+03
1.413113488148870829e+03
1.279720380413673638e+03
1.633220255417136968e+03
2.125513508490708318e+03
3.867174432185714068e+03
9.413341493551723715e+02
1.345304292453327662e+03
1.620069635284391097e+03
2.718274432161595087e+03
3.335788234393974108e+03
8.937945432941647823e+02
1.341760975335638250e+03
1.631696579665539730e+03
2.823977597506153415e+03
2.159650067970522286e+03
1.301286164152048514e+03
1.623044676788304969e+03
1.867868684433504086e+03
3.526342250391186099e+03
1.912880875514415493e+03
1.044404443327419358e+03
1.496251696082942999e+03
2.592661122213920407e+03
2.778718492395385965e+03
1.093594450813094682e+03
1.531865742151870109e+03
1.891336465272410351e+03
3.913446964689931519e+03
1.104174236134329476e+03
1.398928174871887450e+03
1.666377315559630233e+03
3.005248257327934425e+03
1.966486922036932583e+03
1.304099261941948498e+03
1.624397790268303879e+03
2.632901861306299452e+03
3.505298152639235468e+03
8.444477200541209641e+02
1.393385081796078794e+03
1.967671196476315345e+03
4.045707883623254475e+03
8.781255504533047542e+02
1.303723805015097469e+03
1.665062783417482706e+03
1.765871340545656722e+03
2.218573342651644452e+03
4.010590597456016894e+03
8.286206469188218762e+02
1.331811840903389793e+03
1.668600976564282519e+03
3.812915048408059192e+03
1.177369907406392940e+03
1.232442044282961433e+03
1.567162126405081835e+03
2.785568829673436994e+03
3.047673995001776802e+03
9.034347600046870639e+02
1.405498384005747539e+03
1.895130365915370021e+03
4.024910363411274375e+03
7.443647362810011145e+02
1.249793632157409775e+03
1.634748295198873620e+03
2.237431689549462590e+03
3.810626538910491490e+03
8.879755680309317540e+02
1.382335316478626055e+03
1.643607970546893739e+03
3.282119681549867437e+03
2.632230321212495255e+03
8.518145764776359101e+02
1.428388168345271879e+03
1.687843189539800051e+03
2.993190830440636091e+03
