5.997732940632919281e+02
1.324773759262624026e+03
3.138613540642703811e+03
1.154175150963513261e+03
9.188488062184734417e+02
2.136107453699387861e+03
2.901742069832765537e+03
6.830325254378061572e+02
1.204990836296291491e+03
3.098255718532694573e+03
1.385974996136569189e+03
9.448133527001643870e+02
1.951363321651618207e+03
2.848950556506672456e+03
9.440927478541638038e+02
1.167433847789644915e+03
2.636762150033220223e+03
2.906978809315706712e+03
6.372966871504548863e+02
9.844370250264979632e+02
2.391728443858816263e+03
3.137938518856490191e+03
5.467828639750254069e+02
8.064906416229368915e+02
2.285730201671023679e+03
3.001822433546248703e+03
7.038389192788295077e+02
1.038645075640435607e+03
2.718633030478519686e+03
2.855576206537548842e+03
4.742317203710820195e+02
1.025825774904877790e+03
3.216920978222662598e+03
1.538941256270223448e+03
7.380353109414605797e+02
2.030031900683108006e+03
3.370147628771402651e+03
6.645192044358871044e+02
8.829880090308138278e+02
2.056207896343626999e+03
3.143059686191385936e+03
6.895266048710940368e+02
9.202376299806135194e+02
2.929659224967568662e+03
2.433678629144788829e+03
4.832221580865617057e+02
1.130732060354188206e+03
3.168117608889051553e+03
1.561003172447754878e+03
8.001348180593066672e+02
2.410078188289042828e+03
2.901934999876825714e+03
7.154538620326177352e+02
8.467323781119433761e+02
2.671885220295891941e+03
2.397500913922781365e+03
9.796500572973280896e+02
1.533332556772551470e+03
1.129827404990543755e+03
3.027499457944423739e+03
2.457984374393547569e+03
5.849622640028582055e+02
1.124719373052774472e+03
3.104931209153403415e+03
3.036719984789815953e+03
5.172402640135613865e+02
7.671414038189793700e+02
2.307362715214255331e+03
3.082309664963201158e+03
8.323127548582845066e+02
7.570630564568733689e+02
2.163819001222926090e+03
3.353176437653562516e+03
8.684248862981089587e+02
7.757473496514023736e+02
1.778625517308412554e+03
3.496652744154197535e+03
1.413189137168864818e+03
2.035359864332796462e+02
1.169557425232904279e+03
3.346387935257315803e+03
2.109011639572932381e+03
7.213367331148621133e+02
1.188236474686076463e+03
2.957410686413443273e+03
1.946455608931809820e+03
8.485642520824584381e+02
1.182728848445327685e+03
2.800460246612368792e+03
2.481208218925326946e+03
9.597718542393370171e+02
1.012518373328932057e+03
2.389383700930182385e+03
2.972417395198858685e+03
8.268928695801535014e+02
8.805468247165946423e+02
2.274935708181616519e+03
3.108756361246812503e+03
7.001356412896268466e+02
6.651517536193470050e+02
2.471593700500506657e+03
2.894838592845793301e+03
8.414555508519426894e+02
8.353386361094391077e+02
3.127857621210700472e+03
2.185563859329149182e+03
5.424540680508659989e+02
1.066004022509098604e+03
2.740575679256829517e+03
3.118111468906794016e+03
4.046644473119001191e+02
1.232548488520841602e+03
3.308609564029845842e+03
1.461486186504949956e+03
7.670484579577719160e+02
1.269669151588276236e+03
3.236402329468655353e+03
1.712127590355782331e+03
7.093763041095639892e+02
1.725220614016132004e+03
3.251781185403949166e+03
1.215209708934123682e+03
5.657951336338185229e+02
1.618808616434542500e+03
3.623126757242736858e+03
1.321214709963589939e+03
5.558980931212450969e+02
1.637966116463036315e+03
3.439115688504621630e+03
1.145372487591991103e+03
6.604932535105393754e+02
1.608334589055338483e+03
3.588627065369578759e+03
9.344349785296585651e+02
7.217831179691374928e+02
1.336137275568788027e+03
3.280688820676774412e+03
2.969870214502981980e+03
1.076218873530712727e+02
9.612782225907130851e+02
1.725695091837570999e+03
3.648093853828090232e+03
1.446745042919242223e+03
7.443264797111155531e+02
1.136603923604520105e+03
2.924188263570134495e+03
2.945347176833395679e+03
6.289242662364547414e+02
6.766251129238568183e+02
2.547613243530986892e+03
3.303904525556793487e+03
8.098424959157263174e+02
6.919912024510616675e+02
1.884111466637397598e+03
3.328529258198810112e+03
1.159578710912981705e+03
4.675606821075107291e+02
1.483294259290631317e+03
3.438524736305614169e+03
1.731401540718973820e+03
4.425846292950949987e+02
1.112013308384348193e+03
1.708779455390602607e+03
3.405102086190588579e+03
8.324759112737224314e+02
1.064162698875854176e+03
3.225139173563067743e+03
2.095814416022605656e+03
6.609093475862787272e+02
1.036193262815797880e+03
2.870698307922433742e+03
3.153261396953170788e+03
7.589684022755092201e+02
8.790413638586313709e+02
2.113955668963233620e+03
3.198163577460405122e+03
8.116753434452992906e+02
7.373417042089490678e+02
1.470243941231459303e+03
3.284106926330635815e+03
1.354796018226540355e+03
6.251545200262680737e+02
2.461368315651707235e+03
3.121913361436519153e+03
3.439182385337118149e+02
9.223208320082031832e+02
2.423765464066822460e+03
3.286064873646379056e+03
5.879293728717588010e+02
8.792233159283708801e+02
2.008620972847031680e+03
3.454636312471185192e+03
8.435166196900577233e+02
7.742017361441265848e+02
2.136920315820657834e+03
3.411811502759571340e+03
7.790190305191993048e+02
7.469388068547690409e+02
1.924838880490051906e+03
3.431689558066320842e+03
5.863865734543559256e+02
8.562968705182620397e+02
2.370476885514088281e+03
3.423321544733881638e+03
6.907500107555094928e+02
1.404420051275733613e+03
1.197804053226294627e+03
2.447971885698605547e+03
3.602224926350432270e+03
2.745457848980051381e+02
9.062329659940636475e+02
2.203628060018899305e+03
3.452792445974419479e+03
2.397776351635213530e+02
8.880102531432098658e+02
2.397365891630077840e+03
3.235938571984725513e+03
5.788447851153946431e+02
1.011693650427552029e+03
2.361202052004135567e+03
3.494583686387215494e+03
4.447375131100191084e+02
9.179301860074458546e+02
1.938373609178300057e+03
3.326357020000486500e+03
6.482362619937363206e+02
1.086125610322763123e+03
2.085241660297312137e+03
3.147016570690816479e+03
6.802647297243322555e+02
1.119366013776529599e+03
2.330262372709844385e+03
2.696747410580203450e+03
9.176632557583171774e+02
1.074503165274917137e+03
3.118484911049204129e+03
1.954973985228973334e+03
5.367365982146731085e+02
1.761631345097639496e+03
3.038199155262382192e+03
8.628667247687498048e+02
1.211756259992392643e+03
1.295119779293528609e+03
2.100069138387225848e+03
3.867017620231532419e+03
1.900153175349053924e+02
6.729214048740815315e+02
1.542306601103497087e+03
3.869302074830842685e+03
1.133015801508136519e+03
5.827993847004777308e+02
1.222796899449073862e+03
3.097349578295496485e+03
2.709466326160849349e+03
7.018675956260229896e+02
1.053417169185555849e+03
2.385227512268877490e+03
3.037027893361810584e+03
1.099598266014402270e+03
7.450277015973780408e+02
1.349151132059466818e+03
3.401131708256370075e+03
1.540930532658817810e+03
6.778620141934629828e+02
1.356049372895648503e+03
3.457561236973740506e+03
1.900014849155835691e+03
3.393211882998846818e+02
1.099417631028471533e+03
3.025520860978946530e+03
2.722746389142273983e+03
3.836824649615818998e+02
1.116891551864887106e+03
3.260172648990175730e+03
2.328771437892929043e+03
3.906296799269622397e+02
1.085687273099861159e+03
3.139300994763310428e+03
3.208528135992428815e+03
1.190452749978757083e+02
9.069022050569893736e+02
1.457282264233549768e+03
3.339882491888050481e+03
2.707774913629038110e+03
