2.382096352686516639e+03
1.698044924544025889e+03
1.706881156817446481e+03
1.840406152695214359e+03
2.455811410386141233e+03
1.812045760003328724e+03
1.640756701278911578e+03
1.923739584075015273e+03
2.339170028551054656e+03
1.881919261662290637e+03
1.795158894714131065e+03
1.855553768857597788e+03
2.206295077196256443e+03
1.964986175999696343e+03
1.727174897940068604e+03
2.055044818378932632e+03
2.304131697948683268e+03
1.722163374092034474e+03
1.702771011875248860e+03
1.990628122969543710e+03
2.492879683339499934e+03
1.638168555134149528e+03
1.685387829615372993e+03
2.184948914140378292e+03
2.286765811647151168e+03
1.663510620631946040e+03
1.775013053927854571e+03
1.914631906148743838e+03
2.290203688948652143e+03
1.920706655421726282e+03
1.770545471723496576e+03
1.786812150048035164e+03
2.367804368986837289e+03
1.958102660630861919e+03
1.544846117432108031e+03
2.150937978528634630e+03
2.432948560648646435e+03
1.746396790140368012e+03
1.678719020685423857e+03
2.134541085520770139e+03
2.491514265882776272e+03
1.628719792888633265e+03
1.543950590116468902e+03
2.481644435459735632e+03
1.924557882375956297e+03
1.572631777707165611e+03
1.986775872237888279e+03
2.390240495796631876e+03
1.666984474801849501e+03
1.685463939403676250e+03
2.319999716853239988e+03
2.361729962097144835e+03
1.610337673431539088e+03
1.623974999198600699e+03
2.453740542492188069e+03
1.806574459111766146e+03
1.639312227539971900e+03
2.406298433645700698e+03
2.578719051750508243e+03
1.090638836110569400e+03
1.740673308440963865e+03
1.811111947143714133e+03
1.837394507527551923e+03
1.765719463050147851e+03
2.336125721833414900e+03
2.075857674441245308e+03
1.687927466922838448e+03
1.873826782683911460e+03
1.820138577524209950e+03
2.505034654967395454e+03
1.780808690620550124e+03
1.816375976591704330e+03
1.858066742933611295e+03
1.965086921673319011e+03
2.480312698758521947e+03
1.746484960118232948e+03
1.786828338721902810e+03
1.859367658185023402e+03
1.998602367424715339e+03
2.328536069987383598e+03
2.174569645949207825e+03
1.577718753004896598e+03
1.891356820064677777e+03
2.626195993848510625e+03
2.085534315569651881e+03
1.401055269034850198e+03
2.230471000528696095e+03
2.399465692912866416e+03
1.581037060174222688e+03
1.504695743782187492e+03
2.440674178643487721e+03
2.381355807332106906e+03
1.448374139564310553e+03
1.646163424195743801e+03
2.303944583675395734e+03
2.465992642166980204e+03
1.481703546254354023e+03
1.659693195912062492e+03
2.289345719535278477e+03
2.265187700089512418e+03
1.595031372588179011e+03
1.718453729761825571e+03
2.072131020263082064e+03
2.438172753783361713e+03
1.665650563569570750e+03
1.770705242788964370e+03
1.912550719216566222e+03
2.415963211254766065e+03
1.802408609690311550e+03
1.795075445617041396e+03
1.854264185685433631e+03
2.129416926646670618e+03
2.372920715851789737e+03
1.586713177457419761e+03
1.735630737042567944e+03
2.157697625970004538e+03
2.459855707224801790e+03
1.634187897377617901e+03
1.689094188385894995e+03
2.061730292734992872e+03
2.657795283080358786e+03
1.411771524952187292e+03
1.564756267884326462e+03
2.349656248646788754e+03
2.238148162149142991e+03
1.655965973982784135e+03
1.745769868152637628e+03
2.246736567160198774e+03
2.326003299413923742e+03
1.668999177355824941e+03
1.758835169956890923e+03
2.036968501262882910e+03
2.362874426161862630e+03
1.739924741793786325e+03
1.755466671181508673e+03
1.801329347281611035e+03
2.366058974374918762e+03
1.987763376469727518e+03
1.789805581594641353e+03
1.769378737533240383e+03
2.193454219505850233e+03
2.219326887470444490e+03
1.858735392162727294e+03
1.514935781410693380e+03
2.343132412614236728e+03
2.393028981134993046e+03
1.584692834059336974e+03
1.662183676384049704e+03
2.569976717919866132e+03
1.712322895443632433e+03
1.536088773350920292e+03
2.144099570138652325e+03
2.527447678765968249e+03
1.622350041546904095e+03
1.583631373118770398e+03
2.119785584195233241e+03
2.510336569912175491e+03
1.595394914238317142e+03
1.679054837543493932e+03
2.149017301161849446e+03
2.404672379404776621e+03
1.599640304422279087e+03
1.701502431832572938e+03
1.947331263781664802e+03
1.849572628718887472e+03
2.618942267067922330e+03
2.015679401869347430e+03
1.660096769424761533e+03
1.760754001222270517e+03
2.586136847747434786e+03
1.640323327987147650e+03
1.525736173913810944e+03
2.261856558525468245e+03
2.282490932203562352e+03
1.682883791559962447e+03
1.643885476908262035e+03
2.466197993914169729e+03
2.002407157007987507e+03
1.613611404299204196e+03
1.972536758093644721e+03
2.510494202041860262e+03
1.418772480414922484e+03
1.558717880545284061e+03
2.482283888580570419e+03
1.893179374477942247e+03
1.661068451201664175e+03
1.917546830745644002e+03
2.640122066414190158e+03
1.579406169585748557e+03
1.619123854542523077e+03
2.144077302906833211e+03
2.416747763190153819e+03
1.508124040489091158e+03
1.755993975567627103e+03
2.439122327198004314e+03
1.933173062113408605e+03
1.615759287508749594e+03
1.788132197464639376e+03
2.506574242830020466e+03
1.823405233766145329e+03
1.684822492417308695e+03
1.815425203497945631e+03
2.370269308858090881e+03
2.118876198315376314e+03
1.498839220473897285e+03
1.869640447669264404e+03
2.515949595754248548e+03
1.769558419336591896e+03
1.687156215916728343e+03
1.831591887980519459e+03
2.445157617079895317e+03
1.760692929623958662e+03
1.661883057858952952e+03
1.809766258024578974e+03
2.296067371391869983e+03
2.300767763129634204e+03
1.714178775718674842e+03
1.725447658384498936e+03
2.039366192802019214e+03
2.345364128959443406e+03
1.809255151761039770e+03
1.669866602867033862e+03
2.071356184740951903e+03
2.389913203521777632e+03
1.697507414230394488e+03
1.516866325080114621e+03
2.353983598771512334e+03
2.309511615212306424e+03
1.568971622632354865e+03
1.774930012395635458e+03
2.502803067024657594e+03
1.934387625768583121e+03
1.577936760493626025e+03
2.005613569942144522e+03
2.410701009963947399e+03
1.645399667505559137e+03
1.583373110664666001e+03
2.363831578081310909e+03
2.241896546017318997e+03
1.492003574616908509e+03
1.795338995901588078e+03
2.553041098632526882e+03
1.731685666483890600e+03
1.616354373758235852e+03
1.859486983760857356e+03
2.508394017097721189e+03
1.768370408903137786e+03
1.546950957180362821e+03
2.078229205153294060e+03
2.577996773778284023e+03
1.522054130550957780e+03
1.566899382008257589e+03
2.586491569783453087e+03
1.833674951189521153e+03
1.552413554375929607e+03
1.962151863084040087e+03
2.570868231441870194e+03
1.594122982657050670e+03
1.615265879239503192e+03
2.116534408698313200e+03
2.437793850269685663e+03
1.702267946707921510e+03
1.570695173720745515e+03
2.286876302812009271e+03
2.408060034898966933e+03
1.511060038510345066e+03
1.602729354087953425e+03
2.585344412157742227e+03
1.926134153464564861e+03
1.704784361974629974e+03
1.740180242197883217e+03
2.159479600320300506e+03
2.480266222769869728e+03
1.678329885473792956e+03
1.643178280806733255e+03
1.952748770457555793e+03
2.445645110644426495e+03
1.770605051948756000e+03
1.702312128250666092e+03
2.025943338392215082e+03
2.345012559164526920e+03
1.834061158003394667e+03
1.631857991238925251e+03
1.826701048990139498e+03
