1.073052323131273170e+03
1.473529912330956449e+03
3.021550602929857178e+03
1.929084039870575452e+03
1.286699896491261825e+03
1.852277223807078371e+03
3.168873736933758209e+03
1.375713272532048904e+03
1.711511704297627148e+03
1.997185846184266211e+03
2.485746687548099089e+03
1.798048806228495778e+03
1.966426545969187373e+03
2.759984156882168008e+03
1.604591888144670975e+03
1.959458616247650980e+03
3.058181808884105067e+03
1.236897413727170488e+03
1.653928915013503456e+03
3.332282541256186960e+03
1.342726847881264121e+03
1.362207276405532639e+03
3.020085068184950160e+03
2.218875237725184888e+03
1.117197231792313005e+03
2.747884255730476980e+03
2.172034764119143802e+03
1.094251591133267766e+03
2.253019717728592695e+03
2.928563393163393812e+03
9.286207856063994086e+02
2.107099125528005970e+03
2.385019426761187333e+03
1.432592045565892477e+03
2.196964522589930311e+03
3.129535470512879328e+03
1.173564379685964695e+03
1.727066824947916984e+03
2.171548297834245204e+03
2.649439743718653062e+03
1.535263990089816161e+03
2.875337644346360321e+03
1.768721229160642679e+03
1.536511713148990793e+03
2.089178257065989783e+03
2.925504480551921915e+03
1.391108696829262499e+03
2.258612621179617236e+03
2.138788667909332617e+03
1.534069555151536633e+03
3.026970577092387884e+03
1.673837445992491666e+03
1.464322103308454871e+03
2.357417266732325970e+03
2.110156472050319280e+03
1.580064010953418119e+03
2.890684997677499723e+03
1.895676244234422256e+03
1.390875177431869588e+03
2.360027214861851462e+03
2.586957567881234354e+03
1.289158645479846200e+03
2.621913722394160686e+03
2.448592559244920722e+03
1.153075837230528123e+03
1.934473232633147973e+03
3.146839533099602249e+03
1.197046142894948389e+03
2.117115490913785834e+03
2.995704979394629390e+03
1.128939046314732877e+03
1.713959861197984310e+03
3.256279897303320922e+03
1.241416517016720263e+03
1.666362330247150339e+03
3.228916063725356253e+03
1.127891357867492616e+03
1.621956987326680519e+03
3.628034320257589115e+03
1.132557202109197988e+03
1.332825356868949257e+03
3.056611784346397144e+03
1.521057969409414227e+03
1.576681580281921470e+03
2.940452561569072259e+03
1.577538620982061730e+03
1.676878685326496452e+03
3.083894885582898041e+03
1.306775274955935856e+03
1.978523477253066631e+03
1.832892668689089533e+03
2.020596261357147569e+03
3.130916884124962053e+03
1.504501531110043516e+03
1.561823509459961542e+03
2.458398747625776650e+03
2.916058831066040966e+03
9.920446693543970014e+02
2.537982809352632557e+03
2.916032937858495188e+03
1.017594915221256997e+03
1.497751482284679241e+03
2.162700982474071679e+03
2.414172643192408486e+03
1.570321058070396020e+03
2.766842543483001464e+03
1.769075637506448174e+03
1.569022703033570451e+03
2.307324731801378221e+03
2.153628612100073042e+03
1.631459096434946332e+03
2.568451978793051694e+03
1.712353136537324872e+03
1.999397991212387979e+03
2.401840737087674370e+03
1.677817415314888649e+03
1.936565532667601929e+03
2.474738323983054215e+03
1.711350423093505924e+03
2.681408521426582411e+03
3.195855624427319526e+03
9.369402620431977766e+02
1.680851223771478544e+03
1.523908472799501396e+03
2.525396878430847664e+03
4.090809073838633594e+03
7.944728623087472670e+02
8.798782055137741054e+02
1.699623142410206356e+03
3.282137659392249589e+03
3.872508802911743715e+03
7.149865024020975852e+02
4.944575500483212522e+02
1.601040221189060276e+03
3.052578790299005504e+03
1.806208620852530885e+03
1.552250756846466629e+03
1.922045970485299449e+03
3.156844394973707495e+03
1.527237733645529715e+03
1.625827205084747220e+03
2.338876505004175669e+03
2.732124126894726032e+03
1.374203821972604828e+03
2.217272697665361193e+03
1.982580442489137567e+03
1.755326355639713483e+03
2.529810327856462209e+03
2.475872598760598521e+03
1.381880223928793612e+03
2.100209139852869157e+03
3.022097486994277460e+03
1.224915562430927594e+03
1.534205432239226411e+03
3.442407746686454175e+03
1.573959148328867514e+03
1.255203381652375583e+03
1.845220344822854258e+03
3.128540332869446956e+03
1.366963179109090561e+03
2.026341970207128043e+03
2.476610766328300542e+03
1.506847527199847264e+03
1.850180957337697237e+03
2.979546160419001353e+03
1.902570009239513638e+03
1.409150794776201565e+03
2.511780984007414645e+03
2.549895720696125409e+03
1.220097220231804613e+03
2.573832409488406483e+03
2.222834809698936624e+03
1.290617151468475868e+03
2.044087852100053851e+03
3.395222351626146065e+03
1.161919599616438518e+03
1.443403451662386487e+03
3.041846790081293875e+03
1.933314123058037467e+03
1.249764204662999873e+03
1.931106061744195358e+03
3.175293794557387628e+03
1.335347396117785820e+03
1.562941930899356976e+03
3.297442621558491737e+03
1.956747574955313894e+03
1.645671311209800933e+03
1.296158039891294493e+03
2.136037622636280048e+03
2.762336985793940130e+03
1.413647891326688523e+03
2.259002808815485878e+03
2.792175265091031179e+03
1.297468197201368866e+03
1.705019346111497271e+03
2.536788064244450197e+03
2.607621807452665507e+03
1.277982722992637719e+03
1.988576266709588708e+03
2.216560517497818637e+03
1.696801563431605700e+03
3.036046840401313602e+03
1.539611858345429027e+03
2.113489157779376910e+03
4.052441529690863263e+03
3.461416916397038676e+03
1.085149024615259066e+02
1.311049883842060240e+02
1.449435073941361679e+03
1.799577938927885953e+03
2.068131273093642449e+03
2.222614240598043125e+03
2.220521476091819750e+03
2.170561789269723249e+03
2.125616078587287575e+03
2.153437691387782706e+03
2.174345444819250588e+03
2.144714397249196281e+03
2.091237339778284422e+03
2.092937288017802075e+03
2.138621419942064676e+03
2.139490009003454816e+03
2.100131376706245192e+03
2.069471316135002326e+03
2.110809531795880503e+03
1.791441480149532026e+03
3.363606956337919655e+03
1.759977117753463517e+03
1.342027760467118469e+03
2.545657175024720800e+03
3.018874892039510996e+03
7.922330059970125831e+02
2.220078075941683437e+03
3.130588171910704659e+03
8.743014802252810114e+02
2.287549385096143851e+03
2.239169650707300661e+03
1.166518134749541787e+03
2.208108910921001552e+03
2.827727128411336253e+03
1.256537728852505325e+03
1.761917209603313040e+03
2.720765395652238112e+03
1.773434063040997671e+03
1.823529054270063853e+03
3.029061763090314798e+03
1.457634949213530717e+03
1.802686912425280980e+03
1.926634249661149624e+03
2.570036990330942899e+03
1.767071229605614008e+03
1.884446147191918499e+03
3.020868233521516686e+03
1.422766543578408118e+03
1.740530843018965697e+03
3.222631659752250926e+03
1.399956006283117176e+03
1.434234236826421238e+03
3.187630719400096041e+03
1.494267865072272798e+03
1.387619920477705591e+03
2.834406725160723454e+03
2.379833336260798205e+03
1.014609285364771040e+03
2.787680459148156388e+03
1.384655092660653963e+03
2.431614217717238716e+03
3.013483180731061566e+03
8.329664789542266590e+02
1.867614392506500508e+03
3.213356345267778579e+03
1.113617784746855477e+03
1.650691593874856380e+03
2.967461391132778772e+03
1.668284607835639008e+03
1.621330949787743748e+03
1.944684643799490914e+03
2.709671233713758284e+03
2.075525451344627982e+03
1.525640000725672735e+03
1.842671524399232339e+03
3.148936031456907585e+03
1.716019558990733913e+03
1.490546700911855623e+03
