1.387090468570547955e+03
1.543366300566539621e+03
1.884550889995662601e+03
2.298041933427705317e+03
1.937469911677823802e+03
1.107761476962347615e+03
1.258770167105040628e+03
1.718978902909779436e+03
1.816136603555555439e+03
1.769846996143783599e+03
2.189858034394581409e+03
2.243375589477148424e+03
1.715977636596175671e+03
1.445950483544254894e+03
1.609615226936683712e+03
1.683331720260478278e+03
1.722014192890460890e+03
1.692837039151901081e+03
1.672618241046581488e+03
1.673193156173632588e+03
1.707885716984625105e+03
1.711489184260374486e+03
1.736908654227978332e+03
1.723181162285916571e+03
1.698721696451647858e+03
1.714953227926913314e+03
1.678765489473774323e+03
1.935307907154466193e+03
2.493851306701832073e+03
2.394900624095669627e+03
1.215813079161106543e+03
1.047097830994346850e+03
1.272960595548506944e+03
1.602904689068537436e+03
1.778215046383385697e+03
2.316879365976044483e+03
2.196734984633059867e+03
1.395551478976459748e+03
1.450020402163405606e+03
1.613204411244330458e+03
1.683913838952375500e+03
1.673255440118870183e+03
2.233639407800081244e+03
2.017978546526148193e+03
1.406668377573699672e+03
1.399810686068409041e+03
1.632303512107910592e+03
1.743755469016852203e+03
2.074932918381774925e+03
1.880015750778577967e+03
1.478394629279315950e+03
1.651363817861869620e+03
1.634829383900791072e+03
1.776949162287934996e+03
1.951495238599845607e+03
1.751575408053018236e+03
1.174889957366021235e+03
2.052462873912919349e+03
2.304461670773783226e+03
1.959612248260678143e+03
1.177753436557457235e+03
1.161867970512289730e+03
1.631619958661242663e+03
2.358408736235869583e+03
2.771855402332988888e+03
1.708417581742294487e+03
9.013118550587309983e+02
1.338309273058505369e+03
1.668426678991637118e+03
1.706660771895228436e+03
1.731443564457998036e+03
1.754391971898542351e+03
1.733058964704213849e+03
1.714417703186161361e+03
1.717000662270372459e+03
1.683804153216041868e+03
1.594536206924736234e+03
1.394950259975426661e+03
2.025114730230308169e+03
1.761902218819464224e+03
1.445585242903636072e+03
1.943064745617594781e+03
1.889099895451532120e+03
1.827450006614944414e+03
1.818850806099191686e+03
1.743231435794608387e+03
1.773941341529819738e+03
1.734700758892102158e+03
1.713271299859203054e+03
1.685615571872197961e+03
1.833637632346521059e+03
1.819493297061512976e+03
2.163280682782994063e+03
2.039268321835343158e+03
1.447478606614366072e+03
1.453496183982030971e+03
1.561831971348218758e+03
1.490947306164775227e+03
1.371223098856115485e+03
1.641471815228510877e+03
2.410515425161027451e+03
1.837296725819193171e+03
1.409736359319932944e+03
1.601050769771107753e+03
1.709428379828385005e+03
1.712663583485317304e+03
1.927141115093211511e+03
1.915123237352947172e+03
1.674433922786731500e+03
1.638076653659104750e+03
1.642720210644868985e+03
1.634770199903613275e+03
2.016612603501040894e+03
2.129184032393146026e+03
1.488695020943880991e+03
1.453422079927996037e+03
1.487355400161736497e+03
1.601764564824889021e+03
1.656814102390380413e+03
2.410807363545107819e+03
2.255182761549709994e+03
1.048670500905812105e+03
1.064418489578925346e+03
1.775324566494514329e+03
2.476961618500220993e+03
1.887425436175147979e+03
1.253686633787090386e+03
1.314979089584726580e+03
2.063532828738578701e+03
2.057340618379445914e+03
1.808669877015590146e+03
2.016843268703106332e+03
1.096862700475275687e+03
1.519755247351682556e+03
2.277766780789142103e+03
1.706984166566955309e+03
1.499044335984454619e+03
1.624410290001087787e+03
1.841387439398579090e+03
1.455694198393574652e+03
1.794156352152898307e+03
2.234619688392531771e+03
1.910467580307606340e+03
1.525063652430508910e+03
1.616922733212259345e+03
1.713021036110211526e+03
1.622988992867417892e+03
1.694969858504531658e+03
1.664922525814573874e+03
1.700030481473012514e+03
1.734436843719770422e+03
1.790017889874766752e+03
2.348134645288039792e+03
2.352970274993878775e+03
1.346056410134529642e+03
8.968460457735461659e+02
1.254868362662381287e+03
1.769629577612197863e+03
1.770022947261154059e+03
1.750846633979489297e+03
1.513064316707185753e+03
1.680176580510164740e+03
1.553320244224608359e+03
2.202768493118589049e+03
1.609958039695926345e+03
1.755950435468594151e+03
1.812259023786518128e+03
1.781574012129236280e+03
1.784578998361200775e+03
1.757844086763676160e+03
1.749600832761385163e+03
1.733716117431863950e+03
1.725764810808831953e+03
1.776103666768227185e+03
1.786415073325033063e+03
1.849045014792891379e+03
1.972718187050301367e+03
1.524277309915050409e+03
1.577341707997147296e+03
2.466053641420361146e+03
2.341422151725073945e+03
1.961448386408886108e+03
1.050581878848043061e+03
7.682873622790243644e+02
1.141822873513040577e+03
2.498914607757859812e+03
2.263705827746425712e+03
1.818886162734800791e+03
1.165528676915481810e+03
1.252852419725204982e+03
1.620761956852919411e+03
2.137001885032955670e+03
2.290399941987900547e+03
1.428400500628490363e+03
1.539759449096389972e+03
1.581041720597429503e+03
1.710629660780781705e+03
1.873818491387312861e+03
1.849680062079392883e+03
1.546341327560484615e+03
1.592053703827357594e+03
1.933027937501103906e+03
2.029299679452081136e+03
2.058969671128021673e+03
1.267603817801974174e+03
1.358931012664472973e+03
2.367448838304802848e+03
2.150880527781642741e+03
1.241577656469673229e+03
1.175746930219179603e+03
2.444137054110048666e+03
2.222395200550117806e+03
1.921475628298581796e+03
7.925256446839839555e+02
1.324541164124432044e+03
1.591018396944773940e+03
2.462886029017785859e+03
2.237520573025195063e+03
1.465220429310306599e+03
1.540369540918834900e+03
1.622502522190552781e+03
1.608288506802716029e+03
1.656279114680417024e+03
1.730284735665955168e+03
1.539049447988422799e+03
1.959705202548784428e+03
1.829252030250172766e+03
1.615168769613881068e+03
1.723491424089447491e+03
1.698346983726638200e+03
1.737799673837915179e+03
1.884714662801193754e+03
1.909755804936241702e+03
1.628891562626818541e+03
1.534296271958479792e+03
1.617210741716992516e+03
1.979439612974251531e+03
2.176015777294540385e+03
1.807447395944454684e+03
1.345535648836592827e+03
1.449721982197133912e+03
2.304629154675096288e+03
2.327964025714491527e+03
1.922806845509173399e+03
8.690370235464901043e+02
1.310867676049226475e+03
1.525407923530297694e+03
1.904317414288234431e+03
1.563304710240211307e+03
1.708674400865942289e+03
1.766249787332169490e+03
2.227373271988883971e+03
2.144627932186807811e+03
1.387391657115338148e+03
1.581987830135357399e+03
1.556934760716796518e+03
1.835472374025566751e+03
2.113869475581768711e+03
2.032440723178241797e+03
1.291811191239854452e+03
1.382953044077187087e+03
1.729272662241353828e+03
2.198455666076333273e+03
2.141609057424111597e+03
1.311270626575838833e+03
1.134001259589524125e+03
1.761849525245121868e+03
2.480095624219075489e+03
2.167898021066860565e+03
1.590377130660791863e+03
7.667180607580887681e+02
1.239670602527828351e+03
1.748431703232066866e+03
2.508884862791392607e+03
1.954747781220615252e+03
1.393316163834051167e+03
1.575602612099340377e+03
1.772095931875705446e+03
1.973286235861515934e+03
2.058325000234615800e+03
1.379349115624679143e+03
1.292116557809410779e+03
1.748426173352830574e+03
2.347265108679505829e+03
