3.227549530314156073e+03
2.088587455615462204e+03
1.084471650949405102e+03
1.963787101812610445e+03
3.457895986651180465e+03
1.328547895771101821e+03
1.297927321468914442e+03
2.610029276636277245e+03
3.149243502286009971e+03
1.062675533641997845e+03
1.424891712573561563e+03
2.919510996691380569e+03
2.630182729286508220e+03
1.044037069628307108e+03
1.481523950863874916e+03
3.138282949065422599e+03
2.199001679976400283e+03
1.039457626589107122e+03
1.806373630352569762e+03
3.296681421462429171e+03
1.310472866643995303e+03
1.491255211734994191e+03
2.813147920952817458e+03
1.923650058534630034e+03
1.350169899323483833e+03
2.414604471227005888e+03
3.142140208709581202e+03
1.086895924576575226e+03
1.522536762992043577e+03
2.974424707834413766e+03
2.060847526690519771e+03
1.274396690744697707e+03
2.078613711935845004e+03
3.094497340506654382e+03
1.244786379358963586e+03
1.590988285481553930e+03
2.883781797258726328e+03
2.031621007745795168e+03
1.434272073121984477e+03
1.979890507283429542e+03
3.041664794410218747e+03
1.437746255383619655e+03
1.762724888378194692e+03
2.958843377709395554e+03
1.571334312971838926e+03
1.493800729458507249e+03
2.837558508699893991e+03
1.933522400188406436e+03
1.302743145674929792e+03
2.291183769855603714e+03
2.814757153956576076e+03
1.183173216057632317e+03
1.922392280075786857e+03
3.286595183719747183e+03
1.202214475875986636e+03
1.596490200007025578e+03
3.303363225781188248e+03
2.284413572700096211e+03
1.190710796901963704e+03
1.557872500271091440e+03
3.178505931859189332e+03
1.168522712268216310e+03
1.263596560971132476e+03
3.042862146998189473e+03
1.867422577336999439e+03
1.238392719214293720e+03
2.342787131726996904e+03
2.728418710457409816e+03
1.256451789174921714e+03
2.688656330988449554e+03
2.445040393405206487e+03
1.081087718895408443e+03
2.078790334655790957e+03
2.815208538868454525e+03
1.322452251774719116e+03
1.682940423847512875e+03
3.067318906132907159e+03
1.622479572912852746e+03
1.915954373796088930e+03
1.503192102792218520e+03
2.698244842111717844e+03
2.674451468444766761e+03
8.824446624682724405e+02
2.126145433325648355e+03
3.290259502550165962e+03
9.002306253009702459e+02
1.565255650178437691e+03
3.157105343413784794e+03
1.620845898866504058e+03
1.358330988854995894e+03
2.665339828367185874e+03
2.451643718965377047e+03
1.238377362601423783e+03
2.198588588690535744e+03
3.316850805668986595e+03
1.114435658579634264e+03
1.635724422093401245e+03
3.124742034247148695e+03
2.132638650597928063e+03
9.966739989967198881e+02
2.553681075940092342e+03
2.689553072830171004e+03
1.030882694868936596e+03
1.887036006091262152e+03
3.184780721222230568e+03
1.310185829760245497e+03
1.506836688154944568e+03
2.867715849925775728e+03
2.130961316216285923e+03
1.272871433321927725e+03
2.087199182248169564e+03
2.889426594399172245e+03
1.270200610209239130e+03
1.700330739131685050e+03
3.024455518953790033e+03
1.653289351058152533e+03
1.431120409012857181e+03
2.263054963327928363e+03
2.883876582487883297e+03
1.246566416705645452e+03
2.117342531195130050e+03
3.330178665610099870e+03
1.243711266917485091e+03
1.309319503804839087e+03
2.848938368291260304e+03
3.078618115632548324e+03
8.281191853121193844e+02
1.441399527042578484e+03
3.236989842335048252e+03
1.949596938247671460e+03
1.017295953089804811e+03
1.986762749433113868e+03
2.861160288296145154e+03
1.268094478581824887e+03
1.629896996838461746e+03
3.060837860906432979e+03
1.804167978475752989e+03
1.461802805491093068e+03
2.054907310667822458e+03
2.885637081121085885e+03
1.435201113155721714e+03
1.749134914258000435e+03
3.094951004548187484e+03
2.045398709056760936e+03
1.299239333684850862e+03
2.226761965042347128e+03
2.904301411099241250e+03
1.362029459663215675e+03
1.812084303987217481e+03
1.663431279221106934e+03
2.792725154245983504e+03
2.619592327073232354e+03
1.051468567939792592e+03
2.216196001428004820e+03
3.213155268034201526e+03
1.116317539779658091e+03
1.647543742079103822e+03
3.405186721080265670e+03
1.358784696250363140e+03
1.292351770859959970e+03
2.454148291641095511e+03
3.414749878092756717e+03
9.708928616933183093e+02
1.320868176680820170e+03
2.552816721251238050e+03
2.671985754911908771e+03
1.156604171567004187e+03
1.871426416479760519e+03
3.063952748989563133e+03
1.462743897138081593e+03
1.498280993612782595e+03
2.850635977058061144e+03
2.023725190345587407e+03
1.337952534404320431e+03
2.463562630941851694e+03
1.993314548914357601e+03
1.684102687028560240e+03
1.847130219216350952e+03
3.364317321676361644e+03
1.083608459131914287e+03
1.446997414495624071e+03
3.009081554413772665e+03
4.079126530286365323e+03
4.033873486741373199e+03
3.755680049068099834e+03
1.410454572518512350e+03
-1.400767300661912884e+01
1.218180670724234460e+01
3.244824598767339694e+02
9.027777131373533166e+02
1.355787861847444447e+03
1.920900382994040683e+03
2.438993044419848502e+03
2.237340236725165141e+03
2.136064894289208496e+03
2.173088331461214239e+03
2.230439911776349163e+03
2.580053971855802047e+03
2.526286176897287987e+03
1.838944759467059612e+03
1.951442939677640425e+03
2.867137077012384907e+03
2.090254941254294863e+03
1.634006252781356807e+03
3.009304748228192693e+03
2.846861467288470976e+03
9.746752527417522742e+02
1.522615915748475118e+03
3.238313967153589601e+03
1.724526980554982174e+03
1.086668775109791568e+03
2.087369362920061576e+03
3.351572359270978723e+03
1.262337208036421998e+03
1.330830745236470648e+03
2.448571645506378900e+03
2.848607601254586370e+03
1.313385010472304430e+03
1.583181598435475962e+03
2.786883669798986830e+03
2.065070209155439898e+03
1.467458006258636942e+03
1.969950383071253555e+03
3.098447116158960853e+03
1.454265209574170058e+03
1.545781175631283759e+03
2.641350699724502192e+03
2.053897087311675932e+03
1.513557449764791045e+03
2.454921737572877646e+03
2.519647317617158023e+03
1.459460857554566473e+03
2.093827782200719867e+03
3.046063819923283972e+03
1.357445400789610858e+03
1.622804352596292574e+03
2.822070106424905589e+03
1.908633065001811474e+03
1.410342940721898913e+03
2.529077799982684610e+03
2.336894634880122339e+03
1.304482472647928034e+03
2.344664838284857979e+03
2.983059917969051639e+03
1.128655977724535887e+03
1.742498774879870325e+03
3.449278054339249593e+03
1.551248875160378930e+03
1.174983102020304841e+03
2.544968185005384385e+03
2.670338745157725043e+03
1.068534736428247470e+03
2.180585262393636640e+03
2.803246090863671270e+03
1.208750762388436897e+03
1.900245303318511787e+03
3.012030850755723350e+03
1.323025649857187545e+03
1.559100954769851114e+03
2.707703058620924821e+03
1.977843008110173969e+03
1.466300601287252675e+03
2.500967215080610458e+03
2.384858146454375401e+03
1.299416191932698212e+03
2.232891324921871274e+03
3.457957560400943748e+03
1.008650374547226875e+03
1.473820833109908563e+03
3.349367015616313438e+03
1.543905417684101167e+03
1.133076691355379808e+03
2.659659994550593638e+03
2.603571376649785179e+03
1.093709421554199253e+03
1.719900328699219699e+03
3.205842214040935687e+03
1.390782032991325650e+03
1.521615763107581870e+03
2.778998486798448539e+03
2.301026430004491885e+03
1.283281001457100956e+03
2.058377978303395139e+03
3.419953215407240350e+03
