2.080783595728385080e+03
1.945346568844327521e+03
1.925331670160310296e+03
1.949586616455082776e+03
1.981487597698074069e+03
1.989348240033139973e+03
1.983338772495690591e+03
1.960669957232635397e+03
2.230900808300549215e+03
2.626402941313092015e+03
2.825360185622224890e+03
6.623718292090326258e+02
1.208855381922416655e+03
1.728069458664817603e+03
2.007356499634232705e+03
2.101807650906345771e+03
2.405151065624853800e+03
1.758673664667008552e+03
1.736340678185783418e+03
1.802266254063326414e+03
1.968650119273329210e+03
2.266713581625819643e+03
1.700036044704957703e+03
1.764765476146535548e+03
1.837881340621047457e+03
1.973770229276681903e+03
1.960660425942483698e+03
1.998542205233380628e+03
2.008451978763066563e+03
2.214038792825859673e+03
1.875406280765250585e+03
1.750654104721302019e+03
1.838080925292537131e+03
1.969868166800870313e+03
2.597310088998987339e+03
1.928176744801291989e+03
1.434237340589059386e+03
1.590039334167413472e+03
2.350225817596659908e+03
3.030545458803661404e+03
1.135851554811208871e+03
1.386180881535588696e+03
2.660582692126494294e+03
2.862389807189035309e+03
8.965542060472540697e+02
1.409168541102825884e+03
2.620045223275162698e+03
2.492363323836073505e+03
1.052998572263217739e+03
1.308869239638125464e+03
2.610413035541482714e+03
2.811217909760376642e+03
1.123678107394003973e+03
1.347011141441490963e+03
2.620707462197414770e+03
2.027849445685061482e+03
1.163322748991641674e+03
1.266101837791676417e+03
2.569900953806734833e+03
2.329005186267520457e+03
1.528052307133908471e+03
1.444316127867839214e+03
3.099758481861819746e+03
2.952231389100450542e+03
9.600044179133200259e+02
1.170452917888597995e+03
2.836520468717867516e+03
2.688986910039780014e+03
1.041232210289721024e+03
1.113431129229480121e+03
2.615314093768763087e+03
3.095424497595238336e+03
1.080358459933626364e+03
1.026889007152597969e+03
2.242733855536365354e+03
3.036629914494216337e+03
1.282889343828071787e+03
1.163103664301470644e+03
2.191328572753677690e+03
3.255869776234484561e+03
1.264035035665315945e+03
1.058360209493594766e+03
1.888609641681740186e+03
3.075717523742809590e+03
1.364757881619065529e+03
1.160492058814217899e+03
2.477133797711483567e+03
2.799406468546007545e+03
1.127636072389420860e+03
1.393418745179292728e+03
2.891942795729614772e+03
2.149597372901035214e+03
1.114939316352137439e+03
1.408262171538529174e+03
2.852271425960193483e+03
2.226468994245184604e+03
1.082262875304177669e+03
1.424314859746041520e+03
2.962573751725436978e+03
2.842688010423274591e+03
1.417108977782651436e+03
1.767372955883048462e+03
2.222154987978192821e+03
2.818438947179471143e+03
1.215066872996430220e+03
1.196702273970051237e+03
1.616889614321411955e+03
3.033438605823049784e+03
1.742302923635804291e+03
1.118226621774580281e+03
1.692203236736981580e+03
3.010235566529983771e+03
1.895861992703257101e+03
1.030406374331567122e+03
1.600357742872478866e+03
2.929150538805052292e+03
2.001367665123620554e+03
1.140935764179550915e+03
1.626314056518485131e+03
2.756766639236766878e+03
2.988716102057058379e+03
8.801188217242217888e+02
1.288669735270082811e+03
1.527050212942708640e+03
2.538454834495470095e+03
2.888708934467103973e+03
1.213532946020258805e+03
1.308833501268419241e+03
1.822797277482131449e+03
2.770346591647717105e+03
2.012189929326850688e+03
1.288523237839251124e+03
1.536786576445252194e+03
2.553180975340158511e+03
2.936878028827642993e+03
1.293059016687459007e+03
1.350064971916880722e+03
2.272051195513347011e+03
3.010512677021226864e+03
2.137865368827275688e+03
7.723429000636469937e+02
1.316036549497194073e+03
2.199650138431021787e+03
2.851034740836506444e+03
1.316661995460160824e+03
1.517505481353052801e+03
2.171496021753515834e+03
3.025631370762125243e+03
2.953354468337543949e+03
2.462733733443389610e+03
2.379542931347943977e+03
2.382091099422008483e+03
1.108087214731916902e+03
3.765178735226846243e+02
7.442450929636925139e+02
1.101449707585165697e+03
1.856186138630290998e+03
2.584969292290091744e+03
1.741442794443533103e+03
1.623922665570503341e+03
1.778404171850143939e+03
2.691740168557832931e+03
2.941318492004659674e+03
1.382746701380106970e+03
1.477491146540326781e+03
2.018062030883994112e+03
2.850891005785314519e+03
1.564528926151670248e+03
1.328990055486925712e+03
1.964740892219282841e+03
2.662499504693818380e+03
1.691644497789049865e+03
1.579011940742650495e+03
1.748109545608979488e+03
2.658621640110531189e+03
1.780950716867526125e+03
1.451133878957130491e+03
1.620191175153022186e+03
2.520728485082859606e+03
2.302442859061604395e+03
1.424855870477236522e+03
1.512053488833947767e+03
2.476572680979230427e+03
2.985110561897115531e+03
1.754400457295182832e+03
1.163638278474772733e+03
1.915595561270899680e+03
2.877541329514782774e+03
2.044061404732924757e+03
1.067802020565918610e+03
1.580708025686312794e+03
2.982211281723012689e+03
2.414834933564741277e+03
9.661963382144587058e+02
1.136530882880781746e+03
2.636125494806181450e+03
3.079147777101877182e+03
9.478986331857289542e+02
1.133707426987997906e+03
2.628904428033368731e+03
3.303753147822218125e+03
1.153438863697122770e+03
9.445244034077888955e+02
1.216638092693888893e+03
1.949591757233426506e+03
1.904529869242887116e+03
2.806850110249899444e+03
3.287822490825720706e+03
2.721950435105588440e+03
2.353049620837635302e+03
2.091596772745933322e+03
7.164514315653663061e+02
7.912962328865728523e+02
9.186145265332551162e+02
1.352177964294535286e+03
1.663791327487409035e+03
2.444546289837265249e+03
3.009519977176306384e+03
1.568039878317398461e+03
1.515033155709772245e+03
1.664338901374878333e+03
2.091945267126643103e+03
2.784271611452821162e+03
2.706565743556649977e+03
1.132042614120872258e+03
1.507404659963099675e+03
2.087886413797163641e+03
3.078801219995224983e+03
1.543170828253378204e+03
1.221293104827752359e+03
1.476919178611862208e+03
2.348624502126013340e+03
3.196473708851968240e+03
1.452655252165234515e+03
1.253363478676971226e+03
1.484404844011743762e+03
2.248752709269879688e+03
3.184736828277418681e+03
1.469827792567531560e+03
1.320901890722519056e+03
1.534770262419091296e+03
2.361585185896401072e+03
2.713415187775201957e+03
1.349031121984665788e+03
1.468880615695256893e+03
1.887258677822902882e+03
2.901243775105099758e+03
1.627898464735035986e+03
1.371565197903211356e+03
1.517434866053166616e+03
2.163729358919246806e+03
3.109771496342143564e+03
1.577594036405237148e+03
1.220839079803051391e+03
1.433726206204569962e+03
2.780699736930545441e+03
3.426241956285335618e+03
9.833566859898020311e+02
1.081599872555013917e+03
1.378640395845678313e+03
2.600216185773174402e+03
2.318945029032467573e+03
1.318110338075111031e+03
1.535128867804582796e+03
2.603810256301410391e+03
2.289130332356186500e+03
1.471394252606414284e+03
1.547701131042874749e+03
2.329750710441711362e+03
2.902030845563136154e+03
1.385877675396949826e+03
1.326768424478421366e+03
1.619258171959073707e+03
2.031942506014545415e+03
2.676349524463099442e+03
1.945434026006901149e+03
1.515865163215236635e+03
1.578807091235060852e+03
3.156191330306694454e+03
3.068675765046988545e+03
2.581041598552407322e+03
6.419254587464197357e+02
7.486163842575761009e+02
1.244817409846015607e+03
1.628803890959222372e+03
