2.987080185396877368e+03
1.116001574694550072e+03
1.276334528601347984e+03
2.010728467455415512e+03
3.270228568389911743e+03
1.320389961292164116e+03
1.239182166380571061e+03
1.773660949172024857e+03
3.270834382174467919e+03
1.844998076126266369e+03
1.166466196788206162e+03
1.565425521378701887e+03
3.098804327328847194e+03
2.410532389896785844e+03
1.066317400505036403e+03
1.501283584234813134e+03
2.423920237290369641e+03
2.856513026458296281e+03
1.328869279269467825e+03
1.857641002982806867e+03
2.930238122095768631e+03
1.470925614713758023e+03
1.254103673434137590e+03
2.796133934518719798e+03
2.398571546100579781e+03
1.157842454316810972e+03
1.613661410975459376e+03
3.022234731007243226e+03
1.546682246001983685e+03
1.064977508681679410e+03
2.541653124494170697e+03
2.793531282603983982e+03
1.077425694977739340e+03
1.345819921041116913e+03
2.898341259403263848e+03
1.570632779087101426e+03
1.639066537722545263e+03
1.717432069873129876e+03
2.670651901505686965e+03
1.719093870883136105e+03
1.857578282849535981e+03
2.854292464484553875e+03
1.517779096718300707e+03
1.654864888177180092e+03
2.915869515785086151e+03
1.505383990975758252e+03
1.547848340227489871e+03
2.676079619815262504e+03
2.374517977947718919e+03
1.236748768912912055e+03
1.930543833225722437e+03
2.863504593951812694e+03
1.255341707089641432e+03
1.505032918348402973e+03
2.819330532723817214e+03
2.156805054301062682e+03
8.897464471030731374e+02
1.854556639599020173e+03
3.076056704712923420e+03
1.545747659109980759e+03
1.243531974687930187e+03
2.621119723729969337e+03
2.654741797691844567e+03
1.100508907614046166e+03
1.625570291567775030e+03
3.023359412832239286e+03
1.658133436704729320e+03
1.308108806228712865e+03
2.457011506316446230e+03
2.471426132171352947e+03
1.147142135025357220e+03
2.333058867766388630e+03
2.892463360944055694e+03
1.355919473029441860e+03
1.282678917185575074e+03
2.822994703146966913e+03
2.121554548011336919e+03
1.674973689086456716e+03
1.463707416194780080e+03
2.450448247951085705e+03
2.471573257637656752e+03
1.427811400155014780e+03
1.646256785456850366e+03
2.843128230308016555e+03
1.603756685941754085e+03
1.337879735412600212e+03
2.599619267787261833e+03
2.675945302961136349e+03
1.163699798932293788e+03
1.576500839333871909e+03
3.053296044158169025e+03
1.490758256909276724e+03
1.199442740040889930e+03
2.746621320112116337e+03
2.452529625677486820e+03
1.116760819302575328e+03
1.556961538753878813e+03
2.972962366457328244e+03
2.642086855271503282e+03
7.800784093994798241e+02
1.442852624656493617e+03
2.829539481134464495e+03
2.987186979646176496e+03
1.101846162527686374e+03
1.431649096000370037e+03
2.661902010085224902e+03
2.918032497553142093e+03
1.170079143195900770e+03
1.174713519048457101e+03
2.604446393738768620e+03
2.822925703508829884e+03
1.071841538632901802e+03
1.237211220948267510e+03
2.769631286505203207e+03
2.809201662208258767e+03
1.007631732034379752e+03
1.338489121518217644e+03
2.858187892039132748e+03
2.821697254954721757e+03
3.200729915051970693e+03
2.975495175428437960e+03
3.951590761793465845e+02
4.094406653644136327e+02
1.194343838531222218e+03
1.624592974802664457e+03
2.937002741018131928e+03
3.211830250585970134e+03
1.134694104710898046e+03
1.381991123070932872e+03
1.771485142888909422e+03
2.723191290972225033e+03
3.249019991726914668e+03
1.230190591675058840e+03
1.466805239680798650e+03
1.749550854059939411e+03
3.036237162437460938e+03
2.093153654700563948e+03
1.321332712814234583e+03
1.584379727674736614e+03
2.339120399994131731e+03
3.149222474458983470e+03
1.423049945763833421e+03
1.500476378795044866e+03
2.031351405464218715e+03
2.925154199452985267e+03
1.473882402383112776e+03
1.530548382771526803e+03
2.579575230794660456e+03
2.036617809612572501e+03
1.460500977710022198e+03
2.322257619782499660e+03
2.710660923773292325e+03
1.292501647285072295e+03
1.977769198124647573e+03
3.016502219741053977e+03
1.203877249512183198e+03
1.433053101320566839e+03
2.665336682047160139e+03
2.169329969564886596e+03
1.229998200521259378e+03
2.024697647829978450e+03
1.901601080251364920e+03
2.122454959028781104e+03
3.196476416369053368e+03
1.346330269281356550e+03
1.353378252360910892e+03
2.085592467413782288e+03
2.743829566983937639e+03
1.244484117806683571e+03
2.124891685769021024e+03
3.060892677987700154e+03
1.125459804623238142e+03
1.337210838029723163e+03
2.824364703180804099e+03
2.035613342170670649e+03
1.134231026071022143e+03
2.025754800364239145e+03
2.874085569502231465e+03
1.254123021040977392e+03
1.419013194149632682e+03
2.770044114861089383e+03
2.619646017162302087e+03
1.450282727128668512e+03
9.156790213740798663e+02
1.566823606745655752e+03
3.156945342474754398e+03
2.298181429779204791e+03
1.100636259208271667e+03
1.434806062831869667e+03
3.183590108730284101e+03
1.622813009323226652e+03
1.203907280031260825e+03
2.384773059831440605e+03
2.996947665737500756e+03
1.159033944355240237e+03
1.341357952366954123e+03
2.926463198554793507e+03
3.045291957192097470e+03
9.857256065905180549e+02
1.044954723243227818e+03
2.210836918580536349e+03
3.230258140215619278e+03
1.110202148090304718e+03
1.290654422266847632e+03
2.895661805169989293e+03
3.122138860314719750e+03
6.920876575937230655e+02
1.282385700147131047e+03
2.307723600843033182e+03
3.672597289095550877e+03
1.064323931033013196e+03
1.135038504496229734e+03
1.926670680825041927e+03
3.466664555422933518e+03
1.521154448214626655e+03
1.051107871346877573e+03
1.696940529228608511e+03
3.456807483244338982e+03
2.478970417918511430e+03
8.689576695996996705e+02
1.235457532742520698e+03
2.214503256641653934e+03
3.423577266249275453e+03
2.103291630095941400e+03
7.200622671327237185e+02
1.746330660641548320e+03
1.563368042981752296e+03
1.845985447460130217e+03
1.945979230424827392e+03
2.754471772482454071e+03
2.130509159973034002e+03
1.317908911063412233e+03
2.600674003280120360e+03
2.809156760241617576e+03
9.904994824599760932e+02
1.844391260542137843e+03
3.289540448817869219e+03
1.055544402114784134e+03
1.314677212623593960e+03
3.080159587505158015e+03
1.638215285162326154e+03
1.199328493470856301e+03
2.437719767687722651e+03
2.945028142135668986e+03
9.774582311286031882e+02
1.849774538058330563e+03
3.118213798719092665e+03
1.473664843263206649e+03
1.207315878202184876e+03
2.107820900250240811e+03
2.672798758336037736e+03
1.369110473345313494e+03
2.089814113768224615e+03
1.844804435776403807e+03
1.534581334180511476e+03
2.425208970365890764e+03
2.481874674375613267e+03
1.402828186899464072e+03
1.671858295606364663e+03
3.132799398428022414e+03
1.462683415249731524e+03
1.302155633826579333e+03
2.456778959336182197e+03
2.527249759063716738e+03
1.156714746466348970e+03
2.172777681074766406e+03
3.396217438038046566e+03
7.257421356605784695e+02
1.404118561044824901e+03
3.460597890616342738e+03
3.343989544914934413e+03
2.883957654356377702e+02
1.104622001643456315e+03
1.713192393419829159e+03
3.438848755193962461e+03
2.540993789983100669e+03
7.243926961015993129e+02
1.302290283575095145e+03
2.903972362051060372e+03
2.987384176115845548e+03
7.251582241127209727e+02
1.279921482780249789e+03
2.979310723471418896e+03
2.843741507721028938e+03
