2.065244361116812797e+03
1.484794516005814103e+03
1.831148638697753086e+03
2.755396343659955164e+03
1.530837176591894604e+03
1.604507351398860465e+03
2.632283773990337068e+03
1.912895983727480825e+03
1.504239906224975584e+03
2.246498296044073413e+03
2.420988464870805274e+03
1.481302256499481018e+03
1.894129436376839294e+03
2.598162731724128662e+03
1.567162429875469115e+03
2.094652886726565612e+03
2.533791132226142508e+03
1.494896645691543199e+03
2.143326596700331720e+03
2.351080645296586226e+03
1.522998018195568420e+03
2.212796724337911201e+03
2.290216113113404845e+03
1.493439153703169268e+03
2.209998037920137904e+03
2.308254102295115899e+03
1.602913148848763058e+03
2.016263813935134749e+03
2.531390543234900633e+03
1.495668224989645068e+03
1.834503737529134696e+03
2.621832866618434309e+03
1.526070333978583676e+03
2.008394096076712231e+03
2.386969667348333587e+03
1.507133324996751753e+03
2.317488625370801856e+03
2.199441850179132871e+03
1.579234770455032049e+03
2.398714838248066371e+03
1.819477831209940405e+03
1.711843420270295155e+03
2.527066702982405332e+03
1.776264198440115933e+03
1.767742154420039469e+03
2.519558647329147789e+03
1.626672669083006895e+03
2.038289641442723223e+03
2.095030465498033209e+03
1.606368921946613909e+03
2.098096128193561981e+03
2.724870912338447397e+03
1.469264286627650336e+03
1.770708865138562942e+03
2.705602592460989399e+03
1.534046844257458588e+03
1.928413244279532591e+03
2.619683614997044970e+03
1.833289669003484960e+03
1.578355573406442545e+03
2.106466660789217713e+03
2.413758670391915985e+03
1.497353995296335142e+03
2.093216879043677181e+03
2.228368911438070882e+03
1.547140818766786651e+03
2.555116290999958437e+03
1.826102714317418076e+03
1.544619400731183077e+03
2.423648023493965866e+03
2.207588993057934658e+03
1.477501080369313740e+03
2.145616542544387357e+03
2.630412715098369063e+03
1.445587869569070335e+03
2.001304452248202551e+03
2.747253114075711437e+03
1.429889755033094389e+03
1.601189906722692285e+03
2.778407010536090183e+03
1.730279584532763920e+03
1.563909375513753957e+03
2.753944177265887447e+03
1.600241098738013307e+03
1.579515451980181979e+03
2.694448326961749444e+03
1.669367182131985373e+03
2.273770348229661067e+03
1.463768099885370475e+03
2.042428541637754051e+03
2.226937875893710043e+03
1.526233179935958560e+03
2.306888870167862933e+03
2.261396517107340514e+03
1.582884717737046458e+03
1.989566196489877257e+03
1.876239161103852666e+03
2.646675835761012877e+03
1.782190071700685394e+03
1.571354840365560904e+03
2.834758810888047719e+03
1.434733549588883989e+03
1.651882094028958591e+03
2.429450264134522513e+03
1.860022651847962834e+03
1.653111475176601971e+03
2.687018999769926722e+03
1.842174055702884289e+03
1.667635724112163871e+03
1.837243165896291430e+03
2.095833572053643366e+03
2.063505402801239143e+03
1.956940595445810004e+03
2.013586951872593772e+03
2.000886641913810536e+03
2.389040885580372105e+03
1.918477843672932067e+03
2.004670564795625296e+03
1.737863855035318920e+03
2.881162082305615513e+03
2.009255602639077097e+03
1.369823251112381740e+03
2.415603165930162049e+03
2.357534009394239092e+03
1.450868087396907640e+03
1.614194313230769012e+03
2.443473421277241869e+03
2.465178142416492392e+03
1.433319945263910768e+03
1.610184906792395623e+03
2.732930921310188751e+03
1.901074120791183077e+03
1.503828043998074236e+03
1.988503233587910699e+03
2.788091765708861203e+03
1.453049974425794517e+03
1.540860021144979783e+03
2.343379252559984707e+03
2.579282879408100598e+03
1.456248825448592925e+03
1.949754613080781837e+03
2.652082348704480410e+03
1.491854522417379940e+03
1.712522105767274297e+03
2.627083918268005618e+03
1.605310306014546541e+03
1.682977652028047260e+03
2.547702477149707192e+03
1.863132091579122971e+03
1.659026677046980922e+03
2.469711245401987526e+03
2.013587089703763695e+03
1.539429128697467831e+03
1.987473820406655932e+03
2.604743470191754113e+03
1.570728679930093676e+03
1.746726561476250254e+03
2.724081259288086585e+03
1.622759398638341509e+03
1.657109977076519954e+03
2.682547746279648891e+03
1.839227232159673349e+03
1.981310821546815532e+03
1.938048797252748955e+03
1.813754253466721366e+03
2.497916556630717878e+03
1.480153443044624964e+03
2.096658107535301497e+03
2.444807210913293147e+03
1.481831228910703203e+03
2.293051142115904440e+03
2.095240128859764809e+03
1.478255576700983283e+03
2.619975524596062769e+03
1.706981807289406788e+03
1.539938011877489316e+03
2.689116710571042404e+03
1.817880829666949694e+03
1.482603532809222088e+03
2.726342863682840289e+03
1.551141330692315250e+03
1.726152523318448857e+03
2.857531243834942870e+03
1.454556834467558929e+03
1.759330919005890792e+03
2.657546483681475820e+03
1.433473012217632913e+03
2.050144102626731183e+03
2.302640385186417461e+03
1.516556053173912233e+03
2.554038086718470822e+03
1.878705676847518134e+03
1.500584605701126975e+03
2.524194267580934138e+03
1.834534344787854252e+03
1.574720124437665845e+03
2.665115728564000165e+03
1.585167392041623998e+03
1.943337494001550795e+03
2.593302364405622939e+03
1.460361677296418293e+03
2.061271954243964956e+03
2.585889542862189501e+03
1.491921560399183591e+03
2.246795804264849721e+03
2.205849236056511472e+03
1.484256390262813966e+03
2.069735161189963492e+03
2.575502444038479553e+03
1.545901351099500062e+03
1.840622925033084357e+03
2.749380861636523150e+03
1.581392753918468088e+03
1.578639332056791318e+03
2.349489629208449514e+03
2.481462337880869654e+03
1.483038871444535289e+03
1.914324538251172271e+03
2.664891020159940126e+03
1.540472726599724865e+03
1.762339668990726977e+03
2.660497651648377541e+03
1.578204737596559653e+03
1.714154922494985158e+03
2.668992066053387589e+03
1.525688750262833082e+03
1.922330967264152605e+03
1.951659007775174587e+03
1.649080634166400841e+03
2.417731037129321066e+03
2.065968281467279667e+03
1.646824068691643561e+03
2.369475810423823532e+03
2.166802172345797771e+03
1.534951127619778390e+03
2.391419339361305447e+03
2.200387981486618628e+03
1.487592176639284844e+03
2.402270118789475418e+03
2.119905166703661507e+03
1.519161328661452671e+03
2.332156836761625982e+03
2.396543983943727653e+03
1.474898306778959522e+03
2.111593749892045707e+03
2.475580741638714244e+03
1.493981844654215138e+03
1.938698581772334819e+03
2.262597878432418383e+03
1.887563886898427882e+03
1.805366900506753609e+03
2.291175460591458432e+03
2.419149784750019080e+03
1.391790506659985112e+03
2.286342205207986808e+03
2.332789477926788095e+03
1.416325657652969312e+03
2.456081493295009750e+03
1.839840525034558141e+03
1.543255191817751438e+03
2.632909115364951049e+03
1.832682453812813264e+03
1.492090438477379166e+03
2.502342918671259667e+03
2.153654553397942436e+03
1.415463165971320905e+03
2.577323537699492135e+03
1.972282391418835687e+03
1.942314020532035784e+03
1.266805477069509379e+03
1.863393392460657424e+03
2.730583515590346451e+03
1.849197192617929204e+03
1.610021063176113330e+03
1.741161559957715781e+03
2.803291232970363581e+03
1.742429573319721158e+03
1.584007414844812956e+03
2.213450060466416289e+03
2.635146931961238806e+03
1.511991353523873158e+03
1.691278084009486520e+03
2.599494448324756377e+03
1.955017574250837242e+03
