2.499295520911005042e+03
1.549721026696449599e+03
1.058760616982270221e+03
1.546395646003437150e+03
2.158716927194858272e+03
2.502541748827224637e+03
1.277367758416804691e+03
1.061603712491666784e+03
1.609198863663448947e+03
2.347925889841334083e+03
2.449922468015863160e+03
9.243868089164889170e+02
1.319353736447011443e+03
1.748636444065699152e+03
2.299726330958125345e+03
2.484523284691438221e+03
1.157535761244034802e+03
1.098616692409921825e+03
1.660486853447582462e+03
2.495130943241435943e+03
2.417377868095169106e+03
9.199009654839810537e+02
1.277679351508725858e+03
1.925206572802970413e+03
2.578937998230806897e+03
1.669298548367255307e+03
9.006675659658467339e+02
1.503735592006901925e+03
2.572991566627823431e+03
2.371571210758334928e+03
8.507099534704418602e+02
1.274652144190506078e+03
1.781768016373268438e+03
2.552131175790335874e+03
2.189699809614491187e+03
7.428376118090606042e+02
1.401113857062720172e+03
1.951029131749663975e+03
2.658326545319589968e+03
1.726500907925794991e+03
9.893452184977742263e+02
1.337043225836654528e+03
2.632793551224099701e+03
2.268179257558751488e+03
8.959527906167094216e+02
1.215115416257946663e+03
2.082242541281787908e+03
2.592098169361973305e+03
1.286008872496470076e+03
1.122912100922852915e+03
1.501179392337029867e+03
2.494236772293481408e+03
2.414053870238623858e+03
1.045948677283661482e+03
1.253755460584217417e+03
1.764179246985754162e+03
2.598092814665803417e+03
1.657608024421840582e+03
1.056291341805816728e+03
1.441894592454220628e+03
2.378727504005537867e+03
2.519821802979113272e+03
1.315372486240194348e+03
9.988519814423591470e+02
1.431986095342783983e+03
2.641921036488857226e+03
2.314056479787025637e+03
9.949136233967582257e+02
1.081789361068039852e+03
2.312918789363468022e+03
2.595909599909875396e+03
1.150865207551121557e+03
1.065510004753927205e+03
1.490305466095851216e+03
2.628836909532232767e+03
2.402861718306000512e+03
1.125043488193857911e+03
1.171410703180161136e+03
1.517208524051733775e+03
2.557108993086006649e+03
2.472101441958281157e+03
9.677056629048959167e+02
1.223313499853269150e+03
1.587735875651256038e+03
2.637033353061669459e+03
2.088134280730447699e+03
9.415579766965493036e+02
1.278800008012149192e+03
2.500643892135164606e+03
2.355238738527488749e+03
1.032457794812338307e+03
1.436178910321480544e+03
1.549214525409968701e+03
2.599227056611605349e+03
1.965097016384493600e+03
1.029370845581390085e+03
1.326496300618131954e+03
1.844459895578410851e+03
2.614931056568550957e+03
1.669342308604003847e+03
1.007985303584399844e+03
1.407193663517991354e+03
2.215422729152771353e+03
2.560281494846551595e+03
1.216392133540558461e+03
1.002627426718775610e+03
1.588217070912780173e+03
2.605886463424510566e+03
2.338403157648804608e+03
9.246256075626735083e+02
1.216158630127563811e+03
2.222844175126475420e+03
2.544483008289877489e+03
1.386410984820431850e+03
1.143153726810445505e+03
1.400297147712667083e+03
2.614046321133296260e+03
2.358339261169289330e+03
1.047643448345666229e+03
1.033919958529786072e+03
1.750463766665626054e+03
2.586934049041160051e+03
2.418358562198739037e+03
9.354011462778463510e+02
1.466588790311406910e+03
1.567192134169153633e+03
2.529126393472714426e+03
2.245684142833568785e+03
7.343323440397188051e+02
1.324344418804861334e+03
1.777568611441475014e+03
2.605830921517491333e+03
2.232029144515680855e+03
9.502569106891518231e+02
1.356978335160575398e+03
1.489194822036116875e+03
2.262289597389539722e+03
2.444252826291025940e+03
1.559513339444089752e+03
1.064562645660044609e+03
1.413585566080427725e+03
2.410074856485013242e+03
2.450592892538342312e+03
1.279819532510148520e+03
1.031284707791988239e+03
1.626311880257748271e+03
2.630697091898774488e+03
2.285810225090460335e+03
1.003234286961066914e+03
1.045439665743560909e+03
2.258594622223159604e+03
2.634471740059860167e+03
1.224277035716933142e+03
1.123730301834882084e+03
1.383860266714428008e+03
2.626274507812853244e+03
2.292071886297814672e+03
9.267788224866840210e+02
1.178581243432482324e+03
2.353545902055591341e+03
2.436469124328078578e+03
1.395161166396347426e+03
1.064630709411733960e+03
1.457608577496019961e+03
1.858214348067405808e+03
2.683727799305569988e+03
1.964944572981687998e+03
1.517973106605806606e+03
5.234269345415768839e+02
1.463618913270503754e+03
2.812944922907923228e+03
2.349309795015975396e+03
8.456111011704296061e+02
1.246952179415595765e+03
1.970191072870421067e+03
2.684529926111425993e+03
1.415100583773337803e+03
9.418205007608274855e+02
1.693876788291163621e+03
2.791726217773401913e+03
1.558651853455255150e+03
1.078882412577390141e+03
1.452659447226900966e+03
2.309192349730252772e+03
2.512372771429501427e+03
1.124448381840629281e+03
1.178820852137467909e+03
1.674954671726685547e+03
2.684178845740247198e+03
2.084282226685694695e+03
8.642768301321949593e+02
1.466696858614045368e+03
1.948443527553199374e+03
2.491297573707106039e+03
1.688184576170400533e+03
9.096515388321886348e+02
1.440227727440659010e+03
2.644114636647353109e+03
2.286499196518427652e+03
7.734928892386877806e+02
1.351267170150538277e+03
1.936844427980455976e+03
2.542777414873967700e+03
1.773994056885744385e+03
8.594995144156505376e+02
1.514980703631928236e+03
1.831977651575230311e+03
2.557909546006768323e+03
2.224935094425226907e+03
7.385471492776384821e+02
1.436943166908697549e+03
1.933179769192682670e+03
2.576800493038467721e+03
1.823171445833437701e+03
8.402269541676372455e+02
1.473516501665959595e+03
2.031426760443935791e+03
2.545836798961563545e+03
1.591335899245173323e+03
8.492316516787191176e+02
1.612454037779172268e+03
2.028343517999791629e+03
2.467834223473631482e+03
1.769268295108361599e+03
8.675475593534200698e+02
1.507490304746708034e+03
2.148148645720756122e+03
2.588165229979061678e+03
1.385579165115679416e+03
9.296098586470192231e+02
1.597656881383741847e+03
2.604705498908088430e+03
2.332838854682574947e+03
8.799417831377841139e+02
1.265327456860566372e+03
2.027332467454397602e+03
2.526681387491026726e+03
1.686925448308813657e+03
1.009968354792441687e+03
1.423084764236339879e+03
2.673347291672691881e+03
2.206894162474835866e+03
7.432077681777822136e+02
1.362489456811701530e+03
1.960321032684433476e+03
2.656227226800090193e+03
1.632021552306253398e+03
9.268045985349683633e+02
1.578990858340550631e+03
2.290497055917341186e+03
2.596897667593511869e+03
1.054269602551106573e+03
1.124979488650150870e+03
2.075926658554813002e+03
2.522057092363411357e+03
1.362994264078359492e+03
1.040953122170359620e+03
1.770419183763828414e+03
2.561439413839153985e+03
1.511930415999635443e+03
1.021990774992456977e+03
1.453730424019559223e+03
2.555693809556198630e+03
2.467796327458484939e+03
8.942167038042842933e+02
1.326564908677449921e+03
1.614018281940934912e+03
2.469195310954748948e+03
2.339094706606766067e+03
1.047445186118680567e+03
1.278959746199004712e+03
1.575027743022960294e+03
2.422369041167722116e+03
2.376834614174762464e+03
1.096083769416128689e+03
1.278610208920306832e+03
1.632933554894128292e+03
2.380163869112404427e+03
2.342721573561106652e+03
1.117843572394505600e+03
1.274614899002439415e+03
1.620062836763299401e+03
2.419231758987013563e+03
2.362613459780339326e+03
