2.090333445230893631e+03
1.788027871502469452e+03
1.923783108993506858e+03
1.963140336875731464e+03
2.026668250000373746e+03
2.095158219831383576e+03
1.798200680685442194e+03
1.939847314686176560e+03
1.959410562422416433e+03
1.910651325085504823e+03
2.252206882980565297e+03
1.789242803988140167e+03
1.882004668538661235e+03
1.944446016990854559e+03
2.123629142400219735e+03
2.089899282872683671e+03
1.743662512421257816e+03
1.937246928747896163e+03
1.958705698967636636e+03
2.248408378127944161e+03
1.751240802612312564e+03
1.815279583995005396e+03
1.958452319722804987e+03
2.179600053848601419e+03
2.058452294410411014e+03
1.747909667430534000e+03
1.880533720324540354e+03
1.999731466953839345e+03
2.257968525385088014e+03
1.892729338406942134e+03
1.770565646631042000e+03
1.868094007552735775e+03
2.096790341565787912e+03
2.238641970832132301e+03
1.684866103732246756e+03
1.898457302899514161e+03
1.960477735035073692e+03
2.277994806647052428e+03
1.738899137925661762e+03
1.853236160885445315e+03
1.926318861074672441e+03
2.024390289334389536e+03
2.243479544631216868e+03
1.684351043686856201e+03
1.871353208258038649e+03
1.933185026977054349e+03
2.162829042873706840e+03
1.955256244846647178e+03
1.795817895541798634e+03
1.960852990768003792e+03
2.180649722764267153e+03
1.956097296217680423e+03
1.819779696249597009e+03
1.893083078740569363e+03
2.142256206890049270e+03
2.189017145441462617e+03
1.667478614000218158e+03
2.002549827148939585e+03
1.932305733207218964e+03
1.868000949844858496e+03
2.266571161197182846e+03
2.046480859726751760e+03
1.753047725962043160e+03
1.876709394161086038e+03
1.920030708130247831e+03
2.319664334231647445e+03
1.739399898779965270e+03
1.822448464111178737e+03
1.883102279225602842e+03
1.977234854883227854e+03
2.305047865806494428e+03
1.656209455119446602e+03
1.782522174477889848e+03
1.951741102171041348e+03
2.314900745606350483e+03
1.671892683455431097e+03
1.825313655112574224e+03
1.914260484034588899e+03
2.325348372069292509e+03
1.805544794183539807e+03
1.797858341059923760e+03
1.906166660973692615e+03
2.081640266613817403e+03
2.178286600265540073e+03
1.720595503230560780e+03
1.920435027047326230e+03
2.080357260708934064e+03
2.140376907776084408e+03
1.763297686704608850e+03
1.871289144407646518e+03
1.995172086892535162e+03
2.153856098498570191e+03
2.043499071917429774e+03
1.795819446568426883e+03
1.894542247152267919e+03
2.049726378483716417e+03
2.211619052309131348e+03
1.720467883921434122e+03
1.925992435157084856e+03
1.962696411298408066e+03
2.312545757549590689e+03
1.700540267957851938e+03
1.842519158116815788e+03
1.949829368328107421e+03
2.271418848755538875e+03
1.937867324433400427e+03
1.755357776271801413e+03
1.869766130496855567e+03
2.106716828766270737e+03
2.278551790878885186e+03
1.665733715124923719e+03
1.862683772950508910e+03
1.953750663196141659e+03
2.262283043303220438e+03
1.767456728992171065e+03
1.832124328284524154e+03
1.930044253242667764e+03
2.049450233193847453e+03
2.232018340875517424e+03
1.697089191440621107e+03
1.886553777564626216e+03
1.932710934481757931e+03
2.163180504995579668e+03
1.964025814396251690e+03
1.806468053320709714e+03
1.968075695648935380e+03
2.100752306202936779e+03
2.122252181314814607e+03
1.779539483651520641e+03
1.871174912117111717e+03
1.974763237844347941e+03
2.250220952371176281e+03
1.875052101915211097e+03
1.793864365052583253e+03
1.891049925547199109e+03
1.951166526141478244e+03
2.281502104618684371e+03
1.886102461921088889e+03
1.794930721215259609e+03
1.915217676921904967e+03
2.101679124980419147e+03
1.966480962885897043e+03
1.825604892725910531e+03
1.889793410097362312e+03
2.210000392469151848e+03
1.976113699564257558e+03
1.807001905349735807e+03
1.919300130772670855e+03
2.195333971085087796e+03
1.942178392543840346e+03
1.873041340979091729e+03
1.807236790229227381e+03
2.106000329010790210e+03
2.199488482895506422e+03
1.702831953568046174e+03
1.836127571727824261e+03
2.251294740005008407e+03
2.156581612317022973e+03
1.657455341617702743e+03
1.866346712957467162e+03
1.966323144010781334e+03
2.275905426937479660e+03
1.788959799762632201e+03
1.778418156300346709e+03
1.914036797326753913e+03
2.232321787415499330e+03
2.001131942870352304e+03
1.789527299803518872e+03
1.903968086083716571e+03
2.082350297843518092e+03
2.176569973307830423e+03
1.737249608087733804e+03
1.937321460409497377e+03
2.080547629149767090e+03
2.160625914344729154e+03
1.783122924929176406e+03
1.887374823378561587e+03
1.992718008770446659e+03
2.144417092262982806e+03
2.043519954906202884e+03
1.812103918906367426e+03
1.883669580735159343e+03
2.026518674316410852e+03
2.217112169700001687e+03
1.753828821169012144e+03
1.884660009062364225e+03
1.907665249235949204e+03
2.231518937244378776e+03
1.942159127313190993e+03
1.790610193622938368e+03
1.945114645560244526e+03
2.158849082760957572e+03
2.102789133828882768e+03
1.759378496986740856e+03
1.856728950028548752e+03
2.004703566454082193e+03
2.214032960572898446e+03
1.830902002054581317e+03
1.851249638734738937e+03
1.855675767467404057e+03
2.229478146194174769e+03
1.951327389286150719e+03
1.786841209689307789e+03
1.930401167517610475e+03
2.108188609926367917e+03
2.199097214693024398e+03
1.722093628389624882e+03
1.870755430115478021e+03
2.006260844059669807e+03
2.217251677007491708e+03
1.753231237839573623e+03
1.864865998123550980e+03
1.925897372103853513e+03
2.264987392643765361e+03
1.884610680815249225e+03
1.829177955283611027e+03
1.924783080351243370e+03
1.956788373496203803e+03
2.232696436165341765e+03
1.783220681572432568e+03
1.852711865463208142e+03
1.932062666836287235e+03
2.076116343008675358e+03
2.249570231968881217e+03
1.683370408355904374e+03
1.886018457077994753e+03
1.944834045768813439e+03
2.222120341476299927e+03
1.990962548081487739e+03
1.755825662802405077e+03
1.917860131652250175e+03
2.205115762670136064e+03
2.011160088654973606e+03
1.787976820784268511e+03
1.886107126164812144e+03
2.109750474130830753e+03
2.165529511894910229e+03
1.730820177231747948e+03
1.913233502220354012e+03
2.006752402530899644e+03
2.248092749479354097e+03
1.739497167717883940e+03
1.867693209193367238e+03
2.098440597720978531e+03
2.190377222760393124e+03
1.710549977891960225e+03
1.915659156648750923e+03
1.954635908200564472e+03
2.205667412352935571e+03
1.790290621678830121e+03
1.813539010282694335e+03
1.950804604597163916e+03
2.239272616612899583e+03
1.877767576970748451e+03
1.824274059870645488e+03
1.900811136306352864e+03
2.048804271256010907e+03
2.227788329470396093e+03
1.705567585312518531e+03
1.901148062022768727e+03
1.930787191023913238e+03
2.072957496213815375e+03
2.225914021448863878e+03
1.698120168521395044e+03
1.899962859059979110e+03
1.924255255125513941e+03
2.231765945038744121e+03
2.011116272576821302e+03
1.744512999464669974e+03
1.939003623533964628e+03
2.165572474540836993e+03
2.094995254649066737e+03
1.761655297554520530e+03
1.855604976818729483e+03
2.102515163220026807e+03
2.248846663223189807e+03
1.687807069015864954e+03
1.875743118047018470e+03
1.944691108252508002e+03
2.267863515768312027e+03
1.838653313110587078e+03
1.801973468764530935e+03
1.926475399674467553e+03
2.227436773119226018e+03
