1.614300261516004866e+03
3.012239903311396574e+03
2.279913701378058704e+03
1.203106899960721194e+03
1.609249966756345202e+03
3.594325086059196110e+03
2.017207457205028277e+03
1.055217014171438905e+03
1.518150089097756336e+03
2.918692151782113797e+03
2.720300783589892035e+03
1.030279714429109845e+03
1.543645894526008988e+03
1.839858597923067919e+03
3.345489007732026948e+03
2.035634752683295346e+03
1.376407134657195456e+03
1.653604359449625463e+03
2.066976941121419713e+03
3.248620476890489954e+03
1.471813317897964453e+03
1.457655449335897856e+03
1.858208245946502529e+03
3.272999699586430779e+03
1.405873417153032278e+03
1.467757509354682270e+03
2.734571444049305228e+03
2.280039108080281949e+03
1.281037855142028093e+03
2.094572605263392234e+03
3.148577090665452943e+03
1.192909786567241326e+03
1.447110859711160401e+03
3.144399471917660776e+03
1.918766822178150505e+03
1.164642264293050403e+03
3.447271148693758278e+03
1.867515710075899506e+03
1.175179822132607114e+03
1.668611376955762807e+03
3.193816831692469350e+03
1.398413191560699033e+03
1.334178846883040706e+03
2.624523296364487578e+03
2.658704931556555493e+03
1.251401300889529466e+03
1.487813544004866571e+03
3.455379518628596088e+03
1.553195124296581980e+03
1.402321404944532787e+03
2.057132070303096498e+03
3.389302349216573020e+03
1.210262439081576531e+03
1.441159661721330394e+03
3.029883430257978944e+03
2.051119850908101398e+03
1.211016504175796626e+03
1.904070191670519307e+03
1.894509745079940558e+03
1.748779193003524369e+03
3.554820596180473331e+03
1.766684500950438633e+03
1.345116446615774294e+03
1.707100578475715793e+03
3.539133110894738365e+03
1.536568172031353697e+03
1.285611755047946872e+03
1.493747445116000790e+03
3.286904443421767155e+03
2.333731863524387336e+03
1.051975111289516690e+03
1.461373655305193779e+03
3.539475099069710723e+03
1.617725450819703383e+03
1.253856646536176868e+03
2.340312242437706573e+03
4.076483093095662298e+03
1.770386240859686950e+03
6.869686484801486586e+02
1.693196638468081119e+03
1.288840140702500094e+03
1.661964755869277042e+03
3.359279103757002304e+03
1.378950364253355701e+03
1.541730036854046830e+03
2.315550289683141273e+03
3.547097246972756693e+03
1.152872598198412561e+03
1.399255083877389097e+03
2.411714697047418213e+03
3.189082458908704666e+03
1.092768500609419107e+03
1.353240396968681353e+03
2.876445398824162567e+03
2.367411231507156117e+03
1.373262701542714467e+03
1.553324022935434641e+03
3.306634819322768180e+03
3.858385999849138898e+03
1.164523900229800120e+03
7.836732797760013227e+02
1.537967949199943632e+03
2.196869509806544556e+03
2.787240420155143966e+03
1.406322842238711928e+03
1.498731847871407581e+03
2.889662328033256472e+03
2.289899005797713926e+03
1.386473781416947986e+03
1.961952468852554603e+03
1.952840203452650712e+03
1.882485507945059908e+03
3.791026308405603686e+03
1.404145024592851314e+03
1.251456883392564350e+03
2.247288106570566015e+03
3.282267436935115256e+03
1.023968753698881756e+03
1.369958987388713012e+03
3.845555066077239644e+03
3.093034589589043208e+03
8.093332878699903858e+02
1.122690023287552322e+03
1.497701221554485073e+03
1.741079338661647853e+03
3.035637590066457960e+03
2.209401736328310562e+03
1.320545167034490987e+03
1.706582930758025213e+03
1.894099287102545986e+03
3.624686792905866241e+03
1.450300927107308553e+03
1.416962481085075751e+03
1.956680037894251427e+03
3.511673324076507015e+03
1.312585125241618471e+03
1.421381697177021351e+03
1.677903792668035294e+03
3.522877115093626344e+03
1.640846605287336843e+03
1.210273049708791859e+03
1.732735199043785087e+03
2.016906900547483929e+03
1.901025022712898817e+03
3.237417781136849044e+03
2.206114525278595465e+03
1.307664075837058363e+03
1.494855782752155847e+03
2.675307174053776635e+03
2.847102068195148149e+03
1.338305296817443377e+03
1.574986914614726402e+03
2.258471895065103581e+03
3.482025240316786949e+03
1.173394869358889537e+03
1.308171639795947613e+03
1.736626238040055341e+03
3.490412146958867652e+03
1.786718771386052367e+03
1.309725551755828974e+03
1.505836338898604481e+03
3.618497199687094508e+03
2.147540783773799831e+03
1.421687700527401603e+03
1.300181118146303561e+03
1.925936454534509494e+03
3.259972952940438972e+03
1.271250361212709322e+03
1.530959326795777542e+03
2.729757033789776870e+03
2.564616584392553250e+03
1.184988509656772749e+03
1.517902841294092241e+03
3.264741260828878239e+03
1.915110570623840431e+03
1.240811017170401783e+03
1.811862661665936457e+03
3.591756950421627153e+03
1.187027721368336188e+03
1.270049925998102253e+03
3.053113877554078499e+03
3.249080652467240725e+03
4.180151128347522899e+03
4.192397402501525221e+02
3.590931614704900880e+02
1.020896867976534281e+03
1.413488404955109218e+03
1.590546499527330525e+03
1.803166365465816398e+03
3.511426754845220785e+03
1.716542880810694896e+03
1.470073773910700993e+03
2.190588907480820581e+03
3.020635364986191689e+03
1.435304042049149757e+03
1.572015627944682137e+03
3.222588184010229725e+03
1.768105328663977616e+03
1.472766897771185540e+03
2.357104988504919675e+03
2.353942312579873487e+03
1.482648695458792190e+03
1.808170206633798216e+03
3.788246730976346498e+03
1.515420974153276802e+03
1.358361147659647258e+03
1.630485418414782544e+03
2.338017585710305866e+03
2.984862168712578296e+03
1.249194599303605855e+03
1.534008710769487152e+03
1.806625813669242461e+03
2.045921563067772695e+03
2.093945980838666856e+03
2.519321532328517605e+03
3.740780506976061588e+03
1.066786756298061391e+03
1.391391105923812574e+03
1.699960357041843281e+03
3.239445535677282351e+03
1.991669628330861087e+03
1.306757835467874202e+03
1.563228267452027694e+03
2.961735972207605755e+03
2.213878249683459217e+03
1.357001430789459619e+03
2.128183516300705833e+03
2.343856479809276607e+03
1.562160575350921363e+03
2.165199440711498482e+03
2.948332578920931610e+03
1.253013891345318143e+03
1.502536208709075026e+03
2.733963938374629379e+03
2.447687720436701056e+03
1.267857753256938395e+03
1.599732924197105376e+03
2.773874815348913216e+03
2.540234041221326152e+03
1.286004763678313338e+03
1.647529714625296265e+03
3.223917584353365783e+03
1.662689269353986901e+03
1.364087879095420931e+03
2.120102240668485592e+03
3.960232737963567615e+03
1.106716616199998498e+03
1.351372684290911366e+03
1.584995560965244977e+03
2.808174134643178149e+03
1.963142460697835986e+03
1.509324516358151868e+03
2.147497637752534501e+03
3.208786113525069595e+03
1.321800170452494513e+03
1.493607346435715272e+03
2.270527157691908087e+03
3.354919978401117078e+03
1.181014745472542700e+03
1.482270068275411177e+03
2.190605302023463992e+03
3.313346544094476940e+03
1.124043193402029374e+03
1.466074478477177990e+03
2.835111367089091800e+03
3.345117378251991340e+03
9.759583738595235900e+02
1.343218546729092850e+03
2.217596358159567899e+03
3.526978899887018088e+03
1.117653141544502205e+03
1.309325227301378391e+03
1.615360681250763037e+03
3.549402390889710659e+03
1.845542535900941175e+03
1.248271799252500614e+03
1.564262706969446754e+03
2.726240636955259106e+03
3.332408100134915003e+03
1.018314146448948691e+03
1.370130657774034262e+03
1.675408159664947789e+03
2.810142417939752704e+03
2.073292785492013081e+03
