2.543514535167050781e+03
1.165293512588180420e+03
1.578423115608173703e+03
1.943520990572187884e+03
2.197796192657770462e+03
2.851117045331546706e+03
1.339213971539133354e+03
1.538283160562490593e+03
1.917251836437993461e+03
2.178745864572238588e+03
2.886107065478327058e+03
1.208534046624694156e+03
1.546435548026820925e+03
1.177764523049406080e+03
2.014844613616388870e+03
2.531875023569086807e+03
2.406467672365095950e+03
1.320215364427779150e+03
1.801234744630078467e+03
1.992896717731914123e+03
2.193649883091755783e+03
2.608732997240840632e+03
1.313273625372721654e+03
1.797414398269803769e+03
1.944099482494078075e+03
2.650570672759981790e+03
1.914219293963452401e+03
1.479969150854195505e+03
1.911916408577166294e+03
2.016361275246433252e+03
2.727654373150287483e+03
1.687557887553052979e+03
1.448674889023208152e+03
1.873725114621491684e+03
2.008804850481057201e+03
3.338453870988529161e+03
1.472809431621775047e+03
1.430703288122178719e+03
1.825674093451145609e+03
2.656755282779511163e+03
2.352749213571149994e+03
1.056729813477993048e+03
1.802381230675990309e+03
1.940021888966341976e+03
2.691687757945485828e+03
2.292993297197582251e+03
1.153096514987302953e+03
1.777356807758807463e+03
1.970643084957864630e+03
2.693005990837024001e+03
1.689622961691664386e+03
1.491893752436430987e+03
1.878821070814514997e+03
2.318000657354350551e+03
2.529750558489973628e+03
1.173092185640173284e+03
2.026695685269056639e+03
1.978720518928499132e+03
2.693341731404863367e+03
1.630649624537194313e+03
1.568922599333232256e+03
1.871804535597395670e+03
2.680818350584110703e+03
1.880330566171471219e+03
1.392554632539248132e+03
1.866083674909906222e+03
2.213660713952123842e+03
2.741136087646079886e+03
1.052568841773828353e+03
1.666145392780709244e+03
2.256123776992102194e+03
2.862802691364619477e+03
1.851070645839339022e+03
1.127961631514536748e+03
1.532486743094715393e+03
2.744836386049230896e+03
2.014313962761611720e+03
1.290316916425729460e+03
1.940528162400056544e+03
2.567366503437661777e+03
2.408221385389786974e+03
1.208493651993872845e+03
1.797167492284499531e+03
2.698511194558430361e+03
2.298770838107034251e+03
1.201901778703693481e+03
1.820221354915116763e+03
2.146910532658199372e+03
2.979292041395455271e+03
9.835627791267137354e+02
1.579578975274706636e+03
1.916719050897525904e+03
3.014148788430922650e+03
1.929766086654280343e+03
1.240715624533448818e+03
1.857559573523604740e+03
2.204721714518947920e+03
2.679263539711013436e+03
5.450068899480926348e+02
2.383598316900777718e+03
2.115558274634026475e+03
2.621958973442655861e+03
1.216980711740718789e+03
1.842677585364950119e+03
1.967374137877794510e+03
2.581737677812971924e+03
2.268017527773889469e+03
1.304485349049705292e+03
1.871882884456324064e+03
1.976648237576960810e+03
2.747587941881709412e+03
1.905437952398558991e+03
1.467692749783367844e+03
1.884967245359359822e+03
1.968300170737883946e+03
2.533827472954352743e+03
2.400547419035885468e+03
1.255905883300577443e+03
1.363259435693450769e+03
2.303493863622567005e+03
2.969635343665441724e+03
1.680638650116301278e+03
1.519621912963761588e+03
1.856828785722124394e+03
1.973321245108922994e+03
2.825354410289537100e+03
1.965532853379141216e+03
1.205487095003375089e+03
1.778510283470210652e+03
1.888571985800987932e+03
2.817609128715363568e+03
1.924187765929673333e+03
1.349477998868042732e+03
1.826121117468914463e+03
1.917052707742154553e+03
2.319691321134623195e+03
2.674796118184503939e+03
1.172184807935565459e+03
1.643523736007062325e+03
1.922623302822504456e+03
2.088429675661783676e+03
2.810243785274444690e+03
1.469214836658140712e+03
1.510788329812887014e+03
1.898674541428797738e+03
2.278531318494331117e+03
2.768057391411454319e+03
1.264263840016021277e+03
1.477262746671940477e+03
2.839514806106539709e+03
2.045965850818270383e+03
1.700460973739420297e+03
1.687863486158935302e+03
1.530498302163086919e+03
2.814037902650612523e+03
1.883364395246941285e+03
1.408264724163308074e+03
1.783453585648602484e+03
2.140543173249697247e+03
2.740608828472479217e+03
1.164503043946023809e+03
1.781556806828793015e+03
1.986852140736598358e+03
2.037853733604934860e+03
1.924464763842146795e+03
2.391740985486771478e+03
2.420846893423300116e+03
1.149868439913366956e+03
1.819321541673082038e+03
1.983230465102032667e+03
2.883739607289212927e+03
1.709883846120651924e+03
1.390335922468337003e+03
1.865900103761870696e+03
2.888581346316015242e+03
1.746466497927901401e+03
1.373861483321495825e+03
1.924990814263632274e+03
2.138492764014050863e+03
2.751848375230372767e+03
1.161232523916334685e+03
1.588157392309368106e+03
2.064123840441537595e+03
2.622792843226036894e+03
1.825036305871512695e+03
1.409794328674558756e+03
1.842480787205854995e+03
2.047383942323820747e+03
2.782324286230183134e+03
1.362578838947870508e+03
1.691263010108279104e+03
1.919880635400294523e+03
2.418034112074845780e+03
2.425176397519613602e+03
1.363680385143575450e+03
1.805579213197583840e+03
1.955930184190719501e+03
2.688210620584027765e+03
1.805597595453843269e+03
1.568424069668186121e+03
1.914917460347124234e+03
2.030680751958356041e+03
2.662006457990801209e+03
1.755467470256402521e+03
1.582313147202938353e+03
1.920962504494531458e+03
2.006365687462971437e+03
2.628565002446145172e+03
1.447724544788843332e+03
1.608402622119793477e+03
1.882914543883175611e+03
2.429146709164868753e+03
2.538172987416257456e+03
1.553304087908346219e+03
1.422310183511413470e+03
1.815884937601537331e+03
1.966921700270231668e+03
2.684101945907749723e+03
2.219457929052057352e+03
1.270989873389650029e+03
1.720750207213578960e+03
1.859951295813222941e+03
2.776230949167021663e+03
8.059552254981581427e+02
1.604611591340541054e+03
2.416739504728171596e+03
2.500433723297145207e+03
2.092091483441573928e+03
1.400738218547150382e+03
1.930845374637072837e+03
2.130851177651202761e+03
2.723925853719929819e+03
1.337312487963718013e+03
1.601201891059306718e+03
1.897822220462335281e+03
2.427158339689127843e+03
2.430498775804296656e+03
1.243313206352537691e+03
1.849805638308344214e+03
2.005662001709805509e+03
2.713817437359190990e+03
1.423030423281124513e+03
1.576475202865373149e+03
1.926807328880603109e+03
1.977256970791072035e+03
3.557229094178919695e+03
1.038195121981227658e+03
1.604861061270520850e+03
1.996899199149646847e+03
1.808798473753490043e+03
1.949809312986259556e+03
2.866678554613484266e+03
1.188097335771151393e+03
1.656471104777678647e+03
1.911297304971540370e+03
2.857542485167284667e+03
1.418708377514697759e+03
1.680728417927928376e+03
1.881333467290570979e+03
2.237318905434385670e+03
2.707358230823174381e+03
1.162065437572098062e+03
1.746276436116125296e+03
1.912381695051190491e+03
2.294507737982741673e+03
2.777477852341046400e+03
1.063347302761740366e+03
1.692861383054118050e+03
1.905265124495423834e+03
2.523089739587343956e+03
2.498836463764560449e+03
1.251411321908565924e+03
1.609140912301457547e+03
1.927385916174562453e+03
2.237062738545165303e+03
2.696538273111594663e+03
1.363179468995179604e+03
1.489313384471611471e+03
1.924934656807334022e+03
2.021545394376130616e+03
2.868612797290462822e+03
1.365275624957942682e+03
1.536179202760021326e+03
1.947063480358096285e+03
1.929788669293767725e+03
