1.538596194581326245e+03
1.650471726045567721e+03
2.178198875569742995e+03
1.769240035321529604e+03
1.413255925665567020e+03
1.627975551616748362e+03
2.265477772568152432e+03
1.557271778474884968e+03
1.494143941250012631e+03
1.651978908985490762e+03
2.182618870978514678e+03
1.612220879605865548e+03
1.498338128188483324e+03
1.684750674772316870e+03
2.029006376571012652e+03
2.038123614325966855e+03
1.529512654166411949e+03
1.558974779146644323e+03
1.871125516988605568e+03
2.021768295185203669e+03
1.469715897145452118e+03
1.617793738467173625e+03
1.708753558391936849e+03
2.079627705305127620e+03
1.565334490459591052e+03
1.485377156908016104e+03
1.740121916245426291e+03
2.105222388518195658e+03
1.531051025171232141e+03
1.474982611763049135e+03
1.900125506186909433e+03
2.207984621667779720e+03
1.367543172993328426e+03
1.512521822014617101e+03
1.952671997452666574e+03
2.177601827948305072e+03
1.429211890186925302e+03
1.504466421582558041e+03
1.545281839687131651e+03
2.102299972238756254e+03
2.024231548880475430e+03
1.402395526970877199e+03
1.626331088317341937e+03
1.735253074348545169e+03
2.151219396781602882e+03
1.669335984628191000e+03
1.497082828178996351e+03
1.718997558442719765e+03
2.117470931207332796e+03
1.462782407216615411e+03
1.536475249219543684e+03
1.603153963073980094e+03
2.129255371775797357e+03
1.925848574261279737e+03
1.470439132770444985e+03
1.604444808959132615e+03
2.326407744004798133e+03
1.472888011855324294e+03
1.489070078729788293e+03
1.610799511477590158e+03
2.135534166750189343e+03
1.941548593854573937e+03
1.409663030118244023e+03
1.726967102608849245e+03
2.129671853488161105e+03
1.420179191134380972e+03
1.578478852283510605e+03
2.080252192182886120e+03
1.797620735763123321e+03
1.493060297077528958e+03
1.569051045613078941e+03
2.030262081783852636e+03
2.115046197218933685e+03
1.376001453681847806e+03
1.484511443986039467e+03
2.295373772722408830e+03
1.691942331895681718e+03
1.700804544294732068e+03
1.755323843154457336e+03
1.499360111612369792e+03
1.682877025440451007e+03
2.137821958121474381e+03
1.618753762760528616e+03
1.489443277030188710e+03
1.670467620278006279e+03
2.199250742673493278e+03
1.511972603728302374e+03
1.510555179781991683e+03
1.612357165498301811e+03
2.171675284912289499e+03
1.884154604391377006e+03
1.417902971605429912e+03
1.634371010426501016e+03
2.074320812462491176e+03
2.034769148887938172e+03
1.358886305479939665e+03
1.618885216919336244e+03
1.751802060092791862e+03
2.272407679747539987e+03
1.462036934087273039e+03
1.440512987240725352e+03
1.598530495354940513e+03
2.202728296813941142e+03
1.874997215143624317e+03
1.413516543168813996e+03
1.668922772772133158e+03
1.818840212779631202e+03
2.119136938958408336e+03
1.490600472574943296e+03
1.544981908121315428e+03
1.728915917652733924e+03
2.132448328058589595e+03
1.576864416549926318e+03
1.483577263783264016e+03
1.664192483539242176e+03
2.170064225061520119e+03
1.746151487609663718e+03
1.480822669057046141e+03
1.536364702396923803e+03
2.277431296744997326e+03
1.891301703714797441e+03
1.340784711592143367e+03
1.579458059556121043e+03
2.250388304435542977e+03
1.935691482685020446e+03
1.391311571588646757e+03
1.581904606530573801e+03
2.241390771678254623e+03
1.693609816172966475e+03
1.366525110297793162e+03
1.674695895520235581e+03
2.292963871357150765e+03
2.415240333157398709e+03
9.369791884161678581e+02
1.429871896451529665e+03
1.619099117872858187e+03
2.158980514560563734e+03
1.627393403346011155e+03
1.531237877498848093e+03
1.974614059778417186e+03
2.057276940141814066e+03
1.564473903825326033e+03
1.730937774951778920e+03
1.617961934607602416e+03
2.098683033047826484e+03
1.557760429259239345e+03
1.535367713105295252e+03
1.942004644784622769e+03
2.120625631068573057e+03
1.386650905282414669e+03
1.579304404673199770e+03
2.101715240034129238e+03
1.850409942502425110e+03
1.457632449162815419e+03
1.638580049026590586e+03
2.149394385692429751e+03
1.569262281880507999e+03
1.523738356197208532e+03
1.595033400737716875e+03
2.238559827356770256e+03
1.713382065141542853e+03
1.382874567473099432e+03
1.632411922945424067e+03
2.085973177350343576e+03
1.830741276023166847e+03
1.508660094170604907e+03
1.689615578962157770e+03
2.134715380208443548e+03
1.631599991654521318e+03
1.555221421734771866e+03
1.689222599369667705e+03
2.123001927910321228e+03
1.885759907177829973e+03
1.415518121286471569e+03
1.534897444027811389e+03
2.090024622832906061e+03
1.943334715739016474e+03
1.476798962622677891e+03
1.635985303083190047e+03
2.153464155897033379e+03
1.678535671831538366e+03
1.456952002167387491e+03
1.737976595191520801e+03
1.561018162697072512e+03
1.913179350134981860e+03
2.221285849938074989e+03
1.361834134403992721e+03
1.537833977275538928e+03
1.715808656542191329e+03
2.228186200899636788e+03
1.703964483346600446e+03
1.442046433952286634e+03
1.549935891000072161e+03
2.271765713375110408e+03
1.754060133062663681e+03
1.411875033031009252e+03
1.550385508235552152e+03
2.159045695107813117e+03
2.124586372973999005e+03
1.294882742947566612e+03
1.493214824014393116e+03
2.307262237191444456e+03
2.024253597316508603e+03
2.020147121667967667e+03
2.717573534503745577e+03
8.165376420762631824e+02
1.169505422942510222e+03
1.542646750941550181e+03
1.604093587380289364e+03
1.678240564560681378e+03
1.730512926835045846e+03
1.749546944677110332e+03
2.210227268149081283e+03
1.430922820291880953e+03
1.663204145130576762e+03
1.818033601068655571e+03
2.162913458500163870e+03
1.549464541509786841e+03
1.691268183335803315e+03
1.761865024464709222e+03
1.805272222468199288e+03
1.706581910733490531e+03
1.964486493793842101e+03
1.753290981462610262e+03
1.689738037955552500e+03
1.982033204505049298e+03
1.885627750716558239e+03
1.444862244398195344e+03
1.664965859973559418e+03
2.017602354125140891e+03
2.107499686123193442e+03
1.367984329765919028e+03
1.580000225239379461e+03
1.997399328418129016e+03
2.102701529626413958e+03
1.353266087944371520e+03
1.584452575713426995e+03
1.895190515287564040e+03
2.137338421958793788e+03
1.340900148498322096e+03
1.578901843107584909e+03
1.733295994179318768e+03
2.155320103002733504e+03
1.619131209542351144e+03
1.494012661017103710e+03
1.696193008682472509e+03
2.224056661390283807e+03
1.614127902220556734e+03
1.485793488618309766e+03
1.627477930928495653e+03
2.055728835748059737e+03
2.062563529682564877e+03
1.366279745092253734e+03
1.618981912070862109e+03
2.090022996812315796e+03
1.794119572595891441e+03
1.457400489289671214e+03
1.612489268732819028e+03
2.094308565223861933e+03
2.027782784827676323e+03
1.446941203944884819e+03
1.556109225063656822e+03
2.111846882767039006e+03
1.947797431529981168e+03
1.448680048821639502e+03
1.544816585633516979e+03
2.207950531033650350e+03
2.054853077970775757e+03
1.529086128623408285e+03
1.531388461450411569e+03
2.004464880805845723e+03
2.027751096780271155e+03
1.396082489923269122e+03
1.563328442952593605e+03
2.093336938305288186e+03
1.932970519423910446e+03
1.418322833058082551e+03
1.564755005237378100e+03
2.088779124942504041e+03
2.135979100580533668e+03
1.305824759613993365e+03
1.603311507181466368e+03
1.719180759668434348e+03
2.077828894040823798e+03
