1.519965724524526877e+03
2.592625217996104311e+03
1.548929261586659095e+03
1.365380003614735642e+03
2.361846239291672646e+03
2.170349340422619207e+03
1.261111533614062409e+03
1.657098223278951536e+03
2.595231399645701003e+03
1.646315041865872900e+03
1.255528455258226586e+03
2.184560973177748110e+03
2.363771904625571096e+03
1.333103870668171339e+03
1.533890795718214576e+03
2.431621973810432337e+03
2.180351371903333074e+03
1.267167238681650588e+03
1.750183278421677869e+03
2.501966592178381234e+03
1.418074544828903981e+03
1.412742719495123310e+03
2.463183234270544745e+03
1.753523272864969840e+03
1.255265894906104904e+03
1.921256384746641061e+03
2.508398743404181005e+03
1.361441300138523729e+03
1.453862350969070121e+03
2.445830879841682872e+03
1.715512466775693383e+03
1.361099379883754182e+03
2.194363547009541435e+03
2.200394139805800478e+03
1.323718954741665584e+03
1.891023931777110874e+03
2.517026174379483109e+03
1.570713344565946954e+03
1.469870777454343397e+03
2.246370935124212792e+03
1.936923016629330050e+03
1.346817802276113071e+03
2.173201178206798431e+03
2.074351185317145791e+03
1.285714350001700268e+03
2.138326932445220336e+03
2.205864255310859789e+03
1.266831610967457664e+03
2.030754558614115240e+03
2.283028384377536895e+03
1.296156539323780862e+03
2.073139601908324948e+03
2.327761601785859966e+03
1.332002831545827348e+03
1.882388317301239113e+03
2.377994800689104522e+03
1.338862449348575637e+03
2.175826945431869717e+03
2.274149877404946437e+03
1.391254325823299951e+03
1.888215944109788552e+03
1.593218187500453496e+03
1.646072969051994505e+03
2.579997484681868627e+03
1.427083331009848735e+03
1.413625656429524724e+03
2.487824454680052895e+03
1.746256267866616554e+03
1.289365118919140514e+03
2.424380939175250660e+03
1.989117877459146712e+03
1.226691733187627278e+03
2.151112804861892528e+03
2.306280263488320543e+03
1.229636586909459083e+03
1.570019726677357085e+03
2.619572198437164843e+03
1.770505004109064657e+03
1.586159345810029208e+03
1.833478815845089002e+03
1.492286484488671249e+03
1.605750379077724347e+03
2.494096334976238268e+03
1.383674550308877997e+03
1.606000087811826688e+03
2.539678393486656660e+03
1.451193860591953126e+03
1.447841001455806008e+03
2.518072180074729204e+03
1.556977113462339503e+03
1.373967664275570996e+03
2.484429028985983678e+03
1.803698166603776599e+03
1.293503791088549860e+03
2.363440935910081407e+03
1.974884295770601739e+03
1.240891608011056633e+03
1.980568415380855186e+03
2.515245492280392227e+03
1.336966395548884975e+03
1.548326097614828313e+03
2.508701264907501809e+03
1.445882186781033397e+03
1.473059857126398356e+03
2.411522783829403579e+03
1.374746818249142279e+03
1.538618504447192208e+03
2.460688253173790599e+03
1.419928541655624940e+03
1.533280572262363876e+03
2.428883718863216927e+03
1.491259950108636076e+03
1.524644073135689951e+03
2.385205926701472890e+03
1.777268412814515159e+03
1.366278952550145050e+03
2.358831813840403356e+03
1.958754199745462529e+03
1.330167836903764282e+03
2.145053186724533134e+03
2.423203683150537927e+03
1.218164908414970569e+03
1.523804315970612151e+03
2.441644084579094852e+03
1.863684669521332580e+03
1.243886499866972827e+03
1.595236545437113591e+03
2.455404717651084866e+03
1.536233687111044219e+03
1.412098220768378042e+03
2.394110400956613830e+03
1.729987713156733889e+03
1.434444877547641454e+03
2.330321435847172324e+03
2.063759870350804249e+03
1.331655779558917402e+03
1.806002074437470355e+03
2.459301054555894098e+03
1.358728447641188723e+03
1.430233877212893049e+03
2.378407750564075741e+03
2.145760612419220706e+03
1.334223404962128143e+03
1.734468302719172243e+03
2.531701094742590158e+03
1.472412309490282269e+03
1.444892488853305622e+03
2.456098479450183731e+03
1.644703050653460878e+03
1.340496324674619018e+03
2.484164086521755507e+03
1.816647420993285778e+03
1.401739460282191430e+03
2.000140223039391458e+03
2.470309020436449828e+03
1.278825583924734929e+03
1.506681685850457370e+03
2.541405897565604846e+03
1.461961832572301319e+03
1.342375199266031814e+03
2.356829000717021700e+03
2.168710449748089559e+03
1.303841915003682288e+03
2.155465485248640562e+03
2.170549994895929103e+03
1.320533861108848669e+03
2.108320768264361959e+03
2.225978993545131743e+03
1.300052569445346762e+03
2.063187806800947783e+03
2.286243045436308876e+03
1.633718034087337173e+03
1.789451334090165346e+03
1.421380463166268100e+03
2.261669262483126658e+03
2.116477123988543553e+03
1.228457220235523664e+03
1.924648120386682649e+03
2.472713028495216804e+03
1.383949439783987600e+03
1.529103899439903216e+03
2.419706214541412464e+03
1.543243074160856168e+03
1.357760261634547305e+03
2.153443195507619293e+03
2.347949748456923771e+03
1.373891089732425826e+03
1.667285497459377439e+03
2.423030661014319321e+03
1.799644085827076879e+03
1.587779463108114896e+03
1.399478656850100379e+03
2.193850329386606063e+03
2.217021061722640752e+03
1.298113567250741653e+03
1.698244836225321023e+03
2.478528645180082549e+03
1.613735555732806461e+03
1.396588852107377761e+03
2.246581548120657772e+03
2.248977209339256660e+03
1.324302310048225763e+03
1.505221971948782766e+03
2.620956446029405924e+03
2.118687969969318601e+03
1.415134406459825414e+03
1.796319676824323778e+03
1.819156886110628875e+03
1.451762478582126278e+03
1.719657288119848090e+03
2.453197919005539916e+03
1.666434746926891421e+03
1.397639851835474474e+03
1.815090997099322976e+03
2.487501746563437337e+03
1.678881326883720476e+03
1.396386914259780042e+03
1.866760211749442078e+03
2.488823242635216047e+03
1.633318514387282676e+03
1.372958819311409343e+03
2.042076570021956968e+03
2.386727268785715751e+03
1.385271356273396123e+03
1.730641127543349739e+03
2.411550285488564441e+03
1.541535921810437230e+03
1.733637530418444385e+03
1.847964384699037055e+03
1.511009940161775376e+03
1.969965635676624061e+03
2.457567054023630135e+03
1.578652659676172334e+03
1.460176830167766411e+03
2.116136664479557567e+03
2.409446584578499369e+03
1.656543918860173790e+03
1.751289724358848844e+03
1.605662942076409990e+03
1.343247685165610847e+03
2.266544913827902292e+03
2.228686603037968325e+03
1.354386127161570130e+03
1.495863617541883968e+03
2.448331492889652509e+03
2.004185637101855036e+03
1.821830871509253257e+03
1.920211602215434823e+03
2.954175983457302664e+03
3.288329497698088744e+03
6.585695203119449843e+02
1.111420760735141130e+03
1.551959353057655107e+03
1.548058013354781679e+03
1.951621640380156123e+03
1.996580182276346022e+03
1.746756173204548304e+03
1.714628055130051735e+03
1.511995193581456306e+03
2.228411678600184587e+03
1.967280772250070186e+03
1.492495175155126162e+03
1.566954051201739958e+03
2.269153318812652287e+03
1.885947679145962638e+03
1.461107809404242516e+03
1.824304205527800150e+03
1.782722243619421306e+03
1.739219180377030625e+03
2.309333926793372029e+03
1.755480744420520296e+03
1.519265855298392125e+03
1.920647747549869564e+03
2.290528312981618001e+03
1.568337792187611740e+03
1.514365303384290200e+03
1.932129934658417596e+03
2.323940835168234571e+03
1.705822289065681844e+03
1.414015960275951102e+03
2.101094683455405175e+03
2.444557363168431493e+03
1.750499508694633505e+03
1.349168300494748337e+03
