9.966679452050242389e+02
2.502530796838240349e+03
3.593661414540062651e+03
1.557716500115810049e+03
7.836717630878084719e+02
1.247409444929458687e+03
3.038911982666543736e+03
3.015424795729766629e+03
9.650139554972568021e+02
8.716252640202459361e+02
2.760647173434041179e+03
3.131724662656704822e+03
1.249819903420698438e+03
1.203252239898416747e+03
2.191338230141451731e+03
3.494953175056705277e+03
1.515300446678597382e+03
7.721764234449698279e+02
1.891556598021370974e+03
3.317208797708876773e+03
1.819856294816581567e+03
9.835363051223104094e+02
1.528880877755270603e+03
2.852660191698683320e+03
2.780128808034855865e+03
1.305153406745755774e+03
3.637337069609043851e+02
1.477873637589108512e+03
2.223545382571944174e+03
3.371371764751433147e+03
2.991257147719449222e+03
1.266702999554465350e+03
1.211536015888341126e+03
2.223746676636211305e+03
3.165558693546934137e+03
1.648865856402853296e+03
1.343027681866775538e+03
1.689696551160414401e+03
2.922074810880651057e+03
2.974896480537197931e+03
1.244226628635841735e+03
9.850628412562193716e+02
2.414039394103886025e+03
3.058379743726606648e+03
1.601559401913322517e+03
1.105192345856535439e+03
1.924861084741166678e+03
2.863488425264434682e+03
2.276512804154201149e+03
1.175740722444331141e+03
1.415794279449508167e+03
2.415723971420737598e+03
2.901382581853782995e+03
1.909623786969976436e+03
9.705459476984448202e+02
1.386693403556593466e+03
2.723869347413642117e+03
3.056726077108654408e+03
1.761445166658822018e+03
1.059816269522911398e+03
1.434741342721297997e+03
3.100611025063483339e+03
2.827780487923433611e+03
1.015251863133174538e+03
1.070215188306677419e+03
2.646992927180540846e+03
3.339572480099705444e+03
1.420662359265279974e+03
8.873814989303033371e+02
1.643576028680912714e+03
3.316384525940391995e+03
2.514733861861019250e+03
9.846286694694420021e+02
1.047002855353280438e+03
2.850179683779159404e+03
3.222695547491906837e+03
1.290430159341096214e+03
8.578162558392532446e+02
2.106425937803205215e+03
3.356386293556403871e+03
2.198807428315794823e+03
8.604849874152012035e+02
1.040890135590853106e+03
2.800837380197388029e+03
3.143300135133319145e+03
1.178559181736864048e+03
1.022791135428879898e+03
2.587355667933690256e+03
3.228115151025350769e+03
1.383404029792545543e+03
8.817573490858884497e+02
2.255001340743186574e+03
3.356782783652643957e+03
1.825052737234691449e+03
9.284055063250447120e+02
1.342939460595120863e+03
2.860954209762417577e+03
2.877955188481462301e+03
1.100343345436714571e+03
1.128963077018845524e+03
2.577785845820862505e+03
3.484696516438976232e+03
1.390147572299873218e+03
9.202680356906256520e+02
1.819004192751895062e+03
3.335908820164089775e+03
2.258921702158244898e+03
9.406180437307522197e+02
1.290667842405422562e+03
2.623708111486967482e+03
3.133416610576916355e+03
1.627915795996219913e+03
1.013543527117393978e+03
1.355767256012931966e+03
3.078905192044439900e+03
2.894500952022571710e+03
1.175339983617006283e+03
1.121969230305435076e+03
1.924589192341112948e+03
3.180968201437191965e+03
2.825130464709948228e+03
8.805134427570476419e+02
9.927154036909689694e+02
2.180883698680559974e+03
3.224983155440006158e+03
2.224303225694668527e+03
1.007563547175933536e+03
1.469844390261574063e+03
2.037978094804120474e+03
3.246104132049873897e+03
2.249659622447745733e+03
7.643424635843898614e+02
1.523121346256983543e+03
2.642217179709690754e+03
3.075833846565633849e+03
1.491724796528333627e+03
1.130292077686974153e+03
1.608965151465410599e+03
2.951272742801383629e+03
3.098791152660467560e+03
1.433708021800772030e+03
8.902006469549816075e+02
2.335234519617387377e+03
3.161548805175283178e+03
1.667856853554012105e+03
1.113727926377889389e+03
2.550642627205465487e+03
3.114911293300579473e+03
1.329822276252883512e+03
8.282364297888215106e+02
1.663313361271303393e+03
3.432161329101163574e+03
2.400894174570792075e+03
9.069577704383783612e+02
9.817488028772403368e+02
2.811181035791234535e+03
3.356344259273646458e+03
1.317073662340013698e+03
7.653742501884778449e+02
2.495154980200380578e+03
3.264752213676116298e+03
1.088112887573142871e+03
8.589574615416820507e+02
3.172140092603737230e+03
3.287594672496058593e+03
1.334915007598575812e+03
1.475008239698758416e+03
6.355605660581845768e+02
2.270085548579402257e+03
3.901558921875449414e+03
1.284679694750242106e+03
5.766310171340151101e+02
2.460463741354971262e+03
3.600874740987405858e+03
1.027355590324107879e+03
9.393611834073861928e+02
3.131906510358506694e+03
2.607355509078827708e+03
8.790521526826017862e+02
1.257576820682768130e+03
3.021157570048466823e+03
2.894687232554370894e+03
9.756721020353340919e+02
1.013197456103342233e+03
2.704817706939616073e+03
3.356571437259558024e+03
1.110011746091165605e+03
1.055220465775524872e+03
1.959768380311937108e+03
3.313426014365637457e+03
2.366660514311356565e+03
8.348844742583119114e+02
1.204328712268744539e+03
3.089636323702648497e+03
2.580705365042015728e+03
1.061328634662744662e+03
1.372496731790158947e+03
2.524622078243970918e+03
3.222667217703197366e+03
1.473679789395732996e+03
1.135305329002924054e+03
1.614095695882518385e+03
3.266663939100052175e+03
2.466889155723206386e+03
1.159866474227405433e+03
1.104751901169881194e+03
2.922457462133293575e+03
2.610238803360933161e+03
8.161530594127859786e+02
1.201815003980209895e+03
2.464442825519598955e+03
3.354951635797353447e+03
1.749370750507684079e+03
9.762168259756468842e+02
1.593494846339455080e+03
2.285729430118179152e+03
3.529732344846418528e+03
1.734550990043630236e+03
8.390521789216393245e+02
1.665645765708624594e+03
2.993171347796072496e+03
3.039587042561622638e+03
1.210894985380163462e+03
1.018663915887566873e+03
1.984132385970657424e+03
3.316976852513179892e+03
1.852679778363669357e+03
9.595987944270050320e+02
1.461580368246790385e+03
2.889886269521578924e+03
3.171052435565572978e+03
1.179253527063004867e+03
9.662224398041643099e+02
2.647172282500981964e+03
3.087552255122671340e+03
1.068468129102813009e+03
8.906913960124016967e+02
2.304350085177312394e+03
3.145797048513675236e+03
1.892765526137858160e+03
1.090235842648570042e+03
1.903170668006979895e+03
3.102229966845594845e+03
2.206370865827538637e+03
9.067409836805485384e+02
1.187715439371958155e+03
2.858925756890531375e+03
3.162872400620190547e+03
1.446650588202114250e+03
9.218410357817286922e+02
2.084606943907572258e+03
3.069768644886519724e+03
2.071162472389857157e+03
1.178615421566530358e+03
1.491623355116279754e+03
2.752888799715825826e+03
2.772926125404927916e+03
1.262676853456051504e+03
1.055822238887588583e+03
2.798692971389523336e+03
3.071277730251892990e+03
1.107747672157120178e+03
1.010034416609891309e+03
2.637472073117262426e+03
2.934678633832788364e+03
1.321655845974553131e+03
1.161466278008683048e+03
2.390902330456621712e+03
3.205851395760984360e+03
2.595201796945288606e+03
1.039037590343092006e+03
7.530697301345571759e+02
2.725060453086628968e+03
3.274156930837551954e+03
8.353677148619606214e+02
7.303780691458159708e+02
1.983332373144531630e+03
3.266700778318859648e+03
2.300794476201205725e+03
7.752263291397097191e+02
1.416157346937219700e+03
2.857200471145889423e+03
3.079029725267330377e+03
1.236344567228649794e+03
