3.471796727922479022e+03
1.738657903400313899e+03
1.051029880510897328e+03
1.502167602289545357e+03
2.572136231710643642e+03
3.438801015594181990e+03
9.682745643045755060e+02
1.299447567113771811e+03
1.674938137835977159e+03
2.887313574739356227e+03
3.013602616525697613e+03
9.003905222134369524e+02
1.416823188668948433e+03
1.751083379668164298e+03
2.631380168117075300e+03
3.015072339937362358e+03
1.019274744639771711e+03
1.549531706279290802e+03
2.057890927694708807e+03
3.373758674075048475e+03
1.227600555189704437e+03
1.507099025825000354e+03
1.797850607887537535e+03
1.988521886435860097e+03
3.322257208763275685e+03
1.426456892020168425e+03
1.343677376352671899e+03
1.731152030295613940e+03
2.482152499116938998e+03
3.337233167207134102e+03
9.922537762044828469e+02
1.399458606469533152e+03
1.718217945597203425e+03
2.786975839226117841e+03
2.552974787225732143e+03
1.145825410121127106e+03
1.660348986688751665e+03
2.510216662829518100e+03
2.821597095965999870e+03
1.165311399639711226e+03
1.559004572329525445e+03
2.065848759892543967e+03
3.257112819499081525e+03
1.242214797602573071e+03
1.442338729604829950e+03
1.834672465732104683e+03
3.310725266399717384e+03
1.683335113277209075e+03
1.081974813634194788e+03
1.550747567375967492e+03
2.966587011886652817e+03
2.221887798493410173e+03
1.162870920231102673e+03
1.511401746722380267e+03
2.498460422118597307e+03
3.263845665629877658e+03
9.480930167627941501e+02
1.355707767351323355e+03
2.191401195867958904e+03
3.646780017794001651e+03
1.152406440334294984e+03
1.249325099326399368e+03
1.776972816927568374e+03
3.314554998504140713e+03
1.503766499398709129e+03
1.130677443619692667e+03
1.469319497992411698e+03
3.126646652720856309e+03
3.582235179720662018e+03
6.682565165977280230e+02
1.007466468122466040e+03
1.556221344516869067e+03
3.400682870155423643e+03
2.181266665268681209e+03
9.283658849893791967e+02
1.351299105570989695e+03
3.020163110342251457e+03
2.472490133876231539e+03
1.620197652144139965e+03
1.160418935609425716e+03
1.469331282702539738e+03
2.458627708572441861e+03
3.466495985590981491e+03
9.542215470189021289e+02
1.362395756733928238e+03
1.789234317604739317e+03
3.242530481725270420e+03
2.082513571795266671e+03
1.065774881465903945e+03
1.571431297693062561e+03
2.237667777291523635e+03
3.639617454727862878e+03
1.096367403750747144e+03
1.154925034565607120e+03
1.653700423172877436e+03
2.630498268167038532e+03
3.045419861989849323e+03
9.913526241745636298e+02
1.398139016866625980e+03
2.741546559729913497e+03
2.346014874218414661e+03
1.175438905446643503e+03
1.588013865585073063e+03
2.679703574662434221e+03
3.251548653409779490e+03
9.377588560964416047e+02
1.425678501726476043e+03
1.875906338301432697e+03
3.682577372444477533e+03
1.701822020060973273e+03
9.057613047014085623e+02
1.441951019898125196e+03
2.009234806786031413e+03
3.587675496836142884e+03
1.275997484878884507e+03
1.145006935354165535e+03
1.555394992127608475e+03
2.718579691323995121e+03
3.033701708459560905e+03
9.495393980329087071e+02
1.380206728583462564e+03
2.359018876710731092e+03
3.627252236650961549e+03
1.021521189421078816e+03
1.150015691290871246e+03
1.614517316216284598e+03
2.453364612150127414e+03
3.318859802057556863e+03
1.143134054846999334e+03
1.315521021517676672e+03
1.673510102900627089e+03
3.199467479630053276e+03
2.929184426261358567e+03
8.298840436222894823e+02
1.349493674180950848e+03
1.714420581203660504e+03
3.102672097005054638e+03
2.649200566371055174e+03
9.035555870999681929e+02
1.424232551327349029e+03
2.044229929172070115e+03
3.741796328745401297e+03
1.262019967087380337e+03
1.121713807409232459e+03
1.480136269684587887e+03
2.414439647582367797e+03
3.114482258471696241e+03
1.153998167780968288e+03
1.439527231194925207e+03
2.145627631631210534e+03
3.462188158569507777e+03
1.137479387197380220e+03
1.379164339067772517e+03
1.653545835840824793e+03
2.635855377244992269e+03
2.787255409747562680e+03
1.233849446597539554e+03
1.518600567713980354e+03
2.145723241777945077e+03
3.393840622632371378e+03
1.202187120750536906e+03
1.350599291571488493e+03
1.869418091645487493e+03
3.459084263816008843e+03
2.233964588505305983e+03
8.211550777359033191e+02
1.262286912135991543e+03
2.588091120206330743e+03
3.373153255490021820e+03
9.386445205876760838e+02
1.277052786044060440e+03
1.706918279444430254e+03
3.265835236461718978e+03
2.108856626006928764e+03
1.089807205969337474e+03
1.502144041939969384e+03
2.801482791728325083e+03
2.658096017911815579e+03
1.076578526879146011e+03
1.502626377061774292e+03
2.260916730799156994e+03
3.305740454528408009e+03
9.883976652350216909e+02
1.367740738080496158e+03
2.377984504005250528e+03
3.248322233244772178e+03
1.035989230288508452e+03
1.394336769092140003e+03
2.556596046033067068e+03
3.142957630196147875e+03
9.600264580966044150e+02
1.293312254604647933e+03
2.269029673367555915e+03
3.602781562928404128e+03
1.605327422390929996e+03
8.339025797510928442e+02
1.342226038309213209e+03
2.181918936250721799e+03
3.552671607449372459e+03
1.090299641144100860e+03
1.201869163154643502e+03
1.542123721565575124e+03
2.820721893805914078e+03
3.847203987629971834e+03
9.163272228740762557e+02
1.571466886888278168e+03
1.162029443331649645e+03
1.539979421287366222e+03
2.381396403261208434e+03
3.745703812447066412e+03
1.155154258698910780e+03
1.120003112828532721e+03
1.573996518338668693e+03
2.532658117204862265e+03
3.568063893645304688e+03
9.055155135902139136e+02
1.376672785993676825e+03
1.661740169416019171e+03
1.810285191553939057e+03
3.235008228481814058e+03
2.445692757178288957e+03
9.843129484773407967e+02
1.446795361598619593e+03
1.761954086609546493e+03
3.048224233098896548e+03
3.556592238021950379e+03
7.594039898303233258e+02
1.221954960693703697e+03
1.494313480327004754e+03
2.573668212965413204e+03
3.598926490314807779e+03
7.980669996140470630e+02
1.302166239993187901e+03
1.686904089022694734e+03
2.624035771430630120e+03
2.626461466156485130e+03
1.145942047050408974e+03
1.708573765133864981e+03
1.923313894567609850e+03
3.340193921670979307e+03
1.292691152143067256e+03
1.501455373265305070e+03
1.831615162052390133e+03
2.733567620435920162e+03
2.061288288483090582e+03
1.324644807476104461e+03
1.700254563276048657e+03
2.997430820196713739e+03
2.362159736908107334e+03
1.074216810010825384e+03
1.545519710940324558e+03
2.846304705799749172e+03
2.360014016968637407e+03
1.294979359195646794e+03
1.612071573574862214e+03
1.717350466795941657e+03
2.475198454358877370e+03
3.193902466341145100e+03
1.146263995490941397e+03
1.409977976727203441e+03
1.704629613644742449e+03
3.161413121369425426e+03
2.089046869077318661e+03
1.127228823852695541e+03
1.541119730828413367e+03
1.762824833988876208e+03
3.123278820395988532e+03
2.518376697105884432e+03
1.023965813660228036e+03
1.471657105110991779e+03
1.912951307570920790e+03
3.296561942451631694e+03
1.389457796201636256e+03
1.413737269104479537e+03
1.652959395772309563e+03
2.992251377501839215e+03
3.170524298991059823e+03
8.526069528753795339e+02
1.306477265272156501e+03
1.703941338515405050e+03
3.062859347510432144e+03
2.520850786529288143e+03
1.029784736587131647e+03
1.401729711182912524e+03
