9.933155627275957613e+02
1.379094091525808153e+03
2.864414058238955477e+03
4.166976257680344133e+03
1.607958282954031347e+03
7.333804549199360281e+02
1.105405490660530177e+03
1.380046225331856476e+03
3.231486538312156426e+03
3.230879872520322806e+03
1.029071938385023032e+03
1.125752456929895516e+03
1.330726600666398554e+03
3.375593591753657165e+03
2.083726097016587573e+03
1.203516581629923166e+03
1.346702413869656084e+03
1.505204403359003436e+03
3.020650716296458540e+03
2.581379533640858881e+03
1.345727826222629346e+03
1.332245977761412405e+03
2.040710990951465192e+03
3.933801002823168801e+03
1.427085963883098202e+03
1.297547039903647828e+03
1.346877310841985718e+03
3.259201974503291694e+03
2.361146439070617362e+03
1.170324896288201444e+03
1.353844877589092221e+03
1.602699725685076828e+03
3.737591452570914043e+03
1.514730347286364577e+03
1.221598067491684787e+03
1.785109736848399734e+03
4.000409946376476000e+03
1.664684581022048860e+03
1.071209877938196996e+03
1.280355992923136455e+03
3.399463699743944289e+03
2.634566892022620777e+03
1.098873825809869913e+03
1.015738795784464628e+03
3.207439749422721434e+03
2.479231068364462772e+03
1.085444319413117000e+03
1.194383048962856947e+03
3.086692492423963358e+03
2.241684371030034526e+03
9.312897654600043325e+02
1.115795822952249182e+03
3.028507546377124527e+03
2.141952003485675050e+03
1.028320102196121297e+03
1.147183236965287961e+03
2.359461009040984663e+03
3.704961705287370933e+03
1.243810108900524028e+03
1.133054682999065562e+03
2.477851409608701033e+03
3.480434212349946392e+03
1.346099670658350760e+03
1.051590710116056471e+03
1.743082795878917068e+03
3.720242848816086735e+03
1.466631959204180248e+03
9.993411156541710625e+02
1.785275237621442329e+03
3.492275754847250028e+03
1.614569254169696478e+03
1.096687139864657865e+03
1.535534428626116096e+03
3.722940743304299758e+03
2.082987442235507842e+03
9.100147085675874905e+02
1.280009575634628618e+03
3.867930455090960550e+03
1.636310608870170654e+03
1.316909423654042257e+03
1.125065530340561054e+03
1.618470670438307479e+03
3.777563436514846671e+03
1.237726784976317731e+03
9.616112670538757357e+02
2.788405788205774115e+03
2.720310073189583363e+03
1.089891966621835309e+03
1.215559556799703159e+03
2.518395772354487235e+03
3.119236946304678895e+03
1.032691113325879314e+03
1.017837455412684676e+03
3.051398999167043712e+03
3.247466724341608824e+03
1.023253515389921290e+03
1.144194410147600138e+03
2.194918629129661440e+03
1.385884809047461658e+03
3.380135176371892157e+03
1.897737587666147192e+03
1.418090109681000399e+02
5.820976184407392111e+02
9.047160589659641801e+02
1.349961705233382190e+03
1.515204467470101690e+03
1.735825730934951252e+03
2.390819367560592127e+03
2.554027254022227680e+03
1.864069253776048527e+03
1.846888968707659387e+03
1.914127720502176089e+03
2.106172586118323125e+03
2.318499737023258604e+03
2.800979383757844971e+03
2.052678621470478902e+03
1.915872048898481125e+03
2.186159136687756927e+03
2.284849596894607203e+03
3.217502542722665112e+03
3.805745883680537190e+03
4.125158590630951039e+03
1.604193881084966733e+03
1.346741249523103534e+03
1.618812892458017814e+03
1.664443926699393387e+03
2.270879129930658564e+03
3.517122054296140959e+03
1.576072583208625929e+03
1.180783497113704698e+03
1.273770001857593797e+03
2.145332932292609257e+03
3.049289720437689539e+03
1.390050005358102453e+03
1.201250549540103975e+03
1.224047500072902267e+03
2.256687258112144718e+03
3.533544086066235650e+03
1.583828100517656139e+03
1.263278301298203814e+03
1.240950351268856593e+03
3.230771497790500689e+03
1.718921494817694793e+03
1.271057532949864253e+03
1.429497276554159725e+03
2.061338215564253005e+03
3.171407906549426116e+03
1.425678412023012697e+03
1.326916859681069127e+03
1.775460652743307719e+03
3.157092796491689114e+03
1.782869572690584846e+03
1.256874750224362970e+03
1.345717608748367184e+03
2.612328363998776695e+03
2.535576761562257161e+03
1.253700367206266947e+03
1.505333024280031168e+03
3.662969079348313244e+03
1.706596889809466347e+03
1.049579860757525466e+03
1.313440129859152421e+03
3.417505849832154126e+03
3.203741741524144345e+03
1.574386126099712328e+03
6.237205291540326471e+02
9.221017205728536510e+02
2.678980049940949357e+03
2.243498788614575915e+03
1.057822017946739152e+03
1.301442976076391915e+03
3.430845512822629189e+03
2.818603412847225627e+03
9.144805017577916715e+02
1.034611076924859844e+03
2.004354912189523475e+03
3.501897901515472768e+03
1.103697915329479656e+03
1.036848493452247112e+03
1.406168065726820942e+03
2.756723446781611983e+03
2.693321913490409315e+03
1.286509043341367942e+03
1.256315319884715791e+03
2.618963451884543247e+03
2.894699053667618045e+03
1.326789928282652681e+03
1.419739534957780734e+03
2.309458013108882369e+03
1.809070286884737015e+03
1.459649112193352948e+03
2.013538302354967982e+03
1.617033337665020554e+03
2.876974974757591099e+03
3.471273590884669829e+03
1.403933451055182331e+03
1.421262913179643874e+03
1.434957254323766392e+03
3.537772426284830090e+03
2.178583519470049850e+03
1.126647243849933147e+03
1.404468780090142445e+03
2.460459714468231141e+03
1.065839877550921756e+03
2.865969260654511345e+03
1.816518818360622845e+03
1.496625337311462999e+03
1.193323520917622545e+03
1.390792594676154067e+03
1.481390381700625767e+03
2.097648557193141187e+03
4.018257573902804324e+03
1.292738360290173887e+03
1.255516779379186573e+03
1.528343378068145284e+03
1.712665911208426223e+03
3.708312797642124224e+03
3.368108813279422066e+03
9.702533881453711047e+02
1.111780759876431830e+03
1.389456749105345352e+03
1.482754506249492124e+03
2.458286784868366794e+03
3.741834067775922449e+03
1.431149692612197441e+03
1.511710530672294681e+03
1.555855131207423256e+03
1.990507369686363973e+03
3.479413072067505709e+03
1.590884012240800530e+03
1.553292125396955726e+03
1.558120467624009962e+03
3.005585044890555309e+03
2.773768312444424737e+03
1.364115401816144185e+03
1.355022825510103303e+03
1.801084612896074304e+03
3.485399606089368262e+03
1.554598439746777103e+03
1.278333244987227090e+03
1.368530549376721183e+03
2.238102404075543745e+03
3.115397131754511520e+03
1.326295875480820541e+03
1.479159368783507944e+03
1.908662120626977639e+03
3.647537028833496606e+03
1.408822388434978620e+03
1.219713389617611256e+03
1.433083750503582905e+03
2.277737144137600353e+03
2.929818786658563567e+03
1.444532830152144925e+03
1.308056205033693459e+03
3.204069015750849303e+03
2.128693151039637087e+03
1.235916400356860095e+03
1.476563429374339648e+03
2.991439947477980695e+03
1.951493231650784082e+03
1.366944096139238582e+03
1.444647675777324139e+03
3.138191000445154259e+03
2.280461707300131820e+03
1.201497667916454020e+03
1.380024477528308353e+03
1.826126237100651679e+03
3.705278528895355521e+03
2.215708781750274738e+03
9.313658824332011363e+02
1.181565068174785438e+03
1.392524373349429652e+03
2.536333630457937033e+03
3.312106262819849690e+03
1.279258409892892132e+03
1.278164759981627185e+03
1.309491165804858610e+03
2.582065839886858157e+03
3.043774899072494009e+03
1.274611388584377664e+03
1.366355253253063665e+03
1.424359516292778380e+03
2.382563227171753624e+03
4.012263385258641392e+03
3.874368060004566360e+03
