3.365622512640302375e+03
3.599672709150366359e+02
4.199545095338299916e+02
1.430027177265331147e+03
3.989376767350956470e+03
2.746153481655999258e+03
1.063530124949643181e+02
7.605305880195234067e+02
1.787399830552450567e+03
4.038439605342225150e+03
2.086216125212409679e+03
4.363339256183915893e+01
8.317086083905492160e+02
1.523036373518831169e+03
3.995870695575843911e+03
3.588225394463727753e+03
6.443604065287023559e+02
3.030704324257718554e+02
8.510491339046030816e+02
3.112030768017019000e+03
3.777566727955058468e+03
7.234138148040742635e+02
2.589925150360847397e+02
1.374701128236602472e+03
3.900124175746360834e+03
3.134644199082746582e+03
3.442057096823389202e+02
5.018306937236505405e+02
1.242251717363510352e+03
3.635623978077337142e+03
3.350623841778696260e+03
5.002938856972329518e+02
5.315661410868385701e+02
1.323230016146864045e+03
3.270257326085252771e+03
4.038228408561633842e+03
7.192549736092222474e+02
2.092624382371105582e+02
9.128902915278603132e+02
2.351773312725746109e+03
4.140339305086973582e+03
1.536017951238408841e+03
7.036941968587420888e+02
8.467700222142227631e+02
3.033334814736921544e+03
3.912091786442861121e+03
7.714224020362241845e+02
5.437860329299526256e+02
8.797694659560794435e+02
2.802671288266451484e+03
4.108545902798055977e+03
1.211629555262703889e+03
1.890698461848326986e+02
7.831954744428853701e+02
3.212326552430483389e+03
3.876500144022353652e+03
3.377212635116642332e+02
7.497368912630068962e+02
1.395182819671653533e+03
3.167577070942750652e+03
2.789582169941748816e+03
1.699387015075586760e+03
1.676347285649523428e+03
1.549600346260296419e+03
1.663198819864488087e+03
8.889661839604427769e+02
3.346249248117157549e+03
2.885105443413908233e+03
5.015877481100058617e+02
6.018270651292493767e+02
1.790112203052141467e+03
3.521853391244587783e+03
2.057845289219835649e+03
7.425667143365341190e+02
9.443866492443272591e+02
2.360424328684325701e+03
1.830298148174432981e+03
1.512453602923782000e+03
3.469399411359466740e+03
4.033907790750530694e+03
1.553704686607819895e+03
9.192086163155623808e+02
-1.342192492873702570e+01
1.345615113485597931e+03
4.210055583807164112e+03
1.183161183401701464e+03
1.828407186142157741e+02
1.231148734994420693e+03
4.128171776532862168e+03
2.444438147089242648e+03
-7.718251729356667568e+01
5.746960298201609021e+02
3.270275265412178214e+03
3.878484704359144871e+03
2.575594136050784186e+02
9.702254748899171943e+01
2.117106357425833266e+03
4.192694612647265785e+03
1.439834224205016426e+03
-6.793413830473629389e+01
1.356411137162570867e+03
4.181268186343092566e+03
1.609729134849257889e+03
-4.698501594904083589e+01
1.015815017038206179e+03
3.975096455654085275e+03
2.524447948990237364e+03
4.654567592894109396e+01
5.046863780659747363e+02
3.411040331334343591e+03
3.574365548108405164e+03
2.328864270065908784e+02
3.288965721889622955e+02
1.981829932015207305e+03
4.188304105858697767e+03
1.332178294598934144e+03
1.508712212794608263e+02
8.498896423974215395e+02
3.325001955980715138e+03
2.847377176954139941e+03
1.657653332111937061e+03
1.051033676115803019e+03
1.455600072999359782e+03
1.281228680788560951e+03
2.586347030276255737e+03
4.124598779512368310e+03
4.135086591917262808e+02
3.844715323206022504e+02
1.382746023200284299e+03
3.494503022602335932e+03
2.105373686671260202e+03
9.521657799596955130e+00
9.015779215279713981e+02
3.168732855813062542e+03
3.903364176567128197e+03
3.609256749395530051e+02
3.026214649962720387e+02
1.581984023664123924e+03
4.103350450596873088e+03
2.319588113864418574e+03
1.643850526265015901e+02
8.183088540288705417e+02
2.981755872385969724e+03
3.160485741836999750e+03
1.268371367147319006e+03
8.577995652162485385e+02
1.203522357260647141e+03
3.292841573513560888e+03
3.975559183884936829e+03
1.466375961463569183e+03
6.926485990553877627e+02
4.608075436282834403e+02
8.742294052578637320e+02
2.975675634607833672e+03
3.905077551842529829e+03
1.471031993693097093e+03
1.276842372855151325e+03
6.313600276544052576e+02
1.711180948069916212e+03
3.902129744337652937e+03
2.106115992489755172e+03
1.390189362592334646e+03
9.544670349729332202e+02
3.749860480081426886e+02
3.440992120851781237e+03
3.541737396272420938e+03
4.480827031004257037e+02
4.148441209938778229e+02
1.922570203402442075e+03
4.195769035710926801e+03
1.608433416327618033e+03
1.188581577350836511e+02
6.931836968469505109e+02
3.054160455934797938e+03
4.101319490551902163e+03
8.280906060404514619e+02
1.115043130760844718e+02
8.648958759508119556e+02
3.343815433578818556e+03
3.791400816414595738e+03
5.252592351720921897e+02
2.071521462112839629e+02
1.178602464105032823e+03
4.051303950085117776e+03
3.313509393986175382e+03
1.737202769526264490e+02
4.905576240749245471e+02
1.314945011014023521e+03
3.880905276503563528e+03
2.832429172120978365e+03
2.728654305090963135e+02
4.670583176572610569e+02
1.569171460206982147e+03
4.089587588148853229e+03
2.655401684270088481e+03
1.118073293963288393e+02
4.975235035310599301e+02
1.407801988238672720e+03
3.979510550097781561e+03
2.753570534875806061e+03
1.395066972213247993e+02
6.323404635010017500e+02
1.328162769311918055e+03
3.661839269725327540e+03
3.426118067530938788e+03
2.555092743489637996e+02
6.886682674110469407e+02
1.316833445004797113e+03
1.826931856583030140e+03
4.037292644196091260e+03
3.079011095242050033e+03
1.773517363489601735e+02
4.312072248729230637e+02
1.696839617558332748e+03
3.971568518578442763e+03
2.835827117429419559e+03
1.569356542590102777e+02
6.569029959771853555e+02
1.910456108192796592e+03
4.028736136093915775e+03
2.375606590945373227e+03
2.412103433912443506e+03
1.199697748542697127e+03
1.230227573192964655e+03
1.119501917815009847e+03
1.141730749532765230e+03
4.106530833115724818e+03
9.600165252185275904e+02
2.753633375759028468e+02
1.406910823377447286e+03
4.127913879564462150e+03
1.982758008816775600e+03
5.054757609471317892e+01
1.041689056749916290e+03
3.349529046785525679e+03
3.896286073821120226e+03
4.265200095601068710e+02
1.072506194625563580e+02
1.162615831749694507e+03
3.854410107694825911e+03
3.616456582640390934e+03
2.456522164206258765e+02
2.865239361117886574e+02
1.561349146316908218e+03
3.919903145933731594e+03
2.809063124152100045e+03
-4.007206215770511193e+01
5.185384199163601124e+02
2.574468747968290245e+03
3.925869134533699253e+03
8.827240037434285114e+02
3.182520500125867784e+02
1.754632281427597718e+03
4.166754174763284936e+03
1.600803174714050556e+03
1.589420725772371270e+02
9.642297897066526957e+02
3.333317768513677038e+03
3.724462943786574215e+03
6.209054557869425253e+02
2.949055175989628879e+02
1.608666853411209559e+03
4.175910125734159010e+03
1.323021296327529853e+03
6.702209904076286193e+02
1.260941420327519381e+03
1.152197734177170787e+03
3.271691750047440109e+03
3.677192679448844501e+03
3.249697798601359295e+02
5.883491853418928486e+02
1.382647342140669025e+03
3.441388321909598744e+03
3.761699570127972947e+03
3.893919724680462195e+02
7.529354100670326488e+02
1.330352454439329904e+03
2.944238745462145744e+03
4.074173113729964825e+03
6.698954986816564769e+02
3.727782242879810610e+02
1.263282911978937818e+03
2.543063911092036960e+03
4.139051914332265369e+03
