2.060649174904000574e+03
1.995546503790391853e+03
1.971965080182369547e+03
1.981734750658337816e+03
1.992582036500049071e+03
1.998795960467397890e+03
2.022892158103124530e+03
2.084024814758728553e+03
2.036019130845845666e+03
1.975342265905800332e+03
1.981776504273013643e+03
1.994863680760030547e+03
2.008394753252683586e+03
2.012439642715085256e+03
2.027692296594256732e+03
2.081806019187064067e+03
2.036972287548124541e+03
1.978626213949370594e+03
1.985941921010012493e+03
1.997303493613648470e+03
2.002698598989401262e+03
2.018236732836492138e+03
2.076021275746319589e+03
2.080934758819716990e+03
1.970248659036936942e+03
1.972947662355562443e+03
1.989117208680258500e+03
2.009978027526996584e+03
2.061291314546711874e+03
2.096198597502710527e+03
1.993548520713479775e+03
1.957628259797113060e+03
1.978047945780519740e+03
1.993517928638736976e+03
2.034452624995823953e+03
2.097809922091959379e+03
2.059531487805491452e+03
1.972249665556417767e+03
1.965673782254169510e+03
1.971824179893124210e+03
1.993311295300668689e+03
2.052701219750284963e+03
2.089051844376804183e+03
1.984105894463073128e+03
1.976699674912253613e+03
1.989043021030451882e+03
1.998303153939782987e+03
2.059056491143715903e+03
2.069575427165629662e+03
1.979004557938079643e+03
1.985270855032193367e+03
1.995628703753071932e+03
2.015789625772855743e+03
2.061420336751918512e+03
2.023636367300086022e+03
1.989205816987406706e+03
1.990724997298062135e+03
2.008087937629517000e+03
2.063544788594056172e+03
2.059910836440783896e+03
1.975409828915249136e+03
1.981590146747951849e+03
2.032241537642920548e+03
2.095600820369564644e+03
2.073122882729551748e+03
1.977496702572691902e+03
1.955333310030352095e+03
1.967352824778058448e+03
1.977931883825973728e+03
2.015838450683246037e+03
2.074774123174651322e+03
2.077009227353009919e+03
1.973537433082933376e+03
1.970641731402397681e+03
1.986714032110429798e+03
1.996648793149097628e+03
2.049385553292173881e+03
2.107938268737813360e+03
1.992012538982879278e+03
1.985557551760152819e+03
1.981401481150453947e+03
1.979400181757284599e+03
2.003844068521171948e+03
2.064762455242333090e+03
2.060385863443214930e+03
1.980225488257621919e+03
1.983423300963267593e+03
1.996711603575338358e+03
2.037400343535985712e+03
2.096448965091823084e+03
2.020134037868675023e+03
1.964521242671783739e+03
1.978229384116018537e+03
1.994279729061154740e+03
2.057392080321753383e+03
2.079526802404000136e+03
1.992199523083427493e+03
1.975273815405185815e+03
1.982291815173451823e+03
2.007798587027245503e+03
2.076398616344873062e+03
2.081069226400682510e+03
1.968238794788856239e+03
1.970543046826463524e+03
1.984491237011650583e+03
2.011345942376945231e+03
2.083732101945422983e+03
2.083802949909410927e+03
1.967423082448476634e+03
1.970828318813858232e+03
1.983412267728657525e+03
2.022574549863258198e+03
2.087155204902707283e+03
2.065641122358893426e+03
1.966166800208857921e+03
1.973739474944868562e+03
1.983019973170420599e+03
1.993992073898496301e+03
2.012204652480847699e+03
2.080936668412889958e+03
2.095470426781633705e+03
1.983903468576414980e+03
1.952986003101875895e+03
1.972222942365463950e+03
1.994207917306329591e+03
2.014554729126314442e+03
2.060245666728497781e+03
2.085170747059363293e+03
1.981011316241568920e+03
1.981242316261136693e+03
1.991188356924606069e+03
2.000414139018572769e+03
2.038808704356030148e+03
2.084055452760509979e+03
2.024070458752531977e+03
1.972453852506229623e+03
1.980541713524039551e+03
1.995740895168880115e+03
2.004588920388773431e+03
2.015065994012114061e+03
2.065615290250665566e+03
2.087905630912337529e+03
1.980713848677675287e+03
1.977682762011516161e+03
1.987773305803769517e+03
2.017110809881522528e+03
2.092016289380910621e+03
2.085586195608772869e+03
1.979751963583835732e+03
1.959802024419912641e+03
1.972202950226629582e+03
1.984130007419963022e+03
2.013002161463517496e+03
2.087390846686256282e+03
2.063522234529482830e+03
1.968513391916410910e+03
1.974667491357230574e+03
1.989079607414269503e+03
2.007021810478719999e+03
2.058578128532836672e+03
2.090064181805958469e+03
2.010161300785045569e+03
1.968829904804047146e+03
1.979399858781822331e+03
1.991814295151672013e+03
2.006732588834675425e+03
2.075179684096401161e+03
2.073875964811969880e+03
1.972249293494848644e+03
1.972213976242217086e+03
1.988286573625202209e+03
2.021629464723292131e+03
2.072878265868345807e+03
2.043370609496686257e+03
1.981387521572929245e+03
1.981906670366716753e+03
1.993722454704960683e+03
2.039457237680602702e+03
2.090022955259489208e+03
1.997681362879674680e+03
1.969311090849759694e+03
1.983070948855782490e+03
2.024517184575974170e+03
2.025355418669102846e+03
2.009068465040267711e+03
1.993583884580265021e+03
2.062080161280437551e+03
2.114453568677982730e+03
1.984153828163473008e+03
1.952669229754687422e+03
1.983064826057643813e+03
2.067035374439582029e+03
2.092702881070194053e+03
1.989742476856867370e+03
1.959542909258710097e+03
1.971545127511196824e+03
1.980460125342950505e+03
2.053147485885142032e+03
2.099530203967332909e+03
2.018254799625283795e+03
1.968550791470922604e+03
1.967965095834663543e+03
1.982934997183385576e+03
1.998731980486580369e+03
2.061294779299691982e+03
2.103564033745116376e+03
2.024648473974206809e+03
1.940251643173295406e+03
1.962783326959869555e+03
1.987029370791439305e+03
2.044618154085370179e+03
2.104218138830853150e+03
2.033006486138000355e+03
1.968463669468984108e+03
1.976755370774211315e+03
1.991029279255707252e+03
2.031776582663573208e+03
2.085399657540012413e+03
2.056836728602742824e+03
1.961374388585106772e+03
1.972881227237587382e+03
1.986941049644938175e+03
2.000089886297918611e+03
2.041659293932296350e+03
2.089578641465829151e+03
1.995957668788543288e+03
1.977790081350129185e+03
1.988623221504001094e+03
1.998165313886289823e+03
2.004030643482585901e+03
2.032921889876209207e+03
2.072278639601503528e+03
2.002152335424320881e+03
1.991622274310430385e+03
1.999170698960066375e+03
2.007547640698505347e+03
2.046538246358767537e+03
2.093269644254097784e+03
2.012963872045553671e+03
1.966756739705755535e+03
1.984357452137499877e+03
1.993511187237045533e+03
2.008765389812729154e+03
2.060417949296692314e+03
2.091154930535198673e+03
1.978100138528502384e+03
1.967624604206110234e+03
1.998509126303821404e+03
1.997545047228082240e+03
2.053971420903842045e+03
2.091870249181542022e+03
1.975841439390006371e+03
1.961670720606462510e+03
1.986963177490426460e+03
2.011384763616569444e+03
2.069415560358769653e+03
2.085861472526472426e+03
1.978888896912858627e+03
1.975014586244160455e+03
1.984714543572026741e+03
1.997271393679046469e+03
2.046347163917745775e+03
2.077163214139417505e+03
1.991131059562617338e+03
1.976581880983377914e+03
1.992541683150745257e+03
2.003159665246055738e+03
2.035483711048972054e+03
2.086489588579850079e+03
2.086464423397738301e+03
1.979506506918751711e+03
1.955207247783201638e+03
1.969449791064854253e+03
1.987362584217971062e+03
2.010207698871429102e+03
2.059367156170462295e+03
2.086097328080179068e+03
1.984802575907280925e+03
1.974785096722255503e+03
1.989583170437616900e+03
2.002139286751824784e+03
2.020583399132636941e+03
2.068926662882557594e+03
2.059266639423278320e+03
1.975142153646713496e+03
