1.097790250990840150e+03
6.792259974573936461e+02
1.284337814999684042e+03
1.620996504420535530e+03
3.817497619248617411e+03
1.206253160466727877e+03
4.309629095107622447e+02
1.352333989576966815e+03
3.596245328309760225e+03
2.376779596327762647e+03
8.908904097382760767e+01
9.937655584122950359e+02
2.400169922704087639e+03
3.945125172872768417e+03
7.723736606743764241e+02
1.647065307488472854e+02
1.225744685109146303e+03
3.392310851977664697e+03
3.359983624463558499e+03
-2.584336148529265742e+01
6.792741933603364259e+02
1.476958226044721414e+03
3.418823913506754707e+03
3.096263487334267666e+03
4.532375881692949804e+01
9.839428860726046651e+02
1.525880303479112854e+03
3.521144421702172167e+03
2.795103590017499300e+03
-3.289276419983082889e+01
8.641670484974706596e+02
1.670263724254209819e+03
3.620256183643360600e+03
2.869834787274449809e+03
1.600627525261993469e+02
1.651859726700030251e+02
2.611970308041109547e+03
1.397117492304536199e+03
2.267927033457467587e+02
5.862848267016712498e+02
1.267252505956470031e+03
1.558646553313740014e+03
4.193059993937320542e+03
2.091448305625003286e+03
1.033510900006824158e+03
1.227390341710393614e+03
1.971939992376199370e+03
3.037047280971744385e+03
3.602072038664856336e+03
1.005016720717404496e+03
6.890093126054703134e+02
1.079295534743489497e+03
1.556623345057240385e+03
2.155595623284165868e+03
4.080679386725083987e+03
1.115900282936514031e+03
7.661049747419891673e+02
1.783746381244584882e+03
3.755542944256362716e+03
1.450548049814141677e+03
3.035237061724938599e+02
8.731774320826446001e+02
1.272674982926834673e+03
1.881339293780081562e+03
4.183140280097603863e+03
1.296330095319831116e+03
3.883729337671559279e+02
9.118764910447313241e+02
1.366011687021554053e+03
3.405854957676434879e+03
3.309428084874463821e+03
4.195916336550940855e+02
4.801566838203817724e+02
1.228984446561882351e+03
2.042772611011884464e+03
4.191546739939976760e+03
1.414656178457848227e+03
8.578398476074595180e+01
1.095218136614464356e+03
1.496053849777613323e+03
2.143626767643870608e+03
2.461147209069564269e+03
4.180107976613189749e+03
1.163380789037195882e+03
-4.801518260934367532e+01
5.937846095476854771e+02
1.548323943637863749e+03
3.063477414778250932e+03
3.919988954969233419e+03
-1.543677249195608567e+02
4.078489189659372300e+02
1.304649788097635792e+03
3.697780572473372104e+03
3.545105701251005030e+03
-4.854182544263777288e+01
4.157440871934841198e+02
1.704345083278223683e+03
3.492727593958881243e+03
4.138938355216068885e+03
4.046610968740466774e+02
-1.457127725624615122e+00
-1.505756219142007879e+01
5.572546003882766854e+02
1.770787396358253318e+03
4.164609611748012867e+03
8.695341813664592792e+02
4.412152942082041136e+02
1.211273971808673195e+03
1.432152279887386385e+03
3.241644235456321894e+03
3.418591658513879338e+03
4.553744425572252226e+02
4.792843760454034054e+02
1.362008627284747718e+03
1.565619413199731753e+03
1.512026434764742362e+03
1.925285099087114077e+03
4.131054755698095505e+03
2.900325775633984449e+03
1.386025353634705880e+03
1.493014769373623494e+03
3.889398628553580693e+03
6.530072508815220544e+02
3.825900345395770046e+02
2.004322684908599058e+03
1.123644213695001781e+03
2.876130124470570536e+03
3.689685259524339926e+03
1.561196147247470094e+02
7.196563061563246322e+01
7.651094234242824541e+02
1.118565356816477788e+03
4.092845887169108209e+03
2.123123085306693156e+03
7.897646511826786764e+01
4.864269009267778756e+02
1.078204087696441775e+03
1.504964487133803914e+03
3.233033378320612428e+03
3.975394290536242352e+03
8.590573563565624227e+02
4.664930506378953510e+02
7.934627029071646120e+02
1.163358708885828264e+03
1.679366744445504764e+03
4.014500610165619037e+03
3.518439417390457947e+03
2.366352679835426898e+01
3.476422546133555898e+02
1.010629021555900181e+03
1.724354597512762211e+03
4.185152198701741327e+03
2.150200781276256748e+03
-5.901304282755398845e+01
2.109374406109643871e+02
1.013010875386186626e+03
3.354472462433713190e+03
4.107229015752030136e+03
7.403766085698524080e+01
4.535187844443039040e+01
1.970510186518628416e+03
1.621635808356879807e+03
3.920781941317874498e+03
3.642574207105468304e+03
-4.286099277145069664e+01
7.353131174637555034e+01
1.083907234696164551e+03
1.560518178368111649e+03
3.985380508576463399e+03
3.221317180081726292e+03
-7.157870919946734034e+01
3.891901563298342808e+02
1.362047361799067176e+03
1.800435238340027581e+03
4.187971432586498850e+03
1.856261031240902867e+03
-6.063695743830242435e+01
6.357827820611731795e+02
1.627488646647277619e+03
4.215792237696619850e+03
1.473747058900898992e+03
1.581204432907360058e+02
1.126675614486492577e+03
4.100043220097863014e+03
3.078690385842345222e+03
6.999239117242780139e+01
1.772320786302539197e+00
6.429223693210087731e+02
1.647586904981835914e+03
4.086528193948167882e+03
2.851945140471862487e+03
1.482683700169542362e+02
1.175501549919861475e+02
1.032314065589932170e+03
2.271346023599367072e+03
4.146292197666776701e+03
2.142805613839159832e+03
1.691993856796864293e+02
3.926548691805770659e+02
8.286750749002729890e+02
3.990233901688982769e+03
3.456127368717051922e+03
-2.683282375922220098e+01
2.248859584946716268e+02
9.727191421245186120e+02
3.713440222516637732e+03
3.993714016656074818e+03
3.810386527048455605e+02
2.118206441631095771e+01
6.296230751315135876e+02
1.135667704958946388e+03
4.024157308252824350e+03
3.664713843480369633e+03
1.756663220902737237e+02
1.672726175789433682e+02
9.988504286045224489e+02
2.250845339601854903e+03
4.177713486582725636e+03
1.691930320355734693e+03
1.699013327109369129e+02
5.189887757405152797e+02
1.222651927417055276e+03
4.110775656458904450e+03
2.696779037777911071e+03
-6.960041314673229351e+01
2.990915205376531389e+02
9.564704108665778222e+02
2.958348311912962345e+03
4.142243123635245865e+03
9.920153269795737287e+02
3.393421926012119627e+01
5.647273471711779393e+02
1.818266672017330393e+03
4.118347765089914901e+03
2.524795402713887597e+03
2.994799158938623691e+02
2.455682517212551375e+02
8.666934722472370822e+02
3.745331733592446653e+03
4.100795784920282131e+03
3.797268509118368911e+02
-1.789808790456962839e+01
7.317045626754908199e+02
2.291064363458541266e+03
4.132374784698199619e+03
2.211454315257243707e+03
-6.215772357618981658e+01
2.620682178244484817e+02
1.285432311721238193e+03
4.147578015656811658e+03
2.631361831624156366e+03
-5.266536939406661588e+01
3.580498652577902021e+02
9.602325033024908407e+02
3.720923777222399167e+03
3.900351795225151363e+03
1.603135053081697947e+02
1.939107742844972506e+02
9.640966226415616802e+02
1.597160659675439547e+03
4.048653938229935193e+03
3.224622850625747105e+03
-8.397778660250159533e+01
3.499197888264547487e+02
1.043437298475969328e+03
3.094935807060810930e+03
4.127609441655250521e+03
1.626030713141774640e+03
-3.058569824712114027e+01
1.628871445152125261e+02
1.923292168199817070e+03
4.094790483976227279e+03
2.679205553139689528e+03
-5.376776055036766166e+01
6.595345984675114437e+01
1.147130157716538179e+03
2.585686726759776775e+03
4.150511783967938754e+03
1.658674454746008905e+03
-3.838304106807989058e+01
4.616247217381834957e+02
1.229876788734087995e+03
3.888003863427053602e+03
3.523219271880125234e+03
