3.287538735887037546e+03
3.433581903136906476e+03
6.310739990234116021e+02
1.092712076332027209e+03
1.995529061027827083e+03
1.979746388483294595e+03
2.610600915764546244e+03
3.994221882083743822e+03
5.861069451114673257e+02
7.890799025052750721e+02
1.555129490488380725e+03
2.461478775746863448e+03
3.364738061168112836e+03
1.213399210984249748e+03
1.138923947365809454e+03
2.449205507146105901e+03
3.202525600680874049e+03
1.294783740046743787e+03
1.324030489570387545e+03
1.610153834181299544e+03
1.793846922267566924e+03
2.396819804734354420e+03
3.158676194348136505e+03
1.337675271110781296e+03
1.093092496826629031e+03
3.125427524206395447e+03
2.530598762559853185e+03
1.139255702946434894e+03
1.475423798348358787e+03
1.466423750833047734e+03
1.696349561858565721e+03
2.354453121605441083e+03
3.104012253790850082e+03
1.503267603145894327e+03
1.599097685627682949e+03
1.582986809141944377e+03
2.659891163534714451e+03
3.049120593593795547e+03
1.153022256689728920e+03
1.531384302872392254e+03
1.886239460972156394e+03
1.954828770647471856e+03
2.084803739505062822e+03
1.869617059104914460e+03
2.094937405248671439e+03
2.008229834601643006e+03
1.821460120217923077e+03
2.901804153343447069e+03
1.198697591864322703e+03
1.646588016034628481e+03
2.005189297901815735e+03
2.490925473872422572e+03
1.926314540058530383e+03
2.372984137737250421e+03
2.192176669715614935e+03
1.746693286432462401e+03
1.762778659511609703e+03
1.151991977380387425e+03
1.882863174833901439e+03
1.554790235888347297e+03
1.625040905016850957e+03
1.793667747111189556e+03
1.705882893654688587e+03
1.721220317812740404e+03
1.859689277871335662e+03
1.914523845633124665e+03
2.098847768964931220e+03
2.973939427160079049e+03
1.875630180194425748e+03
1.435838825689617124e+03
1.500712728001703454e+03
1.751561276488035219e+03
3.507267444319510560e+03
2.068158686882523398e+03
1.255395010783311591e+03
1.589974098477729513e+03
1.382133203918623167e+03
3.050856115060571938e+03
2.033864163645662074e+03
1.842358676629250112e+03
1.123972151998492336e+03
2.405325925894517695e+03
3.413305224141539384e+03
1.192700035763975848e+03
1.216455669142399074e+03
1.943452018334442300e+03
2.058375109104284093e+03
1.935441125688926832e+03
3.398622889035876597e+03
2.294771340590022191e+03
9.553028555811657725e+02
1.390490113418242572e+03
2.334848327050399348e+03
3.316322547734497675e+03
1.780726272858165203e+03
1.775158866157307557e+03
1.316826590698155997e+03
2.204177911847841642e+03
2.484413363073819710e+03
1.501955949587935947e+03
1.608859537439592486e+03
1.585457776354554881e+03
1.653949601287331689e+03
1.901770021893317107e+03
1.860821293805164032e+03
1.765219826746145600e+03
2.676044180407341628e+03
3.042218201274765306e+03
1.167921220424371541e+03
8.781434054363551240e+02
1.799892890404041054e+03
3.286469931657132292e+03
2.402275688169902423e+03
1.140252442782687012e+03
1.441571745933309103e+03
1.673130155966596703e+03
3.124083745276599984e+03
2.462585796771755668e+03
1.363973328347881989e+03
1.464193962367852464e+03
2.801423722456922860e+03
3.624216810623106539e+03
5.212295611480776643e+02
8.287043718834513584e+02
1.656531389041542752e+03
2.088015296340000987e+03
2.076330953474347098e+03
2.136361277737886212e+03
3.338256045276824807e+03
2.315238682050716761e+03
8.182838903685567402e+02
1.204735830446962382e+03
1.774924042876313251e+03
2.762687846305269431e+03
3.260630031214663632e+03
9.598218282945204010e+02
1.106106725191571968e+03
1.773741199604948861e+03
2.557694163416304946e+03
3.100207441495698731e+03
1.547977622229320787e+03
8.213397917961368648e+02
1.771131893072804587e+03
3.188428776186145569e+03
2.423462981063666120e+03
1.223609705250414436e+03
1.347058367335831008e+03
1.790182587745224737e+03
3.261975935716851382e+03
2.645532237644849374e+03
1.283241834734600843e+03
1.359089013030699789e+03
1.665831970519010383e+03
1.675986532024258850e+03
3.057436403612680806e+03
3.168280282345867818e+03
1.223904667034899148e+03
1.479079289984831348e+03
1.915875288467466362e+03
2.169786774168067041e+03
2.268403681876673090e+03
3.344390616873798990e+03
1.519399195046908289e+03
1.369898468705021287e+03
1.183313931913251281e+03
1.778301707343570342e+03
1.897780814911961897e+03
1.934265377417154696e+03
1.614757100596030796e+03
1.710157438594437735e+03
1.713203982633688156e+03
1.856721653633193910e+03
1.959429652393597507e+03
1.884927211443494343e+03
2.865301514435366244e+03
2.495891585181949267e+03
1.608591711215657597e+03
1.632956202813729078e+03
1.724721535529796938e+03
1.890575326886553967e+03
2.926331842009641150e+03
2.492833290069697796e+03
1.747458261407941336e+03
2.022709124297012295e+03
1.055145471211268159e+03
1.431854890361360276e+03
2.778011888588664078e+03
2.921266035315240060e+03
1.321585897000197747e+03
1.315359073433724689e+03
1.427435094813087062e+03
2.367045900598070148e+03
3.391653133784379406e+03
1.301215479042402649e+03
1.111065699932157713e+03
1.260348552414923915e+03
2.487693854630335409e+03
2.939579476279034679e+03
3.768400326346444217e+03
5.590090017914883447e+02
7.094676188220675783e+01
1.553989970741934712e+03
2.061682650207842471e+03
2.906015749992505789e+03
2.030222749497645509e+03
2.131501612590095647e+03
3.241664105065404328e+03
1.330978134905106799e+03
1.262805083504762706e+03
1.791560502393659590e+03
2.751690693012666998e+03
2.043779624495633698e+03
1.440668851138810396e+03
1.526304158136830210e+03
1.698540148170967541e+03
1.859422838495392853e+03
2.743353479834000154e+03
3.168506156084568374e+03
1.336179744152093690e+03
1.403839732325761588e+03
1.617652700341723175e+03
1.822382964588171717e+03
2.860699313282842013e+03
2.829787517845202274e+03
1.769867642801224065e+03
1.885763863993717678e+03
1.951382182163461948e+03
1.739770899494991909e+03
1.894175854207512657e+03
1.912015203503823159e+03
1.125432950281208832e+03
1.499116309681551229e+03
1.784719803262466712e+03
2.759363180878581716e+03
2.746982596056649072e+03
1.405263913104747644e+03
1.632176187358148354e+03
1.698272876678104694e+03
1.766819991231714766e+03
2.700599886058277662e+03
3.219284969617945535e+03
4.142072738541797662e+03
1.339026520713026684e+02
8.669838681456948279e+02
2.230145203896419844e+03
2.524624507493570491e+03
1.648011748169765042e+03
3.085084985491445877e+03
1.056919845830863778e+03
1.461404912255386989e+03
1.616094156503976137e+03
1.855756072712032164e+03
1.850677504779843275e+03
1.762450409629921751e+03
1.633488706707566053e+03
1.577652744880211003e+03
1.741801225641945621e+03
1.967763860519351510e+03
2.122337718347070222e+03
2.105404407795669158e+03
2.071717716402139104e+03
2.045248476225652439e+03
2.014939424691434169e+03
3.005075862261428483e+03
1.906632581424782757e+03
8.525405245695382064e+02
2.295816876517374112e+03
3.281330356406494047e+03
1.715891835419557992e+03
1.977965307526347488e+03
7.439723322837844535e+02
2.003581080226001632e+03
3.001047658289553510e+03
1.566369221974248603e+03
1.300900664977659289e+03
1.520386734707843061e+03
2.876223018252834208e+03
2.943682843280355883e+03
9.254246635418568303e+02
1.338855674417920227e+03
1.711317942003861617e+03
2.431720447203068034e+03
3.335851855301616524e+03
1.679995460195456872e+03
