1.817462854266666682e+03
1.900477233212757710e+03
2.684254895198096619e+03
3.754497053293220688e+03
1.236224950433588958e+02
1.401705455501787128e+03
2.007320900528178299e+03
3.221168757844935499e+03
3.333670804922272055e+03
3.275529973243026234e+02
1.692667675071148096e+03
2.038989223510482816e+03
3.300604042724021838e+03
3.189712284618722151e+03
3.323868957321375888e+02
1.907362640485488555e+03
1.999857435172767282e+03
2.025643330311710542e+03
2.038591588666932694e+03
3.674373195653361108e+03
1.865577743159661395e+03
9.021117468838672266e+02
2.009576430790494214e+03
2.111005787236775632e+03
3.692815349636564861e+03
2.385237320520874164e+03
5.401557429452929000e+02
1.986715390661632910e+03
2.068510864860136735e+03
3.681870859503817883e+03
2.407144527711112460e+03
6.158954823350152310e+02
2.034174272583155471e+03
2.162511392356895612e+03
3.696716801614774795e+03
3.009018303657367596e+03
1.015546549798789471e+02
1.827798818372493088e+03
2.151113549359179615e+03
3.637617859800679071e+03
6.560667018571147082e+02
1.227414054265265349e+03
1.921054858373834350e+03
3.236404122322904186e+03
3.315016802018207727e+03
2.318616202517230249e+02
1.636247959334598363e+03
1.977230291251634299e+03
3.230037560105697139e+03
3.224131921826634425e+03
2.945932957389850344e+02
1.835009667026792840e+03
2.116490832158886860e+03
3.872284893415203896e+03
9.260872424191472874e+02
1.440914092337694228e+03
2.140985241569158006e+03
3.818196799606866080e+03
1.996585243374378706e+03
7.760856298557305308e+02
1.791964408930764421e+03
2.482037270824671850e+03
3.856143467857853921e+03
2.812600409443651301e+02
1.276710162278740427e+03
1.922252790797991338e+03
3.374518886651386765e+03
3.544328634767986841e+03
3.837504206943442853e+01
1.496202418520236279e+03
1.981489514421963804e+03
3.918510348663950481e+03
1.642303825351003752e+03
8.738923621482266526e+02
1.968583199328700175e+03
4.221576706457472937e+03
3.252316240392235613e+02
1.407048846978513211e+03
2.101237656249048541e+03
3.784962815757198314e+03
1.852476092669711988e+03
8.766700654033193132e+02
1.940896974498081818e+03
2.663323683396407887e+03
3.617431054113640130e+03
1.539653240894296289e+02
1.730931371314400621e+03
2.075447654650884942e+03
3.236353657068993016e+03
3.532234561724267678e+03
-2.457047639862589605e+01
1.695346980488588997e+03
2.090335950794971723e+03
2.192292387592593514e+03
3.705890454623625374e+03
8.220503015700688820e+02
1.152734371487751332e+03
2.040535610261783177e+03
2.170445762861721960e+03
3.813536803847212468e+03
1.147492330317410506e+03
8.590828050892378087e+02
1.907885436792250403e+03
1.995411156284150138e+03
3.661754605164466739e+03
2.932131054060163933e+03
8.046884605080030894e+01
1.697953775755028119e+03
2.089832126079347745e+03
2.253518319750493902e+03
3.790145441890191250e+03
1.431402714874445337e+03
6.856915324781423351e+02
1.876093891185207212e+03
2.242496138616997996e+03
3.829360010777214484e+03
1.514539870743180472e+03
1.054150289182484130e+03
1.942086089108186570e+03
2.073752642333407948e+03
2.748369026049434979e+03
3.561325600189240959e+03
1.237227495006838467e+02
1.563484063796493729e+03
2.043894033006546806e+03
2.191198977472914521e+03
3.630281327137553035e+03
1.689585103042467836e+03
9.570444887131976657e+02
2.001753083627199658e+03
2.167958565717367946e+03
2.150449446489094953e+03
2.730581617237209230e+03
3.464499449750767781e+03
3.482797436280920351e+02
1.309548481505901236e+03
1.964872334877861249e+03
2.363186848684624238e+03
3.723337504681799146e+03
8.349522861479966878e+02
1.347155109149034161e+03
2.050341858787707224e+03
2.114412386612559658e+03
3.859644966646533703e+03
1.253666967345021703e+03
1.023130856840374463e+03
1.859549815064227687e+03
2.065204343416204210e+03
3.749200156925503052e+03
1.379514157042183342e+03
9.448642005668989441e+02
1.914545636643855005e+03
2.186174992399820439e+03
3.084102814847412446e+03
3.642540967739487769e+03
9.811747161693263308e+01
1.441356004510955700e+03
1.919657424771241040e+03
2.191061076112714545e+03
3.767266629451287827e+03
8.238069239050837496e+02
1.180974904896507724e+03
2.018234868817189181e+03
1.864486401305245181e+03
2.152078972928464282e+03
2.332032031030945745e+03
3.871367038353376756e+03
7.525027056392530085e+02
1.227211221052702967e+03
2.154561090208831956e+03
2.240328054623789740e+03
3.885135617336056839e+03
1.347825132469909704e+03
7.967059034211240487e+02
1.957533792559935364e+03
2.682792284941946946e+03
3.864674975615722360e+03
8.654218703896241038e+00
1.467976701027704621e+03
2.011103143295519430e+03
2.611549648188532046e+03
3.719678526444994077e+03
5.801451162303267211e+02
1.003977353893762711e+03
2.045438885662178336e+03
2.059956799136908103e+03
1.929545640249032658e+03
3.739590897195351317e+03
1.697814593770441206e+03
7.797913024388253689e+02
1.873791650624691556e+03
3.754007762951207951e+03
2.305748737785008871e+03
3.605849829233999344e+02
1.732530203822697558e+03
2.387687866507761555e+03
3.843495639155345089e+03
5.542904872962106992e+02
1.401194496963811162e+03
2.107128416909321459e+03
2.229903527069886422e+03
3.593874812500811004e+03
2.206142619337791530e+03
7.432930158479579177e+02
2.013304459183784729e+03
2.041756118186290678e+03
2.830740020901609569e+03
3.697659739886913940e+03
1.883787223359937570e+02
1.231076949961346600e+03
1.920956175439560866e+03
2.038798083171005374e+03
2.785061434478536285e+03
3.636716891402705642e+03
1.405061672730514374e+03
4.616098089066075545e+02
1.921244969294628618e+03
2.213843891329910548e+03
2.194737229385368209e+03
2.071842861244655978e+03
2.097958120389164378e+03
3.627341981376750027e+03
2.238843994885422035e+03
6.444977789735319220e+02
1.830651530058805974e+03
2.140102717660731287e+03
2.460320080509115087e+03
3.519557963983936588e+03
9.180793233558788415e+02
1.143545582614041678e+03
2.069617064466411193e+03
3.083986483833458351e+03
3.611933429690648609e+03
8.172764088918026459e+01
1.302487256643485807e+03
1.922065047943815443e+03
3.441547565891361501e+03
2.974596036453364377e+03
3.104956396052261312e+02
1.710958319630581627e+03
2.005686175030280310e+03
2.947659521257482083e+03
3.598219609727178977e+03
2.604956396995740420e+02
1.377819820282894625e+03
2.114548784808392611e+03
2.247044214935451691e+03
3.463615358735748941e+03
1.859055149109552303e+03
8.282487964422921323e+02
1.994557501393733219e+03
3.161039887001068109e+03
3.709857869216706149e+03
-5.464756811938301695e+01
1.574536612700708702e+03
3.694936965504756245e+03
2.526500834422410207e+03
5.776851320565012884e+02
1.864511690433945887e+03
3.200977611613846875e+03
3.573640013946084309e+03
-2.254200405049838096e+01
1.687707697186338464e+03
2.084614119401277094e+03
3.358346101737005029e+03
3.304820357341726776e+03
1.913593223751678636e+02
1.638758636929326485e+03
2.027193447948783160e+03
2.073303010089783129e+03
2.728902249670209130e+03
3.665326087911402283e+03
4.663621216527554907e+02
1.171520683506170144e+03
1.924148321990017621e+03
2.042937679762835842e+03
3.490839410881854747e+03
3.525327165107448764e+03
-8.714755181566910380e+01
1.583352465308604224e+03
2.173826142495107888e+03
2.349770458230706936e+03
3.692801324936674519e+03
1.605338207650381946e+03
