2.051255101658380681e+03
2.461739568521641104e+03
2.014898300077673184e+03
1.795869993947919738e+03
1.856846422009008165e+03
2.013945566138182585e+03
2.389612374796620315e+03
2.102186022878508993e+03
1.827105522060450312e+03
1.805336346287309198e+03
2.011109813619855686e+03
2.273102597084567606e+03
1.881097915395947211e+03
1.881333743183696924e+03
1.970505360200050518e+03
2.325401306102611215e+03
1.895647024727638609e+03
1.941165420439389436e+03
1.862948240646836439e+03
1.966728304841932868e+03
2.368784284734290395e+03
1.945599023285346448e+03
1.703904178068335796e+03
2.313899021824648571e+03
2.194409679264955685e+03
1.960486289377706498e+03
1.644616675504985324e+03
1.854070078085869000e+03
2.293044939719273316e+03
2.068350157405714072e+03
1.788221578128030842e+03
1.958736860769159193e+03
2.283026835637704153e+03
1.902000263411915512e+03
1.875129559375133567e+03
1.985292885258681508e+03
2.141004032361707232e+03
1.840098461023269920e+03
1.982910053719018833e+03
2.220190784810053174e+03
2.251219524059793457e+03
1.767076715201718116e+03
2.064268520609579809e+03
2.324332932784863260e+03
1.863044300574265662e+03
1.836938154004740682e+03
1.933466774168733309e+03
1.874478099251778758e+03
2.285818599876890858e+03
2.244426189418129070e+03
1.718298761405193090e+03
1.804348748626549423e+03
2.106619640808326949e+03
2.285383391697308525e+03
1.807733075194206549e+03
1.806196539889054975e+03
2.028142899802141756e+03
2.296911303782309005e+03
1.850710337423265401e+03
1.809788616281793566e+03
1.963352985824677262e+03
2.253599112413573948e+03
1.986831649193968133e+03
1.852738064283469384e+03
1.956863537521779790e+03
2.277160317029597536e+03
2.197000145794073433e+03
1.804197414628149772e+03
1.787517078467091778e+03
2.007539026855468592e+03
2.277297408531305791e+03
1.920716614640522266e+03
1.812396221923293979e+03
2.028904819369896813e+03
2.338936647855453430e+03
1.883672299293213428e+03
1.793797304668088145e+03
1.980130778085336487e+03
1.982411382545656579e+03
2.291864700131939117e+03
2.022278670249551396e+03
1.796703452299556602e+03
1.963045105217645187e+03
2.294825915876027466e+03
1.920181998479905587e+03
1.803659318005098385e+03
2.001666166454671384e+03
2.287876862758380412e+03
1.866082738511933485e+03
1.837678277957402997e+03
2.212129547471328806e+03
2.105883657894868065e+03
1.790232043784994630e+03
1.928742093454925680e+03
2.274466568910130718e+03
1.991383460488079663e+03
1.779211371994443653e+03
1.995921060417216495e+03
2.352094646614326848e+03
1.826509602939221622e+03
1.905278772273260302e+03
2.084725196108442560e+03
2.203756560079679275e+03
1.781165229850942978e+03
1.953090057772562432e+03
2.233103945491097420e+03
1.924695185594844133e+03
1.871757325292751602e+03
2.130527391610766244e+03
2.277910220721429596e+03
1.837641783953494041e+03
1.780659394970316725e+03
2.049695057133882528e+03
2.195130218822582265e+03
1.851720351839571322e+03
1.957596158743021533e+03
2.236227299748468795e+03
1.972576832183862280e+03
1.803477032922220815e+03
1.949862756870497151e+03
1.996578821611775766e+03
2.008544861114911328e+03
2.389587015841753328e+03
2.201952736319507949e+03
1.738837497250025763e+03
1.709172654155077225e+03
1.965220492401982028e+03
2.085247085438310023e+03
1.919659267325813289e+03
1.819636784758351041e+03
1.954476077979206366e+03
3.036487455256119119e+03
3.509141531513868813e+03
2.343016064928246124e+03
1.725241424412528886e+03
2.060412546467139236e+03
2.314411609590572425e+03
1.368332013972011282e+03
1.541097547451104219e+03
1.788433783573923165e+03
1.985744214399803923e+03
2.251880671046541011e+03
1.721032301373775681e+03
1.658484978239180009e+03
1.810945332423829086e+03
1.971258963777000417e+03
2.167160986023710393e+03
1.812871682447142121e+03
1.844032843802252955e+03
2.057927110183754849e+03
2.159297099407336646e+03
1.762238877433149810e+03
1.887436575073062613e+03
2.147842835426227794e+03
2.114012733921508698e+03
1.752505361717145433e+03
1.943211168325864946e+03
2.272551311297102529e+03
2.220915355255895520e+03
1.739625220030294940e+03
1.815553022737338551e+03
2.047452091865209695e+03
2.404542501916944730e+03
1.965295962006219725e+03
1.775622874492405572e+03
1.769436456329984139e+03
1.949134315084197624e+03
2.266770451697062526e+03
2.110617283709581898e+03
1.788500239400943656e+03
1.894744937854665523e+03
2.141948187413719552e+03
2.149886933646045691e+03
1.826403913595750055e+03
1.972519314038504490e+03
2.290651297535602680e+03
1.809143610046856338e+03
1.893174773993226154e+03
2.237394715561144494e+03
2.076593308250242444e+03
1.892649354081184356e+03
5.508818582307033473e+00
7.667974221390529692e+02
2.536580694970762124e+03
2.283877944426457816e+03
1.951463491541812800e+03
2.286684777254067740e+03
2.785375159040529979e+03
2.099123818801280777e+03
1.962665988359713310e+03
2.185798006862999955e+03
2.668596007851316244e+03
2.154137445709393887e+03
1.830936700760168833e+03
2.133592068417156497e+03
2.527939791043066634e+03
1.924069715932273084e+03
1.858365900565009269e+03
2.475159014052451766e+03
2.215360111650589715e+03
1.711758483038044687e+03
1.812250309288813241e+03
2.207937595022651749e+03
2.344927958933534228e+03
1.753551563400688337e+03
1.922861826191654018e+03
2.353079706918376360e+03
2.238609566249511772e+03
1.618534471824983939e+03
1.802023568311846020e+03
2.561378902439719695e+03
2.984564363694178155e+03
1.863355159831275387e+03
1.331143787278736681e+03
1.456046603512524143e+03
2.258829371684543730e+03
2.698387166099247224e+03
1.720825051813264736e+03
1.494105529485690340e+03
1.702206086122854003e+03
2.272412371853897184e+03
2.647731871989366482e+03
1.928306378659909569e+03
1.814269703226550291e+03
1.692794272078986751e+03
1.711085533208345169e+03
2.343703853445240384e+03
2.160096386841965796e+03
1.759891224739537847e+03
1.939985131778559207e+03
2.380563940080797238e+03
1.953731954702934445e+03
1.763408124827901929e+03
1.931950197713826810e+03
2.504632834204172923e+03
1.925612790770480387e+03
1.735435384817237718e+03
1.905964827414637966e+03
2.352876233219335518e+03
1.994269763476381968e+03
1.778167314793932292e+03
2.424216556410851354e+03
2.148714977800631914e+03
1.592737390077532154e+03
1.854520895187268934e+03
2.520539861306415787e+03
2.625892046767228749e+03
1.738302371792505937e+03
1.475895128907265871e+03
1.669433930943631367e+03
2.226599976030893231e+03
2.085908262698243561e+03
1.759041124895569965e+03
1.875510643768576074e+03
2.298129137134316807e+03
1.998153578168768036e+03
1.792572957509306207e+03
2.033553384279967986e+03
2.327185095395154804e+03
1.840570321847999594e+03
1.886950174090485461e+03
2.425983095182443776e+03
1.877134448090355363e+03
1.658210025700238248e+03
2.004151312144591202e+03
2.356920000776450706e+03
1.894095437727922672e+03
1.719843723849201751e+03
2.352407337789264147e+03
2.479472141310552615e+03
1.514321897376038123e+03
1.483460609079513006e+03
2.026776675617770934e+03
2.654096092549377317e+03
2.031218143642681071e+03
1.540287237757641378e+03
1.802704270636921819e+03
2.511868830927581712e+03
2.426197808716222880e+03
1.603737975877983445e+03
1.560234938239502071e+03
2.135350706339210319e+03
2.860389068231240344e+03
2.748083243081743603e+03
