2.535054569151130181e+03
2.853668504599291737e+03
1.489932045257937489e+03
1.581759572901178217e+03
2.077412662614472083e+03
2.937336219734479982e+03
2.624707282629050042e+03
1.300110689769127248e+03
1.351167460150646548e+03
1.669512206580504653e+03
2.815328077082087020e+03
2.877737707811325436e+03
1.352274926244178005e+03
1.381670191600047701e+03
1.729156384030196705e+03
2.637636841172522509e+03
2.634744502575447768e+03
1.530067323208241987e+03
1.584124538129800158e+03
1.873186102510420142e+03
2.883987989976646077e+03
2.228988847729081954e+03
1.431077405626320342e+03
1.602507502415761792e+03
2.466483437155577576e+03
2.634209550975455841e+03
1.586880974857533602e+03
1.578108771760197214e+03
2.008326289240673987e+03
2.868791113652626791e+03
1.902617000323821912e+03
1.489863202822012909e+03
1.657653854453834583e+03
2.419458136312015085e+03
2.744278858717597359e+03
1.515027433643141876e+03
1.772234525517513930e+03
1.895988904693897211e+03
1.822971313887283713e+03
2.885947932015752940e+03
2.562689057291343488e+03
1.442074680779565142e+03
1.542251955416544888e+03
2.732300445454172404e+03
2.355436541290159312e+03
1.350007654702922991e+03
1.512408871279117420e+03
2.795239795901037724e+03
2.497728516469158876e+03
1.379028492848374526e+03
1.465072740725196354e+03
2.515367539133545506e+03
2.713138238066721442e+03
1.494836189030909509e+03
1.453787611620951793e+03
2.265661341876483675e+03
2.884375563776302897e+03
1.589052433717992471e+03
1.429634653339730903e+03
2.375215903957569481e+03
2.812478179284190901e+03
1.581497741630922746e+03
1.557160677028527516e+03
2.003580480113142812e+03
2.915810310831708648e+03
1.801274834134363573e+03
1.564809620850641977e+03
1.575668316437376689e+03
2.609234019402207650e+03
2.671274205986877405e+03
1.467988065425631703e+03
1.466974208617572913e+03
2.303605868049533001e+03
2.969155383536324734e+03
1.658374326113810184e+03
1.432823778953409146e+03
1.633364437272486384e+03
3.697798052149728846e+03
2.063389110150501438e+03
1.583282842942121533e+03
1.409300702031341416e+03
1.719919730835663813e+03
2.783177779848578666e+03
2.171072226823636356e+03
1.531084922254150342e+03
1.617730038993307062e+03
2.150534402958743613e+03
2.885947468799350645e+03
1.757148797388423873e+03
1.502103594866872982e+03
1.799917348077563020e+03
2.710594675079605167e+03
2.254303816773859580e+03
1.517738838830912528e+03
1.659990956102357359e+03
2.300016495558223596e+03
2.873143584694671972e+03
1.722814944023595217e+03
1.476139600905394445e+03
1.848433763175434478e+03
2.789863151811298394e+03
2.205231273262424565e+03
1.522469454630400378e+03
1.604007949246710268e+03
2.399895125122014178e+03
2.848321328476488361e+03
1.555778578048000327e+03
1.463302567710985386e+03
2.018723390616041115e+03
2.889635343645369630e+03
1.955786703964691924e+03
1.427039099042249745e+03
1.610645454037017544e+03
2.480227758846389406e+03
2.846465640987938514e+03
1.589788592626628088e+03
1.435430184113790574e+03
1.892448601609073876e+03
2.809990230595653884e+03
2.159130232695227278e+03
1.441759848829425209e+03
1.614643391943887309e+03
2.485557697008944160e+03
2.790323562731552101e+03
1.538661434545624843e+03
1.478009691279223034e+03
2.028082790176817525e+03
2.805006861510216368e+03
1.729943967193270964e+03
1.612148369495845145e+03
1.834472324164276642e+03
2.559726646094958596e+03
2.517696996313457930e+03
1.599973525170228413e+03
1.612825830184909591e+03
1.993001007935673442e+03
2.713514382836397090e+03
2.235451321114306666e+03
1.567839453391153938e+03
1.634703742481640802e+03
1.859423042097061625e+03
2.063957221570695765e+03
3.908469586892075768e+03
1.534918112965939827e+03
1.344172169130514931e+03
1.595368303465317240e+03
2.680990875611218144e+03
2.670945240811191979e+03
1.593854192773211253e+03
1.469961526174724213e+03
1.701573413083537844e+03
2.826237305941310296e+03
2.280121004731291578e+03
1.488912901224687403e+03
1.537501898288652001e+03
1.872731926323355765e+03
2.813972320090198536e+03
2.114654545299494657e+03
1.559919796751313015e+03
1.607805017526758093e+03
2.466213797887536657e+03
2.748635947854467304e+03
1.689693475210350471e+03
1.507448696820456917e+03
1.641002014394277467e+03
2.768077913180092764e+03
2.471298497551618766e+03
1.459722436337759746e+03
1.540405954034074512e+03
2.582037812989110989e+03
2.706950993818997176e+03
1.517397029255459984e+03
1.491522457144439613e+03
1.959115739426682467e+03
2.909563276983081323e+03
1.984877909835324544e+03
1.388247388390621836e+03
1.650350932693970663e+03
2.628698717502230011e+03
2.526049613140587098e+03
1.550194291557278802e+03
1.549740886227021747e+03
2.170547015833480600e+03
2.873181306857618893e+03
1.838287546184320036e+03
1.472613597702968718e+03
1.724916078667645934e+03
2.572326903939676413e+03
2.532272793947508944e+03
1.558311878855529812e+03
1.597735087150960908e+03
1.977306358186627904e+03
2.816887605026208348e+03
2.093576107752326607e+03
1.461239080718949253e+03
1.695803319195692666e+03
2.492285775099177954e+03
2.774688350626309330e+03
1.644087265491803009e+03
1.499819061177314779e+03
1.677655585264960337e+03
2.448430186509258419e+03
2.687065563903109705e+03
1.602648810820490326e+03
1.619922298389802563e+03
2.126311287212894058e+03
2.800860916427379379e+03
2.081311395765605994e+03
1.438191441718583292e+03
1.606854125807499713e+03
2.390838717365894809e+03
2.792396769126022264e+03
2.196265778209451582e+03
1.431468420565254291e+03
1.421409859851253032e+03
2.024434300247689180e+03
2.772472662011623925e+03
2.196890793945702626e+03
1.563321049319579060e+03
1.518613051691369947e+03
2.031761051933334556e+03
2.796792472750814795e+03
2.439695556886765189e+03
1.456473082712903306e+03
1.644733851809830639e+03
1.982943829112472940e+03
1.702773312307238257e+03
2.494968735797591307e+03
2.929929773286895397e+03
1.579747057747709050e+03
1.434585547789368775e+03
2.077693991135365195e+03
2.939915652420589140e+03
1.808579509010427273e+03
1.444454661859172347e+03
1.671732061445735326e+03
2.599959501753805398e+03
2.703788066612151397e+03
1.500437302785585871e+03
1.482974459612693636e+03
2.285546622968034171e+03
2.852782201329894178e+03
1.753193095953971124e+03
1.437474529818004157e+03
1.657204541000669678e+03
2.598500209667123272e+03
2.853264359998488544e+03
1.542224155240902064e+03
1.462001076328092040e+03
1.725088124603570805e+03
2.524966829681551644e+03
2.985050214906682413e+03
1.593880908627524605e+03
1.406537942167741676e+03
2.167389485111851627e+03
2.856180893316468882e+03
1.697761174206106489e+03
1.438649473032491642e+03
2.087562268660266000e+03
2.765534411509134770e+03
1.711509551270763041e+03
1.551996093270724714e+03
2.192712053589564675e+03
2.760192696650138259e+03
1.644190460760893984e+03
1.523375293015821626e+03
2.383884100365185077e+03
2.711085943105123533e+03
2.038170205376179410e+03
1.449032861749514041e+03
1.471438629079882730e+03
2.558577602827434021e+03
2.534308413933435077e+03
1.487379121470556811e+03
1.549888606875788582e+03
2.236096843254685609e+03
2.939647980946344433e+03
1.773032261746338236e+03
1.387867331965429230e+03
1.764923422985817069e+03
2.692137009128555292e+03
2.465299831866439035e+03
1.525823104306539335e+03
1.605038576472000614e+03
1.869091041009810397e+03
