2.105369304063680829e+03
2.492510089179902479e+03
1.934737996349163041e+03
1.825812549267710892e+03
1.872980060170194974e+03
2.417254463000289434e+03
2.170754218625809244e+03
1.701547014421659014e+03
1.830511711937610244e+03
2.175700173712623382e+03
2.725617473358469397e+03
1.899257668539586575e+03
1.625547088370504980e+03
1.735850971373442690e+03
2.232053322464156281e+03
2.051076832560340335e+03
1.797296485564299473e+03
1.920295530916377174e+03
2.444194612864167539e+03
1.945368550360827157e+03
1.861036730413717351e+03
2.158443740432609047e+03
2.279263698042508622e+03
1.812549112316610035e+03
1.832092810044083990e+03
2.135938282594429893e+03
2.471300925877656937e+03
1.798696375845486500e+03
1.790236378951964753e+03
2.018108226066904308e+03
2.512117414731699682e+03
1.799793363351719336e+03
1.776487811812950895e+03
1.970733798529976184e+03
2.422654501942422030e+03
1.875042804769358781e+03
1.858628523117042050e+03
2.271532350745786516e+03
2.275915242670939733e+03
1.780258752288083315e+03
1.837439558825380118e+03
2.470750072967461165e+03
1.942328929077525345e+03
1.744010439453631761e+03
2.124855082818326537e+03
2.384753261813375502e+03
1.800791234882133040e+03
1.778097621679275790e+03
2.439909614392594904e+03
1.954965618538021317e+03
1.759612274799748320e+03
2.177582860780650208e+03
2.346636158362447986e+03
1.747319333290993882e+03
1.856460561633683483e+03
2.418401036625414690e+03
1.890351066679897031e+03
1.718584497513295673e+03
1.892108070847001954e+03
2.329550174718214748e+03
2.481446220194483885e+03
1.630968187330863429e+03
1.807958939049863602e+03
2.704134766921595201e+03
1.652591488411263526e+03
1.606311936348192376e+03
2.419152333256206930e+03
2.038909724291670955e+03
1.638004148678641513e+03
1.716433870192315908e+03
2.407838969787676433e+03
2.105264492280706236e+03
1.737707843185053889e+03
1.864620167041967534e+03
2.652620211192553143e+03
1.983992781489848994e+03
1.679463842335581830e+03
1.873233401542758429e+03
2.124449433116516047e+03
2.083051621100266402e+03
2.087842095838675959e+03
2.485761577647785543e+03
1.777594266818372034e+03
1.784086316143052727e+03
2.493769195091368601e+03
2.198096002908822811e+03
1.700856494985991503e+03
1.909581240864638858e+03
2.375359750785617962e+03
1.781084876864335229e+03
2.803564388593692001e+03
2.373000345708190252e+03
2.110944567982610351e+03
2.013608782034577871e+03
1.942155087511315287e+03
1.682934579159696568e+03
9.841622182522112325e+02
1.413912484212950631e+03
1.807409071278523925e+03
2.023884439613489576e+03
2.084994510400973923e+03
2.100082101948855325e+03
2.317060177709704931e+03
2.085056209875839158e+03
2.009183283191409373e+03
2.050186891709136034e+03
2.545123073928025406e+03
1.874859056103271314e+03
1.902977121674299951e+03
1.997036628796479818e+03
2.526385518611957650e+03
1.892387685762299498e+03
1.829141029872032504e+03
1.985262103466577173e+03
2.584095012193581624e+03
1.882478752810615106e+03
1.765357988423555753e+03
1.952244178262041260e+03
2.445976831597875844e+03
2.342447752453009798e+03
2.068668431837705612e+03
2.366180210011297731e+03
1.897090864168952976e+03
1.798387352507107380e+03
2.162602750692932204e+03
1.887456097724882056e+03
1.690999991696101915e+03
1.934699420335677360e+03
2.280125084456306467e+03
1.710298038245004591e+03
1.737318923390759437e+03
2.279185343819017362e+03
2.500227982689496457e+03
1.766322468592637506e+03
2.301387328305784195e+03
2.045749899423862416e+03
2.086534876044389875e+03
2.999726464372531609e+03
1.531062964078653067e+03
1.103508851811052864e+03
1.429276042755614299e+03
1.773072971580188096e+03
1.909905887649746774e+03
2.012342643476579042e+03
2.075506841410582183e+03
2.098865641039309139e+03
2.322827948447000381e+03
1.979657052082018708e+03
2.002088304821004385e+03
2.032720498376909518e+03
2.149136836764095733e+03
2.669691249005037662e+03
1.843756961484017438e+03
1.808739692888560967e+03
1.884377633092422684e+03
2.360554218123013925e+03
2.243616529408244787e+03
1.750029040134076467e+03
1.855053519748066719e+03
2.453800282015725315e+03
2.116936212812051053e+03
1.720605184196182563e+03
1.811665416678277779e+03
2.458209794038319160e+03
2.152335077967627512e+03
1.694274286568231673e+03
1.870491461477429084e+03
2.540929817451455165e+03
1.859101352558398958e+03
1.705211084115035192e+03
2.477463968701936210e+03
3.303645063825197212e+03
1.563851900224616429e+03
1.231635117670496356e+03
1.510283462867253775e+03
2.179526735936586647e+03
2.002541836912107556e+03
1.829382161542871017e+03
1.878977021844667661e+03
2.337732630730857181e+03
1.970737656475474978e+03
1.913975505440609140e+03
2.068282302136907219e+03
2.557794617062331326e+03
1.870521182883587926e+03
1.903391605652950375e+03
1.987894562910058312e+03
2.588613519865214585e+03
2.032983384448870083e+03
2.367780285651528175e+03
2.289300856515850228e+03
1.936914386835926962e+03
2.480941737461446792e+03
2.331075638069844445e+03
1.881214854042958905e+03
9.364264074955912065e+02
1.335901706978195534e+03
1.692450091868378649e+03
1.874324972384910552e+03
1.991191363723465656e+03
2.050805825341355558e+03
2.549418199214081142e+03
1.954092768298428382e+03
1.857177055540531228e+03
1.919600395708140695e+03
1.978492524089259859e+03
2.266995208814948910e+03
2.523247068791447418e+03
1.755952947756007688e+03
1.782714004793619551e+03
1.895915462627775923e+03
2.021830128452300642e+03
2.478665490012644568e+03
1.946568705567175130e+03
1.885541426333835261e+03
1.940281034189037200e+03
2.292364394501764309e+03
2.283780102291408639e+03
1.811142874774009670e+03
1.875916534200076740e+03
2.066057314712758853e+03
2.463509015332175750e+03
1.821458892877789367e+03
1.869175616748722859e+03
1.993795710313915379e+03
2.564877977186071803e+03
3.642000317081693993e+03
1.546287226474365980e+03
1.170387123684464996e+03
1.525006556265607742e+03
1.802513483082209405e+03
1.991586973233537265e+03
1.980014588498774174e+03
2.029438645386901271e+03
2.327049335298361257e+03
2.063317763383739020e+03
1.841826070726010812e+03
1.941457670113756649e+03
1.983210153481825955e+03
2.438275003627550177e+03
1.933302710826967541e+03
1.857273980755435559e+03
2.112386638501261132e+03
2.544055611824456264e+03
1.647768472858334462e+03
1.826328657841423819e+03
2.530272774701367780e+03
3.268048757599446162e+03
2.037922074206743446e+03
1.581780712230634663e+03
1.624814394886450600e+03
1.715753199201624739e+03
1.955337853803100415e+03
2.881402800615601336e+03
3.577359904526124865e+03
1.116089927622280129e+03
6.198298512253031731e+02
6.856340351164038793e+02
1.312457751791606825e+03
1.742813142923300802e+03
1.951619883820696259e+03
2.083055380455151862e+03
2.152214267197231038e+03
2.161298394367419405e+03
2.157982231585631325e+03
2.173292882242786618e+03
2.203994661480475315e+03
2.405647246262544741e+03
2.256139659035723525e+03
2.111784268463307399e+03
2.323599196462150758e+03
2.014594728694464038e+03
1.889563042327028143e+03
1.957395411889755678e+03
2.005867638102092769e+03
2.040382971129897669e+03
2.055478560985710374e+03
2.492664558551867231e+03
2.628923258690850616e+03
1.872256078440028205e+03
1.564696679632778569e+03
1.672104075961851549e+03
1.827781779905745452e+03
2.032383012786081736e+03
