1.987363764139185832e+03
2.266362960495071547e+03
2.009300240508688830e+03
1.922759258023416123e+03
1.982988441347175922e+03
2.315024094415616219e+03
1.885884141220167749e+03
1.943138297319088451e+03
2.196972415647547223e+03
2.014979157275991383e+03
1.924662742573848618e+03
2.072055857252414626e+03
2.258224356571007775e+03
1.833387216449518064e+03
1.989296003478475768e+03
2.073508602371975940e+03
2.093856346518727605e+03
2.163137705914405160e+03
1.840567537162633926e+03
2.122727568629762118e+03
2.054512088162791770e+03
1.858155046944480773e+03
2.216109971084747485e+03
2.058340231200947073e+03
1.832451727781269256e+03
2.258549743472233331e+03
1.947876299605141639e+03
1.859542203130030202e+03
2.078052030050634130e+03
2.082462781788472512e+03
1.896589722681447711e+03
2.052570861589831566e+03
2.027983700188066223e+03
1.966028954382317124e+03
2.097561055280941673e+03
2.343394550651356440e+03
1.811460097211328275e+03
2.268319214210122482e+03
1.809477166366359597e+03
2.354502982910757055e+03
1.792475106121532690e+03
1.908669699616909156e+03
2.257718742206754087e+03
1.841364742524348912e+03
2.201874059267130633e+03
1.840504552053414272e+03
2.095131465212376952e+03
1.980491856259637188e+03
2.091162827855383966e+03
1.907391621092014248e+03
2.258159351047578639e+03
1.867028055986104619e+03
2.132096131979239544e+03
1.962537180946578701e+03
2.071989364304681658e+03
1.977107381337702236e+03
1.949692212340674587e+03
2.479803408895197208e+03
1.793155905947585325e+03
1.782083898644101964e+03
2.299446292285173968e+03
1.938323677569364690e+03
1.838925811124403481e+03
2.364262009872527415e+03
1.905324557452704084e+03
1.837403277366084922e+03
2.256060868804209349e+03
2.049736319593192547e+03
1.787760844362490161e+03
2.053349914206150970e+03
2.377243177598822513e+03
1.786495407192659968e+03
2.140708447871867520e+03
2.066421251512535946e+03
1.824476223588349967e+03
2.052957471107596120e+03
2.446746954228451159e+03
1.784510988830815904e+03
1.914278379552226397e+03
2.270103332375644641e+03
1.782484440177562647e+03
2.252120750660259546e+03
1.938968713344027719e+03
1.879049270539554755e+03
2.312621826743126348e+03
1.828864181898596598e+03
1.940104404095021209e+03
2.246097684894942176e+03
1.897842249482578836e+03
2.167573291639973377e+03
2.159082881274212014e+03
1.761402683359497132e+03
2.275110131606348205e+03
1.931176850514094440e+03
1.873605594186466760e+03
2.184634861589567663e+03
2.056304163905270798e+03
1.799009286265038327e+03
2.183286892987513056e+03
2.044036800122842351e+03
1.927834008699427613e+03
2.264558671511792454e+03
1.829256500611886850e+03
2.147414872498001387e+03
2.042041228007953350e+03
1.924174096713139306e+03
2.294233875157002331e+03
1.815222742802521907e+03
2.054403666582934875e+03
2.212268586575928566e+03
1.838894001840863666e+03
2.000228414592521631e+03
2.386273145319963987e+03
1.803125168183578353e+03
1.865864135432145304e+03
2.284182895343868950e+03
2.003126934293313980e+03
1.832574363458301377e+03
2.113577690911484751e+03
2.351657285668998156e+03
1.838101183610330281e+03
1.853718698175149257e+03
2.211762936822224219e+03
2.269437213487843565e+03
1.746698809847788198e+03
1.845802319177921845e+03
2.300055577453102160e+03
1.960782731912200006e+03
1.843750319331467381e+03
1.972112659168224582e+03
2.350089673720911833e+03
1.957085471765659577e+03
1.871711719220301575e+03
2.010724678527574724e+03
2.341043341352214611e+03
1.858366439727060424e+03
1.919391577606389092e+03
2.247845107123209800e+03
1.963135484243974588e+03
1.884310729025236924e+03
2.218513213234713476e+03
2.372518757453674425e+03
1.778243623871724139e+03
1.842870417457829490e+03
2.380788987364564491e+03
1.916058916441439806e+03
1.815436679380892201e+03
2.157995728480055732e+03
2.207602737069829800e+03
1.876652278234407277e+03
1.832526079805068093e+03
2.128090641438837793e+03
2.390646885347046918e+03
1.837562478618376190e+03
1.866673555596048800e+03
2.096643697391550177e+03
2.176559922882473074e+03
1.820212747179914459e+03
1.896259579980315721e+03
2.366951907223768558e+03
1.886713614505898249e+03
1.971519450816673270e+03
1.984283556858103111e+03
2.038320486824815134e+03
2.456301830563003477e+03
1.790373463233385337e+03
2.041482362862467653e+03
2.310193356989131189e+03
1.769564171573272233e+03
2.073211690226353312e+03
2.084610175399476702e+03
1.833097918401543438e+03
2.257619874324023840e+03
2.022010806971248030e+03
1.796212903710786122e+03
2.210244212732370670e+03
2.374258151933326189e+03
1.723730386199007398e+03
1.895032856522758721e+03
2.199998424346151296e+03
1.846094624246436979e+03
2.128350068991693661e+03
2.356497559967327106e+03
1.785788298274803992e+03
1.921439434180945682e+03
2.336401137106526676e+03
1.809314215877913512e+03
1.912386908259119082e+03
2.385850914965370976e+03
1.869422546384041652e+03
1.860686759518863710e+03
2.199480866616604544e+03
2.143222840013751465e+03
1.816221571160509029e+03
1.992429586803056054e+03
2.371473616785914146e+03
1.843239452997465605e+03
1.881204393118556254e+03
2.281788952802202857e+03
1.989567657334420801e+03
1.858668584922080981e+03
2.145414605546733128e+03
2.088114420803769463e+03
1.887541871411100601e+03
2.110489059700291364e+03
2.258040888107500905e+03
1.806849817183048572e+03
1.903701540499667090e+03
2.354830421232998560e+03
1.969525804183470655e+03
1.772678540640635447e+03
2.029273047096914297e+03
2.358647088759874805e+03
1.849982590077461282e+03
1.941047990258982281e+03
2.359270046825292866e+03
1.869234943316257613e+03
1.900001789550218746e+03
2.313626406556908478e+03
1.874003768430291530e+03
1.887590236030516280e+03
2.254680424004794986e+03
1.993670124419372996e+03
1.846354205458261504e+03
2.176498542520735555e+03
2.555626156868648195e+03
2.766452120301635659e+03
1.395141318619698950e+03
1.481267032549988016e+03
1.887012597095200590e+03
1.911267738627217796e+03
1.979370186759732178e+03
2.162927918532704098e+03
1.936216611478307641e+03
2.065613381866577129e+03
2.096539662677791966e+03
1.951204229142246731e+03
2.114036228037311503e+03
2.129866321524402338e+03
1.929999289095851736e+03
2.069754014252179331e+03
2.229632631553783085e+03
1.877167786788884086e+03
1.943047800934213228e+03
2.323995259416648423e+03
1.934918577314984759e+03
1.907123058287224467e+03
2.000038507168713295e+03
2.318828145494158889e+03
1.911285576263005851e+03
2.089384663197235113e+03
2.044846262651720963e+03
1.865773057082875539e+03
2.156167385705770357e+03
2.039825162301923683e+03
1.849229788180852665e+03
2.081546158158115304e+03
2.299048072880137170e+03
1.781786222694619255e+03
2.081093237080639028e+03
2.270624305113514765e+03
1.790824499633520418e+03
1.887796698447675453e+03
2.292129106462756226e+03
1.907990644666954040e+03
1.966868075513166787e+03
2.472673311996397842e+03
1.804420128754008829e+03
1.814402359618554101e+03
2.001108836160393821e+03
2.426867361452586010e+03
1.848686384548504520e+03
1.855382375324832992e+03
2.170487681868544769e+03
2.032351060726193055e+03
1.906832801697846662e+03
2.002384466581134348e+03
2.353061879948390924e+03
1.903931506031563686e+03
1.907633219279027344e+03
2.153709218467095070e+03
2.035533786832888381e+03
1.919899789085661041e+03
2.054963050922078310e+03
