2.282857422494500952e+03
1.273834416422311733e+03
1.492262220663670632e+03
1.541542231633595520e+03
1.560221734932569007e+03
2.758998560964199896e+03
1.589885438256623274e+03
1.236150407845005475e+03
6.178587700104056921e+02
1.724348917955627257e+03
1.790645962445836858e+03
2.222782699975343348e+03
1.419884921159130272e+03
1.596165436128117335e+03
1.674898447109964081e+03
2.014447276055056136e+03
1.733411529007533318e+03
1.723746333676557924e+03
1.661970792739081162e+03
1.681569647695913545e+03
2.103634027629138018e+03
1.537110662497062776e+03
1.640144548496603875e+03
1.742860732561693339e+03
1.664378231687888956e+03
1.847178035044574244e+03
2.369245703088933169e+03
1.375437481051701070e+03
1.560376994169052068e+03
1.648869089884786717e+03
1.755729255442372050e+03
1.733920511039487565e+03
1.745953840389725428e+03
1.682433161819169300e+03
1.982776281713995559e+03
2.436719903908672222e+03
1.273532950783011074e+03
1.487375457557183609e+03
1.726001188523367546e+03
2.014660788433789548e+03
1.538579274185573240e+03
1.631325814862985453e+03
1.671275813774784183e+03
2.375727644514301574e+03
1.448461950485401303e+03
1.552240694316839608e+03
2.019291708600546372e+03
1.898283866262365109e+03
1.402921240982052950e+03
1.610471317119005334e+03
2.226029098473697104e+03
1.358004929657402954e+03
1.602888089356941691e+03
1.870217239119106580e+03
2.406694735245180254e+03
1.181219923901607672e+03
1.516398858415143877e+03
1.920634367564540071e+03
2.761187472960787545e+03
1.235888142860432936e+03
1.160605604515025561e+03
1.436232240929609134e+03
2.346039277045874769e+03
1.978870503321360047e+03
1.234260310693407973e+03
1.542210987853203278e+03
2.297866159414237700e+03
2.075170469098139165e+03
1.179136966042913627e+03
1.482931758907700896e+03
2.020415012040270540e+03
2.442698083507524643e+03
1.197328859553131224e+03
1.504993140903447738e+03
1.927029797442280596e+03
2.507091289222873002e+03
1.143460007711319349e+03
1.392377481591326386e+03
1.830923357389609237e+03
2.431688543842182298e+03
1.260656949548526200e+03
1.539633228285597397e+03
1.949924275479648941e+03
2.318906707417263078e+03
1.291735512940814033e+03
1.471395590731439825e+03
1.909838530560734398e+03
2.422230523755404192e+03
1.321512443960566998e+03
1.443972950304817005e+03
2.290802396302476154e+03
1.833154330797509147e+03
1.299404940887361590e+03
1.527667141536170220e+03
2.088734369602104380e+03
2.137828762352819922e+03
1.242890330406521571e+03
1.557502316816438679e+03
1.942100995530235650e+03
2.356834842412160469e+03
1.230006637524033749e+03
1.616178737006293659e+03
1.760342669755885709e+03
2.351801500218550245e+03
1.347900134212577996e+03
1.452014511725360080e+03
2.035096916990988348e+03
2.339432067880544309e+03
1.173760334343037584e+03
1.500820603284486424e+03
1.880991180650048818e+03
2.381894071907887337e+03
1.280315896716907901e+03
1.523786902102993736e+03
1.960278405071144107e+03
2.376161703260925606e+03
1.210805038556075715e+03
1.481087949325337149e+03
2.273361209941092966e+03
1.594524257727075337e+03
1.379071754341043516e+03
1.567838282915070522e+03
2.501074298782681581e+03
1.740182052029193756e+03
1.258240662291137141e+03
1.532044860331790687e+03
1.734956469567750219e+03
2.264736016561245378e+03
1.505355275269884487e+03
1.642143788030003407e+03
1.581027798004770830e+03
2.162336247181659473e+03
2.057157397755344846e+03
1.267755070329857745e+03
1.636514133812239606e+03
1.760772134180733701e+03
2.362125124515141124e+03
1.387739714865748510e+03
1.466517343224234082e+03
1.608432576691111535e+03
2.261592036772033680e+03
1.559593297505728742e+03
1.515116183758635771e+03
1.730453137351822079e+03
2.100617174129441992e+03
1.607759183559086523e+03
1.594871311992976416e+03
1.913881934324679150e+03
2.000623674044198879e+03
1.490974808634438205e+03
1.545085188169494131e+03
2.042615675991257149e+03
1.795445810592282214e+03
1.473793700340458372e+03
1.750340660897012640e+03
2.277469972587731718e+03
1.395359947198951886e+03
1.568768341975061958e+03
1.799902694670250185e+03
2.483024466277677675e+03
1.311246700554570452e+03
1.575432098739807088e+03
1.591019195393178506e+03
1.679122909049112877e+03
1.857083879957274576e+03
2.322109371177573848e+03
1.356072109539289841e+03
1.548588371463996964e+03
2.355955432443255631e+03
1.482411633925859860e+03
1.344806635955244019e+03
1.643138364054931344e+03
2.589425290488552946e+03
1.330672839484948099e+03
1.426851368638529266e+03
1.640894719212837572e+03
2.359013405272834916e+03
1.762993411625420549e+03
1.279396756520781082e+03
1.631318922523561696e+03
2.515103780797074251e+03
1.309675529343572862e+03
1.364400534514786614e+03
1.740648128504227543e+03
2.699166080942979988e+03
1.379849551350910133e+03
1.132663409198755517e+03
1.394992173784316492e+03
2.434786110135723902e+03
1.695883770076279916e+03
1.229089537769190656e+03
1.603746418669254126e+03
2.341563357639259266e+03
1.833682423822789360e+03
1.376382590676507789e+03
1.532286409432062783e+03
2.094666973373645760e+03
2.264097962664065108e+03
1.304953958680826418e+03
1.468670273712686821e+03
1.977708243588289633e+03
2.218601438468946071e+03
1.337687847185797182e+03
1.561244941862854830e+03
1.551348961881678861e+03
2.595981705486956344e+03
1.757823279834624373e+03
1.274908754852027187e+03
1.559551398029825350e+03
1.737378902374089193e+03
2.183820213929927831e+03
1.429618790501514695e+03
1.584509910362656456e+03
1.823056650520762105e+03
2.304784830010654787e+03
1.460671571136947477e+03
1.569035042878659624e+03
1.655410129468669766e+03
1.872807337868689729e+03
2.143236557559690027e+03
1.450765006908129862e+03
1.612497580937259272e+03
1.901148989792895236e+03
1.905242461296736337e+03
1.589444092842349164e+03
1.640960378977992832e+03
1.735091035154376641e+03
2.275591566253953715e+03
1.412872407170665838e+03
1.527315688421288542e+03
1.973969156326076700e+03
1.940206426401681711e+03
1.436223572991036463e+03
1.562250066614009711e+03
1.860498779117575168e+03
2.376805963931311453e+03
1.361130427560780618e+03
1.553216593359953094e+03
1.713351291751381495e+03
2.123858139735387340e+03
1.571968045159511121e+03
1.458839826785431114e+03
1.675376110103812834e+03
2.251184109479816016e+03
1.699083071176007707e+03
1.455267547766050711e+03
1.572529280611389822e+03
1.848639838295946220e+03
2.350410088173774056e+03
1.420361183056397294e+03
1.556800657013836599e+03
1.620617613679936312e+03
2.281158977504820086e+03
1.622239778543509829e+03
1.406801723433350389e+03
1.627383584047118347e+03
2.336157979291522679e+03
1.428711513542737976e+03
1.528037240007380888e+03
1.718080834685732270e+03
2.348065138559846673e+03
1.477163714436048622e+03
1.443839136016187013e+03
1.651518870181698276e+03
2.208706905833474593e+03
1.783680664550249958e+03
1.383467662411865376e+03
1.576303313266352006e+03
2.437897403892198781e+03
1.651361965637226149e+03
1.283692486620616819e+03
1.565264700314504807e+03
1.776048967873856554e+03
2.458305990509690673e+03
1.303427581378509785e+03
1.471986920266713923e+03
1.645517015615892660e+03
2.347116848953563931e+03
1.605422032796564054e+03
1.338972586720529989e+03
1.618013977728218151e+03
1.707743269289128193e+03
2.525708779759103436e+03
1.404451306357554813e+03
