1.947905750231337379e+03
2.270122002742444238e+03
2.083914018856774419e+03
1.844520731230972160e+03
1.863220205714343592e+03
1.965873909803282231e+03
2.468404821216204255e+03
1.952865731525975661e+03
1.751071781633750788e+03
1.779908266038186866e+03
2.081787674839703413e+03
2.501106564109850297e+03
1.786989099023193830e+03
1.691480000503722522e+03
1.759420360129276332e+03
2.335164449272161619e+03
2.184000623828989319e+03
1.672975506532819054e+03
1.678471261526015951e+03
1.763350535060873653e+03
2.343765176543238795e+03
2.024609733638656962e+03
1.677272070449902003e+03
1.713605438819691472e+03
2.110449313583267667e+03
2.248230111649736500e+03
1.716732416472800196e+03
1.732651786144929702e+03
1.799023045685109082e+03
2.301171976519550753e+03
2.266351419184624319e+03
1.692847666713863646e+03
1.713912539581114743e+03
1.849114691500938306e+03
2.380085728743054915e+03
1.949033635482245472e+03
1.685766106702600155e+03
1.726749937582174880e+03
2.090067830234820576e+03
2.471556666199147003e+03
1.759844406846897527e+03
1.680060470107915762e+03
1.782322168503452986e+03
2.329005279179780246e+03
2.116496133463535443e+03
1.702561720618190520e+03
1.722343533860135040e+03
1.821739298296375182e+03
2.339525161581761949e+03
1.977833903290532589e+03
1.737706402918483946e+03
1.760679301628079429e+03
2.120543092235724998e+03
2.273709202940720388e+03
1.788577353050498914e+03
1.757633114981378412e+03
1.820486479613988422e+03
1.994827240257593758e+03
1.884101786368571311e+03
1.892233707749443283e+03
1.850497145628349017e+03
2.007173586202237857e+03
2.576545871415057718e+03
2.169330227492597260e+03
1.736277180957840983e+03
1.715282637136304402e+03
2.112001899373188280e+03
2.554047978142859847e+03
1.825358946104738834e+03
1.668005401920201393e+03
1.700249835152396599e+03
2.145362895953260249e+03
2.603238150294090701e+03
1.819500426203455618e+03
1.600704744369523269e+03
1.758421483101341664e+03
2.470897812259770944e+03
2.001857100271034142e+03
1.611271777701417932e+03
1.673680756092014008e+03
2.288175380438079628e+03
2.213460272585929033e+03
1.626462906187656017e+03
1.620399485375003906e+03
1.947313007199539015e+03
2.471694701239146070e+03
1.813236111081758509e+03
1.640728607233655339e+03
1.765728236591506175e+03
2.371700993120656676e+03
1.956635942952943196e+03
1.652185502770718131e+03
1.676038967662798768e+03
2.015156756317920326e+03
2.457826931735135986e+03
1.867180300982193785e+03
1.698041671512607536e+03
1.718543182880821178e+03
1.973917744267460648e+03
2.482031567935533531e+03
1.767436074126383573e+03
1.701837456623243042e+03
1.747376415546834323e+03
2.203791276977149209e+03
2.356631838496657110e+03
1.808711412140433595e+03
1.711746926082404570e+03
1.750970558217319876e+03
2.329387945103527272e+03
2.208720552019090519e+03
1.708429192877965306e+03
1.707863258563584623e+03
2.115860715935631106e+03
2.618634986528074933e+03
1.809249765614027865e+03
1.614101760160300273e+03
1.833564404270255181e+03
2.515722379745593116e+03
1.908874458388522044e+03
1.610077545909637593e+03
1.678503791745622948e+03
2.292389929360261249e+03
2.279308238328714651e+03
1.723933576256547212e+03
1.637125250510183150e+03
1.869319452001105674e+03
2.529818590572667745e+03
1.946590894095175372e+03
1.623402274867806909e+03
1.723725416910412150e+03
2.425140952190442931e+03
2.095714992224836806e+03
1.645704033046760514e+03
1.611910099406260088e+03
1.849001853458064716e+03
2.515098162779318045e+03
2.068299435040683875e+03
1.684557068135468853e+03
1.650456817393505162e+03
1.706909712703533387e+03
1.830184621155051445e+03
1.948086278126822890e+03
1.985993307424988416e+03
2.584421205110034862e+03
2.241654390709420113e+03
1.736329005301405232e+03
1.699338325524051470e+03
1.786421317346555725e+03
2.357112000333895594e+03
2.246956276253772558e+03
1.743317635839702007e+03
1.688233434522776406e+03
1.718686087269119071e+03
2.077742668338957628e+03
2.535479192907052038e+03
1.840589708273342467e+03
1.658031526996060165e+03
1.697149489758751088e+03
2.103060319028026697e+03
2.456300686975293956e+03
1.736682345257795760e+03
1.687299006107844662e+03
1.825306537397209240e+03
2.454782336496875814e+03
2.127474788679039648e+03
1.634401918662362505e+03
1.667228598381772372e+03
2.105576475862425013e+03
2.522472358153865116e+03
1.684076294948503573e+03
1.631256796265841558e+03
1.713982277699929455e+03
2.254415484948580797e+03
2.310528585102440502e+03
1.686721566861301426e+03
1.674289447836234103e+03
1.730046010110217367e+03
2.118526947019878207e+03
2.505187805817866320e+03
1.792027771943155358e+03
1.682116966196776730e+03
1.741748103696462522e+03
2.101509899317854433e+03
2.611081530041703445e+03
1.791400735569167182e+03
1.666340903916492380e+03
1.801487235625124185e+03
2.502465196212103820e+03
2.046570659085050920e+03
1.620515252770756206e+03
1.678491749663131714e+03
2.156876725976566377e+03
2.458486027012257182e+03
1.676877548596166207e+03
1.652529306007134210e+03
1.730249598155457534e+03
2.235447078740591678e+03
2.274575746499514480e+03
1.742408781457739451e+03
1.746569749999574697e+03
2.138029317143806566e+03
2.473021007942312735e+03
1.795982461308893562e+03
1.667242702169606673e+03
1.770504246761475542e+03
1.740720490133770227e+03
1.763807790650754896e+03
2.308282594716298718e+03
2.497854927127928022e+03
1.743806410081082277e+03
1.663098814618946108e+03
1.712748655219631019e+03
2.116775195089103818e+03
2.548882039114157578e+03
1.770533729644572077e+03
1.686755168891962512e+03
1.705619792390529483e+03
2.124110267926070264e+03
2.653303244047362114e+03
1.801250634585611351e+03
1.636351859645792729e+03
1.680601540178095092e+03
1.912937433315161798e+03
2.432152282215566174e+03
1.847807063683124170e+03
1.705954312460637311e+03
1.743933156749256796e+03
2.067540876221757117e+03
2.481783248888455091e+03
1.783077467732386367e+03
1.704962968528755937e+03
1.776102644911935158e+03
2.415133341141952769e+03
2.200104991931532368e+03
1.673487590019288746e+03
1.705857497517326692e+03
1.867997193687308481e+03
2.537975239241653071e+03
2.123019315169221500e+03
1.617666900367406924e+03
1.682630890789100931e+03
2.164723028707318917e+03
2.563247798742349914e+03
1.642108633120138165e+03
1.632535650919174032e+03
1.904254163987155607e+03
2.568784570747314774e+03
1.767666761037288552e+03
1.615313976710917586e+03
1.665852185489505700e+03
2.084101157186284581e+03
2.542096764524196260e+03
1.762289771154094069e+03
1.638156215293339983e+03
1.698623106120536477e+03
2.134931223929389489e+03
2.364637812094472338e+03
1.719309393840019538e+03
1.709809137661924069e+03
1.810790305204382321e+03
2.314668853299428520e+03
1.998101731079862247e+03
1.720404929787971696e+03
1.753340322764869597e+03
1.908971240093248298e+03
2.346481501645340813e+03
2.089095546699203624e+03
1.757738193082227554e+03
1.750164797246257649e+03
1.796750376916714004e+03
2.207972711461358358e+03
2.220425807746046758e+03
1.768172288823132703e+03
1.774051989863213521e+03
1.821696106486185954e+03
2.111665625071673730e+03
2.377397458867525984e+03
1.897252562671063515e+03
1.772057816133296910e+03
1.779922133581000026e+03
1.870252048642652653e+03
2.365764708713544678e+03
2.453513731111929246e+03
1.765181019476245865e+03
