2.991044825739256794e+03
9.511405841044195313e+02
1.636657622439382067e+03
3.101764144618915452e+03
1.163068236456135082e+03
1.419991366990434926e+03
2.806053110158455183e+03
2.518291695084478306e+03
9.084603900267876497e+02
1.969371723091363947e+03
3.082022715221666203e+03
9.980815401030823750e+02
1.546887758405592422e+03
2.772769827565231935e+03
2.323032872334488729e+03
1.085497200954316668e+03
2.465588588994852671e+03
2.577329403305835058e+03
1.228196771655235807e+03
2.104643903840144048e+03
2.857977028557350877e+03
1.208562267526161122e+03
1.439143819189653641e+03
2.803052509130428462e+03
1.756273490322494581e+03
1.280681877612343442e+03
2.473419230515588424e+03
2.430060067005831570e+03
1.261044965832700882e+03
2.317183175634827421e+03
2.715683164444985778e+03
1.225957804835962179e+03
1.516543812880005135e+03
2.867237102982116539e+03
1.737164071975896150e+03
1.081940676418201292e+03
2.807712596092148033e+03
2.279186612696495104e+03
1.269928709872591753e+03
2.341112957494079637e+03
2.762423606997852403e+03
1.213762287379219970e+03
1.659769422940801860e+03
2.790381689704529435e+03
2.092161953997869659e+03
1.273132344671800865e+03
1.771533432886494893e+03
2.901035465716417093e+03
1.398887466821416183e+03
1.378633681376381446e+03
2.672004174492748916e+03
2.336616714064010921e+03
1.179543644314703215e+03
1.716685437717283094e+03
2.763006607766452817e+03
1.923880341145070815e+03
1.121259977286788626e+03
2.587733507210868538e+03
2.733150983375227952e+03
1.132107521205576404e+03
1.418833875993156653e+03
2.792168428784792013e+03
2.448128949768758957e+03
1.137821340509103720e+03
1.623246635345859659e+03
2.836912415538343794e+03
1.791728454993761261e+03
1.294456521494757453e+03
2.660516322762697655e+03
2.600370185834386120e+03
1.192606788496065064e+03
1.420989424756919561e+03
2.899188237838416171e+03
2.047249876665364127e+03
1.280397430363282183e+03
2.208008705120202194e+03
2.844127755478196377e+03
1.139326159425846527e+03
1.185139614445395409e+03
2.933621120395177059e+03
1.907316693995977175e+03
1.454281337665622232e+03
2.218658091899852479e+03
2.795807520959468548e+03
1.222507158106084262e+03
1.510712417336539374e+03
2.820877360456406223e+03
1.841463493563455813e+03
1.265665581079879985e+03
2.385983746130819327e+03
2.775926952679144506e+03
1.060652712992023680e+03
1.686351856648525427e+03
2.859795409789631776e+03
1.459965630986436281e+03
1.371275680061542971e+03
2.669580993484755254e+03
2.536526902260094630e+03
1.984735858681913214e+03
1.706983044523710760e+03
1.165172093489594999e+03
2.145310505404886044e+03
2.899426284468375343e+03
1.058106466712587007e+03
1.464438856394492632e+03
2.797779214179274732e+03
2.327005107743973895e+03
1.179865930267372050e+03
1.880155970604101185e+03
2.895607633560834984e+03
1.349130947751273652e+03
1.298564353377641737e+03
2.781535206495113016e+03
2.662652031501846977e+03
1.149558356557907928e+03
1.536467418307577645e+03
3.109210063529525996e+03
1.346513310917360513e+03
1.384478279568071684e+03
3.065343973388336053e+03
1.689674183566449301e+03
1.084764473903599310e+03
2.377558481648254201e+03
2.904114707769213055e+03
9.818940693757022018e+02
1.658524044279031386e+03
2.977404718748371124e+03
1.199827931695616144e+03
1.565899637872827952e+03
2.928706536270462948e+03
2.020451406769958339e+03
1.034178480637805023e+03
2.683582656029296686e+03
2.561455999090662317e+03
1.113928131749867589e+03
1.845527253434545401e+03
3.013607778578337275e+03
1.167685405925001305e+03
1.439601815742757253e+03
2.945534429145955073e+03
1.817552825289664270e+03
1.228714898989981521e+03
2.809578749239799890e+03
2.130340177286268045e+03
1.357119938312551540e+03
2.146758212454343266e+03
2.776541986455029019e+03
1.413032791074569559e+03
1.277394841008721642e+03
2.739234422308907142e+03
2.306974448645532448e+03
1.229290057753757083e+03
1.750735423969105568e+03
2.819344026028411008e+03
1.603434690448089214e+03
1.249272583263085608e+03
2.567486596010332050e+03
2.610873119347845659e+03
1.218208395617420138e+03
1.619142972141950622e+03
3.036778971080379961e+03
1.462989206884839859e+03
1.301459735929728595e+03
1.982559735365749930e+03
3.157732499052348885e+03
1.338268101703125012e+03
1.315212481544479942e+03
2.584884220978611211e+03
2.518022852651009998e+03
1.229556597853627636e+03
2.045844979519603839e+03
2.786135136662903278e+03
1.120376576693629886e+03
1.476707772824502854e+03
3.000058750580075866e+03
1.391271610566972640e+03
1.403947915359728995e+03
2.791058038333625063e+03
1.985110526560246626e+03
1.446143112889605618e+03
2.007136091960326439e+03
2.767739598868728535e+03
1.806049254503677730e+03
1.017846172112799422e+03
2.605906540046667487e+03
2.445210888670624172e+03
1.304933745763276647e+03
1.941243090143829477e+03
2.887104278972950397e+03
1.350274663496900075e+03
1.257822075473345649e+03
2.896477974266296314e+03
1.830463786729933645e+03
1.206714706349514245e+03
2.561264300527555406e+03
2.509439376333966720e+03
1.151746269859030463e+03
2.437659014438324448e+03
2.505286644409940436e+03
1.276019488796329142e+03
1.721905294884770910e+03
2.955392477300233168e+03
1.673710578840015387e+03
1.089879537745869129e+03
2.878618623611760540e+03
2.215388400103495314e+03
1.187906599973605807e+03
2.004385074703405508e+03
2.986362903219696364e+03
1.152556517421869330e+03
1.356651058345141109e+03
2.777118059835033819e+03
2.476319999745515361e+03
1.123109951482311772e+03
1.625075233199205286e+03
3.043148289010151984e+03
2.201254190207572719e+03
8.556134670089043084e+02
2.104603637796092244e+03
2.958300494047894517e+03
1.187541915890596783e+03
1.369211083913201946e+03
2.610976859956927456e+03
2.610424960907244440e+03
1.097050530440680632e+03
2.354662654226900941e+03
2.735314373700965916e+03
1.145328428729341113e+03
1.745310044913890579e+03
2.964303866472974732e+03
1.193558366888876208e+03
1.592218071314147664e+03
2.933644763470394082e+03
1.313102296110344696e+03
1.308476751584120166e+03
2.871182371374499780e+03
1.972482960124286365e+03
1.126066888870792127e+03
2.922401439972330081e+03
1.962030574378971551e+03
1.119415066740997190e+03
2.447206609489338007e+03
2.768094854098798351e+03
1.065036330060625005e+03
2.032978878273446981e+03
2.936739614543246716e+03
1.034930072396956120e+03
1.469412264821341523e+03
3.009939656453213956e+03
1.971043295428713691e+03
1.235664511381104148e+03
2.745940873936882781e+03
2.272168652077010393e+03
1.321832832010953325e+03
1.872610934646573241e+03
2.952389873645546686e+03
1.149165261171822067e+03
1.386577787209860389e+03
2.942864731079932881e+03
1.723141507248220933e+03
1.235279576677739442e+03
2.826311800988469713e+03
2.092157301237390129e+03
1.246803618821947111e+03
2.121310280215253442e+03
2.777293532437429803e+03
1.205194535551476520e+03
1.218041350897947495e+03
3.076003196999560259e+03
1.804594174845369025e+03
1.127592161979373486e+03
2.902012900086880109e+03
2.288235492504089962e+03
1.162944719728724522e+03
2.123053062116213823e+03
2.934945393126748968e+03
9.405276282416450613e+02
1.534140579148315737e+03
3.136096700722304377e+03
1.698005411742293745e+03
1.304718831042080865e+03
2.169817319053524898e+03
3.060700504076098241e+03
2.015130389363830318e+03
