1.368371723298399047e+03
1.957405728901350130e+03
2.250761632724297215e+03
2.223187412740660875e+03
1.576654096141045102e+03
2.173821983774363162e+03
3.562286039379908289e+03
1.123370556230709781e+03
1.259023660707586941e+03
1.873711859560432231e+03
3.723125821384739993e+03
1.571824569590894953e+03
8.700527473167045400e+02
1.393029198973493976e+03
2.065821161086994834e+03
2.876479131849807800e+03
1.386984781614397662e+03
2.285439459720348168e+03
2.867887189786843010e+03
1.343202871266418015e+03
1.479216927529951363e+03
2.297304802776884571e+03
2.676555571412771314e+03
1.323710044275780547e+03
1.551616184619978185e+03
2.972323153217022536e+03
2.410098265115601862e+03
9.512709204871146085e+02
1.459617097326601652e+03
3.264102874245458224e+03
2.030907462262741774e+03
1.039790605266999592e+03
1.619978364075986974e+03
2.030047660527535072e+03
2.133786654865648416e+03
1.102959413714115726e+03
2.142087232365746786e+03
1.428885377810810496e+03
2.782634809605359806e+03
3.632804760342501140e+03
1.355618372210493362e+03
1.836875362311905064e+03
4.140278541528748065e+03
7.982448596389317572e+02
7.349272791890334702e+02
3.372861556178396313e+03
1.729141814176932712e+03
1.127817324895069760e+03
2.905850855868802682e+02
1.082529063973101984e+03
2.119121006203057277e+03
3.367794594215803500e+03
3.175892408799718396e+03
1.071920675332894916e+03
1.740602444530976754e+03
2.853282212512200658e+03
2.085808987166297811e+03
1.650550144152484791e+03
1.870459045813867533e+03
3.147156409279833497e+03
1.707784804362900786e+03
1.555625248760670502e+03
1.683681835472350258e+03
1.988673554688594777e+03
3.357191677750009603e+03
1.404422745832436021e+03
1.508003364064035168e+03
2.763759589433309884e+03
3.045532639605010900e+03
1.355518810469533946e+03
1.744713745465502825e+03
2.331433741395258039e+03
1.459318654892803806e+03
1.556376215805880747e+03
1.591948626628031889e+03
1.735188013284132467e+03
1.242479075283787097e+03
1.137165774359825264e+03
1.737957999987159610e+03
1.875913223227316621e+03
2.624506151780324672e+03
3.287361521210001683e+03
1.489923664528194877e+03
1.816997115758336804e+03
3.214984090477033078e+03
1.476877222123474894e+03
1.712263558938215965e+03
1.199411019722078890e+03
1.582554819757562882e+03
1.995749448737145485e+03
3.347191177880654777e+03
2.072867602377833464e+03
1.293417408287294165e+03
3.114898286302087399e+03
3.875209300033795444e+03
2.902982151440588041e+03
-1.042225829667618626e+02
5.278393200197333499e+02
5.065476026364983113e+02
5.579158357388914737e+02
9.965133852795948997e+02
1.562107067811399702e+03
1.743152517077378661e+03
1.966276475474416429e+03
3.166585808776860176e+03
2.647247535268960746e+03
2.018813125682087502e+03
2.404515736491784082e+03
2.825609938742231407e+03
3.993616138837752260e+03
3.902473793312726229e+03
9.307885844473939869e+02
9.599049437156103295e+02
1.418221423951468068e+03
2.854872841398648688e+03
2.526594366046066625e+03
9.740154191984548788e+02
1.396956649950557676e+03
1.458892731954708552e+03
3.526314153421357787e+03
1.613502898016019572e+03
6.591310159370332258e+02
1.865134946387911896e+03
2.933252748870620508e+03
2.112316202174159116e+03
1.970695631593325515e+03
1.758225502583817388e+03
1.794981855510641708e+03
2.857982785175379831e+03
1.971995033404613196e+03
1.282403821882803868e+03
1.724457015651076972e+03
1.850367038458175330e+03
2.903136106234591352e+03
2.696685028407273421e+03
8.223753068815810821e+02
1.469810831732818087e+03
2.175161692300739105e+03
3.261930339940999602e+03
8.532487113880528113e+02
1.431232408924832953e+03
1.852614286559960419e+03
3.020950111708763870e+03
2.392359985949904967e+03
1.132221270592159954e+03
1.630250824755910344e+03
2.136054764360461377e+03
3.103963574387252265e+03
1.293596160607289221e+03
1.433381506192406505e+03
1.789581206959997871e+03
2.780923175385403283e+03
2.094251717821923194e+03
1.384037474972532209e+03
1.782609059153069211e+03
2.644331456699738737e+03
2.438173347131783885e+03
1.182248865837365656e+03
1.661692150228838273e+03
3.056147258309986228e+03
1.992660421416952886e+03
1.183373505135988808e+03
1.727984949870046194e+03
2.404768021066442543e+03
2.836176558825656684e+03
8.750862471548100530e+02
1.717532462573235307e+03
3.048658192325403888e+03
7.801946002746989279e+02
1.374721099621606072e+03
2.138520414598693151e+03
1.579102374833794556e+03
1.241448115136525530e+03
1.515124919993068488e+03
2.629910775333314177e+03
2.819854563444464929e+03
2.813385040166299405e+03
1.170482081730900063e+03
1.324981168169266766e+03
1.394465209745962056e+03
1.716386219024791444e+03
2.272906976793018657e+03
2.153830024299920751e+03
4.190257782465110722e+03
1.919331747754791195e+03
1.188216738016170893e+03
1.324799131617035755e+03
2.935106162680552643e+03
3.193120955334160044e+03
1.153684278048680881e+03
1.186025095799835753e+03
3.329367847940136471e+03
3.236766954491830347e+03
1.014317966693254448e+03
1.105597310353666899e+03
2.125271131134074949e+03
3.652502540168772157e+03
9.364328202593729884e+02
1.134316555491474674e+03
2.298208440100834196e+03
3.311293979399707496e+03
9.542818662624808894e+02
1.106262659759338476e+03
3.490073515003917692e+03
2.741520695384668215e+03
1.568427088393195390e+03
1.770103387228562269e+03
1.420460479336167054e+03
2.158758370184124487e+03
3.192953788274279759e+03
1.220665229237084986e+03
1.515021251981478827e+03
2.072924484098972698e+03
2.192833790994552146e+03
2.361836250143454436e+03
1.451293545592194278e+03
3.960762537935895011e+02
3.375617697958880399e+02
1.254919471650745436e+03
1.594321429047897936e+03
4.095282250075049888e+03
2.279101921609380952e+03
8.314311258818876240e+02
1.298637252052698614e+03
1.580878280413025777e+03
4.138336123927824701e+03
2.320509220880916018e+03
7.936338026543786555e+02
1.229020498959655470e+03
3.122330549603323107e+03
3.425086357142117322e+03
1.328879144096040136e+03
1.077064760325928773e+03
1.451142891579986326e+03
3.941348299365521143e+03
1.637173799737980517e+03
1.675439924103936391e+03
3.972333029506509774e+03
3.039737806011059433e+02
1.066452747837646029e+03
1.744872650636808658e+03
2.104471087521530080e+03
1.002585190693679124e+03
1.366486237917222525e+03
1.678712957138902311e+03
4.055258980523621176e+03
1.911086605080483878e+03
1.104208216518413337e+03
1.824730973030510540e+03
2.659163785735136116e+03
2.508368820797148601e+03
2.324187069465455806e+03
2.921784235836131757e+03
8.755665193801582973e+02
1.743951995892404284e+03
2.992583042276116885e+03
2.661364529081331057e+03
1.138932162458986340e+03
1.398917685374368830e+03
2.404215168864363477e+03
1.443860198850818961e+03
1.804414863836959739e+03
2.367255400019746503e+03
2.678163905281263396e+03
1.394967974605152222e+03
1.616258993962608656e+03
1.740137666146864603e+03
4.046042184860060388e+03
2.661564149217788326e+03
1.529773928868243729e+03
1.829523521965703594e+03
2.491615444636945995e+03
1.681279679325266216e+03
2.775569809181552046e+02
1.307436939996442106e+03
1.707278442852871422e+03
1.914416489582614986e+03
2.009613090804931517e+03
2.909164606580928194e+03
2.365743545524240290e+03
1.394536641223169909e+03
1.601896581804616744e+03
1.882973134821266058e+03
1.998399323753931412e+03
1.984129726704500172e+03
