1.740532706500748191e+03
2.121985222091815103e+03
2.452481116986605684e+03
2.027725587981979061e+03
1.785752991436584352e+03
1.765588229713786859e+03
2.244371920844082069e+03
2.436550887504620732e+03
1.908699092665387752e+03
1.649893687417462615e+03
1.880404239483290894e+03
2.439300095642442102e+03
2.185557462686866529e+03
1.857633361568111695e+03
1.731077425638014120e+03
1.970033557623773731e+03
2.492554191371021716e+03
2.146058460443175136e+03
1.866261579825417812e+03
1.753054310104228307e+03
2.111415433899929667e+03
2.467269820839835120e+03
2.035105925324442069e+03
1.784558580579187719e+03
1.843774807450918615e+03
2.289491781454717056e+03
2.212429850230394550e+03
1.878456792112246603e+03
1.716804287880669335e+03
1.926905458040161420e+03
2.339167298372638470e+03
2.085256706463077535e+03
1.817993716181201762e+03
1.751845653180431555e+03
2.103332023302464222e+03
2.476407833844366451e+03
2.011974478291826472e+03
1.771635652947639983e+03
1.746164944951045754e+03
2.214425985809864414e+03
2.363587490233870540e+03
1.963478985119290883e+03
1.764550319917404067e+03
2.019463018103427203e+03
2.462832298676335540e+03
2.108443098555465895e+03
1.775641628576167932e+03
1.822468615880240577e+03
2.305586589459164315e+03
2.267146919450217410e+03
1.814531231731172056e+03
1.644309903792296154e+03
2.089714456717711073e+03
2.381699275136801134e+03
1.930233792941037336e+03
1.713448257578955690e+03
1.718843285986393539e+03
2.241865143246022399e+03
2.225145247715171536e+03
1.891110112866395411e+03
1.790634999931866787e+03
1.841672070105133344e+03
2.363593868105924230e+03
2.385357583471829003e+03
1.858808863010422101e+03
1.644419112428553035e+03
1.741600513397697341e+03
2.292151273647863945e+03
2.454785620433328404e+03
1.819841552873398541e+03
1.699149312862829674e+03
1.718736480040638071e+03
2.288460649085577643e+03
2.281284879818413174e+03
1.814765613430886106e+03
1.625341930554402552e+03
1.658682911243309945e+03
2.250535374937775941e+03
2.252382301081872356e+03
1.845549860786924000e+03
1.672449020287112262e+03
1.888413541923368712e+03
2.465929321757571415e+03
2.222356559702446248e+03
1.889808746170818722e+03
1.739418038498550231e+03
2.119408620993582190e+03
2.515646256506975533e+03
2.065605542956899171e+03
1.765993157886580548e+03
1.643454665143482543e+03
2.118589362142352456e+03
2.403245210402924386e+03
1.972427111907393964e+03
1.702239386698430735e+03
1.759334144519598340e+03
2.228086930354213109e+03
2.324811119701168082e+03
1.894950325614281610e+03
1.712548254276447778e+03
2.136334594762094184e+03
2.511301305077852703e+03
2.013360350440343154e+03
1.747900034845288474e+03
1.760247779301408627e+03
2.247974646636526813e+03
2.243579448366040651e+03
1.820161071511021191e+03
1.647637609169941697e+03
1.851817465019984638e+03
2.290514315393766083e+03
2.155710946386699561e+03
1.799775659496131539e+03
1.695160551551626213e+03
2.071834755230015162e+03
2.393170001490716004e+03
2.034001930231462211e+03
1.782552987121663136e+03
1.726743235531988830e+03
2.251320487198065621e+03
2.567114859853581947e+03
1.968309905962144057e+03
1.627368572846878351e+03
1.692530531834229578e+03
2.324783806716741310e+03
2.399694606092421964e+03
2.010759690420504057e+03
1.754602758281629121e+03
1.886880825895844737e+03
2.413316579787207957e+03
2.183364091580096101e+03
1.789201248782111406e+03
1.700710318792396947e+03
2.156921172527913768e+03
2.348125261669510564e+03
1.942141169488071000e+03
1.727160062334811073e+03
1.827462928806905438e+03
2.304558543635594106e+03
2.158910298693092500e+03
1.866309426039518257e+03
1.759347887897243481e+03
2.105647429672291764e+03
2.492723296372384084e+03
2.081856626505888926e+03
1.889743751709148228e+03
1.791211625357392450e+03
2.078910176612072519e+03
2.448698956273593467e+03
2.070655226807504278e+03
1.808233493426293535e+03
1.759258996662503932e+03
2.139241262682364322e+03
2.494051610447111216e+03
1.962283924912945395e+03
1.726274188474494622e+03
1.642616188194680717e+03
2.063775188026170781e+03
2.411869382476815645e+03
1.989661497714389952e+03
1.763612996236913204e+03
1.841928058230953411e+03
1.722642917157217198e+03
1.649543965188086077e+03
2.314435661633262043e+03
2.531588384562237025e+03
1.874609453787338680e+03
1.659030309490014815e+03
1.848787913609826091e+03
2.439893317416219361e+03
2.263803429860916822e+03
1.746732487887555635e+03
1.633579145789014774e+03
2.170514242966238726e+03
2.426935897664959157e+03
1.912532403730202532e+03
1.669164463374309207e+03
1.942774266445056355e+03
2.414880542136793792e+03
2.070832865184495404e+03
1.744810451021436847e+03
1.696006374446882774e+03
2.226235212761644561e+03
2.526628739217374914e+03
1.918389741198399179e+03
1.718364638215453851e+03
2.044139927066709333e+03
2.511646444225069899e+03
2.023999883057519583e+03
1.645033679304989619e+03
1.691880889220259860e+03
2.226792625011921245e+03
2.365832930988460248e+03
1.855772472965864836e+03
1.695239221672827625e+03
2.033823002545684176e+03
2.369033505459789922e+03
1.908876444001608888e+03
1.615484412237961806e+03
1.992550320539381801e+03
2.388467390934152718e+03
1.939063933169082020e+03
1.596157674143045597e+03
1.964033119778694754e+03
2.479906045862923293e+03
2.074987253959972804e+03
1.782179181783109470e+03
1.851258345568617870e+03
2.294764540181973189e+03
2.002355124726239637e+03
1.609858117591306382e+03
1.959280486859876646e+03
2.412309019531698596e+03
2.046318896881546607e+03
1.710844554695208899e+03
1.795869120932236228e+03
2.246015493556632464e+03
2.326844361710092016e+03
1.853289584880226812e+03
1.724177760934345088e+03
2.204583738536238798e+03
2.484435798376052389e+03
1.922543628638054997e+03
1.667304082892909264e+03
1.909515197383261466e+03
2.330665484777220172e+03
2.072023870972569966e+03
1.770020269994630780e+03
1.842860283843050411e+03
2.434484397766765596e+03
2.763283123618579793e+03
2.105460794189474200e+03
1.680330046831635855e+03
1.845009915988845705e+03
2.330096142963591319e+03
2.160342517092409707e+03
1.768696141633915431e+03
1.659524334409315315e+03
2.032704301713097493e+03
2.349772636965446054e+03
1.869580764139768689e+03
1.622205065767860788e+03
1.791329669907512653e+03
2.201183649638258885e+03
1.992580055280139050e+03
1.742465837516031115e+03
1.904819988446911111e+03
2.251463852784193023e+03
2.011161942969598613e+03
1.798505770711353080e+03
1.939371668492727622e+03
2.263024352150590857e+03
2.120366699283377784e+03
1.803049430705063060e+03
1.851313171169670341e+03
2.222811848149881826e+03
2.155175894483755201e+03
1.754634897778441427e+03
1.746788787006478742e+03
2.110598395387033634e+03
2.388668898119078676e+03
2.068213767823326179e+03
1.870022837187473897e+03
2.101797391099774359e+03
2.447105448491503012e+03
2.315598640548116691e+03
1.802565751275697949e+03
1.777179864643849669e+03
1.849428697866478387e+03
1.886240795383816703e+03
2.549466594742140387e+03
2.478186396067971600e+03
1.806239685526993526e+03
1.640161224173314395e+03
2.210060299507269065e+03
2.698371328646901475e+03
1.928846440691567295e+03
1.507425448111976721e+03
1.798321772137340758e+03
2.444824041942863460e+03
2.338676875688534892e+03
1.541573830078320498e+03
1.505373561092024829e+03
2.181263013007720474e+03
