4.044416089482327607e+03
4.101044317078925815e+03
1.257859038863747855e+03
4.979151718498258674e+02
9.130683628312195879e+02
1.228031928098065691e+03
1.466848745305032935e+03
2.962362918516434547e+03
4.078321419939430143e+03
3.611030362285324372e+03
8.239263059250905599e+02
6.238825104103563035e+02
1.052392040490509999e+03
1.354428650148875022e+03
1.587997349040936342e+03
2.527462206646152936e+03
2.024738732247680673e+03
1.744020804227415510e+03
1.739585499058603091e+03
1.804816065872375475e+03
1.794442989402276908e+03
3.051607673028826866e+03
3.585790137392874840e+03
1.306515078520215638e+03
1.669398799080239314e+03
2.088354433708756915e+03
1.751956980904603597e+03
1.741648000067974181e+03
2.729144193618660211e+03
1.959740414310338110e+03
1.690667986455192022e+03
2.247674229075146286e+03
2.312955119944685066e+03
1.738820680255412526e+03
1.670347846465268276e+03
3.372089893442473112e+03
3.546995265008453316e+03
1.252437192688602181e+03
1.779454044781114362e+03
3.490138271194314257e+03
2.418621935090666284e+03
1.539324143007410839e+03
3.617581541178908083e+03
2.155519640738954422e+03
8.538749287918836899e+02
2.323815578194582486e+03
2.695235910339762086e+03
1.263238950230286491e+03
6.674804774852174205e+02
2.988486918354250065e+03
1.959689185955062612e+03
1.093647558695154657e+03
2.505744473475116592e+03
2.885277964354107553e+03
1.318468080560412545e+03
1.779148322423199247e+01
2.374547091913955228e+03
2.856271921723990545e+03
1.769951099150245682e+03
1.568686599072354966e+03
7.678141280161145232e+02
7.220872917225614174e+02
3.412913911487459245e+03
1.902282349680163406e+03
6.309147386477236523e+02
2.465654106170031810e+03
3.491786183997000990e+03
1.104769676084501953e+03
1.069778706467630172e+03
3.904040497538773252e+03
1.933323113077177823e+03
7.221333572056170169e+02
2.031318123826807778e+03
3.759705176693604699e+03
1.364960724852687690e+03
5.101882869652330896e+02
2.750328332503879210e+03
3.090871001563415120e+03
6.910865627637880380e+02
1.427356799494659526e+03
4.040867342198229835e+03
2.475861523525037228e+03
1.748144911403395781e+03
3.700728865931238943e+03
2.187161953185005586e+03
1.571840167245482235e+03
2.800360764875560108e+03
1.644800216267389260e+03
6.165068572888914105e+02
2.739026891868059465e+03
1.581515547086969946e+03
1.278812491741452277e+03
2.854480247388944463e+03
7.877571076321993360e+02
6.943079715022257687e+02
3.367104946839494914e+03
2.073198640063902076e+03
9.093583641181463690e+02
5.483118315874951350e+02
2.794059977687419632e+03
1.583141067631980150e+03
8.684155221371768221e+02
1.901593555638949283e+03
3.573907527784788726e+03
1.914445525529219367e+03
1.056800647621746975e+03
3.177139790751469718e+03
1.969916589494227992e+03
5.473958452184776888e+02
2.347124882129443904e+03
3.516215421681922180e+03
1.394966142835768778e+03
1.255380351495999093e+03
3.640042033903666379e+03
2.334912537712255016e+03
8.939979760429841917e+02
2.153116222900686353e+03
3.337400180993784943e+03
1.592306046381747365e+03
8.912457755650451645e+02
3.582235346106674569e+03
4.139936700145357463e+03
8.187445343145070638e+02
-2.221145153179179133e+01
3.760228078452549880e+02
2.724124714749782470e+03
1.714181174812047857e+03
9.793060534399047583e+02
1.276972771780471248e+03
3.217630701427141503e+03
3.007259417357341135e+03
1.068318169929417991e+03
1.248045845244948396e+03
3.052546379706795960e+03
2.686890896905922546e+03
1.172360916773069448e+03
1.282105364202881674e+03
3.372278110312757235e+03
3.631007466776013644e+03
1.067436510654581753e+03
9.257533202246505653e+02
2.919119721143651077e+03
1.889280401193607531e+03
1.160790381806906680e+03
2.545896637592257775e+03
3.239137424595982338e+03
1.681563666617115132e+03
9.992825788922090169e+02
2.953271441019429403e+03
2.359037379402887836e+03
1.128363335022793763e+03
1.340037240812253231e+03
3.286681518854244132e+03
2.223494620644557472e+03
1.437026077549670390e+03
1.987433101507599531e+03
2.978010080464117436e+03
1.085532217302399204e+03
8.544766759812980581e+02
3.145219573331193260e+03
2.255638808074777444e+03
9.704550679184346791e+02
2.854430587933913102e+03
2.326109803729202667e+03
1.758727718042334800e+03
9.550942302026469406e+02
2.734901036765247227e+03
3.044317008985951361e+03
1.193064936958885710e+03
1.070754847949482837e+03
3.611371728773197901e+03
1.752573472380109479e+03
6.794847791097890877e+02
2.197934160260996123e+03
3.414934828674122855e+03
1.739291590311419213e+03
7.009099911082765857e+02
2.346370705120762977e+03
3.537005449247809793e+03
4.286674129428289461e+02
1.512638015262140698e+03
3.184805514917886740e+03
1.398077185375908130e+03
1.143362255981647650e+03
3.526893284446525286e+03
1.994382483087227456e+03
8.809109822293195293e+02
2.050975372208682529e+03
2.661653515491098005e+03
1.033441092556598278e+03
2.171119847158642187e+03
3.126971286710107506e+03
6.918272404946127381e+02
1.887153834478017643e+03
3.256457672516799448e+03
1.290994244195854662e+03
1.171844262692961365e+03
2.957981280749053894e+03
2.746409004271756658e+03
1.230973133211984987e+03
2.119929264988321847e+03
3.259138504891101093e+03
1.371091064265806835e+03
1.148056987687765286e+03
3.210328492806119812e+03
3.783316135975145244e+03
1.916295464219615042e+03
1.678002440095810925e+02
8.675473238563281484e+02
3.162195423767789634e+03
2.337227283345585874e+03
7.590127832412783846e+02
9.416904530211676274e+02
3.271369110821858612e+03
4.115838399744607159e+03
8.352772597254928542e+02
4.312635515553983510e+02
8.494923007852104320e+02
2.190294169729407258e+03
3.698564768907482176e+03
1.438602779341112637e+03
8.286215786537613894e+02
1.262895834654125792e+03
2.886381114746800904e+03
2.551931923168139747e+03
1.443462762129216799e+03
1.463725801080649717e+03
3.080426219120969563e+03
2.414995982252205522e+03
1.568415302399465872e+03
2.073231787347235240e+03
3.109110806980053894e+03
1.430819709578202037e+03
1.237017452888043408e+03
2.868940260625876817e+03
2.414094295842447991e+03
1.613005863677056823e+03
1.412316817717270396e+03
3.016567464924857177e+03
2.355090125172125681e+03
1.368618338025763933e+03
1.966405198653979824e+03
3.489511253442195084e+03
1.117574969998713868e+03
9.510562780154868960e+02
3.244779757049212549e+03
2.250437726102580200e+03
8.682842484673733452e+02
2.836386171517676303e+03
3.248842221159163273e+03
1.369284293327297746e+03
8.888332501962818242e+02
2.977653543263538722e+03
2.616436754305661452e+03
1.221101840630432662e+03
9.699735379926280530e+02
3.043483650711897099e+03
2.063206124549329161e+03
8.038915806789910903e+02
2.404329267779963175e+03
3.092912482323358290e+03
1.328915058110827431e+03
9.603042807919019879e+02
3.581559506606101877e+03
1.765500960989234045e+03
3.684349688564515759e+02
1.800046280620212201e+03
4.124100264625549244e+03
2.760109296862158772e+03
-3.716001791130603493e+01
2.916616144544819917e+02
2.626193492161808990e+03
2.496455685893482496e+03
7.665996198078513544e+02
9.027319170399208588e+02
2.418122776221300683e+03
3.315128250159389609e+03
9.802798522121559017e+02
1.653795715823386900e+03
3.428530530276254922e+03
4.062709446835729977e+03
3.300204095645692178e+03
1.286595030924043613e+03
-2.308558614756139438e+00
