3.183107544818086808e+03
2.433584284675452182e+03
1.178749202268443923e+03
1.384364022167338362e+03
1.768194951350665406e+03
3.409932985912659660e+03
1.488703952564632573e+03
1.347715860313245912e+03
1.555887288606115135e+03
2.524771907714337431e+03
2.887782956745716547e+03
1.318854179496676124e+03
1.422705605703208676e+03
1.928627582049907005e+03
3.810590117401625776e+03
1.260848373074283472e+03
1.288268603009711796e+03
1.520316477291990623e+03
2.424348540852688075e+03
3.047795522602858910e+03
1.229412594143805336e+03
1.402706800966392848e+03
1.686486360815853914e+03
3.237254014230632492e+03
1.514153859387758985e+03
1.409899302909619564e+03
1.567593588718627643e+03
2.207596528129537091e+03
3.288888621531888020e+03
1.344648270396808357e+03
1.467006272647847027e+03
1.924468710780845413e+03
3.158409709867282345e+03
1.350735681597897383e+03
1.540778013084180884e+03
2.627716877808756180e+03
3.163318397064992041e+03
1.035305097004204299e+03
1.360456330551789279e+03
1.508630703355940113e+03
2.618786425267174764e+03
2.799929486671653649e+03
1.139257843039870295e+03
1.476261588650743988e+03
2.081029636544224104e+03
3.054097178030367104e+03
1.323037518952972960e+03
1.471928515182477895e+03
1.623175993542892002e+03
3.677814037709460990e+03
1.556575758955210404e+03
1.211105769659803627e+03
1.465469956783549151e+03
3.118360293105339679e+03
2.223847061184485938e+03
1.114644537337874453e+03
1.396901413091896302e+03
1.494275196408191277e+03
3.107456463026382153e+03
1.743747137316770250e+03
1.412452658765420665e+03
2.200161678868609215e+03
2.917332660161851436e+03
1.192590360012991823e+03
1.409259576479048746e+03
2.221305173809635562e+03
2.777254419359819622e+03
1.305886425065245021e+03
1.464222252787641992e+03
2.612913588110772253e+03
2.688184499819832581e+03
1.243761590720271670e+03
1.451951809706763925e+03
2.266477682945060224e+03
3.224762817678254123e+03
1.291902999372990507e+03
1.329156455316418032e+03
2.979237118168103734e+03
2.315220525056234237e+03
1.032280772014659760e+03
1.353357722845138142e+03
1.796128062559723730e+03
3.473765848231215386e+03
1.236999625125314196e+03
1.376566462351004930e+03
1.580190335674957169e+03
3.493446001633934884e+03
1.513566663678329633e+03
1.298974801836589450e+03
1.517758937459806702e+03
3.414826802507394405e+03
1.704617320283274012e+03
1.251833272986603788e+03
1.531210720288635230e+03
2.296182451615021364e+03
3.038464779859471037e+03
1.328594862228347665e+03
1.441029419042778500e+03
3.249306677026494981e+03
1.895768468531989356e+03
1.154173165428438779e+03
1.353942021412909298e+03
2.502123183992464419e+03
2.969913286609189072e+03
1.110114578849383406e+03
1.366714262896885657e+03
1.664176706245750438e+03
3.385694111991021146e+03
1.444253464081944912e+03
1.403851414331006936e+03
1.675035287663576582e+03
3.340199893724548019e+03
1.445263025723520286e+03
1.395771898564755247e+03
1.583299947683753544e+03
2.317262118780518449e+03
3.059651736755150523e+03
1.357975437133343576e+03
1.504901091332817714e+03
2.405106445242060090e+03
3.047531043578355366e+03
1.198827950179877462e+03
1.423790847181589470e+03
3.466553291020097276e+03
1.295305539839255516e+03
1.268598269004694657e+03
1.496073251234125792e+03
2.236328334182284379e+03
2.638853339898458671e+03
1.335508228338623894e+03
1.460634504435807685e+03
1.935422113181071836e+03
3.373133754855409279e+03
1.556846081378560712e+03
1.366068760726452410e+03
1.574409423071360379e+03
2.259863108792390449e+03
3.090188372146650636e+03
1.477673971138413890e+03
1.425254078346495817e+03
1.814995757215897584e+03
3.911087286056979337e+03
1.700447241942425080e+03
1.232149433781062953e+03
1.418017431443581472e+03
3.198251108145546823e+03
1.796847498242900201e+03
1.135786408805105339e+03
1.357521341600472624e+03
2.944714682345088477e+03
1.966464670519957281e+03
1.258985336118219493e+03
1.433217953865600066e+03
2.509099079155375875e+03
2.931306233180560866e+03
1.200605612087882719e+03
1.413309475896069216e+03
2.145758364486033315e+03
2.880434066120609714e+03
1.301177925616636230e+03
1.436724770915890076e+03
3.308037268491575105e+03
2.159249646727053005e+03
1.132619861603244999e+03
1.368584500998699241e+03
2.491637114037319861e+03
2.641794795785162933e+03
1.161320854844488849e+03
1.405578948319564461e+03
2.350822055159833781e+03
3.179800824298516090e+03
1.121130180785735547e+03
1.400391012039749967e+03
2.321189715990899003e+03
2.892580236559885179e+03
1.198571465211691475e+03
1.417982973519155621e+03
1.757885584720416091e+03
3.609307353121194865e+03
1.309923579930325104e+03
1.235577607743366116e+03
1.689404239676353882e+03
3.649559370675334776e+03
1.090065423379445519e+03
1.272771842813192507e+03
1.751052200813231593e+03
3.321817070576974857e+03
1.255876493702802009e+03
1.417097427735240217e+03
2.396447887349841039e+03
2.390467347436641376e+03
1.290781796657895256e+03
1.482095583865833305e+03
2.440365208788627115e+03
3.056827073270756955e+03
1.211797677776610271e+03
1.395645423501506457e+03
1.984450232565914121e+03
3.249549171465571817e+03
1.328104770783728554e+03
1.455686946749885237e+03
1.733892554504378495e+03
3.459759001649534184e+03
1.510617544847665158e+03
1.141016582574403856e+03
2.345151734294728158e+03
2.585610416156214797e+03
1.210127968524362132e+03
1.424933175934276051e+03
1.712769577413583875e+03
3.236007446518043707e+03
1.762107863517645683e+03
1.311904939534805635e+03
1.466453626446001408e+03
2.367373451629389820e+03
2.651727762663923841e+03
1.250541998920199148e+03
1.471416439667018494e+03
1.697680527613633330e+03
3.098409413216708344e+03
2.260828057585162242e+03
1.376795876169281200e+03
1.519490813817871185e+03
1.762823274737945894e+03
3.897032815422456224e+03
1.436755270122959473e+03
1.448990740773381503e+03
1.526224806187672357e+03
1.641108183726868447e+03
3.326641566810579661e+03
1.844599354146507267e+03
1.309482901938553368e+03
1.484833946549801567e+03
3.349172694923170184e+03
1.719752403568802038e+03
1.261887677917431347e+03
1.451742596299225852e+03
2.379916009075112015e+03
2.967039401382246069e+03
1.191343855347470708e+03
1.449670218096053759e+03
2.640230563930007065e+03
2.468207272830262809e+03
1.227006160505539810e+03
1.449739853106973214e+03
2.977860849226490245e+03
2.273136022047746337e+03
1.052649510749977026e+03
1.344565009084259145e+03
2.880337582105669298e+03
2.382530280177301393e+03
1.100545359493461774e+03
1.417361180970956411e+03
2.297960419173449282e+03
3.040407399704731233e+03
1.143730409918045098e+03
1.380612849117229644e+03
1.906562690242235931e+03
3.412358141661467471e+03
1.256777943524285092e+03
1.306558311597886814e+03
1.737674406819913202e+03
3.583083816114957699e+03
1.329168921650387119e+03
1.291188618725598644e+03
1.615033287625311232e+03
3.438297208570602834e+03
1.565887922292080475e+03
1.353433413153254605e+03
1.514863021603156994e+03
3.340153671742179995e+03
1.676648579393485988e+03
1.222316000571450559e+03
1.506514340662900395e+03
2.310606362334733149e+03
2.886647621167366196e+03
1.361937705625794706e+03
1.438847270460574919e+03
1.589886578154414565e+03
2.717397323946772758e+03
2.585657209663319918e+03
1.411743772546024275e+03
1.553777621311395478e+03
1.684959894064934815e+03
