1.033324678447093675e+03
1.574145580460980455e+03
1.987696577283951683e+03
3.535686522778662948e+03
1.342314663797656294e+03
1.502663923220560946e+03
1.925507508859852351e+03
2.634216094102736861e+03
3.280327167095745153e+03
1.052673446475766696e+03
1.444305660620165099e+03
2.090472229205295207e+03
3.752828404093069821e+03
1.232221214895920866e+03
1.188848087380394190e+03
1.704551490443443754e+03
3.239566915471148604e+03
2.302543398537427947e+03
1.027795762076345682e+03
1.633513698128870146e+03
3.214929640263333113e+03
2.828949092227255733e+03
7.284034105108040649e+02
1.482041454812078427e+03
2.511692818640902715e+03
2.934407600523598376e+03
1.170956455205884595e+03
1.650668342492321472e+03
2.366266986062913929e+03
3.448920650956760710e+03
1.145148388532719991e+03
1.353106600367021883e+03
1.862654891379545006e+03
3.564350598522753899e+03
1.596590599450385525e+03
1.031905421784266537e+03
2.325238501635966713e+03
3.721185415399450903e+03
9.182359064385553893e+02
1.152436503415362495e+03
3.302138112161390382e+03
2.018041612440857989e+03
9.337367312747126107e+02
1.753884582397501163e+03
3.653262274993249321e+03
1.523389012555260251e+03
9.642524113174360991e+02
2.155811792403383606e+03
3.683833925861381431e+03
1.043355984405053050e+03
1.253994017388201883e+03
2.765063877306511131e+03
2.854133782095929291e+03
1.028391403301111723e+03
1.541103439412002217e+03
3.276874430692385886e+03
2.407027316326280470e+03
1.101296015416117370e+03
1.368517054630972098e+03
2.948096963682117803e+03
3.229330759329149714e+03
8.761379704615577566e+02
1.136885164582331754e+03
2.820000048228319883e+03
4.006899007506948692e+03
8.771736437146716980e+02
7.403344269873791745e+02
1.858119040202711403e+03
3.975733016526563006e+03
1.392620010465218456e+03
8.012884616787723644e+02
1.805014382155316980e+03
3.724030424881583258e+03
1.444145213713675048e+03
1.021834941178777399e+03
2.417461537493015840e+03
3.973146669172147085e+03
8.122338150570705011e+02
9.539949515029654776e+02
2.853909922466805256e+03
2.817874224871376555e+03
9.014664588356311015e+02
1.547993670548267573e+03
3.596206787782864012e+03
1.660107631898308227e+03
1.160111453857916558e+03
1.939926562010309453e+03
3.711980352211802710e+03
1.378188780477274804e+03
1.134685671179859128e+03
1.862714283738570884e+03
3.521746045797899114e+03
1.562439583584582579e+03
1.124363789145925466e+03
1.769460800834888005e+03
3.400549113982648578e+03
1.875804984039354622e+03
1.071436196029455459e+03
1.665680509670464289e+03
3.283092546194347960e+03
2.546962224704836444e+03
9.402036657962208892e+02
1.487568448547166554e+03
3.229349806149132291e+03
2.555479147404445484e+03
9.172973796393122257e+02
1.437670052686970166e+03
3.385282302898854141e+03
2.033829009701179075e+03
9.471385299742339612e+02
2.064125657400012642e+03
3.530861685651344942e+03
9.976948095742396845e+02
1.231758682131541036e+03
2.927188130627373994e+03
3.133552628234470376e+03
8.735896258430049102e+02
1.275250168327587971e+03
2.634652791818674359e+03
3.742724755071396885e+03
8.644367114362030406e+02
1.060031409288956638e+03
2.442051453775930440e+03
3.583501669193303314e+03
9.406036123061279568e+02
1.258048436586189837e+03
1.948221076519253984e+03
3.329833997002606338e+03
2.372810386625061710e+03
9.655015248979561875e+02
1.550370810885739957e+03
2.531944814343578855e+03
3.551448749507905632e+03
1.154508948314239888e+03
1.198052829776174349e+03
1.932161804092110970e+03
3.533002281596434841e+03
1.819681310255107292e+03
9.706041650490179791e+02
1.703657907906940864e+03
3.499446793738970882e+03
1.837976689414983639e+03
1.139944977226425863e+03
1.575018122923167311e+03
2.728664884374324174e+03
4.090213242663686742e+03
3.914729527589747704e+03
1.224932139590727729e+03
1.428318689554314233e+03
3.670043058391509589e+02
1.007754511127828607e+02
2.096260894119649038e+03
3.168080235896136855e+03
1.015401392449363016e+03
1.187149615148206749e+03
3.311164965200791812e+03
2.352677659390118606e+03
1.078088557056751824e+03
1.508209910398470811e+03
3.028297715161814267e+03
3.183583343061603955e+03
1.016058859530415589e+03
1.384680815167372202e+03
3.568488979180036495e+03
1.792235747714160880e+03
1.289128958396342341e+03
1.652194367819685112e+03
3.331149342517035620e+03
1.611022939430913539e+03
1.410669317841328848e+03
1.970252981492113804e+03
3.429660080003870007e+03
1.405650861913358312e+03
1.334636959016613446e+03
1.776809556367728874e+03
3.368123577508155904e+03
1.682315942601926281e+03
1.244200970714453206e+03
2.158051430837331282e+03
3.402674799603978045e+03
1.295073427087661230e+03
1.236056707940191245e+03
2.149048082541595704e+03
3.830153625383539293e+03
1.329374441210060695e+03
9.186688893619980263e+02
2.280911826432508860e+03
3.718440772389928043e+03
9.678027572667208460e+02
1.091032335325132408e+03
2.253823632278317746e+03
3.591640316359664666e+03
1.095774394599174457e+03
1.241221783470388118e+03
2.781752209587055404e+03
3.123252789218240196e+03
9.211283372104521732e+02
1.425419632309497501e+03
2.898393443906213179e+03
3.090623730056073327e+03
9.903899880196387358e+02
1.392778930256936292e+03
2.120982033099843648e+03
3.747824037226896962e+03
1.841075436217042125e+03
7.750391887677143359e+02
1.775223149356055956e+03
3.598461650390241175e+03
1.550431787434977650e+03
8.078109867593067293e+02
2.013621833030840207e+03
3.753985055358428781e+03
1.298662996045438149e+03
1.013192620157000874e+03
1.842910654857317695e+03
3.664073680274012531e+03
2.616956164261201138e+03
6.235011801271969034e+02
1.166493200535401684e+03
2.706048067091626763e+03
3.662210881859829897e+03
1.127945811369460444e+03
1.019932139694485613e+03
2.062086739226869668e+03
3.797211506593281229e+03
1.244485371791519583e+03
1.027918180253715263e+03
1.823053592253806755e+03
3.714968370951839461e+03
1.710545555821896414e+03
9.356977074708304372e+02
1.781767665254025587e+03
3.653906465893150653e+03
1.489048716174226456e+03
9.395245308565405367e+02
1.905958348137098710e+03
3.672804159551394150e+03
1.322514740405312750e+03
1.077255785176601421e+03
2.461551773889188553e+03
3.273883452752402718e+03
1.022440006593558337e+03
1.415359798913138775e+03
2.846697606629916663e+03
3.185900751126581326e+03
9.081456509545117797e+02
1.407044750187224508e+03
2.718332917918773546e+03
3.055901377457723356e+03
1.185937396393192103e+03
1.394084076447196821e+03
2.898110777273087479e+03
3.283067567514059647e+03
1.000781356889915060e+03
1.190739547927232707e+03
2.481572577031404307e+03
3.448075642596502348e+03
1.203432505275302674e+03
1.117501439828545472e+03
2.730353742802029956e+03
3.139879997384135095e+03
9.538678501693882481e+02
1.633008394638466598e+03
3.403872139720917858e+03
1.345073174017486963e+03
1.151566298466813805e+03
2.912053147786246882e+03
3.456083730466197267e+03
7.503200493313659081e+02
1.111259955930195929e+03
2.385890721341669632e+03
3.713803505854215018e+03
1.081617930263680137e+03
1.082909236078685581e+03
1.811520475629022940e+03
3.366195774860186702e+03
2.849836993572576830e+03
9.181448523330080889e+02
1.245482124256073348e+03
3.257199935357802588e+03
2.924838119915451898e+03
7.153867661648574767e+02
1.224661053592910093e+03
2.899448852530592376e+03
