9.169211025613445827e+02
1.369868706812396567e+03
2.676112090267304211e+03
3.070090892801003065e+03
7.505285058572130765e+02
1.062467692791319450e+03
2.192619810012297421e+03
3.254373721236482652e+03
6.735411791263525174e+02
1.038146569998635414e+03
1.935075682961256007e+03
3.526729770228185316e+03
9.505279134138190784e+02
9.589279128356610045e+02
1.226168603316301642e+03
3.029828617116969781e+03
7.600203685315714210e+02
1.230008309334385331e+03
1.851008891483754724e+03
3.060715163080400998e+03
1.503892948160995729e+03
1.230497071066367425e+03
1.826553449757166618e+03
2.841409570684248592e+03
1.178822709549362116e+03
1.369560034710892296e+03
2.469828871446574794e+03
2.727879543671428110e+03
1.009888460570762845e+03
1.177566428945300231e+03
3.001801312003338808e+03
2.906955172853815839e+03
3.590594604602759432e+02
9.866190883893310684e+02
3.544876259658802610e+03
3.410764315514798000e+03
1.144763098248270353e+03
3.170240831586374952e+01
9.661986893660221085e+02
2.813052376842472768e+03
2.456201076522430412e+03
7.556038969681786739e+02
1.314754134447789511e+03
2.840101573689219094e+03
1.685583791877221529e+03
1.080229857944501418e+03
1.586792757148629107e+03
2.335510956370651456e+03
1.556002897231611541e+03
1.554168442846906373e+03
2.431280577964630083e+03
2.298099623762684132e+03
1.121076035357382807e+03
1.579802597472504885e+03
2.786715362316498613e+03
1.275592736142199556e+03
3.643915829754848346e+03
4.331606039388176441e+02
9.315820328044599137e+02
1.862863291735485518e+03
3.227742672254600166e+03
1.016007960064764916e+03
8.668699804925768149e+02
2.876494970729942906e+03
2.569372025853452215e+03
6.314770077607323628e+02
1.329288838780883452e+03
2.688393586020279599e+03
2.462918887404389352e+03
7.753881245512535543e+02
1.064157136031669779e+03
2.704378594656859605e+03
2.574381307450962140e+03
6.700859123619488855e+02
1.408856077330739936e+03
2.988600248277169612e+03
1.717616276378591010e+03
6.507864557763020912e+02
1.982287022109884902e+03
3.311303445275681042e+03
1.110061623890511783e+03
9.753869313485719204e+02
2.747351946147035051e+03
2.590465890034627591e+03
4.556131286990990930e+02
1.589120565387297802e+03
2.974266949764399214e+03
1.197408976611464595e+03
9.626942260897652659e+02
2.756432272319754702e+03
2.420463624973593141e+03
6.327303165948908372e+02
1.920641167531757674e+03
2.981713145795579749e+03
9.526699585940767747e+02
1.229264897241979270e+03
2.979220695148591403e+03
1.730116000908207297e+03
7.373399873494461190e+02
1.686066562816377427e+03
1.741758874209679334e+03
1.682559513471913533e+03
3.300091327421413553e+03
1.494062577543160842e+03
6.842689686861281189e+02
1.101250265213732973e+03
3.088096949010358003e+03
3.007681322456846374e+03
5.898490804356509898e+02
1.126976759709849148e+03
3.318253094313622569e+03
1.475229241177295080e+03
5.297260915555050360e+02
2.816403201465262555e+03
2.792181305796302240e+03
4.872242980189466834e+02
1.432746219602026940e+03
3.248958490369990159e+03
1.352281640458407310e+03
6.650037550535581659e+02
3.683896795509768253e+03
1.565993668173865217e+03
7.007518345439948462e+02
1.107073025240635616e+03
2.930638063715355202e+03
2.766212968064126017e+03
6.575681451261768871e+02
1.071213045879270794e+03
1.887964074697282058e+03
3.061775750603507731e+03
1.468788780172533507e+03
1.099060258914257020e+03
1.604904093659563614e+03
3.015424773950253439e+03
1.948195582389524589e+03
7.293597380697838162e+02
1.315558371701192300e+03
2.491927327019537643e+03
2.792139363505008987e+03
1.035074059058002604e+03
1.232625899335789654e+03
2.876914218940419232e+03
2.873285545899009321e+03
6.772517675667268122e+02
8.860564147783851467e+02
2.388841373316739009e+03
3.163292056076089466e+03
1.018606143421920478e+03
7.520413328350898610e+02
2.770582631252461852e+03
2.845838972394565189e+03
6.051281036229293022e+02
7.211768865923022531e+02
2.969564110128115772e+03
2.568234851638146665e+03
4.482729322787683941e+02
1.477739887066399206e+03
3.350832213069556929e+03
9.859933488956769452e+02
9.891744926233388924e+02
2.635363494885679756e+03
2.946141981184084216e+03
4.018535646424930974e+02
1.044293778510762422e+03
2.965023364792573375e+03
2.618047989533561577e+03
7.438403282891899835e+02
1.346546064099810110e+03
2.949024747023689997e+03
1.521053135622400532e+03
8.726050999077393726e+02
2.277762672876743636e+03
2.938093465406290306e+03
8.013634656374018732e+02
1.313326441758844794e+03
3.075767530761028411e+03
1.224014109363995885e+03
1.076017438603268374e+03
3.032236154800100394e+03
1.951720481736683269e+03
6.640671192041289714e+02
1.779965546375592112e+03
3.548386646015369024e+03
6.899943126032991358e+02
1.810005921132624849e+02
1.771120372548249179e+03
3.223342674269456893e+03
1.335290005346177850e+03
1.170080551637059443e+03
2.356655387202867587e+03
2.968260376512371749e+03
1.078113128207703085e+03
1.055028438380807756e+03
2.291432345185437498e+03
3.107536260357492210e+03
8.201329802002416045e+02
1.042098843864965829e+03
2.903376513334226729e+03
2.619357628908993775e+03
6.452284349422777723e+02
1.195899034601892026e+03
2.914260853220590434e+03
2.550553206477211916e+03
8.387070615724624076e+02
3.115640937385005600e+03
2.659063219304950053e+03
3.400110142355197809e+02
9.170029049781304593e+02
1.960994892962168478e+03
4.119979908989525029e+03
1.163867051693443045e+03
1.652561953793186262e+02
1.026260279621979180e+03
2.303044767699555450e+03
3.399358305158045368e+03
8.766489628788062873e+02
8.229393818435310095e+02
1.524327350566322821e+03
3.727556917925652215e+03
1.274101404430963157e+03
8.125177922032087281e+02
1.247305562776290117e+03
2.833832797647186908e+03
1.703487950098093052e+03
2.606882357999248143e+03
3.884380581972083291e+03
3.922729921911028441e+02
1.137356531261396668e+02
9.052214642635155997e+02
1.496985455948472236e+03
1.539922318477807721e+03
2.077482242905413841e+03
2.496167843353072385e+03
1.596635399874973473e+03
1.627916670830594967e+03
1.757849171097536100e+03
2.815178302563630950e+03
1.425653615765480481e+03
1.441812785898221364e+03
2.397011251210526098e+03
2.198708048706542741e+03
1.241103914911916718e+03
1.511534222171765123e+03
3.463674115315307517e+03
1.360108900609960983e+03
1.455067570466266488e+03
1.359187444806131452e+03
1.364838835925564581e+03
3.358613360358268892e+03
3.261777211738258757e+03
1.652811752719358083e+02
7.907602791197795113e+02
2.535091290511468742e+03
3.192146676694652342e+03
5.055991921056322553e+02
5.584903541224493893e+02
2.768280699714705406e+03
3.187469567844133962e+03
4.653423585766694828e+02
9.285550780258538452e+02
3.087454509983011576e+03
2.391653723974691729e+03
4.825684706590766382e+02
1.656722428072434468e+03
3.159886124679639124e+03
7.626763167779749892e+02
8.342048710300609855e+02
3.449608891756200137e+03
2.051535771700641817e+03
7.325080701614051577e+02
1.206376836113425043e+03
1.534897673952506011e+03
2.692312806191241179e+03
2.485553617427898189e+03
1.221922894464434876e+03
1.388368294390701976e+03
2.303109023988542958e+03
2.832236491040963301e+03
1.150094520960086811e+03
1.053580042595806844e+03
1.406220754678287676e+03
3.173973421865063301e+03
2.463625208178067169e+03
5.554809834463047764e+02
