3.252055664770555722e+03
2.221352516614717388e+03
1.559875750052717422e+03
1.476777318369018985e+03
1.705344015184000909e+03
1.842838931822208224e+03
1.983037821296351240e+03
1.885829937080168065e+03
1.724388065230113853e+03
1.794824779511299994e+03
1.898380985193299466e+03
1.949208408959156714e+03
1.982747022829712250e+03
2.004344280893366431e+03
2.002511675752942892e+03
2.025221304334607566e+03
2.023114256718292381e+03
2.040474285342392022e+03
2.053508669310484038e+03
2.022229269193360096e+03
2.035847683962771043e+03
2.010991306824416142e+03
2.026126698448133538e+03
2.026459164317090199e+03
2.012769537838499900e+03
1.995687373306244581e+03
2.318199874002922115e+03
2.927904905005499586e+03
2.685440426203079369e+03
1.789146753618569846e+03
1.449546090435206224e+03
1.463772320977127720e+03
1.597005774131518137e+03
1.742050742366528084e+03
1.942307840656582130e+03
1.962875314904517381e+03
1.986547400998510739e+03
1.966410829757580132e+03
2.169833900339882348e+03
2.080852741790998607e+03
2.023040178981400686e+03
2.005067583606717335e+03
1.910726721139008760e+03
1.972586078242736448e+03
2.000073036562460175e+03
2.130070340616510293e+03
2.058569320081907790e+03
1.928338732716204504e+03
1.986481634935864804e+03
2.071907920420087521e+03
1.950615632684157617e+03
1.998066771867014950e+03
2.419729009373919325e+03
2.640393863332771616e+03
2.299209519126364285e+03
1.539770555882162853e+03
1.331170842236471344e+03
1.424824105803349312e+03
1.573634892798118244e+03
1.843219603511040077e+03
1.928493729974331245e+03
2.009980503531106478e+03
2.143402907545130347e+03
2.000357139241905088e+03
1.995006533852589428e+03
2.039495745104876050e+03
2.274941682654573924e+03
2.002328484382353508e+03
1.958140215284930491e+03
2.014766500967406046e+03
2.570789901020183606e+03
2.985611301828170781e+03
2.354209634111115975e+03
1.625365442716909001e+03
1.590539809598961710e+03
1.554465811675782788e+03
1.557598558826714680e+03
1.598841215108432380e+03
1.976478570275867696e+03
2.523897513421175063e+03
2.301072896208941074e+03
1.711852598553606413e+03
1.724065288572290683e+03
1.870453405925333527e+03
1.913600441747157447e+03
2.375859131460010758e+03
2.066506508772790767e+03
1.794587544608191820e+03
1.800168795794401831e+03
2.030340361296897072e+03
1.962214392091446598e+03
1.960342909716136774e+03
2.243218810521014802e+03
2.126788016597995920e+03
1.788933530641822927e+03
1.878472007719133671e+03
2.118868082437669727e+03
2.426505374073364237e+03
2.579083505004301060e+03
1.755193365249612498e+03
1.517050313156687025e+03
1.464328862885696935e+03
1.639892165342866974e+03
2.156448004379495615e+03
2.161606482692274312e+03
1.771135952608849948e+03
1.836465610011591025e+03
1.929321532574506136e+03
2.222889102752262716e+03
1.990459208118002152e+03
1.933576875454823949e+03
2.183081509277350051e+03
1.989741401684849961e+03
1.932556072402503105e+03
2.172968428312217384e+03
2.764800533868816274e+03
2.597487416461895009e+03
2.134118651994327593e+03
1.615755393188047947e+03
1.488251234351751009e+03
1.677187030442142259e+03
1.700324151011114282e+03
1.894973123590851174e+03
2.378353888680960154e+03
1.811117852400335551e+03
1.883203060231037625e+03
1.730450841228681384e+03
1.948273830406047182e+03
2.525327876517443201e+03
2.210161378650723236e+03
1.822086569881145351e+03
1.782533943371912756e+03
1.794573662429463639e+03
1.808657998838310959e+03
1.846790337761548699e+03
2.468581182952099880e+03
2.676082428435782731e+03
2.045790837509983021e+03
1.634931392656774506e+03
1.609676951440266521e+03
1.698325567309036387e+03
1.768927652900584690e+03
1.888047451308901373e+03
2.068858891995885187e+03
1.982986443019184890e+03
1.941176148232582818e+03
2.088483304941874849e+03
2.363382741070563952e+03
1.912225633520851261e+03
1.870175488547216446e+03
1.924128763857366948e+03
2.087380585202282873e+03
2.014729496496510819e+03
1.939152565462368784e+03
2.179346105051167342e+03
2.612741181325288380e+03
2.196824779210372981e+03
1.638591426958624879e+03
1.668344071414075188e+03
1.741461777072057203e+03
2.201485532610207883e+03
2.634354831037889653e+03
1.838135545316471280e+03
1.643450527297652798e+03
1.819449292862890161e+03
1.964252565382523699e+03
2.308980105540420482e+03
1.792469649760427956e+03
1.798304053388085777e+03
2.018813710745681874e+03
2.328450390846846403e+03
1.813051104970448932e+03
1.820672465379985624e+03
2.004042662021279966e+03
2.343507831623403945e+03
1.809938754172730569e+03
1.820212358423342948e+03
1.959075530050651878e+03
2.397426585497545148e+03
1.864595264033769581e+03
1.736364821515325957e+03
2.333845798931937679e+03
2.490374085064998781e+03
2.239117659429697596e+03
1.719812300540272190e+03
1.586241034439227633e+03
1.604110538991018757e+03
1.765809187258244492e+03
2.310468961886651869e+03
1.919463780884381549e+03
1.820688281581991532e+03
1.995103751738330857e+03
2.139803358134118753e+03
1.882759760945517655e+03
1.869052989431579817e+03
2.213971942885830231e+03
2.054053532166950390e+03
1.855732070827926691e+03
1.893776207983205495e+03
2.164138221968295511e+03
2.600406131096841364e+03
2.672713694833452791e+03
2.186811201931995583e+03
1.646895537389149240e+03
1.491963096148186651e+03
1.526144504470905758e+03
1.671442863876153069e+03
2.424818467072484509e+03
2.626067180557560278e+03
2.789973327074750159e+03
1.742270659338473479e+03
1.333114931228522664e+03
1.424951220398296300e+03
1.568895088218549063e+03
1.706261961953771106e+03
1.825474611536539896e+03
2.367053088210824171e+03
2.835622085708990653e+03
2.577622862269164671e+03
1.743741270446235148e+03
1.598515402872837058e+03
1.618615066067030966e+03
1.686862480090082954e+03
1.778164175725753466e+03
1.887023326965552769e+03
1.958823045928303145e+03
2.055559542321617300e+03
2.005112836018754933e+03
2.007509060523756261e+03
2.003988388336676053e+03
2.009406157421810803e+03
2.023886636019407888e+03
2.074119901708231282e+03
2.035976181513612573e+03
2.008901980794272276e+03
2.057448215355774664e+03
2.009408053118237376e+03
1.990651649645156795e+03
2.222049196068837773e+03
2.660282068803587663e+03
3.175524855263833615e+03
2.013951462219531777e+03
1.375440739858193183e+03
1.367642382159503768e+03
1.492418981368347431e+03
1.635888979990384314e+03
1.955259136441934288e+03
2.630808421417771115e+03
2.603935234123804094e+03
1.708668048208379560e+03
1.651983569067288045e+03
1.730152672610141281e+03
1.811938655500242248e+03
1.904626311543058819e+03
1.948640232819117955e+03
1.899821754261836531e+03
2.060568965887154718e+03
2.008471221607666848e+03
1.965110458815365519e+03
2.002699711699038744e+03
2.043729482113169524e+03
1.951488625571009379e+03
1.946003318827245948e+03
2.200440047983098793e+03
2.450801720497708629e+03
1.765904811504817644e+03
2.511126140760723047e+03
2.787997682767742845e+03
2.214011480097427011e+03
1.489175229798355758e+03
1.396743670235152422e+03
1.502703825668466152e+03
1.590538703997491893e+03
1.724570425142128897e+03
2.132095401796895203e+03
2.808329131588192467e+03
2.529479700319601307e+03
1.719185701442289883e+03
1.558897456106856907e+03
1.608383890893428315e+03
1.682297318761384759e+03
1.827263305544011246e+03
2.116782240746115349e+03
2.022686519461255330e+03
