1.710033833611407090e+03
2.429280265301104464e+03
1.710226108634755064e+03
1.449457794441201941e+03
2.097799000019743289e+03
2.047800124965701571e+03
1.375471557649257875e+03
1.508804540537068760e+03
2.119626501075827491e+03
1.883304883920932298e+03
1.469799453831769824e+03
1.616122164804306522e+03
2.230256445295976391e+03
1.721722790055611313e+03
1.578730666050530090e+03
1.926713632588606515e+03
2.049707503926540539e+03
1.600529768520517109e+03
1.721735934716426527e+03
2.139072084371360688e+03
1.553239486374460512e+03
1.604445611503473856e+03
2.128497622391490495e+03
1.633277334360884879e+03
1.597263334218232330e+03
1.955244849805394779e+03
2.086703250389326513e+03
1.504852527395977859e+03
1.558750568775481952e+03
2.328765662224594962e+03
1.585923572094663768e+03
1.560300712790000034e+03
1.792706848751261077e+03
2.138502405689164789e+03
1.592718526780349521e+03
1.598898820943539022e+03
2.261245696335332923e+03
1.561335236257648148e+03
1.620184737453510252e+03
2.173047650412395342e+03
1.748464810227343150e+03
1.602123614115571854e+03
2.067909925541159282e+03
1.740646052071538179e+03
1.640048823240322008e+03
2.042401726427140147e+03
1.509530842335165971e+03
1.754695045834370376e+03
2.047974557298610534e+03
1.547349428578378365e+03
1.927793096777261553e+03
1.866893142494530821e+03
1.547340659426662114e+03
2.094534079560587543e+03
1.614973764306395196e+03
1.549918398904563219e+03
2.292526745065018986e+03
1.516001944364865039e+03
1.542630396257900657e+03
1.983761215110767125e+03
1.960817308354019588e+03
1.578541800136162010e+03
1.687273154803452599e+03
2.000329218579782491e+03
1.743861314805783650e+03
1.671736024899490531e+03
1.692341396919795670e+03
2.078926001680135414e+03
1.614128455125068740e+03
1.580404696785054966e+03
2.009663088780966746e+03
1.903894751978532440e+03
1.500061794570816119e+03
1.762064215867824942e+03
2.350279059066629543e+03
1.458177965083257959e+03
1.514300883652907032e+03
2.382510234744828722e+03
1.926670726218491154e+03
1.330680038940541408e+03
1.612977057379180451e+03
2.496746376170653548e+03
1.485242309946391515e+03
1.540385845462257521e+03
1.776446869256505124e+03
1.740561775428217061e+03
2.049520839479911501e+03
1.950025777200535686e+03
1.495215419516644715e+03
1.882959251076099463e+03
1.981939968913922257e+03
1.466209521247106295e+03
1.945704595447809879e+03
2.034807078781218706e+03
1.527081303582625196e+03
1.757120654034724794e+03
2.093883755737226693e+03
1.475297458833092151e+03
1.556020422803028168e+03
2.251042680914727498e+03
1.627233545003616655e+03
1.277186983778796730e+03
1.994520990273105554e+03
1.799307718323382232e+03
1.636195939825452797e+03
1.893133262901650369e+03
1.896446255468639720e+03
1.623465528178211116e+03
1.723569051558941055e+03
2.100397641472620307e+03
1.653102531343209876e+03
1.668882325898013733e+03
2.215879723329459466e+03
1.687381284854134037e+03
1.684786940287577863e+03
1.961686383121569861e+03
1.572136598795744703e+03
1.811076718316041251e+03
2.129879601932039350e+03
1.767424699864500326e+03
1.666638899241769650e+03
2.319612064059588192e+03
1.552174212708347113e+03
1.449521677279775076e+03
1.730315204618168082e+03
2.288150107127145475e+03
1.547463407854794696e+03
1.515927534651225642e+03
1.721229577089031409e+03
2.206451168900949142e+03
1.619378418496944050e+03
1.535399864938216751e+03
1.886479595342091216e+03
2.216725203659555518e+03
1.503688443549406884e+03
1.550207968808628038e+03
2.067671571060219776e+03
1.975407923935109466e+03
1.532809622489474805e+03
1.700623338514797979e+03
2.225141951899933701e+03
1.577062623665697174e+03
1.690187400291138147e+03
2.108187047373830410e+03
1.558220120406091155e+03
1.619642454492676734e+03
2.167765745736986901e+03
1.619739323536092570e+03
1.508082389612264933e+03
2.210623457325361869e+03
1.784865324105568789e+03
1.467904662269379060e+03
1.637287294403877468e+03
2.350067992031857102e+03
1.563021889261519618e+03
1.482611995121240625e+03
2.156330055308192186e+03
1.784690215534359140e+03
1.521637011190053045e+03
1.677412405791978244e+03
2.367285961299273822e+03
1.570195943257886029e+03
1.575001264778961968e+03
1.772954018294581374e+03
1.715675155178492105e+03
2.470767277826274949e+03
1.487568629638094990e+03
1.585224551392162994e+03
2.295443452442666967e+03
1.475427619139022227e+03
1.547121035559344591e+03
2.322774308944286076e+03
1.505108497242818430e+03
1.649619641611532415e+03
2.138717054872275185e+03
1.479228063763885757e+03
1.300927440942496105e+03
2.284212285304522538e+03
1.709161648596403666e+03
1.488750359455973921e+03
2.216821871659165936e+03
1.652029599651581975e+03
1.508688273241432853e+03
2.143589327820365270e+03
1.727212601362568876e+03
1.622058994241729579e+03
1.915936400022554153e+03
2.041175579382067781e+03
1.497636363009456318e+03
1.656019625326820687e+03
2.312413444363473445e+03
1.494504585140495010e+03
1.585998986176702147e+03
2.136741374500081747e+03
1.796699753786709380e+03
1.538508005888018715e+03
2.008539634082101884e+03
1.821665447607805390e+03
1.543815700332604820e+03
1.909829899705536718e+03
1.928621517788640404e+03
1.574655591544313666e+03
1.735193082675663618e+03
2.144975139426103851e+03
1.596383930598749203e+03
1.587000252967128063e+03
2.079355585828384392e+03
1.952973825326635961e+03
1.532039422313160458e+03
1.610795941698716206e+03
2.318121876844215421e+03
1.659174427165622092e+03
1.534675433932559599e+03
1.745039497025151150e+03
2.289757381978895864e+03
1.542551848580019168e+03
1.543366421108836676e+03
2.019609410659714968e+03
1.921617613630704227e+03
1.484036578106587513e+03
1.672490229241931047e+03
2.387966314578208767e+03
1.481555827215989439e+03
1.442110637633494434e+03
1.958468794747368293e+03
2.092885748468558631e+03
1.492492384088295239e+03
1.499263846076127038e+03
2.249277947613775723e+03
1.517772236182817096e+03
1.569967240111296860e+03
2.210995410318495487e+03
1.499229984789517630e+03
1.559757810979722763e+03
2.226319470276675020e+03
1.786960005980489996e+03
1.454323475149471733e+03
1.915615229341076883e+03
2.050066182348487018e+03
1.490818621188249608e+03
1.789221078329732791e+03
2.272895581092980592e+03
1.504679423355983545e+03
1.501160538269457675e+03
2.675978081673396900e+03
1.476617610350063160e+03
1.479521945733860321e+03
2.081880882566521905e+03
1.943417129543774081e+03
1.426991991637344427e+03
2.107314533587899405e+03
1.716098698423556698e+03
1.494649202845674608e+03
2.110253963624722019e+03
1.848199225882364544e+03
1.506085387990988238e+03
2.000423540675549020e+03
1.958612646325744890e+03
1.418664538646391975e+03
1.769000017360460788e+03
2.071707996397093211e+03
1.561963346139036048e+03
1.609400926553621957e+03
2.244103960868854301e+03
1.577117079277640187e+03
1.569126526163191102e+03
2.330338163919037470e+03
1.468345429459336628e+03
1.495265493844738558e+03
2.106150489452298643e+03
1.741126739796767424e+03
1.518269165301009707e+03
1.789062087043845167e+03
2.078244002020404423e+03
1.613799789714546932e+03
1.595135181266404288e+03
2.306534267381481186e+03
1.974736986469659087e+03
1.535256181767534827e+03
1.544948428251314681e+03
1.814400141987257030e+03
2.329309729820521625e+03
1.450629317410175418e+03
1.491421571934028407e+03
