2.510030779247420469e+03
3.138488340227153003e+03
7.504205186591154870e+02
8.356895196548655349e+02
3.309426765292531854e+03
2.672752020683116370e+03
5.140151406911257936e+02
1.193542062227346605e+03
3.394208369757174751e+03
1.262199722740326024e+03
7.238049302790071806e+02
2.780675160248096290e+03
2.827972972261001360e+03
8.836033495661486086e+02
8.477364732250315456e+02
3.248518913687925760e+03
1.518950465496092647e+03
7.516108569813028453e+02
1.508395536575939104e+03
3.254795837391789064e+03
1.343213861075246996e+03
9.616660688693748398e+02
1.444714020614663241e+03
3.093166725681972821e+03
1.477150771832179316e+03
1.128001330822278987e+03
1.797704512992888340e+03
2.901472598803115488e+03
1.328338161141793307e+03
1.208173218794156810e+03
2.392994044628277607e+03
2.469302575819117919e+03
1.176531993579904565e+03
1.159238307863464115e+03
2.298588447546736461e+03
3.233533841276818293e+03
2.332646266743731758e+03
7.603625947403016880e+02
4.507789086825000595e+02
9.093858384253717304e+02
1.426391099055320637e+03
1.744422585550290933e+03
1.805370335075998582e+03
3.052782201177488332e+03
1.755304564339200397e+03
1.533545155299442513e+03
1.678886426302804921e+03
1.825584415401345723e+03
2.702175579105432007e+03
1.692114066707111988e+03
1.416170116873063762e+03
1.958653942414625362e+03
2.856047989840005812e+03
1.172135938720658487e+03
1.250672760811052740e+03
1.578420877396011974e+03
3.633571903088783074e+03
1.730109858095911477e+03
4.842921900870666718e+02
1.355438318682304043e+03
3.274063262228974963e+03
2.346376250131033885e+03
9.115540692454835607e+02
1.187294256080022706e+03
3.163167140770628976e+03
1.848727239828279153e+03
1.151765589207878520e+03
1.068063597340984188e+03
2.397105698831736390e+03
2.498976809251467330e+03
1.188372676106679592e+03
1.203679164381890814e+03
1.774577718921321093e+03
1.606574669736247415e+03
1.736995769024901392e+03
3.104659645617431124e+03
1.468540629183607962e+03
1.583422522141349646e+03
1.175818026284789994e+03
4.987161179364360351e+02
3.589349098194760700e+03
1.640212872860883408e+03
7.038115811210273023e+02
2.691597856179548671e+03
2.667374204546927558e+03
6.441850091724602407e+02
1.106155072685176719e+03
3.436411705939872718e+03
1.415131398515090950e+03
5.090760007533195903e+02
2.869230230810135254e+03
2.320225914245609601e+03
7.629719247735708905e+02
1.550524720316552475e+03
3.165883616600160622e+03
1.076000358903063216e+03
7.297062910735381820e+02
2.821887986470465421e+03
2.685390348291983173e+03
4.815667955951696513e+02
2.996857659977908497e+03
2.351757835134261313e+03
7.139865627302692701e+02
1.071391843245248765e+03
3.072923674418521387e+03
1.977914861785085122e+03
8.702110072875389051e+02
1.350816213084761102e+03
3.198998555482404299e+03
1.367331104820836572e+03
9.306872620343140170e+02
1.338055558172073916e+03
3.222402370402402539e+03
1.536902388253044137e+03
1.029907167293645898e+03
2.268463360499973533e+03
2.624022176386276897e+03
1.075593359250455933e+03
1.214521686500061833e+03
3.393343515303924505e+03
2.920157772486137219e+03
3.509628839626071226e+02
5.585368686885639136e+02
3.448647220058672247e+03
2.050632071679528053e+03
3.735580537024713976e+02
1.475435449983067201e+03
3.545217554723478770e+03
1.296867800877598484e+03
5.544176725279412494e+02
1.467188337083974602e+03
3.423893037774037111e+03
1.583577266435393540e+03
8.092763479619209193e+02
1.240673073714325483e+03
3.489654586442316486e+03
1.817533217771263935e+03
4.934068421076996742e+02
1.316481550713678871e+03
3.362526364976822606e+03
1.716680024514191246e+03
9.974795572410193927e+02
1.261300838062959201e+03
2.781573244757636530e+03
2.407032852491335689e+03
1.124009760570088474e+03
1.393607058314511960e+03
1.935492408633321929e+03
1.464875345213303945e+03
2.947398615336262083e+03
2.197122653041423291e+03
1.128617333973052155e+03
1.275980888941070816e+03
3.047976911240511072e+03
2.012301736647187681e+03
1.045343131974889729e+03
1.026468137453279724e+03
2.819972956566466110e+03
1.939918119158776335e+03
1.120663417347582936e+03
1.145376467594075848e+03
1.822705021189174886e+03
1.560117771003403050e+03
1.183884620901059861e+03
3.522285485157206494e+03
1.624927623059579901e+03
8.664548503569694731e+02
2.629211334513760448e+03
2.689758504028422976e+03
7.897304999598127324e+02
1.209622356589705760e+03
3.318195166691427858e+03
1.199113444902321817e+03
6.248164923358970100e+02
2.968391668531042342e+03
1.986522635034789801e+03
8.132775367242968514e+02
1.903829118301095377e+03
2.932964245864892291e+03
9.496532041316986579e+02
1.099898935860163419e+03
3.161272585927009004e+03
1.872589883736215825e+03
4.132655970593136203e+02
2.198245295440552582e+03
3.021018154134732868e+03
9.362533130820122551e+02
9.531572885553171091e+02
3.052140748917645396e+03
1.949737157582748068e+03
7.170009023463331914e+02
1.881860689781090059e+03
3.005333723986773748e+03
1.000708340696340088e+03
8.391356625997168521e+02
3.138209087326617464e+03
1.940238771951086164e+03
9.030943840325536485e+02
1.882389685888914073e+03
3.002424337599064529e+03
9.945089463148412960e+02
9.508461782345495976e+02
2.645036132469506356e+03
3.422780322815643558e+03
7.596656556985742554e+02
5.335598383957766373e+02
2.879433470933049648e+03
2.540670316462049414e+03
6.320376183708026474e+02
1.042614972922913921e+03
3.375168331865378150e+03
2.261135381216135102e+03
4.680654766577559940e+02
1.052245534028780185e+03
3.324386592433319947e+03
2.013785908409359536e+03
5.672755335609747362e+02
1.553570890204763600e+03
3.357057364328048152e+03
1.222864142011372678e+03
8.331052076460430271e+02
1.587217497517256334e+03
3.427129439071683919e+03
1.426493622140488924e+03
8.455570461785562202e+02
2.846264923279904451e+03
2.673652666123770359e+03
7.070150420868993706e+02
1.035901936278412904e+03
2.695639305714723832e+03
2.427024588696337105e+03
1.081625056716713289e+03
1.123256993840892164e+03
2.673615162889661860e+03
2.177890366269054539e+03
1.151154818445590990e+03
1.398349185302455453e+03
2.824076440377321887e+03
1.604186709595541970e+03
1.109833450298114712e+03
1.618891694398335858e+03
2.924265682182340242e+03
1.466376289177431772e+03
1.152823208839576864e+03
1.498148963842764715e+03
3.418038292296152122e+03
1.724623733884444619e+03
5.851079555235041880e+02
1.080705574739792837e+03
2.881495043734503270e+03
2.238102501780103921e+03
9.850299456132587466e+02
2.024611707825053372e+03
2.800782928544127117e+03
1.120230332192966216e+03
9.260622492711363520e+02
2.908320890007262278e+03
2.013045531613893445e+03
9.571903729494800928e+02
1.832707286244130046e+03
2.713272394854510367e+03
1.199801585706105698e+03
1.117217068181091690e+03
2.872375631123654330e+03
1.673768200826610382e+03
8.644384646548663795e+02
1.826817816631812093e+03
3.212894292080433388e+03
9.384047500956331760e+02
6.029014660380206578e+02
2.166794346448278702e+03
3.339559755592886177e+03
1.091548034535721399e+03
5.353142888979249392e+02
2.869262773164704868e+03
2.652466135587194003e+03
5.494777943385383878e+02
1.057704741525522195e+03
3.409241678195861823e+03
2.094522186200712895e+03
5.648615627481802903e+02
1.178389138045612299e+03
3.156860344500955762e+03
1.878827541668198819e+03
