1.478230463630554823e+03
1.698383771921932521e+03
1.857267927312893107e+03
1.932151551087330290e+03
2.035275953403717267e+03
2.040487957777918837e+03
2.028526702275467869e+03
2.070599492738476783e+03
3.024324929070217422e+03
2.358872999242940296e+03
1.479764523770425967e+03
1.577728567339663641e+03
1.729750315372667274e+03
1.875615998391907624e+03
2.029193704315986679e+03
1.981538908414052003e+03
2.030860084120981355e+03
2.013090068786786105e+03
1.984895248620518259e+03
2.093472433986888973e+03
2.039317148951463651e+03
2.005392096300249477e+03
2.073704111907296465e+03
2.035697886054257651e+03
2.014608049039100479e+03
2.090223969821449828e+03
2.007729547407382142e+03
2.048483259577409626e+03
2.036393026551719004e+03
1.982869611565816285e+03
2.076230726255830632e+03
2.456716117349074466e+03
2.838508618236000530e+03
1.464023574949326076e+03
1.575156968416737300e+03
2.025923657933611366e+03
3.956925175339864836e+03
2.413168819660670579e+03
3.745879068628045729e+02
1.183897576303642154e+03
3.281473734274331946e+03
1.638213883939983361e+03
8.275095133372957434e+02
2.427443438353352121e+03
2.859857520555047813e+03
8.845615426284394971e+02
1.587249789406715536e+03
2.845228932753450408e+03
1.312642546149273585e+03
1.249093640996536578e+03
2.576023930393224418e+03
1.973992836153218377e+03
1.303591427389331557e+03
2.132616288868237461e+03
2.701303011811598481e+03
1.467609495969127693e+03
1.604115660080577072e+03
2.620849526012829301e+03
2.624118261431803603e+03
1.387224084131478321e+03
1.491930294662079177e+03
2.785726321336609089e+03
1.918996726328369277e+03
1.428827815305097374e+03
1.996719242410697916e+03
3.058111971451435693e+03
1.634600364500587602e+03
1.368703289421661339e+03
2.946482484063822085e+03
2.157898141808593209e+03
9.750275178934384712e+02
1.847537313253147659e+03
2.958419449472224187e+03
1.529741088776007018e+03
1.263283298247957418e+03
2.543499495202579965e+03
2.282917328901088695e+03
1.625888652911539339e+03
1.916682694350261045e+03
2.038888079264505905e+03
2.606234011666792412e+03
1.427299469084610564e+03
2.121673797314111653e+03
3.099624859378311157e+03
1.320120449281034780e+03
1.382964105794757188e+03
2.854724460531404475e+03
1.901897914241392073e+03
1.192883828398183823e+03
2.932983480568584127e+03
1.815687339328283315e+03
1.096355491208218837e+03
2.234603333496012056e+03
3.015356228282470965e+03
1.197459336857102471e+03
1.404396767168117776e+03
2.674337857495263961e+03
2.065995311662633412e+03
1.120525719521108385e+03
2.537324859215579181e+03
2.344482483272457557e+03
1.059194374355927039e+03
1.899966247835166087e+03
2.851607063488768290e+03
1.233762733349745531e+03
1.656493544671139034e+03
2.898753799025774242e+03
1.505567509569327058e+03
1.417329038355807597e+03
2.752048723532333042e+03
2.370472908065703905e+03
1.343467049992839293e+03
2.143476491519112642e+03
3.133054915658543905e+03
1.566241478268707397e+03
1.427118780379514419e+03
2.784699546335223658e+03
1.911972053753604541e+03
1.186865879797433081e+03
2.322023948808420300e+03
3.336354946686384665e+03
1.764411990092572978e+03
9.572951028880278272e+02
1.502878875285408640e+03
2.622489993115318157e+03
1.751211329255274222e+03
1.670228122330880524e+03
3.079954453152982751e+03
1.841068416663753396e+03
1.099601559770655285e+03
1.604309564823543496e+03
1.899493021221109757e+03
3.308772813124391178e+03
1.658165988429921299e+03
1.240315763712374292e+03
2.346150937649108982e+03
2.785121336604300268e+03
1.396969146226364956e+03
1.193657118712666716e+03
1.911444255973850204e+03
2.597752138656561328e+03
1.650680588161950482e+03
1.709441100356785910e+03
2.846772919606023152e+03
2.158933736650335049e+03
1.515810096650356627e+03
2.081078192170471993e+03
3.039399465524578318e+03
1.482738938842545394e+03
1.281749092715720053e+03
2.950021070573512134e+03
2.133087722502369616e+03
1.173541198772863027e+03
1.397024270638562029e+03
3.139789462760948936e+03
1.805837939734737347e+03
1.165953129373018328e+03
1.985646134823290822e+03
3.347543088056956549e+03
1.430474977617437389e+03
1.183223423510569091e+03
1.638854812516470020e+03
1.868000240837506226e+03
2.737080061821701747e+03
2.552073077601304249e+03
1.359810678744189772e+03
1.868749734696519909e+03
3.382676843434351213e+03
1.365400696434978727e+03
1.257392179738884806e+03
2.935277602727985595e+03
1.972007944145897909e+03
1.085171998683397533e+03
2.128310469938687675e+03
2.897442095332882673e+03
1.135943307476170503e+03
1.856222154166195878e+03
3.156709749416132581e+03
1.167252145434354134e+03
1.262151383548706690e+03
2.828962758699984533e+03
1.950555557828424298e+03
1.226153821597965134e+03
2.373505097154346458e+03
2.505376289982802973e+03
1.259802482516283590e+03
1.623236549098558953e+03
3.367941566054789746e+03
1.838597961445885403e+03
1.065388595238594235e+03
1.914317564826242688e+03
2.800641881765272956e+03
1.366367608996416038e+03
1.658881908517118063e+03
2.933088578623470312e+03
1.706605466937399342e+03
1.406198873253227248e+03
2.435006024175354014e+03
2.485091649180514651e+03
1.397244727895620599e+03
2.185141879097962374e+03
2.954163285032510430e+03
1.328482351876971961e+03
1.478150095809819504e+03
2.922997657974324738e+03
1.800920800169758195e+03
1.216530108947249801e+03
2.115593257224788886e+03
3.795528249201901417e+03
1.578649988084302549e+03
1.381965606455521993e+03
1.408665952855596515e+03
2.515557086228323897e+03
9.812921027544998651e+02
1.405655170482952371e+03
3.657508824488407299e+03
3.885870076772567700e+03
1.183003970465252195e+02
5.707922812267836434e+02
2.099412348611633661e+03
2.228015668806727263e+03
1.268603064754608795e+03
1.656443763566698181e+03
2.796701635983625692e+03
2.376760011601122642e+03
1.492502553058408466e+03
1.851473204098097767e+03
2.905462424967462084e+03
1.572252793910869968e+03
1.769868413031412501e+03
2.986846962676534076e+03
1.695063470698483798e+03
1.210740245558422203e+03
2.448858768952035007e+03
2.251997778082612967e+03
1.266752841629037675e+03
2.111177177735170972e+03
2.784412078364655372e+03
1.386185230759265551e+03
1.730634298222341158e+03
3.199650422097464343e+03
1.807634381164264141e+03
1.246083655919793728e+03
2.219007594854669151e+03
2.576771989512897562e+03
1.402390508091984884e+03
1.816590353604458187e+03
1.848350793975258284e+03
1.845363726545806685e+03
2.159345999084962841e+03
3.420581030555694724e+03
1.443499102928573848e+03
1.169242379526443983e+03
3.001838541912758501e+03
1.725198123330284261e+03
1.104076555332380167e+03
2.461577726819901727e+03
2.862806466070717306e+03
1.077057108199879849e+03
1.677711904687783090e+03
3.725045831147568151e+03
1.256656243431056055e+03
1.017693426660168825e+03
2.852324012641340687e+03
1.859958583041929387e+03
1.117303497343061053e+03
2.489517281756126067e+03
3.356079115845715478e+03
1.699630761460101212e+03
4.142145384279513564e+03
1.651054557418046898e+02
1.092615020857807018e+01
-2.764650561135784557e+01
1.175369201365146182e+03
3.177645748464367898e+03
1.642324191066616777e+03
2.332116023399269125e+03
3.127465940304171909e+03
3.245274073591770957e+03
3.104648796880529972e+03
2.554612224801553566e+03
4.027884630471999117e+03
2.648067318481486382e+03
2.566859151140188260e+03
