2.141763634111678130e+03
1.902489091156109225e+03
1.932740171185454528e+03
1.962518379528908326e+03
2.510895279507936266e+03
2.072250089179386123e+03
1.885719918085413383e+03
1.910347347933859965e+03
2.381246051637916025e+03
2.103272516553512105e+03
1.872420747016467658e+03
1.896482823021804279e+03
1.998846694039050590e+03
2.672310518207108998e+03
1.881142307419620238e+03
1.868437206062161749e+03
2.018116593207092592e+03
2.630845737551013826e+03
1.817422050100637762e+03
1.810988389580901185e+03
2.552822015791969079e+03
2.130229636772935464e+03
1.700288855942895907e+03
2.020633675953603188e+03
2.628133695621165771e+03
1.640730428630340612e+03
1.659856869459618110e+03
2.685166493964873098e+03
2.006459497473776537e+03
1.564319145019839652e+03
1.835084302843885553e+03
2.990240683371490377e+03
1.613630550346128075e+03
1.532820549448426846e+03
1.951310631651864242e+03
2.963189483737188311e+03
1.526543295703265130e+03
1.515128167674103452e+03
2.337912773679104248e+03
1.958849260599657327e+03
1.551404719288880869e+03
2.226140026773310183e+03
2.143261795106718637e+03
1.550454638667278687e+03
1.838122882622614497e+03
2.750487974981819207e+03
1.625324329681378686e+03
1.594632404671805944e+03
2.643407528135350276e+03
1.741872094132309940e+03
1.579596892248657014e+03
2.350471229150741237e+03
2.079971358325669371e+03
1.564777084250067446e+03
1.882065165109725740e+03
2.705573670544905781e+03
1.588075230056282862e+03
1.647590225190357842e+03
2.766443666803090764e+03
1.918440686578173427e+03
1.546289584420389929e+03
1.701254473467819253e+03
2.873178913603132514e+03
1.674578009925420702e+03
1.550127598470599878e+03
2.251140910954340598e+03
2.359112860363542040e+03
1.531738175612038731e+03
1.995689174477131246e+03
2.672826502353027081e+03
1.501714354546508957e+03
1.688043602402461374e+03
2.567490728500588830e+03
1.981232464028981440e+03
1.546768729628899791e+03
2.323664494203330378e+03
2.171976920205470833e+03
1.515744434572319506e+03
2.134183168035885501e+03
2.630240738443766986e+03
1.562870188434572356e+03
1.559066185677201474e+03
2.691188402501569271e+03
1.820437413661093387e+03
1.515462103877765230e+03
2.598939544666165148e+03
1.822386498652615728e+03
1.602278430746018557e+03
2.241856767939324072e+03
2.067865374227831580e+03
1.574344910465000112e+03
2.022377879384945572e+03
2.532524114633525642e+03
1.575267372542884686e+03
1.731274370702314854e+03
2.764037093338838076e+03
1.612355945967359503e+03
1.628305012210281802e+03
2.136316113170601056e+03
2.843538117878209505e+03
1.540668985833597390e+03
1.605697201908011266e+03
2.367571712410915097e+03
1.989773510537861284e+03
1.636145939542913993e+03
1.990932154704253435e+03
2.635652752136675645e+03
1.602257033374495677e+03
1.646848667615573731e+03
2.604134993106793900e+03
1.869885063324455587e+03
1.601788149633000103e+03
1.914940618333974044e+03
2.776636840907231090e+03
1.679036337995948998e+03
1.615439556929906075e+03
2.353534861643947806e+03
2.332962889729484232e+03
1.552121122546687047e+03
1.647573633995404634e+03
2.780138367032100632e+03
2.049090083361076267e+03
1.480679793710650756e+03
1.736052291526897989e+03
3.131138496415531790e+03
1.615910498759711345e+03
1.473559532118114021e+03
1.872323942528749967e+03
2.559275284494148309e+03
1.520254538852961105e+03
1.600115554729345831e+03
2.268152184555123767e+03
2.232350545019159654e+03
1.581442119152809482e+03
1.646322409437327224e+03
2.503402938714930769e+03
1.991607311699455295e+03
1.651402369066939855e+03
1.770920438582340466e+03
2.773616636809348165e+03
1.792874754273155077e+03
1.662447866888682483e+03
2.320379969745183644e+03
2.294510680087361834e+03
1.605975104845298119e+03
1.769114847259591443e+03
2.868312025069249557e+03
1.714036538239683523e+03
1.609964837747641013e+03
2.341175446767506855e+03
2.222920101001624062e+03
1.574501963533218031e+03
1.775746688728043864e+03
2.934649437146212222e+03
1.722097103887887897e+03
1.563612404039639841e+03
2.064655568064109048e+03
2.728352651785395210e+03
1.571593724599509187e+03
1.629998163410456073e+03
2.687336870837600145e+03
1.862376123285406493e+03
1.743774692736226598e+03
1.659265258267846320e+03
1.662467905751712578e+03
3.140724875153840003e+03
1.815946997584244173e+03
1.520401689584597079e+03
2.116339235339062725e+03
2.641195372298755956e+03
1.476270523842569446e+03
1.675604465767625925e+03
2.937746952878512730e+03
1.648191582640458137e+03
1.507639266203637362e+03
2.026249621061420839e+03
2.776350902382487675e+03
1.489775113713796827e+03
1.583468218126227384e+03
2.817265410419383898e+03
1.860131984874791897e+03
1.476944706882231230e+03
1.750448033291027286e+03
3.104017280128277434e+03
1.635015308248361407e+03
1.461248637404014971e+03
2.149704343070250161e+03
2.547524790351558750e+03
1.459999253961732620e+03
1.585539062006361519e+03
2.926315795671931937e+03
1.798331434211326723e+03
1.446184841252378419e+03
2.323833571224284242e+03
2.543956725758452194e+03
1.421045099648046516e+03
1.551385250772560539e+03
2.722303995506803403e+03
1.863666553556160807e+03
1.441615183145019273e+03
1.910649890175557630e+03
2.661589324321822005e+03
1.573120890876880139e+03
1.564416222258367043e+03
2.239807556774484055e+03
2.787203390329691501e+03
1.458752163289533428e+03
1.538660017419297674e+03
2.730797888710140796e+03
1.808809734410897590e+03
1.524038379217068268e+03
1.877433021659780252e+03
2.696814545046489457e+03
1.592341564288184372e+03
1.617829311810601439e+03
2.113466932150496632e+03
2.532685292345346170e+03
1.574616863013761304e+03
1.649051167582422522e+03
2.574576817900094738e+03
1.976557069157012393e+03
1.637652432759568910e+03
1.740633204004745267e+03
2.767742072005037244e+03
1.824374329376913465e+03
1.650056627029018955e+03
2.092617156931733916e+03
2.434019290290966183e+03
1.641611656172631228e+03
1.738175212817825695e+03
2.812911857734578007e+03
1.729789941982449363e+03
1.643657940117492217e+03
2.253747152526980244e+03
2.325762418172058915e+03
1.610545139126108097e+03
1.704320264621989509e+03
2.704300336990054348e+03
1.937537634349082282e+03
1.599048459048585073e+03
1.690439511097593822e+03
2.437542819169038466e+03
1.950499454584459272e+03
1.689550239380008861e+03
1.761228815376303373e+03
2.494718322167387214e+03
2.418225534298685943e+03
1.616934461070512043e+03
1.736200522259376839e+03
2.941566879369551316e+03
1.973990926690555170e+03
1.534393716646070970e+03
2.301589228253837064e+03
2.644011625731347067e+03
1.529644482526258571e+03
1.625898433876976242e+03
2.646086603142039166e+03
1.819519197269908545e+03
1.569230549454604443e+03
1.904060870055350961e+03
2.829061420695519246e+03
1.570683413514056383e+03
1.595942081512923778e+03
2.588122060535774835e+03
2.019290368426895157e+03
1.545321568151719930e+03
1.718250081016607282e+03
2.541042663482619901e+03
1.796198643320820565e+03
1.493843309735879757e+03
1.851213726664382420e+03
2.890240394424977694e+03
1.509545116029139535e+03
1.524958615493051411e+03
2.288895917121137700e+03
2.432869494281893822e+03
1.499328767280171860e+03
1.661315781112747118e+03
2.936546964120543180e+03
1.626943184228997097e+03
1.531409263776104581e+03
2.148280180774633209e+03
2.305427724854319422e+03
1.537659876925958997e+03
