2.373376116046639709e+03
3.464495239244239656e+03
1.133764905815842440e+03
6.819199255191581415e+02
1.227804525114705257e+03
2.117569174260195723e+03
3.308077053106170752e+03
1.367921009460972073e+03
5.609556828100047596e+02
1.043867959707090677e+03
1.890633359886574226e+03
3.491352527618721524e+03
1.594908763012174859e+03
6.358263166812051850e+02
1.177776955059471220e+03
2.831443581089587042e+03
3.197171477919132940e+03
6.607689795787268849e+02
6.382580618288975529e+02
1.586028312151996261e+03
3.260806196357629233e+03
1.838273674370546587e+03
4.541526087105056035e+02
9.334072372818588974e+02
2.084435541511496467e+03
3.489766903419392293e+03
1.399733209761335274e+03
5.695184901166416012e+02
1.092866132877877817e+03
1.704950076771665636e+03
3.494399602175541986e+03
1.769702818640418627e+03
3.902345336066993013e+02
1.255428347906599811e+03
1.631563538107925979e+03
3.776677533795599174e+03
2.131426019319555053e+03
3.624023878309761812e+02
9.858942090305824877e+02
1.622998843948047124e+03
2.468878774784079724e+03
3.465899602021508144e+03
9.622996731169000668e+02
7.235314481101103183e+02
1.179541196749958772e+03
2.280652642682867281e+03
3.246922278192271733e+03
9.558728030269546707e+02
8.043355626859890890e+02
1.536814820749683577e+03
3.181668502500115665e+03
1.834210778677017061e+03
5.871490318234638153e+02
9.565634214155139716e+02
2.298592327189977823e+03
3.316049640811650988e+03
1.187467483882868919e+03
7.439494397526200373e+02
1.201244638881818219e+03
2.147355901752804584e+03
3.267447470570225050e+03
1.340801434611022614e+03
5.962225645262008129e+02
1.317413052050728766e+03
2.837013304926958426e+03
2.840864560626213006e+03
8.221389822814182935e+02
8.649146349173289536e+02
1.607315253960188329e+03
2.968104880523394058e+03
2.569950521472439505e+03
7.661588736676834515e+02
8.509766701350488347e+02
1.553301282876414916e+03
3.259636548982076420e+03
2.105488119703688881e+03
4.516169356145166489e+02
1.176601177944535266e+03
1.455464083001773815e+03
3.569311845085565437e+03
1.071025046539257119e+03
6.340254362215050605e+02
1.515317960457865865e+03
3.771509875154083147e+03
1.500594514478494830e+03
4.641171035763866826e+02
1.207501718160747942e+03
2.250055959931555662e+03
3.610293299870143073e+03
8.935842222237508850e+02
5.105091109167298669e+02
1.324607478210947420e+03
3.628076358806657481e+03
2.036731412979818970e+03
1.189896452205959321e+02
1.072781494554732944e+03
1.879952771912903245e+03
3.534361779386084891e+03
1.989565676659662358e+03
3.215782417754759877e+02
1.090055555578200028e+03
1.376953711356905842e+03
3.394049551718641396e+03
2.607966555079144200e+03
2.993903172433040822e+02
8.896539512597937573e+02
1.578561450678167148e+03
3.262358975603671297e+03
2.932693724072332770e+03
3.144890995249685943e+02
8.109608206365398928e+02
1.401460546883847883e+03
3.422166028047372038e+03
2.805597380173082456e+03
2.117574928323937229e+02
1.034408325635439951e+03
1.361901737981746237e+03
3.572147892906659308e+03
2.891383457473919407e+03
2.223741243819576425e+02
9.283618732728676832e+02
1.786045180975356743e+03
3.441824636961021042e+03
1.741185542668663174e+03
5.272106677752813084e+02
1.111630965402504216e+03
1.736877750500792672e+03
3.536498111845824951e+03
1.806280400172856162e+03
4.310388400766262293e+02
1.177931745729773183e+03
1.325765699787881658e+03
2.812788891118775155e+03
3.465373770725230315e+03
1.007610110814154496e+03
4.356416353402852906e+02
1.280337978779379000e+03
2.412616160655206841e+03
3.319586637794599483e+03
7.213758467731828432e+02
7.809413881678493681e+02
1.372603978733563508e+03
3.037762556546910218e+03
2.547338445749066523e+03
7.352852925512780757e+02
8.580874882991980712e+02
2.023234510973562237e+03
3.240212223382236516e+03
1.576464903729924117e+03
7.130416846416142107e+02
1.086357969266277905e+03
2.829814074733282723e+03
2.862493142630162311e+03
7.076244373463101738e+02
6.647452429011633512e+02
1.477236492146652836e+03
3.059177002581212491e+03
2.621577542851128783e+03
5.845838492248614102e+02
7.520670190216632136e+02
1.631152104350274158e+03
3.398950699043429722e+03
2.506837837083748582e+03
3.992247077942431019e+02
7.539432943953067934e+02
1.608092650256939351e+03
1.802117062356293445e+03
3.373319575327575876e+03
9.327633761420373730e+02
1.199305991410361230e+03
3.095225619058428492e+03
2.953150597601879781e+03
5.512634650279564994e+02
4.679714951120100181e+02
1.480880394427614647e+03
3.646132598343507198e+03
2.118769976848530860e+03
4.490552237999880276e+02
9.104541702751827188e+02
1.399001647995423809e+03
3.491664742852737618e+03
2.950675869237586994e+03
2.034522109013839213e+02
5.194655641822465668e+02
2.639116391393785761e+03
3.455229529040970647e+03
3.659298259712316508e+02
5.761284025312985477e+02
1.588856546795174609e+03
3.630028361881997625e+03
1.824842755465995879e+03
3.725503850542503415e+02
1.012601756855244844e+03
3.260916371392570454e+03
3.031154892522517457e+03
3.305322224924736929e+02
5.926716377636070092e+02
1.793679410979651720e+03
3.631645273481491131e+03
1.842736252192005622e+03
3.336289331116900030e+02
1.192508228052848381e+03
1.788525571025813178e+03
4.078170352922458733e+03
1.611505588984651922e+03
8.010420283145735709e+01
7.823567634477975616e+02
1.618181578117957542e+03
3.988415723919104948e+03
2.755210578405509295e+03
-2.098925577394834363e+01
-2.607966775717521557e+01
9.300970776199777674e+02
1.561352184947387741e+03
3.722906881633527064e+03
1.535076348107130570e+03
1.379449617990987690e+03
1.357989356418190255e+03
1.291393881031111960e+03
2.180149340531829239e+03
3.306510388665697064e+03
1.137882126395108344e+03
7.572452557785074987e+02
1.460112935478012332e+03
1.631216657060568650e+03
3.729962781295662808e+03
1.884121009510291287e+03
5.282083080176251997e+02
1.137862006865929743e+03
1.952508532063013263e+03
3.691830574611723932e+03
1.300621901232857681e+03
4.304616151207554253e+02
1.356585212406744404e+03
1.784501369485844634e+03
3.819380025131875755e+03
1.353934670759949313e+03
3.496324954281524811e+02
1.226704442421762451e+03
1.862244799367638961e+03
3.592321825691729828e+03
1.360632993939508651e+03
4.566925039707994074e+02
1.057960935039366404e+03
1.855435079115219423e+03
3.859314660428230582e+03
1.677105098724834079e+03
2.830392688505519914e+02
1.178105691221258439e+03
1.356759078450103971e+03
2.527562699871360564e+03
3.855280578606297240e+03
7.817925220601565570e+02
4.721249214235373870e+02
1.414103361597563662e+03
1.867306842347999236e+03
3.687888230485595159e+03
8.713896778250145871e+02
8.427276989826632416e+02
1.293908450147542908e+03
2.597080435277202014e+03
3.648255826185143633e+03
5.279911291685684773e+02
4.281984500577526660e+02
1.396968359926547919e+03
2.661316687142383671e+03
3.822981997206490178e+03
5.463682545806665303e+02
3.853786948791175746e+02
1.164866816155918514e+03
2.905852233187846650e+03
3.317175608429971817e+03
4.668152106836503776e+02
7.815461697850081464e+02
1.520696014213316403e+03
3.141704769871112148e+03
2.923433750857775976e+03
6.256222349451583113e+02
6.159709225413024569e+02
1.473184524348569539e+03
2.751379963745448549e+03
3.174217158673634913e+03
8.921116845390890830e+02
6.173735565046902138e+02
