7.868602152034832216e+02
1.052431756011172411e+03
2.500412395064522570e+03
3.881612782742053696e+03
1.610259409390915380e+03
1.021215560665433145e+03
1.211707965672380851e+03
3.263088003311932880e+03
3.632021719883787682e+03
1.859911845916083621e+03
9.290256876760394107e+02
1.036031963144753945e+03
3.324114020568515116e+03
2.326605734832219696e+03
1.058657304645139220e+03
1.137886501437133575e+03
3.346676098052860198e+03
2.849197880908393017e+03
1.408484409708985822e+03
1.140085501508882089e+03
1.993949327042608729e+03
3.583447170866935721e+03
1.783064634311117061e+03
1.052293257058496010e+03
1.780716397446141173e+03
3.710269187406642232e+03
1.846451894694438579e+03
1.152297237618829740e+03
1.408358277288997897e+03
3.768834611852702892e+03
2.387119143509600690e+03
9.908358997232822958e+02
1.065731632985455917e+03
3.144065630527452413e+03
2.733277680436302944e+03
1.053796343118598543e+03
1.370762189622168080e+03
3.589120742874985808e+03
2.003321811548274582e+03
1.234190746208217661e+03
1.405743931512296513e+03
3.432321251178857437e+03
2.651763719516452966e+03
1.408521482968840473e+03
1.081636581813087787e+03
2.597341242785524173e+03
3.282096303688430453e+03
1.603240416732352742e+03
1.067908904955089156e+03
2.429411241303326278e+03
3.051476838992743524e+03
1.411592044790386126e+03
1.034645088130568865e+03
2.740233469258347213e+03
3.061657606787405257e+03
1.385322394003601630e+03
8.635839674908453389e+02
2.969965443243163463e+03
2.116894376966000891e+03
1.948990136453291143e+03
9.698565491049552065e+02
1.303599301256352419e+03
3.871482198005423470e+03
2.701550058751729011e+03
1.070949531793875167e+03
1.025347153029485298e+03
3.631600144535351319e+03
2.861735079649433828e+03
1.093891102859512330e+03
8.206206009740820946e+02
3.044618353440644569e+03
2.490322760694238696e+03
1.138455073456335185e+03
9.307567353161248320e+02
2.980390646973098228e+03
2.990162166326104398e+03
1.490474522132107950e+03
8.764053999457229338e+02
2.160603868880058599e+03
3.747697597912664150e+03
1.910548536811549639e+03
1.240020862725893949e+03
1.132965822584116950e+03
3.272266761194277024e+03
2.448816540752066430e+03
1.225599461146184922e+03
1.004691043511293287e+03
3.131613431665280586e+03
2.511667912231390801e+03
1.381204398431133995e+03
1.110451800167627653e+03
2.184279345888807256e+03
3.891053635729285361e+03
1.999591752351437435e+03
1.188658219291330852e+03
1.293306102573589897e+03
3.379971652688234826e+03
2.265974583969202740e+03
8.745813148681269240e+02
1.987357565087947478e+03
3.722632278261161900e+03
1.613822225063549240e+03
1.041351349993684607e+03
1.616058542533203081e+03
3.495959399217305418e+03
1.506049106965769397e+03
1.036337326356846461e+03
2.301166991459716883e+03
3.889124636206915511e+03
1.661751583544606319e+03
9.174395811094094597e+02
2.170210403046523879e+03
3.370678047369277465e+03
1.476115651124914393e+03
1.004562547528262712e+03
1.549623025169852326e+03
3.595699235482848962e+03
2.025078387051097025e+03
1.152377763177483757e+03
1.260111427944348179e+03
3.678844743431216557e+03
2.838524811183348902e+03
1.123862774827640578e+03
9.909750178069233471e+02
2.048856406195862291e+03
4.077759749297918461e+03
2.201947611105098076e+03
9.356706970582782787e+02
9.810247072602957132e+02
3.258271898405927004e+03
3.210835730086951571e+03
1.174736237179594809e+03
8.895383734415328263e+02
1.489996425593515823e+03
3.809827116209643918e+03
2.074425576172442561e+03
1.137798332939980355e+03
1.093338039983604858e+03
3.218232736330327498e+03
3.083743156735715274e+03
1.319549676272112492e+03
1.366083382359392317e+03
1.642031302576249118e+03
3.781717983689906760e+03
1.975741993973654417e+03
1.178204068149117347e+03
1.359834064894339235e+03
3.850567099059961492e+03
2.408226575657105514e+03
9.176303715707939546e+02
1.013478296295976861e+03
3.396499075302976507e+03
2.605042181556321339e+03
1.121396658612261263e+03
1.052068507802649037e+03
3.378190272957856450e+03
2.527736662242201419e+03
1.071184207157919218e+03
9.296349810593302436e+02
3.365881913951883234e+03
3.229832303418327683e+03
1.156284957213555117e+03
7.154589113785887093e+02
2.601698320527132182e+03
3.139180755007498192e+03
1.451013309721900441e+03
9.872811339159758290e+02
1.914140029549196015e+03
3.664051049255258931e+03
1.797372915225141924e+03
9.839665055658977053e+02
1.290030326430359310e+03
3.597522292644015579e+03
2.240154798569940340e+03
1.248332163819164180e+03
1.254374845366703539e+03
3.442876752039582243e+03
2.340066682314375157e+03
1.113945234079411421e+03
1.272736022575257721e+03
3.463144467961866212e+03
2.182041568310937237e+03
9.368651262341222719e+02
1.146066892011849177e+03
2.318361590201762738e+03
3.874275974431607210e+03
1.795612026259194181e+03
9.733004510271850904e+02
1.405944237071696534e+03
3.778172533738635593e+03
2.428529532299995481e+03
1.175524111163423413e+03
1.218584419097675664e+03
3.459409282169364815e+03
3.024864815340953101e+03
1.135899781095311482e+03
8.968059672097718931e+02
2.363311009030126115e+03
3.519534460957293504e+03
1.299211063633459617e+03
9.332677099779451737e+02
1.877138217022738900e+03
3.685283796570643062e+03
1.836835352469093095e+03
1.010520792702562744e+03
1.159049138666251793e+03
3.517203968751251068e+03
2.813975053448116341e+03
1.167361394120885279e+03
9.698472926370963023e+02
2.221824950891313165e+03
3.937718538474057823e+03
1.911728464240307630e+03
1.128447832165113368e+03
1.024549470497300490e+03
2.188936514779569279e+03
4.061646090187963182e+03
2.281441137102123321e+03
1.175576932105806691e+03
9.717612507996434488e+02
2.905634858556767540e+03
3.613181586917658478e+03
1.203765622049577587e+03
6.962595301861510961e+02
1.301654505230078939e+03
3.663005171276880901e+03
1.735231824586069024e+03
1.028792178188292155e+03
1.410612346141212356e+03
3.763868018098015909e+03
2.126580290488868741e+03
1.071897001247028356e+03
1.591613032082049131e+03
3.998842295564303640e+03
1.893884942324593567e+03
1.005373788975218986e+03
1.612417597017721164e+03
3.890498541630228829e+03
2.056988684269626447e+03
9.307071018464480403e+02
1.245195923659960727e+03
3.393544223180967947e+03
2.650708114357805698e+03
1.138445415230514755e+03
1.025199035762880385e+03
3.080710124695991453e+03
3.057526603693676407e+03
1.172325691299303116e+03
1.002840907119027179e+03
2.001851520130255267e+03
3.605841861880608121e+03
1.697069186504225172e+03
1.097737355508095561e+03
1.752411597006965621e+03
3.691121910200601633e+03
2.131418329471370726e+03
1.217157586681782050e+03
1.657802956403010967e+03
2.827843256925928017e+03
1.580671598376736483e+03
1.204864624912981981e+03
2.820509659376267336e+03
3.759408110977893102e+03
1.529672774770396700e+03
8.846012419117203081e+02
2.037687936989173068e+03
4.057085419441812064e+03
1.998191681827074490e+03
7.950807556398256111e+02
8.997913973892251533e+02
2.823870491507630504e+03
3.267452798349734621e+03
1.305514330177675902e+03
8.645650738001791069e+02
1.890481487902272193e+03
3.898806252710027820e+03
1.718572805231923667e+03
9.286532442993938048e+02
1.125474461748417525e+03
3.230088205590535836e+03
2.489016799370907847e+03
1.295563259189645578e+03
1.234599121484967554e+03
3.459600342083147098e+03
