3.100158466500236955e+03
2.523452802888185033e+03
1.005944255260356044e+03
1.553746320801483762e+03
2.241755867499871783e+03
2.982428926030078401e+03
2.056069909422194542e+03
1.162132201760955240e+03
1.465120222046605932e+03
1.860786890505448127e+03
2.818942728804963735e+03
2.371907072070649519e+03
1.120573318127528864e+03
1.580536249806533988e+03
1.860359911818797400e+03
2.102752302741146195e+03
3.092775376158146173e+03
1.215716029495416933e+03
1.492821458269666209e+03
1.899131712625755654e+03
2.070681808415961768e+03
3.104873040478566963e+03
1.190646634066604747e+03
1.526152373770902386e+03
1.849987838316096713e+03
1.918338956455953621e+03
2.953311403633480495e+03
2.068841806645489214e+03
1.164412640596991650e+03
1.720607098871433664e+03
2.003184460677084644e+03
3.057279708389844018e+03
1.516544033622866209e+03
1.355158971244905160e+03
1.841652964741167580e+03
2.655279433654379318e+03
2.716191367980844007e+03
1.027955954382553728e+03
1.582064897374265684e+03
1.962051535034418066e+03
3.171415785704219161e+03
1.455825898721118620e+03
1.208450785605082956e+03
1.783532019604748939e+03
2.796373855125877981e+03
2.786164560641418120e+03
8.123117762690342261e+02
1.586346536272244293e+03
1.858781390690038279e+03
3.121187870192792616e+03
2.036165060039649234e+03
1.000332020686751548e+03
1.727461263697221284e+03
3.162108097387574617e+03
2.068389528997505295e+03
1.016687401648133232e+03
1.691005197033842478e+03
2.885610894841986465e+03
2.739632038573617592e+03
8.761607999218723535e+02
1.488012933812615074e+03
2.601855135515022539e+03
2.841423221588032447e+03
1.031866148746589033e+03
1.410738525068635681e+03
2.618466984306634004e+03
2.960740397314404618e+03
9.388407713980542439e+02
1.398791615710788847e+03
2.298670719712400569e+03
3.122588906393264097e+03
1.092015289102853330e+03
1.308895987856024703e+03
2.820859728470265509e+03
2.717178513660826411e+03
1.035464000861250952e+03
1.526435546480118546e+03
2.620995940218042961e+03
3.036846962163966509e+03
1.046523728918412417e+03
1.311852216315332271e+03
1.753107618399938929e+03
3.046785213406895764e+03
2.287474858709986165e+03
9.924353329134379464e+02
1.554467806018890087e+03
2.864593024743918249e+03
2.782198103353103761e+03
9.610006676632972358e+02
1.522534489893936325e+03
2.186140722931498658e+03
3.033142174627528675e+03
1.207536777019303372e+03
1.410296294134853042e+03
1.748986774140723810e+03
2.824635702368088914e+03
2.678264931605592665e+03
1.006929701225984786e+03
1.631098927752132113e+03
2.527233330237740574e+03
3.109191069727850390e+03
9.013567906990410847e+02
1.453085710708186980e+03
1.790138825554269033e+03
3.088091325559660163e+03
2.560071320874355479e+03
8.945789651391053212e+02
1.554383754075157412e+03
2.816060989715482265e+03
2.617319930308593030e+03
9.701809231814623899e+02
1.662653428113298787e+03
2.097456047663386471e+03
3.178962203521135507e+03
1.366274530887944366e+03
1.216415477769893641e+03
1.768019386074444810e+03
2.986489473226331938e+03
2.428446342294677379e+03
9.339150221805745105e+02
1.601242680515229722e+03
3.103427149912355162e+03
2.325550276073087844e+03
8.937352230768560730e+02
1.464576896485549469e+03
2.900746665946946905e+03
2.601373543099294693e+03
1.001118729301487406e+03
1.527577652773345108e+03
2.653545808838975972e+03
2.987289801577285289e+03
9.452234447495376344e+02
1.472152539252421548e+03
2.329941966327111459e+03
3.043131270836549902e+03
1.226669686995458733e+03
1.266149104783665734e+03
1.808284288781854229e+03
2.772478835019066082e+03
2.443941350961576518e+03
1.110466481097322230e+03
1.659481398566963890e+03
2.749714827391477229e+03
2.781349549269033105e+03
9.563880007647454704e+02
1.506600113025169549e+03
2.215753586414587517e+03
3.086438251779877191e+03
1.196094337629884194e+03
1.309335952552503613e+03
1.931906071164355126e+03
3.124068732775219814e+03
1.534030279636026080e+03
1.267521391896759724e+03
1.770106282217167063e+03
2.909396357380767768e+03
2.402132919992927327e+03
1.101216888508815146e+03
1.660700015491851673e+03
3.099250382402937248e+03
1.973110634254768684e+03
1.080187218188773613e+03
1.638020783811915180e+03
2.714593412485901354e+03
2.961318147642926306e+03
9.611560401000086813e+02
1.538731163795536077e+03
1.854988378822187542e+03
2.936725348430764825e+03
1.777342858056192654e+03
1.266083044945758957e+03
1.746239597078336146e+03
2.415453354060390666e+03
2.885612085976951676e+03
1.082235389843541043e+03
1.571618171115200312e+03
1.878767421776065930e+03
2.845706916118497702e+03
2.297518240807747588e+03
1.136930201554854193e+03
1.722689932513987287e+03
2.051740448086346532e+03
3.116273786959150584e+03
1.367029735139322383e+03
1.243970352281367013e+03
1.723519549246523411e+03
3.012913528218998181e+03
2.548624375175978003e+03
9.270377098712315274e+02
1.692444442250880684e+03
1.917936522104401774e+03
3.105238400412367810e+03
2.226137333390179720e+03
7.666109617467210455e+02
1.827850645802401459e+03
3.265470230314891978e+03
1.309025608704206661e+03
1.072684807742201201e+03
1.709657321644043350e+03
3.266717139689324540e+03
2.059197065397623192e+03
9.072517949656167957e+02
1.658962675988230785e+03
2.926671417659754297e+03
3.051117748628292702e+03
1.305917067336466744e+03
9.829131201297298048e+02
1.704014663495987179e+03
3.156937333326218777e+03
2.418127650071852713e+03
1.066261236100419865e+03
1.136072101795541812e+03
2.529167020486850106e+03
2.911309139541448531e+03
1.292060382053797184e+03
1.158058073037280337e+03
1.690578459390363832e+03
3.265259758625952145e+03
2.338215386216949810e+03
1.116398460990576268e+03
1.299219855081421883e+03
2.394923905515920524e+03
3.036978882398621408e+03
1.551875953789153300e+03
1.086669747377587555e+03
1.494209909582752744e+03
3.098376750687345520e+03
2.519956183285181851e+03
1.040738000832981925e+03
1.670217675037230720e+03
2.042897842183549983e+03
3.150063965014944188e+03
1.546065515696955345e+03
1.180478372122276596e+03
1.690562426241246385e+03
1.944565573737275827e+03
3.027554574030691583e+03
2.004472312495250208e+03
1.167712879576204386e+03
1.741858035540262108e+03
2.026497971591742953e+03
1.934139207860439910e+03
2.897351236202347081e+03
2.113879274594434719e+03
1.091532916293469043e+03
1.774010831479411991e+03
1.914875007131569646e+03
3.093146962161808005e+03
1.772589457473578477e+03
1.243699741181230138e+03
1.722541832783516384e+03
1.870727321537317721e+03
3.030090996955199898e+03
2.307275233507859866e+03
1.042183999622653573e+03
1.669827909412187637e+03
1.952570942150314522e+03
2.897015548571604540e+03
2.133768089141316523e+03
1.066826950069706527e+03
1.749434834855058853e+03
2.237230483793457097e+03
2.992931555495844350e+03
1.323772812852385869e+03
1.271235326452604568e+03
1.735575985500486013e+03
2.543877079309286728e+03
3.039310016123886271e+03
1.874149992473383463e+03
1.000835154509145696e+03
1.453057827187629982e+03
2.573453480675599621e+03
3.003209649007126245e+03
1.086461329940580299e+03
1.209452993392278813e+03
1.802096065828917290e+03
3.203006665163135040e+03
2.342721854994880232e+03
9.105136077455380246e+02
1.493968467638776247e+03
2.634719154362820973e+03
3.020951356544820555e+03
1.268977217970900938e+03
1.193062644601598095e+03
