1.968803723206157656e+03
1.972394417728295366e+03
1.992432671489877293e+03
1.981134289477998891e+03
2.346105863131143451e+03
2.007598858904903636e+03
2.013779615739691735e+03
2.023650891464570805e+03
2.018308244985821830e+03
2.019363771720737986e+03
2.019434315531012317e+03
2.022920425148205140e+03
2.018514360542654003e+03
2.021431464103419785e+03
2.022151030195677549e+03
2.096315470274112613e+03
2.104119727527729083e+03
1.980506847010337879e+03
1.972742262556086189e+03
1.987664451751220895e+03
1.998332313186551801e+03
1.999641992465195699e+03
2.076948272785688914e+03
2.098009065063070011e+03
1.972660203730450348e+03
2.067571697873180710e+03
2.128571208384868441e+03
2.012490752818893043e+03
1.998683161711783896e+03
2.000352967079085602e+03
1.994686822362975818e+03
1.992379064841807804e+03
1.929464564530274629e+03
1.938497556358966676e+03
1.954491897639177523e+03
1.977669620302916201e+03
1.992005076608732452e+03
2.004765430578069754e+03
2.008503046518105748e+03
2.018767845322261337e+03
2.020582799870627014e+03
2.089190083579336715e+03
2.129606347885661762e+03
2.021411058874353557e+03
2.007020393458913986e+03
1.970947860427309479e+03
1.979390080859555837e+03
1.990662604755568054e+03
1.999335404355191258e+03
2.069408135399426556e+03
2.114007084688985287e+03
2.008154227030547645e+03
1.957550028238458253e+03
1.972158627998196152e+03
1.989457810640303478e+03
2.037651385816044922e+03
2.110220836637762204e+03
2.023754226014523283e+03
1.973022923963644871e+03
1.971889838741604990e+03
1.984866721557627216e+03
2.000027072715701252e+03
2.004322570360131294e+03
2.007496255518664157e+03
2.078189079453401519e+03
2.101254354209126177e+03
2.009103335606293513e+03
1.973114558935951209e+03
1.981052012526808994e+03
1.989891262122719809e+03
2.002734452659299905e+03
2.006532579232380385e+03
2.008545495000683104e+03
2.027165443730713832e+03
2.116466778999167673e+03
2.108932757025067531e+03
1.983427730487983126e+03
1.945351061937474697e+03
1.964460897109300276e+03
2.073589016285851812e+03
2.054150334265802485e+03
1.952879890230848105e+03
1.968041732526852684e+03
2.027324225295822544e+03
2.102941297430197665e+03
2.006698841363856673e+03
1.960549583568712933e+03
1.971213035830212220e+03
2.002657196346734281e+03
2.092747060981380855e+03
2.025047229375668394e+03
1.965033722655729889e+03
1.980310903245497229e+03
1.992862249443758401e+03
2.082561524707741228e+03
2.050121180986421678e+03
1.974427878926731410e+03
1.979900061430113965e+03
1.976320639455505670e+03
2.085800666609021391e+03
2.121460463190886003e+03
2.009927454476261573e+03
1.927396098814537027e+03
1.962314882703071362e+03
1.997036560664673061e+03
2.073059248023483178e+03
1.988137307797537687e+03
2.004027008906806259e+03
1.985221920749089350e+03
2.070453019694899922e+03
2.060570665403466592e+03
1.993975409517274329e+03
2.018830655150133225e+03
2.005174534158499000e+03
2.063026653376997729e+03
2.039412227712626645e+03
1.972073253521818060e+03
1.973235756511732234e+03
2.009141487051812874e+03
1.995739404884803434e+03
2.065069886896500066e+03
2.032110910671648980e+03
1.971551378017790057e+03
1.982951522595119741e+03
1.993216303984952447e+03
2.068962954727370743e+03
2.069490122195290951e+03
2.029410364674764878e+03
1.995702280317023906e+03
1.963828918267730160e+03
1.981938380329655047e+03
1.992745771344741343e+03
2.056272919507538063e+03
2.111468777840879739e+03
2.015934226832554486e+03
1.957173142360893053e+03
1.972193016185829720e+03
1.990154657037800916e+03
2.017020617136251303e+03
2.081854640395469232e+03
2.055882547149417405e+03
1.974506088698099120e+03
1.975062180052608937e+03
1.992296871973774842e+03
2.073937124725627655e+03
2.070164272129117762e+03
1.972850872746434106e+03
1.971476662644075986e+03
1.986025983715121583e+03
2.047488833302921194e+03
2.077122208919115110e+03
1.989354410525671028e+03
1.975380315020724311e+03
1.988843111624288213e+03
2.023861481015679828e+03
2.091178724626846360e+03
2.010428544399615248e+03
1.973975483566245430e+03
1.982544012316072894e+03
2.001585733639559066e+03
2.072301176477517856e+03
2.103782782389966087e+03
1.995507863042637155e+03
1.962974229474286403e+03
1.981615452516022742e+03
2.055844299646012587e+03
2.096764735641299467e+03
1.993385414235514418e+03
1.957317466337644191e+03
1.974391867369140755e+03
2.070596278922565034e+03
2.052262403718733367e+03
1.977612844814566188e+03
1.966518164252466704e+03
1.982089392752979620e+03
2.076476887054468079e+03
2.078748892944939598e+03
1.986735120208425087e+03
1.970136775780053540e+03
1.980747310764105350e+03
1.992794298283636863e+03
2.089484559444255410e+03
2.054831264711543099e+03
1.956529047912628812e+03
1.969641143880554182e+03
1.997191509902301050e+03
2.073408701757602557e+03
2.051686981649804693e+03
1.969809579003028148e+03
1.976096147187433417e+03
1.994737255247574467e+03
2.052608628024606332e+03
2.085816957925652332e+03
1.986207600325742533e+03
1.977723869479922996e+03
1.990967369029254542e+03
2.010072056605140460e+03
2.067957948936433240e+03
2.007909611426050560e+03
1.989891211751204310e+03
2.000374330270978589e+03
2.042567409792442277e+03
2.109616332087682622e+03
2.006529145076772465e+03
1.960065255064814664e+03
1.980456668358076740e+03
2.048549505570542806e+03
2.103625263485362666e+03
1.995154349331883850e+03
1.957425772206056308e+03
1.974711144721558640e+03
2.033407081301726521e+03
2.103079529320629263e+03
2.016334707496656165e+03
1.956051836525072531e+03
1.969366034968172016e+03
2.027736494680891610e+03
2.104046569856820952e+03
2.019102538781809017e+03
1.952779322766700034e+03
1.964635737026091192e+03
1.985391165365775123e+03
2.004516547049313886e+03
1.992392750184791794e+03
2.110846999255831633e+03
2.061367025398413716e+03
1.969455935899856513e+03
1.980385795521998716e+03
2.038875933129921350e+03
2.105058281484201416e+03
1.996747729829128730e+03
1.975176340518270536e+03
1.980181905479206534e+03
2.043988775145220870e+03
2.062370313483743303e+03
1.980851622228889482e+03
1.986367874604785811e+03
1.977837429502049645e+03
2.046305532522120984e+03
2.084309788918058530e+03
1.984724171778194204e+03
1.976456316679063093e+03
1.980450186584181438e+03
2.012353497416955861e+03
2.038914685663360842e+03
2.049173402555511984e+03
1.986495578901747649e+03
2.000540430982906628e+03
2.172469310533707812e+03
1.975916795245645062e+03
1.979035247124106263e+03
2.002219159322984297e+03
1.998224797945320461e+03
1.974816366291868462e+03
1.972190818973489058e+03
1.981425354772639821e+03
1.982056128771564318e+03
1.974979504397117580e+03
1.992708441700851608e+03
2.001975133124170497e+03
2.015247408143250823e+03
2.019021383865660255e+03
2.019387704624483376e+03
2.039931167188901327e+03
2.119590642055641183e+03
2.046932252437518628e+03
1.981677292031738716e+03
1.991771925107913376e+03
2.002330047485300611e+03
2.006276969505092666e+03
2.008156847308395527e+03
2.012530404996146899e+03
2.027034735328009901e+03
2.029899557456086313e+03
2.100052503365259781e+03
2.062301656960114087e+03
1.991234505057191427e+03
2.036219802646519156e+03
2.027411985597110515e+03
2.017503303728971787e+03
2.047660970347931652e+03
2.089192610400925332e+03
1.983907266373310904e+03
2.061294146688923774e+03
