1.623462416143474684e+03
1.731265253777503403e+03
1.862856125155857171e+03
1.633364735773231359e+03
1.689902334938291233e+03
1.791836875196480833e+03
1.876031137196318241e+03
1.579232832258387361e+03
1.673289006702957295e+03
1.932413215933691163e+03
1.607339658476661270e+03
1.634442320937538852e+03
1.923623280800417660e+03
1.632151648506410766e+03
1.618610874265546045e+03
1.863608653863608197e+03
1.762026940287212938e+03
1.615666623201334687e+03
1.736439594372307738e+03
1.868417037912920932e+03
1.604977073663538931e+03
1.627901169687488846e+03
1.948807109787568152e+03
1.602647059758629212e+03
1.612287597829141532e+03
1.898116273019586288e+03
1.739246957958834400e+03
1.628223635644480510e+03
1.682720689552278600e+03
1.921603201413932993e+03
1.636851910308216702e+03
1.583296791660764711e+03
1.899369327789207773e+03
1.771969170025862923e+03
1.593535064733103127e+03
1.695739226675308373e+03
1.861774377508778116e+03
1.675132674415538986e+03
1.662044505972610978e+03
1.805010403730646203e+03
1.738324146978439103e+03
1.673473105514671715e+03
1.660744125138684922e+03
1.899422731564147625e+03
1.615163323684742863e+03
1.640835693675186803e+03
1.836489133450197869e+03
1.723566266607689613e+03
1.642267790872756905e+03
1.671853603744926204e+03
1.890836798613013571e+03
1.623286559379052051e+03
1.619450404585975093e+03
1.850647110689605142e+03
1.785892410802894801e+03
1.595022579182330674e+03
1.732284578085368366e+03
1.876209830147073490e+03
1.607402440197139867e+03
1.641566296519244588e+03
1.846921123061199978e+03
1.763444699398617558e+03
1.614107495161847055e+03
1.699982253054527973e+03
1.874774206735577536e+03
1.630041553576290880e+03
1.607665145815855567e+03
1.847452740921969962e+03
1.810015119895422231e+03
1.628817544602868793e+03
1.633706381591920263e+03
1.923722409991398990e+03
1.713290564692075804e+03
1.570760221421968936e+03
1.840816074844205104e+03
1.787757282799211680e+03
1.570129821036741305e+03
1.728246198121412363e+03
1.701558139272189237e+03
1.849743464860350514e+03
1.842370609417180503e+03
1.613289990315428668e+03
1.785272410827022213e+03
1.787741945177156367e+03
1.595805399349557774e+03
1.738358027254064609e+03
1.837770315523348700e+03
1.598077136031945884e+03
1.656779654856271691e+03
1.878048858979774877e+03
1.652534930881868149e+03
1.584096808379900722e+03
1.899202097898188185e+03
1.692879525390104391e+03
1.594835576300033836e+03
1.793880479481862949e+03
1.809125194978729269e+03
1.593443983323366638e+03
1.648811985888572281e+03
1.890851505746562680e+03
1.619862061268195475e+03
1.640952208293296280e+03
1.845491484900248679e+03
1.750378939719397749e+03
1.637741511259347362e+03
1.714706253819560743e+03
1.899757804449802052e+03
1.600528509613749065e+03
1.615878442342334893e+03
1.896513506364610976e+03
1.711609533437618893e+03
1.612096382435500800e+03
1.755766785937414625e+03
1.899957184358210043e+03
1.604846742777417148e+03
1.586012909424638565e+03
1.919141068263750412e+03
1.752366309126733540e+03
1.603384621877824884e+03
1.761215218869860564e+03
1.869814290968612340e+03
1.566698248837742995e+03
1.626402300273329502e+03
1.920075702935815571e+03
1.701948130318134190e+03
1.605971718051227981e+03
1.824616902774923801e+03
1.833811479774569079e+03
1.577952392860348937e+03
1.659345201210739788e+03
1.894143556769339511e+03
1.672581579812951531e+03
1.585334241148530054e+03
1.818744767041336672e+03
1.837162137435047953e+03
1.585980056790904655e+03
1.651606806069437653e+03
1.887058071701553899e+03
1.662946658191217693e+03
1.637857240624443421e+03
1.823892744996810961e+03
1.813834888188779587e+03
1.631148008643147932e+03
1.644521925165357516e+03
1.852838822679910663e+03
1.743806237474172349e+03
1.636134676365529913e+03
1.631576941832824787e+03
1.955791021211390898e+03
1.668567420493775444e+03
1.621519354040666258e+03
1.761827848348279304e+03
1.840078289137067941e+03
1.630474707948940022e+03
1.627569829944331559e+03
1.955228867613009470e+03
1.641358554142711910e+03
1.556006317480072312e+03
1.939342827712043118e+03
1.701653304408162285e+03
1.602194578395617100e+03
1.718113963496722135e+03
1.605187803419910551e+03
1.996628211630611077e+03
1.690470391915921027e+03
1.642197138309572892e+03
1.724509339496650909e+03
1.892304068161555961e+03
1.595621106842989775e+03
1.647420723477243200e+03
1.832097908709044987e+03
1.810070301649658177e+03
1.624491565274806817e+03
1.597034944725955938e+03
1.891617874125918661e+03
1.696055205690596040e+03
1.603807563520695567e+03
1.676027355623972880e+03
1.887083362045264948e+03
1.633243110730701119e+03
1.622840837043358988e+03
1.827384242921834812e+03
1.809876201551449412e+03
1.583953237220218853e+03
1.687223007576034206e+03
1.941005426679538459e+03
1.605627319513819430e+03
1.599186099559112563e+03
1.908758458612245704e+03
1.753154190574217637e+03
1.548566924078356806e+03
1.749129346109058815e+03
1.870823345663541659e+03
1.631122083353159724e+03
1.598563664647755331e+03
1.851661642800793061e+03
1.809292633504861897e+03
1.611861412104073679e+03
1.660872425605784656e+03
1.854875710082127171e+03
1.774184592788637701e+03
1.612653652259702312e+03
1.682791967700190980e+03
1.880753555532311793e+03
1.674783113520594270e+03
1.588943908601254407e+03
1.785035388559564808e+03
1.854699149417625222e+03
1.602605364360510748e+03
1.623915908562085860e+03
1.878642550239852199e+03
1.720831212370319690e+03
1.615836878653453141e+03
1.760456196156661235e+03
1.828879799346128721e+03
1.644699824561553896e+03
1.628215680358347981e+03
1.813709738237186912e+03
1.846068807753626743e+03
1.599444502671595274e+03
1.652246650006866048e+03
1.890406687697111920e+03
1.751233957889372959e+03
1.591819385586717999e+03
1.725009881395876619e+03
1.866192601846058096e+03
1.617036665684665422e+03
1.593877589227984572e+03
1.882244824943568574e+03
1.758438343419151806e+03
1.609770948606185584e+03
1.646713927722766812e+03
1.899664349086024004e+03
1.670521882613621983e+03
1.596018637558566752e+03
1.840060435300970767e+03
1.791323588047014709e+03
1.599434387237396550e+03
1.660011463639146086e+03
1.863876987292738932e+03
1.681100666300995044e+03
1.597023524223640379e+03
1.826041294874242112e+03
1.814202642583409215e+03
1.615989712147529644e+03
1.620654531076281955e+03
1.879200073843841210e+03
1.751667374888431596e+03
1.653096218362819627e+03
1.714271726742967530e+03
1.817428671284628763e+03
1.714908705766431240e+03
1.637078547498298121e+03
1.783856714477538844e+03
1.840769464114405537e+03
1.604704964492056661e+03
1.694179445385569579e+03
1.835141325916157029e+03
1.688458539197915115e+03
1.649364266881044841e+03
1.813827132285847483e+03
1.816268245844838475e+03
1.603894993114385443e+03
1.726199840015009158e+03
1.835082024267535189e+03
1.625422298524763391e+03
1.645434267754535767e+03
1.895759920409827373e+03
1.646075009345986700e+03
1.686258620572786185e+03
1.731248086451458448e+03
1.673754200029628009e+03
1.940336900188616028e+03
1.578341831697134694e+03
1.602639453394711381e+03
1.910864027806190506e+03
1.732480077719352039e+03
1.611577181039942616e+03
1.738954140324071432e+03
1.873327715566848610e+03
1.619989693748385889e+03
1.639010254316182227e+03
1.732544721718865276e+03
1.864844363696818618e+03
