2.017097547057541306e+03
3.808255964090957150e+03
3.857350669982969066e+03
5.718823427152993872e+02
8.377537363685612490e+02
1.346371117043664981e+03
1.794738036119796334e+03
3.274471566415800226e+03
4.166547228788108441e+03
1.319786914438468102e+03
5.624439768346250048e+02
9.954800461269680909e+02
1.433194221570958007e+03
3.100718722270142734e+03
4.173968811527144680e+03
1.392878147675455466e+03
7.034224718391649276e+02
1.090558714330241173e+03
1.514175493339921104e+03
2.391363025373605524e+03
4.106594681064876568e+03
3.142806146004982111e+03
2.923754663025317200e+02
5.667582135785692117e+02
1.163647666308613225e+03
3.287596459817752475e+03
4.179878982715806160e+03
1.016339059615394945e+03
4.497138736734072495e+02
1.079529721634377665e+03
2.159894039680250444e+03
4.052784643179622435e+03
2.945377425114959351e+03
2.353732347334351118e+02
1.037061764492812699e+03
1.614770027406003464e+03
3.391675305498447415e+03
4.052278203672567088e+03
7.566890150532983625e+02
8.389429492480668387e+02
1.314188638924876614e+03
2.054552404388673040e+03
3.605762120307530040e+03
3.644950392276055481e+03
4.675666957332969105e+02
8.925692189380210948e+02
1.505024042871046277e+03
2.773782460280990108e+03
4.052199218228072368e+03
1.454969717063095231e+03
7.733379893782896488e+02
1.450396783063046314e+03
1.743644193977936766e+03
3.319981899150983736e+03
4.188422920538861035e+03
8.413861892682992902e+02
3.432246546121605775e+02
1.172878972351722723e+03
1.752590181329498591e+03
3.412103485242362240e+03
4.142976147941985801e+03
9.367691643157334056e+02
6.776701709538799605e+02
1.036117584255908014e+03
2.411955523066596470e+03
4.090775112096969224e+03
3.542000906359546207e+03
6.309064050490082991e+02
4.516916270182649100e+02
8.751490544512519136e+02
2.735489513096682913e+03
3.334576874165908066e+03
1.817123806303374295e+03
1.191511758082134065e+03
1.187504263461842356e+03
1.568547491709562792e+03
3.852908437860594404e+03
4.058363226620515434e+03
2.580212529094279148e+02
7.127810242664761518e+02
1.265551420095819594e+03
1.322365661578910249e+03
3.652929882677269688e+03
4.144843815896097112e+03
7.265054209819320477e+02
6.416379916163368762e+02
1.037998834225970768e+03
1.814281667051422119e+03
4.019300133870652644e+03
3.700639314328785076e+03
5.357015266087120153e+02
8.380393036351649698e+02
1.246464364264614460e+03
2.488114237230233812e+03
3.953241627810421051e+03
3.317004575196932365e+03
4.163726803579970692e+02
8.375474376497203366e+02
1.269391879703242694e+03
3.425886053882792112e+03
4.115827157650425761e+03
8.027579750544979333e+02
1.518906841088556575e+03
9.145246438190284834e+02
8.201537680564358652e+02
3.873405362577893811e+03
4.168951307171827466e+03
2.828322566854594129e+02
9.258172582660385785e+01
6.059188504403391562e+02
2.223972994570800438e+03
4.120620307681962913e+03
2.749687954808887753e+03
1.193826189433586080e+02
6.422917120711562120e+02
1.364532303881308962e+03
3.632705106146875551e+03
4.161764876940714203e+03
1.006179205098217381e+03
6.024770213235714209e+02
1.018676037836605474e+03
2.279645773746186933e+03
4.103151291588827917e+03
3.010728685991498878e+03
4.894436109907588275e+02
8.873489794204978125e+02
1.179484061657011580e+03
1.827527483792059456e+03
4.024026878554135237e+03
3.676679355047659556e+03
8.247886450869904138e+02
8.964159404915318419e+02
1.188531763563355753e+03
1.439515760896181064e+03
3.175678523371041138e+03
4.168784105948622710e+03
1.395669505273010827e+03
7.813048285711055314e+02
1.191088968945128954e+03
1.487593933251776662e+03
3.133667555745088976e+03
4.125847964199162561e+03
1.094373211632450875e+03
9.824246008995089596e+02
1.250302506514843799e+03
1.598848004737651308e+03
3.530597307564645689e+03
3.908654581141252947e+03
1.039520973693166297e+03
8.764836760437266321e+02
8.790396832959867197e+02
3.024441530582516862e+03
3.849278150782986813e+03
1.997265282165735925e+03
8.114165677950503550e+02
1.305151551617545465e+03
1.937759339695105155e+03
1.391410564581574135e+03
1.760016251831155614e+03
3.910535663548566845e+03
4.160118391804837302e+03
8.026426360135790219e+02
4.063063057237841917e+02
1.069480782101632030e+03
1.467432050851394479e+03
2.675814632960426479e+03
4.153921866492207300e+03
1.846568969620847838e+03
5.231447940517936104e+02
1.038796373551675288e+03
1.551279908490216485e+03
3.741640116762320304e+03
4.161672645398347413e+03
6.290639209693017619e+02
5.107460791835817417e+02
9.640382708861603760e+02
1.531286119134094861e+03
3.708102461766099168e+03
4.135994521399718906e+03
1.357137675166925419e+03
3.903905301304194495e+02
8.185228731154655861e+02
1.197561507296295758e+03
3.645339298353383583e+03
4.175939430971663569e+03
2.472636905641413705e+02
1.292846453485489519e+03
1.712259585133129121e+03
8.269980575387035060e+02
2.562317266790577378e+03
4.184341590227953930e+03
1.247386858773344557e+03
1.852828792520055572e+02
5.917950511851981901e+02
2.649571091652582254e+03
4.143998430885591915e+03
1.901837740354741300e+03
2.981328646302224570e+02
7.818829621444256190e+02
1.431505945461614601e+03
3.798740159422030501e+03
4.070271758070633496e+03
6.048087242713147589e+02
7.687856924148610460e+02
1.271394795554102075e+03
2.232374074417965403e+03
4.093996724099865787e+03
3.028708231304250148e+03
6.636166147910558948e+02
8.729045789435591587e+02
1.114218968654502532e+03
1.586836797892412960e+03
3.651677793980985371e+03
4.094133296044705276e+03
1.052040349196891611e+03
9.546071787552034493e+02
1.286428103738042864e+03
1.571384983731993543e+03
1.757712806527121757e+03
1.928783134892611997e+03
2.448128025721912309e+03
3.755834832365002512e+03
3.944821596452331960e+03
5.781417441509094033e+02
7.364786512298122716e+02
1.373055520026237673e+03
1.776774676266336428e+03
2.049335949486115624e+03
4.039259825687337070e+03
3.887112319140672753e+03
4.190364940727027943e+02
5.924339051701812195e+02
1.073408374004044617e+03
3.526420549695502814e+03
4.075079250423110807e+03
6.604033975055527890e+02
7.081790910324583592e+02
9.559161222065034735e+02
3.014407502354950338e+03
4.182428213041603158e+03
1.060574882177231984e+03
4.400382205095849599e+02
1.082428301206269225e+03
2.564297537118057789e+03
4.021422008402490519e+03
2.657626017269932163e+03
3.027360652584673630e+02
8.988575779758185718e+02
1.393499788258635363e+03
1.831160644364869995e+03
3.912897419706140226e+03
4.045296179904981273e+03
5.347436860389670983e+02
5.376797052440530251e+02
1.144271031314625361e+03
2.632557099648811345e+03
4.117393435144975228e+03
2.596225130747426192e+03
1.256298157450924862e+02
6.275945301452811691e+02
1.260496829667158863e+03
3.202342350731493298e+03
4.151905488542050080e+03
1.480754327168878717e+03
4.197178769123859752e+02
1.086048052823623266e+03
1.642689915004618115e+03
3.647113314477494896e+03
4.131277725888287023e+03
1.049608370249345626e+03
7.580004018472466214e+02
9.871090026939107247e+02
1.156208891241067704e+03
2.938794540293101818e+03
4.111034264329046891e+03
2.448338299961982557e+03
4.173087345212554737e+02
8.308874224781338853e+02
1.352483661596965703e+03
2.855575605762261148e+03
4.101553900461747617e+03
2.258954532414422829e+03
4.861133051104125684e+02
9.881506799825058351e+02
