2.988040584362214759e+03
1.007902516951523012e+03
1.089238037570611823e+03
1.765773098993234044e+03
2.255358312887256943e+03
3.043454927257580493e+03
2.124852726808424450e+03
8.754831960413723664e+02
1.757499576447264872e+03
2.018721150519447747e+03
2.568916455060285898e+03
2.799961599218306219e+03
1.038503839936038730e+03
1.562920111778446426e+03
1.926009935549506963e+03
3.039385144413462513e+03
3.275291285530972345e+03
6.679370978354010049e+02
1.104776936857277178e+03
1.595828076532005525e+03
2.941254565407984046e+03
3.064418294865238295e+03
1.372001950250982645e+03
7.602000260814121475e+02
1.543706290446828916e+03
3.212623147563235307e+03
2.861163918419043966e+03
6.759300795853204136e+02
1.289726443387788322e+03
1.953240994024755310e+03
3.049187913376046708e+03
2.771958489774208374e+03
7.527338140841613949e+02
1.322326788764321009e+03
1.834781830502948878e+03
2.937882509498484524e+03
2.920273154831573265e+03
1.274962440737858515e+03
1.199845193006722184e+03
1.624037816458807811e+03
2.886073434517349142e+03
2.960736990474844788e+03
1.056763651530084871e+03
1.398726622652089418e+03
1.624243256760903478e+03
2.867470498502292685e+03
3.151367366834653239e+03
1.149337933992870830e+03
1.141502402860283155e+03
1.344411523046408547e+03
2.708289045146744684e+03
3.055447446379331268e+03
2.027665339476185636e+03
7.696060509305242476e+02
1.958290160767473481e+03
2.790806463990206794e+03
1.588956821419178823e+03
1.172129761687175687e+03
3.652885172566786423e+03
1.701554793634295947e+03
1.166172101655455890e+03
1.986225459733601838e+03
2.684027703257041594e+03
1.679730722203786172e+03
7.131093896765487443e+02
1.317453261257582199e+03
2.886724894959198991e+03
3.430615171951144475e+03
1.221582068218720678e+03
1.025866945877737180e+03
1.363945742959911740e+03
2.196063325658664780e+03
3.410297886529447624e+03
2.767478870095587808e+03
7.635736460867001369e+02
1.251178771748115878e+03
1.617904722288230460e+03
3.478187565891797476e+03
3.348464879229699363e+03
3.938898260785348384e+02
1.176292387339505467e+03
1.556636740593880859e+03
3.023819491984430897e+03
2.978771707344181777e+03
1.132963875832483382e+03
1.150126365690513921e+03
1.587298745686021221e+03
2.857629435417054992e+03
3.056112084452610816e+03
1.640689578758668858e+03
9.302603294289893938e+02
1.647014411039599509e+03
1.928495055486285992e+03
3.096013926536082636e+03
2.797894223484999657e+03
9.813631688159421174e+02
1.399052370948241787e+03
1.515834816625705798e+03
1.904590286446649316e+03
3.107188034037144462e+03
3.279524654381406890e+03
7.904086988377351872e+02
9.873400017340225077e+02
1.644730315881849037e+03
2.806000415212664848e+03
3.048244379772104821e+03
1.370010552056578035e+03
9.006475343279061008e+02
1.642789891838533322e+03
2.863876866873341442e+03
2.911360133365762522e+03
1.275030941395110176e+03
1.042876727652315594e+03
2.163808932085004471e+03
2.997827790557909339e+03
2.155646198699852903e+03
8.220719324136222212e+02
1.598961274470808348e+03
1.919709757480135750e+03
3.226018733403499482e+03
3.220012901193691505e+03
5.940912107053749196e+02
8.975761712459103592e+02
1.661645909741546348e+03
2.002904742550061883e+03
2.989028614095665034e+03
2.816947002655277174e+03
9.240497875184420309e+02
1.411263495607398454e+03
1.798122579323096716e+03
2.002847975048742228e+03
2.775604342913795335e+03
3.275480597937786115e+03
1.507733823965248575e+03
7.527359684732848564e+02
1.602983481704631458e+03
1.993685850914525417e+03
2.513783846692369934e+03
2.814786220337767190e+03
2.147630145427757270e+03
8.089625646085679591e+02
1.608367449173072600e+03
2.243517917252392181e+03
3.097159358358226655e+03
2.737264485228412923e+03
6.252162552009377805e+02
1.107662524231241832e+03
2.635290051362444956e+03
3.224810096292786966e+03
2.056344272561662365e+03
1.308207807185680622e+03
1.491528184459892373e+03
1.141931703450527493e+03
2.363603623284064270e+03
3.532115650758493757e+03
2.574252783280947369e+03
6.766752132322757234e+02
1.188664839476653469e+03
2.058526583076341467e+03
4.195293377893099205e+03
8.605818357124122713e+02
8.933663294538467881e+02
1.225572422278335353e+03
1.713421806735040263e+03
2.205874853261143016e+03
3.008894843287505864e+03
2.526556099383532910e+03
1.115159280923522374e+03
1.337148624583183619e+03
1.726923209083792699e+03
2.950016984934554785e+03
2.713820963304646284e+03
1.231428076553341043e+03
1.297432604692139648e+03
1.756505219585798613e+03
1.930805824874620384e+03
2.660734920949471871e+03
2.758956209215776653e+03
2.074785496794297615e+03
1.098854001361196424e+03
1.512373662152750285e+03
1.836895598692716703e+03
2.980588283887975649e+03
2.948613809824653799e+03
1.062770275526626392e+03
1.137957499002786562e+03
1.468916995631192549e+03
3.516572309088770453e+03
4.178304991926985167e+03
6.585364233603896764e+02
-3.067873462408627105e+01
1.036240822840609326e+03
1.604999173206611658e+03
1.754863689418242302e+03
3.040788304686368519e+03
2.927767668956515990e+03
1.196910988180483173e+03
1.382163191581274532e+03
1.733806959926085710e+03
2.000526712136952028e+03
2.045326033094600461e+03
2.717133548744119253e+03
2.635314454013479462e+03
1.425090641517346512e+03
1.437146436263825535e+03
1.888475747863895322e+03
1.980134273219126499e+03
2.926558797034706913e+03
3.031856383289755286e+03
9.786652040898653695e+02
8.835541375476492476e+02
1.659586688548974735e+03
1.992948219427157483e+03
3.117205396384702908e+03
3.472371778821253429e+03
1.061392124947197090e+03
6.184935779134807490e+02
1.607318668326028273e+03
1.951136463897963722e+03
2.293279075731492867e+03
3.064111757051889981e+03
2.708166103933048362e+03
6.562285949536097860e+02
1.372363437721211312e+03
2.069625926342767798e+03
3.202404087436626469e+03
3.285752623388364555e+03
4.104958509134211795e+02
1.028679217639171384e+03
1.733241731204113194e+03
2.140609207800865079e+03
3.065005180575361919e+03
2.650093798414315188e+03
6.081939751635389939e+02
1.427390272058597702e+03
1.843182025609915627e+03
3.031284984528027508e+03
2.636425231607671776e+03
9.001457906774986668e+02
1.477324258997847664e+03
1.939456136495286046e+03
2.878051599502091449e+03
2.730220340215144915e+03
1.200033575411385982e+03
1.406564178507065662e+03
1.714446551384879967e+03
2.935313963370094825e+03
2.978175589300732554e+03
8.750971356323103691e+02
1.343917189452591401e+03
1.635034205164492960e+03
2.527369437908389955e+03
2.786320600772855869e+03
2.151945028113337230e+03
1.143616820903733924e+03
1.477927332587035153e+03
2.039109613804757373e+03
2.849726247918018998e+03
2.611021708616889100e+03
8.894942629162489993e+02
1.419742034601324804e+03
1.752075996860943633e+03
2.767487096951711919e+03
2.865400449764988025e+03
1.482002614417312543e+03
1.055742817148347285e+03
1.656149064533093679e+03
2.444328607205050048e+03
2.791872609267734788e+03
2.095627742298678186e+03
9.893219423425372270e+02
1.629784805594534646e+03
2.386413760462341088e+03
3.164592255145842955e+03
2.860064885606064763e+03
2.935289994806149139e+02
1.280107462481918901e+03
2.014125011395633237e+03
2.469830783482991137e+03
3.473928640427095615e+03
3.260601276805593898e+03
1.849734625871605829e+02
1.659079728334379524e+03
1.196794116618047838e+03
