2.924279141139180410e+03
9.296787548716129095e+02
6.982153073984933371e+02
1.857533705928565723e+03
4.121256476697011749e+03
1.926822558372247613e+03
8.924320557072037445e+02
9.001449503938926000e+02
2.729842207456919823e+03
4.148717654510189277e+03
1.934633885745500493e+03
9.372985869276197946e+02
9.483225802375620788e+02
3.389109722001557202e+03
2.137941122847298629e+03
6.895009690716673276e+02
1.465702461259419806e+03
4.068071015537158019e+03
1.746596707691673600e+03
1.015509451923839492e+03
2.339557195852514724e+03
3.999479498440558928e+03
1.208367339641899889e+03
9.308378409046076740e+02
3.103537721870919540e+03
3.346469052757543523e+03
7.457003635499497705e+02
9.126059483658352747e+02
3.688190917472654746e+03
1.755910366876850503e+03
5.223967509807464467e+02
2.519205852165850501e+03
3.200924308418047531e+03
6.853177321821198120e+02
1.247083800532202531e+03
3.850558147176886905e+03
2.225597929531718364e+03
7.304503222690318580e+02
1.982858493009616495e+03
4.053573500245491687e+03
1.007088333005454501e+03
7.004018382215353995e+02
2.845617549501791473e+03
3.422660889130193937e+03
6.685961355129654748e+02
6.726575406849124192e+02
3.251126276449459510e+03
3.085598664687805922e+03
7.214894720558664858e+02
1.240055059975568383e+03
3.804136021214948414e+03
1.912057524034756170e+03
4.297708548033060083e+02
1.700145114230235095e+03
4.155601607091095502e+03
1.537992816165009799e+03
5.811549942349239473e+02
2.165618556402406284e+03
4.075028297516525072e+03
1.540705618572845651e+03
1.606578279202896283e+03
7.552565422836167954e+02
7.397996087021663243e+02
3.033450298904347619e+03
4.050912678308032355e+03
1.065564039108823863e+03
5.351880555527413890e+02
1.953319122583272019e+03
4.177790790879264932e+03
1.447680490364453817e+03
5.332124175250941107e+02
8.439055818546352157e+02
3.577363651856867818e+03
3.751367445540633071e+03
9.335070232986317933e+02
4.854214526663292304e+02
2.183587495294342261e+03
4.193094553479584647e+03
1.186025002500643723e+03
5.474253554983993126e+02
3.153423126189692994e+03
2.578074899102474319e+03
5.698362376155911306e+02
2.133413594599666794e+03
3.700947240727093231e+03
6.609836301476271956e+02
8.830008324867612828e+02
4.035015203398580979e+03
1.467982121096170658e+03
4.908241072493718207e+02
2.493196379049867573e+03
3.859620757937163944e+03
4.993507407512307168e+02
1.291787886298998274e+03
4.119698173022411538e+03
1.156797227538188508e+03
9.430744139022940544e+02
2.884156433811735042e+03
2.529462700520648013e+03
2.662269339980455811e+02
1.391997489875432620e+03
4.183551856892903743e+03
9.934224963584620127e+02
5.979389498215588219e+02
3.513469250846280829e+03
2.542347283565472935e+03
5.381023541713479972e+02
1.399669518395301566e+03
4.047915279362906404e+03
1.756348050198065266e+03
7.019018397698528133e+02
1.538770755533377269e+03
3.876407881543725580e+03
2.605473066399387335e+03
5.847045551576156868e+02
8.418939324464961373e+02
3.264693530406579612e+03
3.408708073598090778e+03
8.049245548886657389e+02
6.645216718113307479e+02
2.717139934478403575e+03
3.930075390582700948e+03
9.060761938024643314e+02
7.779786958764750580e+02
2.419798263376440445e+03
4.114847685269873182e+03
1.597506410195681838e+03
4.115693023399841195e+02
8.979180711353392326e+02
3.453052154268162212e+03
3.538781856598796821e+03
7.660468545060704173e+02
5.482123643712968715e+02
1.272276014097932148e+03
3.376249095077734637e+03
3.613801960110230539e+03
1.315810387615453919e+03
7.558494579224769723e+02
1.195208152978865883e+03
3.626868907559436593e+03
2.094486091356642191e+03
9.942235548132217673e+02
2.023976762660329314e+03
4.025500675377449625e+03
2.050616498451616735e+03
6.859050046341367306e+02
9.035816087858040646e+02
3.404106926853140521e+03
3.606414415592998466e+03
8.914441877579359925e+02
4.325620906684627016e+02
2.623663699968345099e+03
3.973190412848987307e+03
1.121803694443000722e+03
5.912225745628338700e+02
1.444447008693671251e+03
4.017465584833428238e+03
2.195230327365971334e+03
5.496327770332883347e+02
1.203319648400141432e+03
3.820289102394128349e+03
2.009011659062048693e+03
1.370557306720089400e+03
1.517387266411469454e+03
8.565643986718132510e+02
3.367670073225731812e+03
3.734204905237007097e+03
6.062255164667786858e+02
8.764294996376162317e+02
4.053337570020765270e+03
2.305192123112930403e+03
2.979984419687677928e+02
2.245141298350612487e+03
3.921480384063210749e+03
5.246288078130125996e+02
6.984657230031332347e+02
3.511478195168009279e+03
2.112545095717991444e+03
5.670768256872071333e+02
2.222799197387309960e+03
3.811118435781482276e+03
7.222853884168774812e+02
1.121219149976351218e+03
3.864339625856414841e+03
1.956112920675171154e+03
2.755466940062185017e+02
1.785355336401581326e+03
4.029805695891597679e+03
9.718860491774102002e+02
3.741307775396261945e+02
2.966656842793940996e+03
3.412490177900805975e+03
8.189624044320025860e+02
7.271069204839304803e+02
2.947261857495737331e+03
3.614489301449494633e+03
8.143329092669023339e+02
6.423669811228364779e+02
2.668443587624323754e+03
3.962321571538286662e+03
1.140103803997761133e+03
6.486666594942470283e+02
2.730581427096456082e+03
4.109556805019292369e+03
1.082542020522342000e+03
4.659266880886948456e+02
2.016854398726727595e+03
4.162360384951452033e+03
1.833508453845927534e+03
4.782740729457252655e+02
9.622392619395479869e+02
3.641448324241786395e+03
2.820542643843166843e+03
5.840783440318216435e+02
6.640405645003755808e+02
2.179009329805116067e+03
4.077892184121139053e+03
1.946772367338708136e+03
8.001701752527606004e+02
1.036485738012730735e+03
3.642012286376668271e+03
2.437235238648507220e+03
8.864746162808160079e+02
1.411780081579041962e+03
3.940798055591491902e+03
1.726584536484340560e+03
5.469994912781637595e+02
2.706299463647546418e+03
3.510024648156683725e+03
8.108555160553883070e+02
8.615475364682938562e+02
3.457451486613882480e+03
2.945390515098473315e+03
7.532073918653363762e+02
8.073143783491951808e+02
3.280659382615524009e+03
3.481137980955130388e+03
7.552180265211802634e+02
8.931003265785360554e+02
3.371962753281473397e+03
2.626495772233192383e+03
4.984734370801559749e+02
1.174377803665375268e+03
3.930028648968814196e+03
2.346603118649074531e+03
6.879389719677635640e+02
2.083767156169308237e+03
4.068437296420625444e+03
8.525928247117518595e+02
7.433849693764065023e+02
3.754396723298343204e+03
2.041436559848471006e+03
4.965508718641565906e+02
3.167961623501303166e+03
2.742093937690282473e+03
4.931665365008210529e+02
2.294494572153203080e+03
3.808360174586136054e+03
7.891842967788580836e+02
1.175237295329425706e+03
3.927203917839463429e+03
1.582718931897649782e+03
4.380067683068041333e+02
3.101837680713731061e+03
3.011134747754783348e+03
1.934191082482923889e+02
1.180959778375873611e+03
3.919083275985598902e+03
4.134428046721496685e+03
4.370336579649397208e+02
9.345745175606562043e+02
-2.220772736612017439e+01
-1.334740794823026633e+01
6.425456449126452299e+02
3.676890911476758902e+03
2.901959072142831701e+03
1.104397478594413769e+03
8.356639921539871239e+02
2.262200694642538110e+03
4.088189148888281125e+03
1.664004429514093090e+03
1.086867286971671319e+03
1.617626928507404500e+03
3.868613965209325670e+03
