1.395040750912292197e+03
1.433525275455121346e+03
1.663889643151917198e+03
1.778098243176482811e+03
1.647672585601377023e+03
2.038189837332217621e+03
2.004620147139241908e+03
1.575040647900624663e+03
1.526532512053157006e+03
1.508217285486121000e+03
1.837615476684380383e+03
1.542105475316595857e+03
2.058113268711713772e+03
2.036375032803480508e+03
1.523043276274871914e+03
1.454161700332990449e+03
1.647175177801690552e+03
1.985241666977869500e+03
1.585912028155581083e+03
1.597280857313900924e+03
1.831595394899083431e+03
1.607827417659666025e+03
1.884623732526919412e+03
1.647190366206729323e+03
1.938494420038351109e+03
1.957692112796638639e+03
1.735844810353207777e+03
1.456839633689104630e+03
1.630843767034518351e+03
1.916529374299738265e+03
1.556641936678888896e+03
1.538275524645870291e+03
1.972657633117785736e+03
1.986877124708932342e+03
1.564067541379964723e+03
1.512945522338845194e+03
1.876711366291592640e+03
1.669106609740033036e+03
1.684397806927885540e+03
1.992576724119479877e+03
1.622412801277252584e+03
1.560076042425078867e+03
1.669549081106595395e+03
1.711636345959189839e+03
1.729636465991302657e+03
1.867216073709614420e+03
1.621386821263712136e+03
1.721219851025669868e+03
1.651460012963011195e+03
1.813681447654991189e+03
2.047897353408663321e+03
1.701695592296289078e+03
1.507492719581632628e+03
1.576082289055546426e+03
2.009977970134263160e+03
1.958982260812003233e+03
1.463588581472781925e+03
1.496791146025283979e+03
1.818457665179343849e+03
1.785729734971969492e+03
1.576288407541242577e+03
1.822114418667652217e+03
1.620118858788285252e+03
2.036100679221522341e+03
1.963197200823497269e+03
1.534184753447495723e+03
1.529985577223110113e+03
1.881614576878285106e+03
1.693188888011269228e+03
1.727228978124647938e+03
2.049868324127267897e+03
1.806095371832444926e+03
1.465094030120073512e+03
1.527787319320269717e+03
1.818390959462632964e+03
1.693621860753861256e+03
1.559383455025869125e+03
2.213292181349432667e+03
1.946944230600809078e+03
1.157008533549386584e+03
1.493455926471980547e+03
2.001370591163192330e+03
2.086133353926528343e+03
1.516254228318320884e+03
1.535788405100317277e+03
1.952728534459468847e+03
2.002602072306322043e+03
1.481814242822722463e+03
1.518639915697808192e+03
2.034487688260905998e+03
1.948421241385347685e+03
1.446991672324150613e+03
1.474669017427635936e+03
2.070630404741200437e+03
1.917576856390661987e+03
1.460096192581255536e+03
1.570013996024960079e+03
2.084099747991613185e+03
2.075021300112221070e+03
1.460123698905371384e+03
1.374654317534400207e+03
1.894201439050723593e+03
1.611996509669342458e+03
1.931966462791159074e+03
1.998375278712531099e+03
1.522699580032487574e+03
1.548387326875197687e+03
2.053187665647603353e+03
2.084462196000248696e+03
1.454647238768783609e+03
1.491056962771666804e+03
2.017991495027929659e+03
1.953198024979932825e+03
1.486091066231606192e+03
1.495265494162679261e+03
2.066700192333790710e+03
1.927240669795513895e+03
1.449541957577412632e+03
1.536125926964880364e+03
2.087338391228740420e+03
1.861414261088234980e+03
1.497666418156935379e+03
1.494250342019671962e+03
1.606443317067051566e+03
1.721511628419774524e+03
1.952480212556264178e+03
2.070082168205050948e+03
1.547356121030867371e+03
1.503525986638651602e+03
1.683670784934701260e+03
2.045406369323795616e+03
1.862676191920991641e+03
1.525645199754108489e+03
1.547501277843734670e+03
1.931844055281600049e+03
1.929602397446221858e+03
1.479674662105934431e+03
1.549539130711205871e+03
1.971270564861025832e+03
1.878064919231757813e+03
1.539497786237820947e+03
1.587778816861469977e+03
2.022128577875575047e+03
1.927021498320771570e+03
1.526993340668265546e+03
1.585969045271378491e+03
1.875961041108786276e+03
1.648966625864347634e+03
1.731649007066610011e+03
1.844902451896080493e+03
1.569545103199027153e+03
1.568504503694716504e+03
1.946642254183001114e+03
1.629566244543972516e+03
1.730472410456379066e+03
1.835356412245733964e+03
1.604570587187758747e+03
1.881462842138720589e+03
1.511662484157585823e+03
2.058661501139150914e+03
2.174846560812195094e+03
1.505753248098566473e+03
1.388087984226790468e+03
1.519372707016721506e+03
1.912584992905625768e+03
1.666373066227253958e+03
1.813833588290577154e+03
1.808832017370359836e+03
1.614923474342783948e+03
1.846283284372365188e+03
1.602460537755586074e+03
1.604683587336555775e+03
1.973919991402720598e+03
1.927844486303698204e+03
1.474199268626599178e+03
1.563376328071042508e+03
1.922109137242151974e+03
1.909388313927227500e+03
1.562723269058665664e+03
1.557908034067417248e+03
1.894176943149532235e+03
1.680458640680663166e+03
1.537344480102902480e+03
2.096771275952821725e+03
2.215401302793207378e+03
1.395227064793951968e+03
1.402310912036481795e+03
1.490733056425224049e+03
1.882174688004821292e+03
1.518498505504165450e+03
1.980629387742148538e+03
2.090911561340667959e+03
1.625974668565220782e+03
1.432026761125815256e+03
1.581309209388900172e+03
2.096083693611978106e+03
1.806393181169606123e+03
1.434914982381538493e+03
1.491935285111938583e+03
2.010273943274371959e+03
2.052488873950085235e+03
1.488033941801716310e+03
1.517297382427690081e+03
1.597105327994396021e+03
2.092502070705409096e+03
1.983264672974014047e+03
1.453673738597790134e+03
1.429497499268796446e+03
2.009446225540124260e+03
2.003202679110651388e+03
1.487702929327375614e+03
1.490916587078466819e+03
1.988595997276121579e+03
2.126424151095201523e+03
1.720428001772432253e+03
1.463222496903621504e+03
1.527105597192999767e+03
1.658848042811839832e+03
1.951381179977636521e+03
1.611283586051127713e+03
1.463251018384592498e+03
1.804056184594660635e+03
1.698043740178970893e+03
2.080704997628904493e+03
2.016458032385407932e+03
1.500005941285257450e+03
1.462032056110672329e+03
1.819492654988147933e+03
1.819803988112806792e+03
1.576036983636793821e+03
1.713740441882132473e+03
1.884120178352439552e+03
1.542686151371452297e+03
1.664559800353960100e+03
2.032301060095358707e+03
1.849358342147913845e+03
1.508352623475862629e+03
1.538547713084299403e+03
2.054114755900760429e+03
1.897797624664745626e+03
1.433334491400674096e+03
1.446050409185811532e+03
2.051990499563545654e+03
2.015453425515443769e+03
1.559898566790197947e+03
1.490696616126575691e+03
1.635650742835332039e+03
2.040462400961254616e+03
1.876495561824475089e+03
1.518277857660595828e+03
1.512218434075659161e+03
1.992188759069789512e+03
1.863456315660585915e+03
1.487108822124380140e+03
1.581526735349757701e+03
1.927057809103818272e+03
2.011910038443508938e+03
1.559402928668225968e+03
1.528214504835697198e+03
1.867579209296816089e+03
2.008880313272644571e+03
1.646316394899884244e+03
1.480184916874229430e+03
1.671443473257369988e+03
1.998415714303924915e+03
1.838064875288128860e+03
1.560829872723001699e+03
1.438567844545874550e+03
1.544569175154339746e+03
1.938330150607177757e+03
1.668274335608462025e+03
1.655415314458088687e+03
1.905828746695634663e+03
1.724782206197090773e+03
1.614327030999815179e+03
1.813004388287171196e+03
1.667626015666651938e+03
1.594833594245526228e+03
2.122194425606572167e+03
2.071792680448257215e+03
1.472428498078260873e+03
1.471985386201847177e+03
1.761117899264627340e+03
1.532801450027411192e+03
