1.621126640170267365e+03
1.671894095872846265e+03
1.754244587050023256e+03
1.818524488186828876e+03
2.057547729280024669e+03
2.872966730020962132e+03
2.084697676925623909e+03
1.687627062863112315e+03
1.698119577981401108e+03
1.761961069482689027e+03
1.915358904179681304e+03
2.734475783402144316e+03
2.444004908386179522e+03
1.717271913744793210e+03
1.655443657031663633e+03
1.721995808542787472e+03
1.768593192740955374e+03
2.753783810088943937e+03
3.160898236889873260e+03
1.520222609536501750e+03
1.452346271829982697e+03
1.533800124523300383e+03
1.784528656178356869e+03
3.005797039959759331e+03
2.183712528069454493e+03
1.493135439519571037e+03
1.494130744830467620e+03
1.575236901804581066e+03
1.859674215235899737e+03
3.017253369192234459e+03
2.196609232275551221e+03
1.575857581168137131e+03
1.560028817929037359e+03
1.618413416501755819e+03
2.092439765181767143e+03
3.293419216559054348e+03
1.852869982874918378e+03
1.506251589219252992e+03
1.548937053784792624e+03
1.619693798147241523e+03
1.905539646287939604e+03
3.305689089214023625e+03
2.189066606002627850e+03
1.510896190026698605e+03
1.517324650613465792e+03
1.649601485327353657e+03
2.804753007486914157e+03
2.549611608062619325e+03
1.496733564629937064e+03
1.496471354661961186e+03
1.576961547643975337e+03
1.723304412669519934e+03
2.613953358617990489e+03
2.552440714357578599e+03
1.632262586698054520e+03
1.599006807021844907e+03
1.650921842363496580e+03
2.700797927915377841e+03
3.230179950072965312e+03
1.707043729738516731e+03
1.404113287825351108e+03
1.367535029914919050e+03
1.712827043129126196e+03
2.898287503751406803e+03
2.395615549584250402e+03
1.462121678658842939e+03
1.413603386360146715e+03
1.535519740636214237e+03
2.152068447713446858e+03
3.429915070099060358e+03
2.246920360512456227e+03
1.354559172115664751e+03
1.344579365529949200e+03
1.465139741851658300e+03
1.866209338580769554e+03
3.191310485041759875e+03
1.960776527314190616e+03
1.635148895491089434e+03
1.648602636111523225e+03
1.576557485287400141e+03
1.607171646033720435e+03
2.207287045859437058e+03
3.516952074992208054e+03
1.667959855285090043e+03
1.409713537061713623e+03
1.499157263543822410e+03
1.620347860484257808e+03
2.530224980582455373e+03
3.332661788795265238e+03
1.541124124814762581e+03
1.463194156385724227e+03
1.543856150257041918e+03
1.876038610002169889e+03
3.367198667568971359e+03
2.236516411081677688e+03
1.418089011513878631e+03
1.370761013723405540e+03
1.522887408846046128e+03
1.942447893718207979e+03
3.117083950154774811e+03
1.910757335572735883e+03
1.554183726630494675e+03
1.505000299283021377e+03
1.712619827228187205e+03
3.055490289985471918e+03
2.744219835074469302e+03
1.460906467945760369e+03
1.393642991165747844e+03
1.470364467290615039e+03
2.152732096022786664e+03
3.430567965687002925e+03
1.697128184967463085e+03
1.389405715947907083e+03
1.474580483959864068e+03
1.667839386970678106e+03
2.712892535483003030e+03
2.828822028655016766e+03
1.541638240934963733e+03
1.498705082557406286e+03
1.577747065691494754e+03
1.899622696822232456e+03
2.163301022906175149e+03
2.574516821413436446e+03
2.199580997440827559e+03
1.748622831902355301e+03
1.838410347441936665e+03
1.706460565243359497e+03
1.670181345804323200e+03
1.728476978471858502e+03
1.853795033156416821e+03
2.506493667023492435e+03
2.806168027256467667e+03
1.757409449704044391e+03
1.636124921605447526e+03
1.686345113613765761e+03
1.788268241320860625e+03
1.823018158283679895e+03
1.989319191533958019e+03
2.981386426979701355e+03
2.567567669130340164e+03
1.636919442337457440e+03
1.604387474694046887e+03
1.646677319513041539e+03
1.842625626494988182e+03
3.282105784414771279e+03
2.789004326720905283e+03
1.301469918649052488e+03
1.308294448319810272e+03
1.441924536055135832e+03
2.225972101010953338e+03
3.238969244675899517e+03
1.582974697621774567e+03
1.381482291070270321e+03
1.480913343000968780e+03
1.670928987249583770e+03
2.740196871933782859e+03
3.024441634490515753e+03
1.507470099954948864e+03
1.335119829246439622e+03
1.469426057284900480e+03
1.609721617325057650e+03
2.298632947129723107e+03
3.210168200929099839e+03
1.881447933197938028e+03
1.665069557170101916e+03
1.526283963067412969e+03
1.725139471373872539e+03
2.836677079278356814e+03
2.600445104084657487e+03
1.545730250490049912e+03
1.501594412314997271e+03
1.582714703711664015e+03
2.455408129554492916e+03
3.067361679712017576e+03
1.587896834150251834e+03
1.437529706872996258e+03
1.520789673619432733e+03
2.364818640856999536e+03
3.378290613666117679e+03
1.532530941182653123e+03
1.337072375924845119e+03
1.574869316869148633e+03
1.700495854105869967e+03
1.983785167598421367e+03
3.520633414959001584e+03
1.943767522835382806e+03
1.404406982873053494e+03
1.438300518316653552e+03
1.731258388326048816e+03
2.978238672852781292e+03
2.406428066106538608e+03
1.520483420528675424e+03
1.433291584827160250e+03
1.537977619763860730e+03
1.939763781212193408e+03
3.195598555630968804e+03
1.962065295261686970e+03
1.479681103457529844e+03
1.483572844024327651e+03
1.985480701417713817e+03
2.147647935862355098e+03
2.116560640119516393e+03
1.898669379990034713e+03
1.705417652886851783e+03
1.567437026725933492e+03
1.698464955670962127e+03
1.972643067295503670e+03
2.867453278981598942e+03
2.349347554710466284e+03
1.704441859612293001e+03
1.696742130280266338e+03
1.743184313522681578e+03
1.791759205220013428e+03
2.243688936613963506e+03
4.053812359314172681e+03
2.097182496212866226e+03
1.292073820799233772e+03
1.327660737909156296e+03
1.476629911225445994e+03
1.597929077743175640e+03
1.929497605456001565e+03
2.769974881558374818e+03
2.332249671371191198e+03
1.980552200903351377e+03
2.039860832312403090e+03
1.590966100341355514e+03
1.597720717581465124e+03
1.620817591566946703e+03
2.271745559007049451e+03
3.271985309815844630e+03
1.764814271404866759e+03
1.514940360041724261e+03
1.590483457499937458e+03
1.672435634365512442e+03
2.628631219095740107e+03
3.083028061490574601e+03
1.549675324741451959e+03
1.469157085307732586e+03
1.551470249145425214e+03
1.680975004431495108e+03
2.683776055300898861e+03
2.516361397976524131e+03
1.662706447433598441e+03
1.572479489205634536e+03
1.668183571086318807e+03
1.766255167240050014e+03
2.097647652218155145e+03
3.179499299953126410e+03
1.972327371374973154e+03
1.552328606286710283e+03
1.570964232130097344e+03
1.658064279104567504e+03
2.114868760830906922e+03
3.296823626324561701e+03
1.953922413329541087e+03
1.537659348055819009e+03
1.518808735990474361e+03
1.603478057907300354e+03
1.827775836565872623e+03
3.088360994007643967e+03
2.147580255635940830e+03
1.619037226283296377e+03
1.601897420668134828e+03
1.673031808328398029e+03
2.070956317135554855e+03
2.307329493244648802e+03
2.595902378410599795e+03
1.906403968083918471e+03
1.595919942320614609e+03
1.622596245428602288e+03
1.729848096424544337e+03
1.906127552007860231e+03
3.060157981451230626e+03
2.343566056729270258e+03
1.512989365907955289e+03
1.532796233689696237e+03
1.616685894535067291e+03
1.696069193977614304e+03
2.075796499008638875e+03
3.145358085088280859e+03
2.345119187929041345e+03
1.554544205660022726e+03
1.546612497996997945e+03
1.615934846671316336e+03
