2.234692753081179035e+03
1.987168176162005011e+03
1.415383677884699864e+03
1.492513526154410101e+03
1.730070033631744309e+03
2.104035514722198513e+03
1.718370239375470419e+03
1.480569264679470507e+03
1.603689782428514036e+03
1.807684613314821490e+03
2.106992413219315949e+03
1.638539322338661350e+03
1.483521856625197643e+03
1.568291820860234566e+03
1.724823479563573983e+03
2.135677947858490370e+03
1.689909696972322763e+03
1.464389086846846567e+03
1.603238058134284756e+03
2.076896407623343293e+03
2.046451297676993363e+03
1.461279231673995810e+03
1.450104170169913459e+03
1.589923384107130232e+03
2.164342285014844038e+03
2.023394898690598666e+03
1.460705300404469199e+03
1.464976716593122319e+03
1.556453661542117061e+03
2.248897736388739304e+03
1.819888837589747027e+03
1.461121920929829912e+03
1.500881738054026528e+03
1.973445046362784069e+03
2.108122076814075626e+03
1.610646258207326809e+03
1.393360575339237812e+03
1.542806747514961899e+03
2.034996525550238175e+03
2.121370136070378521e+03
1.503258632898560109e+03
1.475375651126074899e+03
1.525293678733064553e+03
2.168437662263658240e+03
2.043407539262405862e+03
1.437285876416223800e+03
1.487925790898382274e+03
1.533510800406324506e+03
2.168342959212086953e+03
2.090065193423417895e+03
1.452447581113824299e+03
1.483602951974085727e+03
1.509370425553220002e+03
2.220758105270071155e+03
2.006772570612492245e+03
1.434704314839989820e+03
1.403149594020836957e+03
1.968537404968717738e+03
2.115571433816299759e+03
1.517893815370241327e+03
1.498186385192316720e+03
1.546499900320102370e+03
2.163100709392509998e+03
1.989543744576087420e+03
1.490085620071303538e+03
1.507329034360433297e+03
1.630000215477824213e+03
2.200097935223208879e+03
1.859158375652416680e+03
1.439210759112844016e+03
1.514619310615991026e+03
1.766109338022337852e+03
2.152769417230617819e+03
1.750432129408764240e+03
1.450991627889833580e+03
1.541076184995460380e+03
1.665765086654247170e+03
2.196797253680299946e+03
1.873846736057605085e+03
1.400822060476647039e+03
1.486721449790593624e+03
1.615262097332269377e+03
2.219717876023561530e+03
1.843984115245988050e+03
1.428833148993699069e+03
1.500537586123479741e+03
1.833780476435584887e+03
2.135704999118584965e+03
1.588075849306411783e+03
1.489264484249051065e+03
1.520888959226561155e+03
2.130166060818559345e+03
1.934055244486012953e+03
1.485526563942971734e+03
1.449832959319138581e+03
2.158426078570122172e+03
1.988696246899275820e+03
1.388037550548570152e+03
1.384449158011711461e+03
2.231148655634434817e+03
2.062027747997030474e+03
1.431210583654884658e+03
1.468024581240777934e+03
1.624144991954952275e+03
2.159206845946625435e+03
1.771684895223603462e+03
1.428139384408626256e+03
1.468853580895547566e+03
2.176257890581226093e+03
2.020991909407170624e+03
1.435445740828638236e+03
1.428970909111925721e+03
2.000058186497919223e+03
2.147703872306611629e+03
1.497867709240569184e+03
1.384382432657596382e+03
1.586414222766982448e+03
2.175637871851599812e+03
1.794632492915938656e+03
1.353455355358425777e+03
1.681331572768404158e+03
2.181516848735496296e+03
1.756992670617657950e+03
1.407967137287088008e+03
1.528750019588498617e+03
2.114591634468379198e+03
2.050200520861339555e+03
1.471800018349435049e+03
1.424111247896085843e+03
1.601022372172330734e+03
2.222387041122872233e+03
1.996979279606849786e+03
1.343824140883314840e+03
1.458899112597170642e+03
1.891908188528848314e+03
2.092997980921938051e+03
1.595395849325246900e+03
1.480046443154084727e+03
1.686861932283519309e+03
1.797389981059317961e+03
2.150422682589959095e+03
1.461913776106242267e+03
1.466031837454386960e+03
1.637980156780828565e+03
2.214102394506715882e+03
1.990308801683453112e+03
1.412106832959779922e+03
1.502921044977348856e+03
1.596345509557027981e+03
2.199904434929483159e+03
2.011891425321206043e+03
1.443568604284809680e+03
1.484953247572000691e+03
1.551662334509874427e+03
2.202405077625730428e+03
1.972437402819394947e+03
1.430249190785096516e+03
1.502038524073089093e+03
1.651889431893645906e+03
2.160899181572356611e+03
1.685752558902621558e+03
1.290796151683550306e+03
1.711077873837332390e+03
2.182663171839482402e+03
1.604367455546360588e+03
1.479596638188828820e+03
1.542539768273559730e+03
2.230128360973468716e+03
1.885417458127129066e+03
1.408351718735631493e+03
1.507317374862939687e+03
2.236883040513389005e+03
1.924028426705444645e+03
1.335300987091812885e+03
1.497038673811336139e+03
2.196417539862941339e+03
1.953340746401752995e+03
1.456338519807574812e+03
1.456910882023108570e+03
2.095945457631900354e+03
2.048973340219203692e+03
1.457018201500843816e+03
1.438380604336564829e+03
2.007479190996774605e+03
2.108888592313941899e+03
1.425049635717815818e+03
1.438326711789071169e+03
1.635481418258505300e+03
2.223899763975018232e+03
1.830777996693332852e+03
1.423516122111873301e+03
1.559335849880724027e+03
1.760294448066515315e+03
2.127427181425490744e+03
1.672432285716522756e+03
1.454817727288225797e+03
1.528498767587409020e+03
2.134958556825635242e+03
2.038405004580578179e+03
1.458898364739769249e+03
1.468426577155901214e+03
1.575646424028723459e+03
2.238878776215417020e+03
2.044979190402044878e+03
1.407537496625976019e+03
1.420299914941573661e+03
1.702436110153213349e+03
2.217953663404311101e+03
1.754665073921913972e+03
1.456331466056911722e+03
1.484312775863714023e+03
1.829487118278073240e+03
2.171509631368248392e+03
1.671452439062849407e+03
1.469240777782615396e+03
1.515862322796554736e+03
1.879004067853667493e+03
2.184295179948351688e+03
1.691508997688365753e+03
1.399923319015179914e+03
1.471960120226929348e+03
1.982107802517143227e+03
2.184593450146827308e+03
1.479051020369787921e+03
1.403344813670689973e+03
1.586524010375035004e+03
2.231095453800816813e+03
2.029817892332729571e+03
1.372965479302456743e+03
1.414491643757348811e+03
1.809271804715835287e+03
2.170612933006294497e+03
1.736453815260496413e+03
1.401860655812606410e+03
1.491514570180712781e+03
2.088232401009880050e+03
2.096331201664405853e+03
1.504869641899507769e+03
1.444378285197837613e+03
1.578857854459627333e+03
2.220954302836317765e+03
1.932395683168617325e+03
1.389823590615915464e+03
1.502659456010251915e+03
1.648242439697471582e+03
2.225710506490548596e+03
1.960693441170917822e+03
1.373402072102531065e+03
1.427648332526216336e+03
1.724456334902503841e+03
2.195485208723394408e+03
1.650565245268186345e+03
1.461252387862138903e+03
1.540759053330620191e+03
2.162464709835963276e+03
1.806790587732490621e+03
1.433494382385943481e+03
1.537470775356880267e+03
2.170779191722595442e+03
2.010647786734537476e+03
1.402366733674815350e+03
1.483844039487923737e+03
1.745786529353420974e+03
2.219282671370341177e+03
1.685585414177471193e+03
1.403979060614129139e+03
1.477205270188043414e+03
2.257699759326933872e+03
2.009803212545165934e+03
1.354156371448588970e+03
1.451275394503083817e+03
1.867206863084664747e+03
2.172659655236282106e+03
1.602325097362741872e+03
1.445348000510789689e+03
1.491664372796243015e+03
1.923355785248509392e+03
2.157830138311994233e+03
1.766139961950385441e+03
1.391835859931756886e+03
1.428438555128321923e+03
2.074757042528785405e+03
2.161255999963887916e+03
1.529481120777522392e+03
