3.663727043973074160e+03
1.035692068959348035e+03
6.005681317892002653e+02
8.258406362204774496e+02
1.262180294708517522e+03
2.862355580654443656e+03
3.984298878554672228e+03
1.250558110384524298e+03
7.965071666564152792e+02
9.262306522418991790e+02
1.301597141508609866e+03
2.356255803844172078e+03
3.935777811535993351e+03
2.465548358042626660e+03
1.230993951239452144e+03
9.314536473253350550e+02
1.074970402829243994e+03
1.630106585878291980e+03
3.397962189932999081e+03
3.602643771541896513e+03
1.365367367500363571e+03
7.673741547486234822e+02
8.697330109888667948e+02
1.290439693262766241e+03
1.424879323021383016e+03
2.833166299938053271e+03
3.857075038238962406e+03
1.163742590769513754e+03
8.271288237672863488e+02
9.604881591304880430e+02
1.707553355158882368e+03
3.901108079407157220e+03
2.606926959585013265e+03
6.736115078927186914e+02
7.654746255228907330e+02
1.404091318908862377e+03
3.571680060549096197e+03
2.251429973217003408e+03
7.597955947205348366e+02
6.870098859642224625e+02
1.049290835398339141e+03
2.921016126422209709e+03
3.982710190705378864e+03
1.211062357323560946e+03
7.288417029979083281e+02
9.275886144990328148e+02
1.093799009100583589e+03
2.551072717351088158e+03
3.683236548804937229e+03
1.181928890508190989e+03
9.183203629549637981e+02
1.190755192734387947e+03
1.328943975984399003e+03
2.747082660219870377e+03
3.399376489608554039e+03
1.187328590601660380e+03
1.041714053855396514e+03
1.320097008728270794e+03
2.461295838351354632e+03
3.545728001491282157e+03
1.307914666321256846e+03
1.053577011696905856e+03
1.084017810173325415e+03
2.096009364520124564e+03
4.022325611752603891e+03
3.375081327205854905e+03
6.410309630994901227e+02
4.561305159215958156e+02
7.194078510671902222e+02
2.015920041715412708e+03
4.069686272858786197e+03
2.285750365444701856e+03
4.269669423719752785e+02
5.170802543329164109e+02
1.861778070293073142e+03
3.817879429670078025e+03
2.722511439978391081e+03
4.960427051662072131e+02
3.800031088082816382e+02
6.656853062958907685e+02
2.415212661061671497e+03
3.925793837300289852e+03
1.805740621152413723e+03
7.012312213945216399e+02
7.638676329341452629e+02
9.682978904802424722e+02
2.248047406552610937e+03
3.970163729698672341e+03
1.849193723808013146e+03
8.185776037188867349e+02
9.954684526129429969e+02
1.223750317108248510e+03
2.137508637641407404e+03
3.733039284685021812e+03
1.795507942506733343e+03
1.014686923184988245e+03
1.109719285434073299e+03
1.421210798800523889e+03
1.817325627000773920e+03
3.470481197376147975e+03
2.321921748412062243e+03
1.190832008852989247e+03
1.166479529390494918e+03
1.447386872072422420e+03
2.407146231330357296e+03
4.077934955938534131e+03
2.024179515911251201e+03
8.792426155498568505e+02
8.467274898140077539e+02
1.189844802483389003e+03
2.824279564889104677e+03
3.648268754927335976e+03
9.887675676503747582e+02
8.908121392163943710e+02
1.009837744300518466e+03
1.275387019268359836e+03
2.574534683599295022e+03
4.066799130309912471e+03
1.782521771733947162e+03
7.643049405152614781e+02
8.713778924720712666e+02
1.172947404045459507e+03
3.078732446726588933e+03
3.466863645234258456e+03
8.279133340351630750e+02
8.864451060023654918e+02
1.157817079415546004e+03
1.267080418004930607e+03
1.578497642447727912e+03
3.287297392939035035e+03
4.108449397010389475e+03
2.510568958174500949e+03
3.739206157145605971e+02
3.301660688664063059e+02
9.837988703244691351e+02
3.205657342352836167e+03
3.907677206544330602e+03
1.145418034086579382e+03
3.185806095293267504e+02
5.162892971742625150e+02
1.640013424803659063e+03
3.600731099649579846e+03
2.725461789054988913e+03
8.072029866749685425e+02
6.098044189075696977e+02
8.452493647646336967e+02
2.896120531836870668e+03
3.737151564917267024e+03
1.529606942038258012e+03
6.987476994379677535e+02
7.779843512380294897e+02
9.846611083120895955e+02
1.925843225159212125e+03
3.784826755515308378e+03
3.141257274759727352e+03
9.138258097911291316e+02
8.096621958153222067e+02
9.469347476024767047e+02
1.226404868546353555e+03
2.691519936020232308e+03
3.578157784134044050e+03
1.294661378888962190e+03
1.011890636037482523e+03
1.132728009975969371e+03
1.375978145782711636e+03
2.629669712991088090e+03
3.086610624855025890e+03
1.258156066860505234e+03
1.246067160687773821e+03
1.353048544381802230e+03
1.579355110267101281e+03
2.890308569142910983e+03
2.752124022133517428e+03
1.276626170496625718e+03
1.274348158843554074e+03
1.357228898099314165e+03
2.578502666462258276e+03
3.979480211802888334e+03
1.665977006696924036e+03
9.115676653708416097e+02
9.508418382481744402e+02
1.245329683819155889e+03
2.036407313677067123e+03
3.757306096978965343e+03
2.562500888787324584e+03
6.740798011951030730e+02
6.745710293354478608e+02
1.015622112645523316e+03
3.155417664912734381e+03
3.854150508494770747e+03
1.091075655991904341e+03
5.622627143078954077e+02
8.624723593886061508e+02
2.700841071756594829e+03
3.766499139383237434e+03
1.136965463191541630e+03
5.645889700776908739e+02
7.502913526248443077e+02
1.457501130593254629e+03
3.556334463781779505e+03
3.038086769804222058e+03
8.308425824064249809e+02
8.305074050332533488e+02
1.096676285762171347e+03
2.931147205282427876e+03
3.702795785921521656e+03
1.074500684752457801e+03
7.083372775305709865e+02
1.036366393842394245e+03
1.304520962304877230e+03
2.119550040855361658e+03
3.507375069929303208e+03
1.484029948919036315e+03
1.140494139017169346e+03
1.364874460364098468e+03
1.471234208829030877e+03
1.901614905283733151e+03
3.775726234704618491e+03
3.589122463398148739e+03
8.494581188366462356e+02
7.559261880800904692e+02
9.954142358832585842e+02
1.188637381076350266e+03
2.638182161355995959e+03
3.402208191228558462e+03
1.269387471242433776e+03
1.061683626658981893e+03
1.183301650482764217e+03
1.504962276339329264e+03
3.295130669812445376e+03
3.767193161076600518e+03
1.103232786232536228e+03
9.012570372535129763e+02
1.034719272786349165e+03
1.435724015137624065e+03
3.009871787773864980e+03
3.494081259757759653e+03
1.149630769410218591e+03
9.111208439663938634e+02
1.021420980592119349e+03
1.898889971787658851e+03
3.945680645860449658e+03
3.123772563029232515e+03
9.581916144455461790e+02
5.883318753709658040e+02
9.538214984491793302e+02
1.113119488696047256e+03
1.178149620144751225e+03
1.431447856537825601e+03
2.566876874049189610e+03
4.139762610437749572e+03
2.264485076901900356e+03
7.066087798958064923e+02
8.002580143245487534e+02
1.078227493470337777e+03
2.455472607189657992e+03
4.132732184688612506e+03
1.976713542398901382e+03
6.955436081209634267e+02
6.792279814205321600e+02
1.461355209760665275e+03
3.570262460213428767e+03
3.050643087836044742e+03
7.298581116157478164e+02
6.120414942953702848e+02
9.932706281388270781e+02
2.088752186504675592e+03
3.897264550252581557e+03
1.753941488506884298e+03
8.007941387954543870e+02
8.273628737303045000e+02
1.175786394992207534e+03
2.606219921775815692e+03
4.065411682699233552e+03
1.248658657593913404e+03
7.877104529066198211e+02
1.037961117747678145e+03
1.220239973651394394e+03
2.635396408021040315e+03
2.712419237327570954e+03
1.242029365592537260e+03
1.119399147385538072e+03
1.735651206336080804e+03
3.932278260737216897e+03
