1.314103630842373605e+03
1.737530806127510004e+03
4.079707283795299645e+03
1.099376203354985137e+03
1.284982775304767074e+03
1.730103583769469196e+03
3.792957821817471540e+03
9.731780440893408013e+02
1.351473848126138137e+03
1.590798143964449082e+03
4.111868755973893713e+03
7.893798286464887042e+02
1.090109326911169546e+03
1.451606379185128162e+03
4.076174991570147085e+03
8.595736759510427873e+02
9.583078689378299941e+02
1.410413694195606013e+03
2.242229921409154485e+03
2.013174402585259031e+03
1.302177778567501718e+03
2.453616936573523617e+03
1.961996684082816273e+03
1.110124037697780068e+03
1.684188120003203949e+03
2.986308020095128995e+03
9.564898002955799257e+02
1.523966093596610790e+03
3.991087925446929603e+03
5.330803322437794805e+02
9.207991019819015719e+02
2.816880237673628471e+03
2.042398377778195254e+03
5.249085280613464874e+02
1.522416210956201212e+03
4.187708366018136076e+03
1.892619882119864997e+03
-3.840214604173092283e+01
2.126244939156439671e+02
1.305793252790413135e+03
3.993873500674467778e+03
5.503942942438128512e+02
9.050348762361210220e+02
3.076886738119359961e+03
2.001597686019445291e+03
6.490011779766501832e+02
2.525006001299754644e+03
2.793790694803256429e+03
3.735184440592094575e+02
1.087720155895231528e+03
3.435340975721183440e+03
1.584917403267077589e+03
6.857853143698883969e+02
2.895167789984877800e+03
1.604367126349588716e+03
7.245303289649551743e+02
3.403687750342468462e+03
2.352171558938795442e+03
-5.386913803910515242e+01
3.214430594413575818e+03
4.152350349321232898e+03
1.030582877597604011e+03
-8.059632921295590791e+01
2.631016169830689250e+03
1.948375379626872927e+03
6.457856482968180671e+02
5.249172135194646671e+02
6.661316693713175709e+02
2.769678704237009242e+03
1.960582762463876406e+03
1.020495124217708280e+03
1.737398947834277351e+03
3.666740760257835063e+03
7.424661069533075306e+02
1.403094390213488850e+03
4.184766762430060226e+03
4.661074384169588143e+02
1.114653509789002555e+03
8.360177213316560483e+02
1.318800529931198071e+03
1.560598357909433844e+03
1.722097801433044651e+03
3.780107365112794923e+03
1.631324110272699954e+03
8.655655211571872769e+02
1.353791465065136663e+03
4.056859081177527969e+03
1.219653566013892487e+03
4.916756100026379386e+02
1.557850505835607237e+03
4.046054051579314091e+03
1.475759768559967711e+02
8.308146582134501159e+02
2.436179926722194978e+03
3.172545427249770000e+03
2.155951269177632241e+02
1.046139550343669271e+03
3.113110110626693313e+03
2.569056253147276493e+03
2.582835886037410660e+02
3.844958812344038961e+03
3.886831095022756472e+03
-1.118498386697258127e+02
2.799330610219852300e+00
1.948120641560480806e+02
2.376385305091204373e+03
1.736556977702313588e+03
1.019636533415521058e+03
1.617181264637401227e+03
4.118963005151169455e+03
4.714781730961274775e+02
9.962604447647157713e+02
2.626840443646085532e+03
1.937154587119609005e+03
1.045364024708769648e+03
2.103354919690919814e+03
3.275271844501481155e+03
4.827093012831737155e+02
1.136542267729821106e+03
2.952026913269418856e+03
2.259482577612744080e+03
4.801361834030771547e+02
1.227873220499607896e+03
1.643631757902129721e+03
3.877023768626361289e+03
6.887290785482634874e+02
1.038771106052269261e+03
2.732769027307085707e+03
1.762786378781601798e+03
1.112460334701184593e+03
1.527912825113031204e+03
4.155211799718283146e+03
7.150647027206752000e+02
6.497505317720809899e+02
1.829320789837962820e+03
3.733070620126364247e+03
1.904645539648547867e+02
3.095940366564175292e+03
3.154218304971522684e+03
3.662849050775645310e+02
1.402098264172956874e+02
8.333538642698241574e+02
1.509017108709363129e+03
1.663846499982517571e+03
3.556442618996694819e+03
1.348879475492841266e+03
1.205736215210000864e+03
1.726029242374487012e+03
4.138635513390017877e+03
2.970718765617085410e+03
-8.446084805760955305e+01
-1.147638230297661543e+00
9.907543374682707054e+02
1.493138500516739668e+03
3.900892692289040951e+03
9.214285328658068011e+02
1.011739961660865333e+03
2.596269912382749681e+03
2.516070026569333095e+03
6.636697329346480956e+02
2.155469128435639959e+03
4.154786717028438034e+03
5.999218995511910180e+02
8.903893512176915692e+02
1.672867366926793920e+03
3.437702731874887377e+03
5.820314237609292150e+02
1.103242109234467762e+03
3.799035910683129259e+03
1.353730748424689637e+03
4.478781515164278062e+02
1.721868605204605956e+03
3.719731184223475793e+03
2.731815089835656636e+02
1.008533783866999329e+03
3.651291507144013394e+03
1.532190626834438035e+03
5.578453111874148362e+02
2.650795748460032428e+03
2.560359471904858765e+03
1.586292559877534245e+02
1.175819253870039802e+03
4.191028711578016555e+03
5.461206191519070217e+02
3.940280091190368807e+02
3.100037642271116511e+03
4.100776040820462185e+03
-1.258372543792725367e+02
-1.676946789235341839e+01
2.986852177694310285e+03
6.688728669357528815e+02
1.031975158437662913e+03
3.411819832072081226e+03
1.536022424745420722e+03
8.189557233481237972e+02
1.849503793084859353e+03
3.373779391563295121e+03
7.577608349781852439e+02
1.334461482740049405e+03
3.837860516623318745e+03
7.069246854860259646e+02
1.087420997547204706e+03
3.685143485961709757e+03
1.355010405638668772e+03
1.102987020856879553e+03
1.637273072400891351e+03
4.114309439808796924e+03
4.736764232237737815e+02
8.540086104618553691e+02
2.478253811391762611e+03
2.646689294567684101e+03
1.468514474971121899e+03
1.059974223649086753e+03
1.383994686675102457e+03
3.355873930463189936e+03
1.296294482551908004e+03
4.212938626793886669e+02
1.121754256292316768e+03
4.104947857508763263e+03
2.124318280282748674e+03
-3.780440029933834722e+01
2.602867632835935865e+02
1.263961546520158663e+03
1.594406679342318967e+03
4.256825482644567273e+03
-6.623195575760722420e+01
9.481587501153293260e+02
1.261858932555571073e+03
3.461351581130265004e+03
1.635340382411005521e+03
9.586740173919683912e+02
1.825272475371701603e+03
2.953970277750122932e+03
9.158111248167025451e+02
1.377488973839578421e+03
2.928185657009633815e+03
2.651479742663027992e+03
3.650662352778455215e+02
1.283530150108201042e+03
4.084993629175437491e+03
4.719204779832962799e+02
7.248696513192918474e+02
3.199103602586421403e+03
2.287136114082851236e+03
1.502659264459519761e+02
2.459742916982798761e+03
4.037932718767425285e+03
-1.552516226266163244e+02
4.295674253451203981e+02
2.860165328446980311e+03
1.749070571602379232e+03
5.565627284244803832e+02
1.323326451481153981e+03
3.902541802519318026e+03
1.305961549926431644e+03
4.140780766790573466e+02
1.727176842461198703e+03
4.079540000089605201e+03
2.368157749981869244e+02
8.776362837271665285e+02
1.787961376968542027e+03
4.095226035009366569e+03
1.336121407582165546e+02
8.143315950454440326e+02
3.097692214011993201e+03
2.430450253486510064e+03
5.160061374151947575e+02
1.884451712750669458e+03
3.083988166525663473e+03
-4.526156276537729894e+01
1.831154686354489741e+03
2.361334829370550779e+03
4.228020456205488699e+03
8.173745575994027490e+01
5.055645552389293016e+02
3.223852370850242096e+03
3.433562866433636827e+03
-1.346962398833042869e+02
5.788157207975322081e+02
2.990190546472883852e+03
2.482692630659202223e+03
3.708764424746471491e+02
2.793550023426168536e+03
2.187864518359385215e+02
