2.821556927699219159e+03
1.325186964791945229e+03
1.732004953323975769e+03
1.922936702294944098e+03
2.256346120416274971e+03
3.099058607295416095e+03
1.333147353111650546e+03
1.442501752868030053e+03
2.067683549296798901e+03
2.137139092392677867e+03
3.121334225743422394e+03
1.516064274082732027e+03
1.504424340605290126e+03
1.905530785108369628e+03
1.990532431745174790e+03
2.947281846043031237e+03
1.888152862447050893e+03
1.394139357465500552e+03
1.889606124951137417e+03
2.398245861827690078e+03
3.187984351669302214e+03
1.156984654216759509e+03
1.427437845466373346e+03
2.013392816267998569e+03
2.102460810432272410e+03
2.823190162455256086e+03
1.643299026489922426e+03
1.621954122100974246e+03
1.879946674582126889e+03
2.444532891115466555e+03
2.953714573366176865e+03
1.204749954868834038e+03
1.660119329863593975e+03
2.006556306139819299e+03
2.914950470861365829e+03
2.065368900130100428e+03
1.392736984493961700e+03
1.771353800003078277e+03
2.420558732562190926e+03
2.940277562099179704e+03
1.203378768273847299e+03
1.615765487308853835e+03
2.321135104844053330e+03
2.945212802249427568e+03
1.399629755335932487e+03
1.512247614425750726e+03
2.015243408048672336e+03
2.791307938184016166e+03
1.909585042039932205e+03
1.524421618167925999e+03
1.952824710605879545e+03
2.537001819512911425e+03
2.514002224792687684e+03
1.337996877518385190e+03
1.830444444931590624e+03
2.453247463553251691e+03
2.996201287429811600e+03
1.206522122094059341e+03
1.539569469413152774e+03
2.075544209282929387e+03
3.050240019871156164e+03
1.591138870325077278e+03
1.429155254011587658e+03
2.167668378131447298e+03
3.087260479694303740e+03
1.435564454433031642e+03
1.362665122426814605e+03
2.028382690295469729e+03
3.195473269969265857e+03
1.516231187911032748e+03
1.350778347473107488e+03
2.064794163026202114e+03
2.992526605009335071e+03
1.588497198810699956e+03
1.481718071251544870e+03
1.827176603921673404e+03
2.954865762968911440e+03
2.132289909383043778e+03
1.215410669681682066e+03
1.784896298219442770e+03
2.341812820582907989e+03
3.039432145579727603e+03
1.302480942504921813e+03
1.618273123180488710e+03
2.025921178002529814e+03
3.068696334009740895e+03
1.610325870410841389e+03
1.773107358275676461e+03
1.925852541671206836e+03
2.689045901279691861e+03
2.197628412286715047e+03
1.519251745316632878e+03
1.755178291845370723e+03
2.193741970486283662e+03
2.931246349631479461e+03
1.351017103848620309e+03
1.657640678166758335e+03
1.993436835299024551e+03
2.960647273629151186e+03
3.357514786147416544e+03
7.230249876239156492e+02
1.127723805553851889e+03
1.808986178166462196e+03
2.612239269774911463e+03
2.537468639452842126e+03
1.288074647853354691e+03
1.791471317643501834e+03
1.834858142986033045e+03
2.632459761315052219e+03
2.086779415482367767e+03
1.700457279564301416e+03
1.910468128172828074e+03
2.238769021239094855e+03
2.814033355079681769e+03
1.596096168340945496e+03
1.656392321990640994e+03
2.033824119771560845e+03
2.727161418018223685e+03
2.350369553927408106e+03
1.277272572363697009e+03
1.847208057390146678e+03
2.239327867849522136e+03
2.932858652658188475e+03
1.570805505631986534e+03
1.608259901748114089e+03
1.898747176518412971e+03
2.569856465146660412e+03
1.878385440064838122e+03
1.903226014743480619e+03
1.929385237808147167e+03
2.400660780728730970e+03
3.271616225634235889e+03
9.119966204630026141e+02
1.462625743596397342e+03
2.115327322826453837e+03
3.157792984315517515e+03
1.530629194389507347e+03
1.405938818268266004e+03
1.919205186278913516e+03
2.452119132188404819e+03
2.950844449923539742e+03
1.402709263909652464e+03
1.559048931827324623e+03
1.894067883051830904e+03
2.925761709993218574e+03
1.991596143480557657e+03
1.398475574343459812e+03
1.740817746552829249e+03
2.888792098972617623e+03
1.996099506498790106e+03
1.422853478251906381e+03
1.758254292785591815e+03
2.773812203672533997e+03
2.381035001937583729e+03
1.407781116983163429e+03
1.706957160266664914e+03
2.236067811749076100e+03
3.010421601515230577e+03
1.437716467045621584e+03
1.562209366728707437e+03
1.879713315889027399e+03
3.028503721298493929e+03
1.955868610093486723e+03
1.367275869112015926e+03
1.853535264832958092e+03
2.991194397558992478e+03
2.032842993517947434e+03
1.343576318459993900e+03
1.782895311350296424e+03
2.829396316286266483e+03
2.177637122136638027e+03
1.564962997480862214e+03
1.885352329530780480e+03
2.786716332917389991e+03
2.109390064840535160e+03
1.445931314008382515e+03
1.853377217415231826e+03
2.365101796273611853e+03
2.648223119546275484e+03
1.557832985266308469e+03
1.749080542944403305e+03
1.918474116125522869e+03
2.921418188276344608e+03
1.690748658739858911e+03
1.591254783112532550e+03
1.873205525659616796e+03
2.512150250682082969e+03
2.477289325105148237e+03
1.461599382673495029e+03
1.698605150677123675e+03
2.147059392466621375e+03
2.767863210418732251e+03
1.601628330670076366e+03
1.708589689507856974e+03
1.910700980564824249e+03
2.666427877393765812e+03
2.098705636835592031e+03
1.451628151470463990e+03
1.794380171665334046e+03
2.587760494398932224e+03
2.497897330294819767e+03
1.406551276706688668e+03
1.732985365770165799e+03
2.374709599702639935e+03
2.814618313692284573e+03
1.332434675427277625e+03
1.751995897382367957e+03
2.184030368925859875e+03
3.017059323022288027e+03
1.315529251916459316e+03
1.596009209309332164e+03
2.069629326323062287e+03
2.894942371540302247e+03
1.738472222012931525e+03
1.522680570938874780e+03
1.966603618647978692e+03
2.467106924507750136e+03
2.874176655371764355e+03
1.289482999483642516e+03
1.764952501955963271e+03
1.992128180900835787e+03
2.950662763312158859e+03
2.145601512239959447e+03
1.206450615582906266e+03
1.849593080093711706e+03
2.188811550706679100e+03
2.799692105117635947e+03
1.527936340394897798e+03
1.714759024684892665e+03
1.967761414462247558e+03
2.560506403516361388e+03
2.404101606063848067e+03
1.358134269855792809e+03
1.940690100146692430e+03
2.201361051446134752e+03
2.803670265763882526e+03
1.571383584112866401e+03
1.693936165263851990e+03
1.873829482274203201e+03
2.640614364739234588e+03
2.368740042270596859e+03
1.383032345593014270e+03
1.833026368527477189e+03
2.164093686591414553e+03
2.778087145773147313e+03
1.893357665584261213e+03
1.422701767955673404e+03
2.002015435730800618e+03
2.409562395504606229e+03
2.730704325531988161e+03
1.362791816736080818e+03
1.727672597763494650e+03
2.561446957677137561e+03
2.459457906867170550e+03
1.358389595754623542e+03
1.798094260166183176e+03
2.475775741429709797e+03
2.836517952876023173e+03
1.189649369729050932e+03
1.660631342614675305e+03
2.323628206426643828e+03
2.932739784391860667e+03
1.489408605749507160e+03
1.504868870551823420e+03
1.911845492723917005e+03
2.830283598051450099e+03
2.612330479975672461e+03
1.082650453256778974e+03
1.663751955164998890e+03
2.412692725087381859e+03
3.052550591822764545e+03
1.284806110663663048e+03
1.471371132601725094e+03
1.969573263186565100e+03
2.867737240816857138e+03
1.923688443894671309e+03
1.424473290037607740e+03
1.916443271221096438e+03
2.654806024299713044e+03
2.416217598392595391e+03
1.410222845291676549e+03
1.823809789053112127e+03
2.116945013316935274e+03
2.815108718986720305e+03
2.407794875597240662e+03
