1.853026322299215508e+03
1.036459894170223833e+03
1.130870739692720917e+03
2.781006088870607982e+03
2.196717507720146841e+03
9.825676228616650860e+02
1.164206574882251743e+03
2.284999639217611730e+03
2.585759510512024463e+03
1.114052740290606607e+03
1.477769781982119866e+03
1.142230070152144890e+03
1.688325586582486267e+03
2.836597654987617716e+03
1.431731134457038252e+03
9.961864503304628897e+02
1.525380885966584628e+03
2.764327818439622206e+03
1.577253679795012886e+03
1.154137714968810542e+03
1.797631983727784927e+03
2.857930731104952429e+03
1.301088192188603671e+03
1.046845717521885490e+03
1.382492426352003349e+03
2.718518120181520317e+03
2.276975047315522261e+03
1.014392286301231934e+03
1.049715047221137411e+03
1.758299261170899399e+03
2.664389573368143374e+03
1.882972280479616302e+03
1.126463621656034320e+03
1.163426235544594647e+03
2.315143932307308660e+03
2.586665788833415718e+03
1.262811069893783952e+03
1.133759723114143526e+03
1.487913998583387638e+03
2.541706997228091041e+03
2.513566679560663033e+03
1.069820519784514772e+03
1.162707514285770230e+03
2.135942005953012995e+03
2.728175342417081993e+03
1.205074032324023619e+03
9.573393553108119249e+02
2.059465400364765628e+03
2.701459467593937916e+03
1.378529257101504527e+03
1.091464827796939062e+03
1.455017254312570003e+03
2.679999173945322127e+03
1.649740158773356598e+03
1.034097401377817960e+03
1.206847609164214646e+03
2.463229236420065718e+03
2.317700313071699384e+03
1.290277949071199828e+03
1.283470769476681198e+03
1.432175188665863288e+03
2.516041944210954171e+03
1.878119667372625599e+03
1.089999012775771007e+03
1.194582876064702987e+03
2.326730638903982708e+03
2.737377456762446855e+03
1.347013970348079965e+03
1.122642981107840342e+03
1.909961911883292260e+03
2.629440968224372227e+03
1.412808647889735084e+03
1.082868043953958022e+03
1.785547615613713788e+03
2.749745222912371446e+03
1.564318505573734001e+03
9.108586738350791165e+02
1.485598529917190262e+03
1.351214695041054028e+03
1.416063077495919060e+03
3.149385993251247783e+03
2.147499421622154387e+03
9.153069818338033201e+02
1.050573758107455660e+03
1.251233248501982871e+03
2.811707352469789839e+03
2.985062329737649179e+03
1.034797168333954460e+03
1.041129676446665599e+03
1.415103300651535164e+03
2.864646775565517601e+03
2.423294201609587162e+03
9.056410128555792198e+02
9.932427571696274526e+02
2.110228975607675238e+03
2.660716770678144258e+03
1.384987268463877854e+03
1.078504770705388182e+03
1.310688031725443352e+03
2.646527446184983091e+03
2.450416934640415093e+03
1.088636928166818507e+03
1.094537673468297044e+03
1.652275090153342035e+03
2.619490368829027375e+03
1.795035067674856236e+03
1.121276489967095586e+03
1.277954663259183008e+03
2.494440476685786962e+03
2.027958299920476293e+03
1.004491953037811072e+03
1.196446401983865826e+03
2.326853155190191956e+03
2.540863825326635833e+03
1.110310611872427216e+03
1.122032165347728323e+03
2.260049818623206193e+03
2.672341012855107692e+03
1.327268445763669206e+03
1.118472190806626486e+03
1.389700794078006766e+03
1.914514805918104685e+03
3.005829539504506101e+03
2.069905143764207878e+03
9.457100568180816254e+02
9.735252302298110862e+02
1.447065694188685939e+03
2.732431820692866040e+03
2.527168146998742031e+03
1.021198622977635523e+03
1.159190348457983873e+03
1.756802720695621701e+03
2.867491322563585527e+03
1.608635612823215752e+03
9.492557697841406252e+02
1.158028791080902920e+03
2.487796050579376697e+03
2.695333716163176177e+03
1.396141887272973463e+03
1.094138473230946602e+03
1.129971227246886201e+03
2.082507360639505805e+03
2.613980500698127798e+03
1.421102970201784956e+03
1.146353753758545736e+03
1.441566299771848207e+03
2.499531916873333557e+03
1.616710177627328676e+03
1.202484087678211608e+03
1.208060504554267482e+03
2.623138030154692387e+03
2.097527511316373420e+03
9.363472303096967835e+02
1.216496785702321404e+03
2.389025481173056050e+03
2.887183183675693272e+03
1.444706901887684808e+03
9.820092724126608346e+02
1.782256334943976526e+03
2.814613251300463162e+03
1.805728544421408742e+03
1.445177552294801671e+03
1.204628690800404229e+03
8.706657337839859565e+02
2.661104505297081687e+03
2.425691625633905460e+03
9.868878231269438857e+02
1.130589456978904309e+03
2.586023260033875886e+03
2.448544753237458281e+03
1.072306145725465740e+03
1.142948096332940850e+03
2.083506678566552637e+03
2.812562960050741822e+03
1.219541326979110409e+03
1.119114736982090790e+03
1.256424646708644104e+03
2.366900319816352749e+03
2.631601374401517205e+03
9.953001989162037262e+02
9.657982202443703272e+02
1.951418395134873435e+03
2.723297511860801478e+03
1.466143137679735901e+03
1.225322082061584979e+03
1.375956796280224353e+03
2.312441353899538171e+03
2.425505616305445074e+03
1.006738772459321581e+03
1.159122640540673956e+03
1.705594766303008782e+03
2.705754071329487488e+03
1.739671209934614126e+03
1.139709326242478937e+03
1.452125201081620617e+03
2.535116990948184593e+03
1.877345466691318052e+03
1.005994996501975606e+03
1.592345113103538097e+03
2.613744006792898745e+03
2.997015353549838437e+03
1.189248161788721518e+03
9.513996261208203578e+02
1.010080766306882310e+03
1.417306973506237455e+03
2.767672411313391422e+03
1.891658418154804849e+03
1.132236508833004336e+03
1.249614179379117559e+03
1.921880220765206786e+03
2.559829632911672888e+03
1.513156001209706346e+03
1.353353789985537560e+03
1.615951105851464490e+03
2.571300192017831705e+03
2.808401688983735312e+03
2.545065699339048479e+03
2.216030751150983633e+03
2.554447924434973174e+03
7.790242841936861851e+01
2.917536557128558456e+02
8.608113864675102604e+02
1.304198659303359136e+03
1.437255936321150330e+03
1.583077358369127523e+03
1.715420193412255230e+03
1.783080631911148885e+03
1.798895303038937982e+03
2.391544446796460306e+03
2.908120502022930850e+03
1.310147816489937895e+03
1.258808868888625057e+03
1.505055094843794905e+03
1.585652527649384865e+03
2.369010651192433215e+03
2.793685526461609697e+03
1.377637894182860464e+03
1.181045940071140421e+03
1.595354694012368782e+03
2.816320478757877027e+03
2.807090534493247560e+03
9.459756786579009713e+02
9.072477989876492757e+02
1.423774577381831250e+03
2.848207469856173248e+03
2.233413970421053364e+03
9.584932298448841266e+02
1.120298119044059604e+03
1.865110209982979768e+03
2.768641713189627808e+03
1.286724074269404582e+03
9.534876078607959471e+02
1.364966576966204912e+03
2.498550625500862225e+03
2.350679680861589532e+03
1.142096888691967706e+03
1.280006376358580383e+03
1.979207898876877834e+03
2.709784896499432762e+03
1.409055320034766055e+03
1.040996259731395412e+03
1.347517723477905292e+03
2.603710112304154791e+03
2.020161642633145448e+03
9.540097583105136891e+02
1.202492037903402661e+03
1.694358699401193917e+03
1.483258548508405511e+03
2.850503988395776105e+03
2.935457036558850177e+03
9.842151484222363251e+02
8.719418540629624204e+02
2.075192986865974035e+03
2.963692527715216784e+03
1.172994519582835892e+03
8.945570972043443589e+02
1.191940257928224355e+03
2.796395094923179840e+03
2.500371013842362572e+03
1.001392622851858164e+03
9.967950076005546407e+02
2.297174851822531309e+03
2.658609964416250477e+03
1.102101795836673318e+03
