1.690420926595888204e+03
1.589700684420679409e+03
1.612975404352967644e+03
3.280205441752794286e+03
2.008422765326428816e+03
1.618898216041226760e+03
1.629675091892312594e+03
2.730162481194945940e+03
2.631614788269935616e+03
1.667606211286322832e+03
1.667028516313028604e+03
2.522817646512271040e+03
2.321161385012165738e+03
1.776001687316999778e+03
1.697944576792076532e+03
3.466015590306228660e+03
1.657529207868151616e+03
1.240034482520183474e+03
2.168840791401406022e+03
2.570093460038073772e+03
1.431449186794954585e+03
1.207122402552321773e+03
2.969046325904198056e+03
2.206863548543309207e+03
1.303677106264254917e+03
1.294996917534691647e+03
2.937723361608468167e+03
2.233037187067302966e+03
1.513752884181738864e+03
1.920711663436026356e+03
3.180107967918298073e+03
1.685695759365149797e+03
1.731748178602070539e+03
2.509796577068952956e+03
2.493782299584455359e+03
1.090200066113868616e+03
1.945756662864871714e+03
3.346599054567259373e+03
1.305983678387173313e+03
1.032045451573155788e+03
2.556655395743437566e+03
3.139521075088844555e+03
1.341434007480872651e+03
1.118105131405043494e+03
2.874221554732621826e+03
2.593136316082787289e+03
1.093122093715099481e+03
1.305080114717262859e+03
3.533427769036210066e+03
1.881663386464979112e+03
1.178681824608782563e+03
1.974881359900648022e+03
3.574227020319113308e+03
1.575380206992267858e+03
1.134627177524781018e+03
1.643473656389010785e+03
3.366267182049092753e+03
2.285541844416255117e+03
1.115940093402915181e+03
1.891994601750630864e+03
3.470035483713236772e+03
1.508034017095031459e+03
1.115613249341710571e+03
2.308009643916077948e+03
3.249160427347379027e+03
1.279963903445471487e+03
1.185888997822861938e+03
2.759628705460944730e+03
2.594936508937814324e+03
1.281209053883621209e+03
1.098500071078688734e+03
3.159250892839001153e+03
2.522307679196205299e+03
1.193700482160481897e+03
1.135022344860824887e+03
3.318013346626801194e+03
2.388715087690731707e+03
1.227575001537083836e+03
1.712295006255214048e+03
1.745190478652766387e+03
1.909454925970666864e+03
1.410005993055264298e+03
3.848282956611245481e+03
2.507378684032753881e+03
1.019251582954263199e+03
8.661194092281559733e+02
3.435353049813917096e+03
2.477137101460557460e+03
1.183560782544787571e+03
1.105961038742344272e+03
4.014264564141732535e+03
2.000877746137484110e+03
8.875204515792570419e+02
1.569708275576692358e+03
3.704611090627697649e+03
1.587370829454820978e+03
6.732418379767359511e+02
2.362132580848866837e+03
3.554694380848723540e+03
1.425713409110816656e+03
1.171799798252772462e+03
3.332197008527000889e+03
2.613276443862103861e+03
9.682336886554577404e+02
1.188075571124391217e+03
3.432791566706280719e+03
1.790806935319569448e+03
1.021869898993516699e+03
1.929901727098636457e+03
3.515652423936322066e+03
1.454903627363481064e+03
1.161962254650431305e+03
2.561418350723231015e+03
2.936959006804353066e+03
1.380728328245536431e+03
1.119122712324690610e+03
2.985368978572497781e+03
2.455111405133407516e+03
1.248736746645273797e+03
1.566793335029629361e+03
3.557167864081313382e+03
1.915816738121063509e+03
9.883425676153307222e+02
1.882756848782217276e+03
3.548530778642409587e+03
1.526000121579314737e+03
8.402153215639348218e+02
2.645749147298587559e+03
2.742630123832393110e+03
1.338639826446127245e+03
1.734064462486704770e+03
4.137013548302051277e+03
1.948413758370918231e+03
4.556846719798183472e+02
6.529640994144143633e+02
2.874787106599506387e+03
3.048066862600227068e+03
1.348961218483599396e+03
1.007947556659018915e+03
2.371464440567769998e+03
3.484057057369579525e+03
1.814931702256659946e+03
1.164139549898066889e+03
2.788182510127170644e+03
2.613282793771432353e+03
1.527120230661697633e+03
1.488587843380205413e+03
3.086149870915396605e+03
2.032974486700285752e+03
1.245841661207246943e+03
1.684319558674118070e+03
3.158998574070994891e+03
1.655442372618510035e+03
1.295493800315847011e+03
1.803154692867533413e+03
3.414941328518828414e+03
1.823274269734597738e+03
1.404567036390284784e+03
1.383452402084055166e+03
3.448472205754597780e+03
2.081283001122801579e+03
1.290656601924049710e+03
1.562856497928240515e+03
1.877426617605833371e+03
2.076277165294382030e+03
1.747678811935435078e+03
2.868034766553488680e+03
3.126996087602667558e+03
1.230599410514920692e+03
1.302188404721627194e+03
3.377620482550518318e+03
1.943640527288447856e+03
1.232328151486185789e+03
1.276136181587439751e+03
3.760445333748953999e+03
1.867578016465606879e+03
1.080678657449549064e+03
1.740688946019834702e+03
3.789221625659923120e+03
1.572985573328596956e+03
1.023509821312161080e+03
1.528460942384407645e+03
3.887185553565299870e+03
1.926657341968660603e+03
1.219692417375568311e+03
1.876785243278846110e+03
3.585733906048407334e+03
1.514766892644450536e+03
1.208481622342628953e+03
2.701490771295566901e+03
2.714171077816640718e+03
1.033346020037448852e+03
9.170988816110472044e+02
3.391355960535535360e+03
2.201381903515521117e+03
1.373486541498599763e+03
1.456260414561494827e+03
2.423586073347116780e+03
3.463300659612891195e+03
1.168711286525945070e+03
8.954392887039620064e+02
2.851126652755598570e+03
2.781786964919840102e+03
1.106210334685167481e+03
1.406909851205977020e+03
3.651496189501517165e+03
1.849335791622110719e+03
1.735926107666154621e+03
1.410362308356071708e+03
1.595349838353453833e+03
3.792779433120622798e+03
1.835059067656289699e+03
1.434623895057701930e+03
1.448105430079176131e+03
3.372283142821857382e+03
1.772769281162635025e+03
1.145386713386570136e+03
1.256946722364298239e+03
3.216840115776752100e+03
2.867734300726845504e+03
1.340023235445228465e+03
1.224751598744235025e+03
2.242575016844389211e+03
3.399910863953790340e+03
1.593987144126540215e+03
1.685805088821750360e+03
3.484118242898329754e+03
3.633291756827453810e+03
1.265772929703501404e+03
7.674705131430986285e+02
9.281019385923440268e+02
9.152821165069442486e+02
1.151226565070419610e+03
3.105109184313682817e+03
2.159474221190964272e+03
1.569353666310975314e+03
1.474839787997491385e+03
2.295846953861406291e+03
3.291287762294279219e+03
1.683138647952383508e+03
1.578586436595348687e+03
1.923332392012096761e+03
3.233000260110911768e+03
1.902976741843554692e+03
1.691657866263159349e+03
1.504125491703293619e+03
2.685816968206828278e+03
2.415660986356474041e+03
1.631795332722453168e+03
1.550324391059570871e+03
2.865509622666930227e+03
2.088226713413511334e+03
1.480547767557336101e+03
1.680584314325994683e+03
3.153819489336960942e+03
2.001085650324067728e+03
1.410352132275412487e+03
2.199595862711563768e+03
2.796283448686475367e+03
1.599165426522068628e+03
1.179907731747041908e+03
2.647118805038840492e+03
2.672530103186684300e+03
1.579983300260582155e+03
1.534406063571040477e+03
2.179898487331689466e+03
3.408724073896421032e+03
1.846735232530288840e+03
1.476015627818861958e+03
1.751307329887051310e+03
3.155592444794997391e+03
1.854952480159155130e+03
1.395468265827420510e+03
1.855895024939994983e+03
3.487322244083196892e+03
1.527202958012282579e+03
1.005357762822305972e+03
1.938331929851836094e+03
3.287002518556271752e+03
1.573235877157467939e+03
1.095197865723919449e+03
2.234221590536460553e+03
3.612146272916839280e+03
1.225252198035704851e+03
