1.374434313474223927e+03
8.765216304743628370e+02
9.806200892902828627e+02
1.449604302391318697e+03
2.995050784858301540e+03
2.535845205466598600e+03
1.116799538390202088e+03
1.096886691401430198e+03
1.878191880540052580e+03
3.354044473430120888e+03
1.307369538495120423e+03
9.092836378809532789e+02
1.002668022907058003e+03
1.668720395063197202e+03
3.158763817668079355e+03
1.650005799624345173e+03
1.033697490471935225e+03
1.124735256284749084e+03
2.056260662733910067e+03
3.460659426326492394e+03
1.388449083652688159e+03
9.172667649242972630e+02
1.827935907045541171e+03
3.183240977788605505e+03
1.206079299426560056e+03
8.717662411672513372e+02
1.384136761833855189e+03
3.512313759302348444e+03
2.621062933040735061e+03
2.167571362380326264e+03
7.950609239867998213e+02
4.579403355905351418e+02
1.218789284960445684e+03
3.250104871496394026e+03
1.598321289894203574e+03
8.061564532536416436e+02
8.447224543929996798e+02
1.462710547786895177e+03
3.352924886266019257e+03
1.654778312326629703e+03
9.905886549546252127e+02
1.383206080833126407e+03
3.274238557251358088e+03
1.619962607083019748e+03
8.468470524287209855e+02
1.833900543261798930e+03
3.316097569943442522e+03
1.068893054421014313e+03
8.466235170590698544e+02
1.761547959699492822e+03
3.563183458687695747e+03
1.250235253312215264e+03
7.481648551940660354e+02
1.951632733010124639e+03
3.185386128211826417e+03
9.992638347540594168e+02
6.669317388512514526e+02
1.195432939539613244e+03
3.207772464339690487e+03
2.492472580809495867e+03
8.857780711300283656e+02
8.598381411966413452e+02
2.821272190425739154e+03
3.436852469351865238e+03
7.586373697302343544e+02
5.592443454010333426e+02
2.097360592374754106e+03
3.192282744580767030e+03
9.629161471125318030e+02
7.058431175960537303e+02
1.296719489661126772e+03
3.249666750847853109e+03
1.860212527494350070e+03
8.564509522075019277e+02
9.511000934669197022e+02
2.535033657055135336e+03
2.500587992356155155e+03
9.240612130384415650e+02
8.203394220663393526e+02
2.387577430836183794e+03
3.329072811141473267e+03
1.038769246609934953e+03
7.172237990548112521e+02
1.671778053367832399e+03
3.499338550379731259e+03
1.708925728070915511e+03
6.120012347227409464e+02
7.650016918900928431e+02
2.727408356884355271e+03
2.783100138967338353e+03
2.168816524771536933e+03
6.089504963435878153e+02
5.880807238188446036e+02
2.443242205826673398e+03
2.419479393170564890e+03
8.143970336062137676e+02
8.371175865842235453e+02
1.476352220118233390e+03
3.617935550208741461e+03
1.550964288850151661e+03
8.171559287146694714e+02
9.861902699815593678e+02
2.448201000193254913e+03
3.468915895016759805e+03
1.185386484135238561e+03
9.095708378186724303e+02
1.258142809938794926e+03
2.962549313973448534e+03
2.839323750087056396e+03
1.004754982083520076e+03
8.734681535040701874e+02
2.177163476617249216e+03
3.143396677954971892e+03
1.081464647994978122e+03
8.165993054656696586e+02
1.929649048491175108e+03
3.071886822431433757e+03
1.164353762960096446e+03
8.201680501142851654e+02
1.470830832482787628e+03
3.608700394454965590e+03
2.279915151005146981e+03
7.888740733789194337e+02
8.738439461252063438e+02
1.200857363999453355e+03
3.213384018344585911e+03
2.689416412593081986e+03
8.094222098355400021e+02
7.027373493647864962e+02
1.367429955941258186e+03
3.744383312767879033e+03
2.065915741390641870e+03
8.000821149925241116e+02
8.475638421179615989e+02
2.207873516170130188e+03
3.632238748532516638e+03
1.093207490834833379e+03
6.977865272257740799e+02
8.383522061887047130e+02
2.414923123750961622e+03
3.426166018758925929e+03
1.000168846411424624e+03
8.198100778414575416e+02
1.976157038365926610e+03
3.834786730964343860e+03
1.279607182785620125e+03
6.550614478105837861e+02
8.553105732904283514e+02
2.868378221743117592e+03
3.125253867366067425e+03
8.730815329740015613e+02
7.914564830173737846e+02
1.456993397146920415e+03
3.448921877455902631e+03
2.036838823969903615e+03
6.599520113236675343e+02
7.105876978316332497e+02
2.577722949953251373e+03
2.833193383963504402e+03
7.557714021768713337e+02
6.702334575662139287e+02
1.119334305874435131e+03
3.428201056536815031e+03
2.280387322784975368e+03
8.422395715046968689e+02
8.936516786346321624e+02
2.381790369859902057e+03
2.713415545144662701e+03
1.083317153454606114e+03
9.511551166180115615e+02
2.445462741871690469e+03
2.720181947418170694e+03
9.289360329715040052e+02
7.518337467158696654e+02
2.030182923416689846e+03
3.057877184259424666e+03
1.124656970564585436e+03
8.609746343510105362e+02
1.313527450864818547e+03
3.317884170677647489e+03
1.849295091770510908e+03
8.690844171046244355e+02
1.059054430178156053e+03
3.063307741435814933e+03
3.372270979994948902e+03
2.615078299319759481e+03
8.447636653406578944e+02
1.959780181442045262e+02
1.460368225075028249e+03
3.170663415501546751e+03
9.053024928895740686e+02
6.265032907273149476e+02
8.233185508605829455e+02
2.442709445859183688e+03
3.563375730176572233e+03
1.101582088949271110e+03
7.805301674257106015e+02
1.369406214926248140e+03
3.360937075896690203e+03
2.039079340703950947e+03
8.658838355956613668e+02
8.476248830545022201e+02
1.889989850816761418e+03
3.623136961880014951e+03
1.429235092224177151e+03
9.302028119800286277e+02
9.644047316422224867e+02
1.569838327071605818e+03
3.499877113175804425e+03
2.062776347292166065e+03
1.006830382076140040e+03
9.383478268536737232e+02
1.289510047994457636e+03
3.391727572895203593e+03
2.530898991607122753e+03
9.084456867635076378e+02
8.801686270957503666e+02
1.041926266709531092e+03
2.453365586153178356e+03
3.526092131386638812e+03
1.173965843660916107e+03
8.394927189981660831e+02
9.900281343726908290e+02
1.791947437823573864e+03
3.305405681605257541e+03
1.643347053368192974e+03
1.053063776382188280e+03
1.043127769294139625e+03
1.855069736205380877e+03
3.443053516179416874e+03
1.561759153168915418e+03
9.103314797990183251e+02
1.321493368127254143e+03
2.856675977485415387e+03
1.771199515281604590e+03
9.390222722706736249e+02
1.522812689525312862e+03
3.204728438846540939e+03
1.825434207892870063e+03
8.392619798253693943e+02
9.881599747026464229e+02
2.539003340885317812e+03
2.617929223775359787e+03
9.786611287241145192e+02
8.945724892594190578e+02
2.164754561861323054e+03
3.742258368102151962e+03
1.263860906591935873e+03
8.056685267487519013e+02
1.752829862009478802e+03
3.297816470182934154e+03
1.097639351343198769e+03
6.787178328855801510e+02
2.234353829571092319e+03
3.668731737610323762e+03
9.819404653419044280e+02
4.559101516232030349e+02
8.204918688356425491e+02
2.832854518102414204e+03
2.216284928053816657e+03
7.463049202517598815e+02
7.716970988653490622e+02
2.061222800757071582e+03
3.933000390955583498e+03
1.466528675744526709e+03
6.113096817155155804e+02
6.521415440932405545e+02
2.148987825129722296e+03
3.298336793761540775e+03
9.491667128317430979e+02
6.810761533157775602e+02
1.534640105133813904e+03
3.422235669763007536e+03
1.476241578317533367e+03
8.303875494244365427e+02
9.135706962683416350e+02
1.967974817778339457e+03
3.736496822012221401e+03
1.704369429749042865e+03
8.854728833453889365e+02
8.782308323470080040e+02
1.344574859228607693e+03
2.890168567994393015e+03
2.168746338719054165e+03
