2.658018736440018529e+03
2.658342831448178003e+03
9.234540022072436614e+02
1.707235269866166618e+03
2.698001637988217681e+03
2.352094555146679340e+03
1.336541137608352528e+03
1.713469905475310952e+03
2.795567583470260161e+03
2.259391053785661825e+03
1.082690294129715994e+03
1.829262136482555889e+03
2.911331534106057916e+03
1.654669408666553181e+03
1.420186536609940049e+03
2.182531148498368111e+03
2.926299497659990266e+03
1.128600470921543774e+03
1.468485137244274028e+03
2.255593512619618650e+03
2.869167654182116621e+03
1.057610161489957363e+03
1.614479227215838364e+03
2.500976669046198822e+03
2.728776954999126247e+03
1.056464249894141403e+03
1.595963598638745452e+03
2.549280698511665832e+03
2.822839297126757174e+03
7.665831782073937575e+02
1.729376997823956117e+03
2.860499962945233165e+03
2.291837758532913540e+03
1.196185248002593653e+03
1.787839415074957515e+03
3.354487059289886474e+03
1.473623050085844625e+03
1.309213518411476571e+03
1.867164802223827110e+03
3.101674774111937950e+03
1.272894865712923092e+03
1.395841159039389140e+03
2.287408752810884380e+03
2.731536181808293350e+03
1.067019626701564221e+03
1.708586015125384847e+03
2.780470420306865890e+03
2.457879982058909263e+03
9.983881458963053319e+02
1.723499580803982326e+03
2.766769061225685164e+03
2.388696107047064743e+03
1.125277794941532193e+03
1.660856727720416984e+03
2.774194617250219380e+03
2.165469957730835631e+03
1.260580316326967477e+03
1.888798057736220244e+03
2.793694666878922817e+03
1.792976996006732861e+03
1.358368869125445144e+03
1.871127726516003804e+03
2.845441217820249221e+03
1.597110794239034703e+03
1.333402891385949488e+03
1.713065001483385686e+03
2.678709863603532085e+03
3.049823762968933352e+03
7.684822324633992139e+02
1.515210571313816217e+03
2.121145882154538867e+03
2.993643708928215347e+03
1.441759756652312262e+03
1.330543676174497023e+03
1.726310378480513236e+03
2.795395859995665433e+03
2.018325694163199614e+03
1.118918467157299347e+03
1.840558457787261204e+03
2.957728312424220348e+03
2.137517539864364608e+03
1.183014982278853040e+03
1.830383617788659421e+03
3.093437799693945180e+03
1.232183492633826745e+03
1.425582632170476472e+03
1.870999218812940626e+03
1.969216249579652867e+03
1.973846017467858474e+03
2.624711581732356535e+03
1.974963023753799916e+03
1.177905694535693101e+03
2.591690325660177677e+03
2.732860941546736740e+03
9.770976968271385203e+02
1.697383970242740588e+03
2.833359757943411296e+03
2.595443416187648381e+03
9.047270895771730466e+02
1.921313666726074416e+03
2.997422602323410501e+03
1.350889905850972582e+03
1.344347801329251297e+03
1.965553466315759806e+03
2.957861567066772750e+03
1.093565313202368543e+03
1.569361017158607865e+03
2.282661713829206292e+03
2.848575531525817496e+03
9.632183711245444329e+02
1.671774514890420960e+03
2.250912253033035540e+03
2.250047230812465386e+03
1.453859020449581521e+03
1.912949748439409632e+03
2.063526614562903887e+03
2.030750877094507132e+03
2.008312105795078651e+03
2.969549128975576423e+03
2.002499676256267549e+03
1.114237106586137088e+03
2.004422976245781228e+03
2.010194805706685656e+03
1.958755038808437121e+03
1.903425555131959300e+03
2.667130873591726413e+03
2.498766026973929456e+03
6.612080846834094245e+02
1.591530266965962937e+03
2.671524350437375233e+03
2.929684401546371191e+03
6.521922841048258306e+02
1.740055798252486738e+03
2.187713879136212654e+03
2.858562981635664073e+03
1.059143588832045907e+03
6.789996445042655751e+02
3.060412140797840038e+03
1.948425937319018885e+03
2.627765478487102882e+03
2.985229997065370299e+03
1.316131453107713241e+03
1.279387733802621142e+03
1.771114681515091206e+03
2.871997399397313984e+03
2.467193962203618867e+03
1.236112969736109562e+03
1.489534587956307632e+03
2.216076863391787356e+03
2.761179927883890286e+03
1.702667944691771027e+03
1.446535539690231190e+03
1.550214607151563996e+03
2.642513314781467670e+03
2.549140461131103166e+03
1.236803562456395412e+03
1.477467004819399790e+03
2.669231058259521888e+03
2.376613897312251538e+03
1.374307640961442758e+03
1.537228744368463822e+03
2.004432155388760293e+03
2.784276637127903996e+03
2.041514142945560707e+03
1.113007799384753980e+03
1.710564009094279982e+03
2.850933396677306973e+03
2.396151053668493205e+03
1.105651338308143977e+03
1.689057251461537589e+03
2.954938588485587843e+03
1.985505150414601530e+03
1.138198838490581920e+03
1.694237707865378297e+03
2.880048976890476752e+03
2.038531056956330076e+03
1.176698436328931166e+03
1.705283918758459549e+03
2.759244984167329221e+03
2.322453819833392572e+03
1.178183069424777159e+03
1.796552151808675262e+03
2.001591015459975779e+03
1.937432099244241726e+03
2.203631476299632595e+03
1.964625884018224724e+03
2.296093584791439753e+03
2.967460962466492219e+03
9.037346399923159197e+02
1.372467608805306554e+03
2.113810237281334139e+03
2.964279818723728567e+03
1.258719027960231415e+03
1.259613750071545610e+03
1.833208329057803212e+03
2.872615946646355496e+03
2.077262839032171996e+03
1.118709857568312145e+03
1.885553693633843977e+03
2.998645946595654095e+03
1.673328144005722606e+03
1.275176006716560551e+03
1.788505260180553023e+03
2.975238173936510975e+03
2.353549465099616555e+03
1.075429570105453877e+03
1.719197340566424373e+03
2.207175673745869972e+03
2.827590804106155247e+03
1.630092807802066545e+03
1.333422951495341522e+03
1.821027925657382184e+03
2.811891960086345080e+03
2.435383275885533294e+03
1.078430277986621149e+03
1.738215057735540768e+03
2.709907450448822601e+03
2.702404530048620018e+03
9.569790366635546661e+02
1.688609363016857742e+03
1.854665367641815919e+03
3.018377597910227905e+03
2.003602589784565225e+03
1.179567220553606376e+03
1.852120882508481372e+03
2.200587868629010700e+03
2.965750659717998587e+03
1.033193728444026192e+03
1.544547162953103680e+03
2.066433263225206247e+03
2.870891043552580413e+03
1.300737464517667604e+03
1.532762570501695564e+03
1.967197396271892330e+03
2.824741388294466560e+03
1.905977463713365751e+03
1.315266141241559126e+03
1.935649872171398783e+03
2.916976216798640962e+03
1.781590024709318641e+03
1.269211227473856070e+03
1.892212104669488781e+03
2.709540408553307770e+03
2.529244216822558883e+03
1.027578045478844388e+03
1.841322202903249490e+03
2.647456031449681177e+03
2.798805139456348115e+03
9.714554261052014681e+02
1.664683447319475363e+03
2.580523954029501510e+03
2.661893827972146937e+03
1.077482240090666210e+03
1.797125029969269235e+03
2.760676412733560937e+03
1.866417629907818309e+03
1.371834410088105869e+03
1.907404969760634913e+03
2.669128309948617698e+03
2.513002841351571533e+03
1.121734920926224277e+03
1.755741013383990321e+03
2.685514518312403197e+03
2.068004973945611255e+03
1.374938856021988386e+03
1.743960548607320334e+03
2.891092702268379526e+03
2.399580714267093299e+03
1.070738119396343563e+03
1.661853178608523649e+03
2.253063813889349603e+03
2.799830772793896358e+03
1.353305840110848749e+03
1.454582715407865180e+03
1.905746244124446548e+03
2.756110408085185099e+03
2.398588337908202902e+03
1.174866291572867794e+03
1.773423625016562255e+03
2.427540537019232033e+03
2.536212262672871475e+03
1.446446943587492115e+03
1.515785956667108621e+03
1.925526041223097309e+03
