8.107324364513224282e+02
9.328726325817071938e+02
2.243578276868529429e+03
3.841754790437712472e+03
1.075705157220974115e+03
8.004419406692445591e+02
1.274199279096206283e+03
3.797725930232336395e+03
1.885916422674343721e+03
8.278905625938961066e+02
7.170797549608797681e+02
3.078346269884290905e+03
2.658537157810136250e+03
5.372498410604584933e+02
8.014172289268702798e+02
3.040585487147599451e+03
2.553139160550357246e+03
5.705320463593133127e+02
9.951177634289074376e+02
3.652941770997269487e+03
1.913895369162482211e+03
8.088093195992034907e+02
1.811320577256318074e+03
2.761170109193485132e+03
9.074971204262749325e+02
1.131388528347952388e+03
2.596806533517407388e+03
1.974663519437829791e+03
9.141512774214272667e+02
1.428819830379839232e+03
3.452815115947531012e+03
1.137802617132439082e+03
9.617823587207539049e+02
2.325479459451606999e+03
3.076218926670339442e+03
4.857642636634288920e+02
1.062242803680738461e+03
3.185442996610572663e+03
2.044466537909975841e+03
1.090680937189516271e+03
1.690432315937565818e+03
3.518868069061595634e+03
1.263046226394133555e+03
1.067390804204880851e+03
1.451815780482724904e+03
3.398339763176717042e+03
1.213971590838765678e+03
9.066011985895673888e+02
1.311525525815585524e+03
3.241294295881078597e+03
1.148716882997292259e+03
1.017888325545097018e+03
1.875724718367428522e+03
2.819669518056709876e+03
1.129408711813066930e+03
1.163346492309538462e+03
2.491553453856010037e+03
2.238520671867125657e+03
1.165871209661101148e+03
1.237408219912828372e+03
1.903708326901381724e+03
3.708486545760677018e+03
1.048801686981546027e+03
1.187275420282196137e+03
2.133409833086212984e+03
2.667779236000589663e+03
1.100121354542377276e+03
9.993345766609101020e+02
3.263137722086549275e+03
1.777777861249093348e+03
9.097016329242851498e+02
1.333282546448178209e+03
3.462149998548684380e+03
1.158320064425749479e+03
7.619509548331989208e+02
2.914537318168765069e+03
2.151116535865303376e+03
4.658891990798638290e+02
1.103061151027729011e+03
3.029584270599310457e+03
2.022202539939131611e+03
6.994658821114167040e+02
1.947694013863772852e+03
3.920883565690288378e+03
8.285183830515754835e+02
7.651951059269696316e+02
3.167197761924709994e+03
2.111366618368171657e+03
6.732367711900710674e+02
1.539508919887060529e+03
3.466737502650870283e+03
1.002656680342779168e+03
9.874521826752134075e+02
1.984560270325647025e+03
3.461780221210094169e+03
7.695274146046712076e+02
8.670350446919782144e+02
1.761724302730651743e+03
3.145102476102964374e+03
9.702007853155390649e+02
9.452650298148986394e+02
1.394158234432738482e+03
3.262028104236382205e+03
1.839363311064888421e+03
1.025681790951458879e+03
1.632722321527365466e+03
3.475888163862437978e+03
1.002322905927609668e+03
9.869726183480729560e+02
2.894617914215725250e+03
2.135513975615594518e+03
7.742013296844884280e+02
1.494603035737861774e+03
3.428268929321205178e+03
9.780922717407654545e+02
9.533075912379490546e+02
2.195036725825634676e+03
3.255034590531571212e+03
7.835397309945997222e+02
1.070305514109288197e+03
2.955531941018160978e+03
2.079581110756254020e+03
1.166626798617934810e+03
1.208292707039047855e+03
1.835126354346699145e+03
2.899767095997792239e+03
1.181841230429715552e+03
7.876231410601608331e+02
2.531181268260618708e+03
2.449318720109506557e+03
1.079332743362466545e+03
1.003323944614299648e+03
2.642900979421340253e+03
2.336640755593875383e+03
1.020363984784507920e+03
1.156348154165780215e+03
2.983313132586965366e+03
2.468635492289105514e+03
6.547802536774337341e+02
6.606864335964040720e+02
2.880436133505310409e+03
3.572358753029173386e+03
9.631306901891842926e+02
8.051338677700379094e+02
2.500611955894692073e+03
3.698773919664035020e+03
1.094464625503502702e+03
8.280458709205605601e+02
2.656093739211361935e+03
1.784879405774991483e+03
8.054011054881835889e+02
1.022788666011929536e+03
3.471419899905421062e+03
1.307030172887979916e+03
8.037960495213210379e+02
2.302989688327135354e+03
2.543294814844172834e+03
1.014564090594892377e+03
6.827412568064129346e+02
3.076105078268498801e+03
2.750246276545860383e+03
5.976363115965721136e+02
7.247152883758562893e+02
1.786804035423095002e+03
4.189822232403459566e+03
9.266615630905090484e+02
4.230964569723440718e+02
2.463348249716205373e+03
3.346850418542501302e+03
5.769760223247628801e+02
9.202711132478394802e+02
3.142502798356081257e+03
1.911872072351239694e+03
8.207311951152444180e+02
1.312816475795082852e+03
3.986358417515955807e+03
1.088666397517022233e+03
6.758309473986466855e+02
2.528621251784056312e+03
2.824166480569473606e+03
1.129220860707400561e+03
8.081078358222348470e+02
1.927910697798332194e+03
2.536427030138371265e+03
9.696091426465081895e+02
1.194935951765691016e+03
2.399725020607880651e+03
2.710612523040349060e+03
1.012130349342355316e+03
1.519683368530666485e+03
3.104886984239257799e+03
1.181420116641383402e+03
9.122535690759780209e+02
2.633862536900379837e+03
2.160638184589742195e+03
1.002491080426619760e+03
1.402705061322416896e+03
3.228432628024004316e+03
1.351392409394797824e+03
9.124354218045475591e+02
1.765270290122302868e+03
3.573781965828161901e+03
8.940179153973555231e+02
1.121241726935295674e+03
2.292609574467773200e+03
3.342996719461309112e+03
2.229974537682674054e+03
1.378020933013300237e+03
9.507463971471752302e+02
1.103627161342513318e+03
2.143334638118498788e+03
3.108547524046713079e+03
1.209464324040994597e+03
1.026681658403158963e+03
1.100611428693745665e+03
3.060541760568878090e+03
3.176295830533904791e+03
8.484239360971037058e+02
7.878969580889698818e+02
1.059764087834836573e+03
3.020449820320924118e+03
3.253107462580134779e+03
1.040130029682508166e+03
6.266524920085162194e+02
1.031055410369884385e+03
2.902952059634324542e+03
2.286895440296393190e+03
7.858410736235520062e+02
1.119832208608037035e+03
2.789335930906551766e+03
2.340482536223107672e+03
8.723118548120788773e+02
1.412343480450113475e+03
3.484073602075636700e+03
1.422624263136402078e+03
7.816760098136552415e+02
2.239411303955590938e+03
3.075530546731571121e+03
9.376669477548780378e+02
8.470412547120347426e+02
2.675347146577408239e+03
2.649791265340187692e+03
7.493977432103588399e+02
1.188468488800350769e+03
2.804834505075002198e+03
2.064967838226144522e+03
9.332116454387414706e+02
1.222289999315393288e+03
1.908904810563310321e+03
3.932223701584502578e+03
8.996651919564004629e+02
8.635703732264274777e+02
3.126737143000899778e+03
1.508860850877067378e+03
1.252697907186191060e+03
2.472680804490222727e+03
2.514321040107725821e+03
8.670591351900750396e+02
8.211069657791622376e+02
3.061737767294664991e+03
1.949287455404540196e+03
1.039200995327605369e+03
1.174818926781990058e+03
1.790766203410045591e+03
3.362224325939660957e+03
6.368581476323415700e+02
1.184291063572778967e+03
2.489284899996237073e+03
2.538550519841347977e+03
1.136811448363507907e+03
1.252792182101918115e+03
1.513023491275930610e+03
1.925730742119256774e+03
3.395309245719695355e+03
1.121129096420686892e+03
1.104718751707010597e+03
1.264326723230867856e+03
3.344326405755073665e+03
1.655026248124539961e+03
7.268882103634840632e+02
1.227245431781489970e+03
3.254830338506487806e+03
1.398031776257615547e+03
9.727529540603301257e+02
