3.163307748436475777e+03
3.814042050492512772e+03
1.332453962224479255e+03
1.015321790918291072e+03
1.347172155426147810e+03
2.676472812288680871e+03
3.916593129234592652e+03
1.206804043940541533e+03
7.850843769874663849e+02
1.588853285229156882e+03
2.180616582542701053e+03
1.887580980343665487e+03
2.431084195821146295e+03
4.037442788393300361e+03
1.352803895522877610e+03
6.724831096858299588e+02
1.543771584194145589e+03
2.802903193888170335e+03
4.035681997465034328e+03
1.004762792363951235e+03
8.048358374986236186e+02
1.683578280545369807e+03
3.859459220130076119e+03
2.723075241275962981e+03
-2.033547550374826329e+01
1.190663520630546600e+03
2.492703306789234375e+03
4.066883618355841463e+03
1.092159373478868474e+03
8.421507397291580901e+02
1.351473417664784847e+03
3.356399068968551546e+03
4.103801057123856481e+03
6.613376516316047855e+02
9.664512850871705041e+02
1.437331930949501384e+03
3.252308868184297808e+03
3.539638786385339245e+03
9.086824857749801367e+02
1.316200320345928731e+03
1.377938240530103940e+03
2.370655360903716883e+03
4.018624738001642982e+03
1.623751451980731872e+03
9.426653070978242113e+02
1.605565865335447825e+03
1.365106530084108954e+03
3.913799447927780875e+03
2.705518943379364373e+03
6.729677924465304386e+02
1.290523826959307144e+03
1.564476583127712274e+03
3.686185380378270565e+03
3.016161292841486102e+03
8.498221979194170217e+02
9.776657897157980415e+02
1.738725346490314678e+03
2.059695233446053408e+03
3.618922574713414633e+03
2.888350760101772266e+03
9.650404725194139246e+02
9.562318217038809962e+02
1.690677968201504427e+03
3.907808801948143810e+03
2.878638971036930343e+03
7.985581762696353962e+02
1.254742464478430520e+03
1.322764270822899562e+03
3.553885822089558587e+03
3.489469820977104973e+03
7.825725019449758975e+02
1.076804755616325110e+03
1.410708919916479317e+03
3.504229965503485801e+03
3.473209219221801504e+03
7.965935527622513064e+02
8.156854446062274064e+02
1.397259417365393119e+03
3.385871977905915628e+03
3.843200500520995774e+03
1.031060212785829435e+03
8.906257467364994227e+02
1.404454793460139626e+03
3.068536509973732336e+03
3.740236267058629437e+03
9.173135761432461095e+02
1.213758956678257618e+03
1.311619353604393837e+03
3.432222978394456732e+03
3.513055405230791166e+03
9.214168899357434839e+02
1.100429119108598115e+03
1.256744470404379626e+03
2.943150687786402159e+03
3.873343882629605105e+03
1.604899633419547854e+03
1.656942809840276823e+03
5.510508899420256057e+02
1.345225450454530346e+03
3.329760144277889594e+03
3.714990268121689951e+03
8.205234212975037735e+02
9.190133615734542900e+02
1.577977268036474243e+03
4.068156782017943442e+03
2.352478835442836953e+03
4.372246623827387566e+02
1.133494175213045764e+03
2.443487214378823865e+03
4.074171467291265799e+03
2.107437775252500160e+03
3.294229795184525642e+02
1.003647243707770372e+03
2.321529912892197899e+03
4.174567179656564804e+03
1.602429783358814120e+03
5.590264459840628888e+02
1.007174270814647457e+03
2.345490140225836512e+03
4.067366119102074663e+03
1.807405816850954125e+03
4.792355000759856125e+02
1.445685006015450199e+03
1.862823854797147305e+03
3.759859021910205684e+03
3.695983188341090226e+03
5.140993359906967726e+02
1.013140098619462265e+03
1.496435523200523903e+03
1.909502818154544684e+03
3.653682998217739168e+03
3.693412463599471721e+03
5.095655417945737895e+02
7.781597716907645008e+02
1.567714584250767530e+03
2.400584580302584072e+03
3.976845789485638306e+03
2.163981867436758421e+03
7.328650554107629205e+02
1.331014670467171527e+03
1.744163094328863281e+03
2.365027232500313403e+03
3.678608750607743787e+03
2.402669125573260771e+03
7.913877103344780153e+02
1.024354425895380018e+03
1.891167104469005835e+03
4.105738535151115684e+03
2.259948324340465206e+03
6.826996812296861208e+02
9.731046146641564292e+02
1.939096093061392139e+03
4.057267153205368231e+03
2.395234693146665450e+03
7.357591515639591080e+02
1.150607051004221148e+03
1.490234763646369856e+03
3.578122925196667893e+03
3.473166263972433626e+03
8.202617097508971256e+02
1.036022568652061636e+03
1.482261840970662206e+03
3.073284471480024877e+03
3.698265112805329863e+03
1.385633570759822305e+03
7.930171238178199928e+02
1.353030844067435737e+03
2.385998977331475544e+03
3.872188323854459668e+03
2.245122017204155782e+03
9.051518927111937955e+02
1.459998554578936591e+03
1.255305248601713629e+03
3.643945981475560075e+03
2.958039622335597869e+03
8.373287738331124501e+02
1.275572403706976274e+03
1.500328348161726353e+03
3.178771829915744092e+03
3.593687612085700039e+03
9.472879302939400077e+02
9.379946361191128972e+02
1.285467090944777055e+03
2.467533652597767286e+03
3.957238449111520822e+03
1.559001735100381211e+03
8.395615325168142817e+02
1.550701254109976844e+03
3.866790539921783420e+03
2.676959236757610142e+03
5.756245725788040772e+02
1.840778517750748051e+03
1.850241583263803022e+03
1.513267040970094286e+03
2.219225292229883053e+03
4.148006661245476607e+03
1.669985687961506756e+03
5.338615115572702052e+02
1.337606294162374297e+03
3.638403782616343051e+03
3.282874626866323979e+03
4.522141442666127773e+02
1.353646022281505566e+03
1.705045886145592249e+03
3.049075005160194905e+03
4.116217627800267110e+03
1.183317775682781757e+03
7.902307728600652581e+02
1.307717117599966514e+03
1.811988452072624568e+03
3.130227712705374415e+03
4.073158570256913663e+03
1.036167290252386465e+03
3.329080899712091650e+02
1.494824000359324373e+03
2.606238398376831356e+03
4.156203454710932419e+03
1.126427181943230153e+03
6.619897268361777378e+02
1.680998928316824959e+03
1.847549445882159716e+03
2.396757840078884328e+03
4.101344882882731326e+03
1.271657641601193973e+03
6.367485737426649166e+02
1.593498844509017090e+03
2.786537112132466518e+03
3.968481531652313606e+03
1.023440098431694764e+03
9.545873327789690848e+02
1.582123654546406215e+03
3.368135031909999725e+03
3.856513797308093217e+03
7.186145651577595572e+02
8.877919379797219790e+02
1.739985839750655714e+03
3.447564559264782474e+03
3.793230231096938951e+03
1.780593633055626242e+03
7.632234723604581461e+01
1.221688851094209667e+03
1.980410385023313665e+03
4.066794546112868829e+03
1.800918529018395930e+03
7.107437812037941285e+02
1.296226641483996673e+03
2.050413093667028079e+03
3.965594714291797573e+03
2.145803583451648137e+03
2.521390361934608961e+02
1.539015410067315088e+03
2.012881186891478592e+03
3.421289468827454129e+03
3.181210452544633426e+03
9.262740421910052646e+02
1.254562325345377076e+03
1.645726653619300805e+03
3.256669406124660327e+03
3.239857907653749862e+03
8.327932684877290512e+02
1.168164713956978176e+03
1.830358912603863246e+03
3.317855379010660727e+03
3.404724548109667012e+03
8.515246287077879970e+02
9.751527055377260922e+02
2.899456566871391260e+03
3.285861714673705592e+03
8.326108112701421078e+02
1.105457841800875258e+03
1.919765890840454404e+03
2.530562347016097647e+03
3.680714152468302018e+03
1.915367103911600680e+03
8.334155396268331515e+02
1.381703357148364603e+03
1.820901140761460738e+03
3.638577812771702156e+03
3.928177308222569991e+03
2.080357105517661864e+01
6.704753685331861561e+02
1.915608599062206167e+03
3.506657758745153387e+03
3.024043554810481055e+03
6.327293274313384472e+02
