1.582150475733500571e+03
1.430576224272145510e+03
1.463551763631239055e+03
1.615839987037748870e+03
1.766193430507391895e+03
1.810718921793120899e+03
1.926333535849398004e+03
2.008723705859329129e+03
1.973923850219127189e+03
2.647671342722491318e+03
2.789307483033501285e+03
1.989651529157757068e+03
1.835765825128835559e+03
1.882021469322909525e+03
1.862204941022757339e+03
2.199925532551076230e+03
3.096178294095846923e+03
2.989377328517494334e+03
1.988519714558791065e+03
1.860299981049249027e+03
1.817027736245416691e+03
1.906512630463376126e+03
3.099324148321480607e+03
3.402007452543547970e+03
2.100157107104861097e+03
1.404262079166839612e+03
1.167231670820172894e+03
1.253087881756634715e+03
1.835244441053084529e+03
2.352341823523258427e+03
1.630998082583132373e+03
1.516754281338563942e+03
1.521129539336291600e+03
1.707413807829557754e+03
2.342442570901900126e+03
3.628881825208545251e+03
2.468835657382362569e+03
1.682038109469870733e+03
1.474927168022244814e+03
1.605384777179550611e+03
2.412472787665999476e+03
3.162945612029900985e+03
2.104261035762801384e+03
1.622342682358130787e+03
1.496245112652942908e+03
1.574645500177282202e+03
2.186254194677015221e+03
2.841318803357813977e+03
1.980364353518347798e+03
1.617882131923058068e+03
1.570341855770326447e+03
1.743638856715602742e+03
2.527057010956571048e+03
2.669318678450225434e+03
1.875277985178496920e+03
1.552320594317920722e+03
1.715571344936759260e+03
2.720195891823724651e+03
3.473382641336562301e+03
2.170506340098633700e+03
1.506260758749766637e+03
1.274776203805930891e+03
1.646031218282518921e+03
2.700216928018967792e+03
2.462394942985705711e+03
1.522596734672026969e+03
1.306451850036557289e+03
1.504643094149520266e+03
2.576726956537489514e+03
2.691449735073069405e+03
1.717334837393428643e+03
1.390300110686958760e+03
1.470568393662478002e+03
2.375176291516503170e+03
2.784577020984163482e+03
1.756886273666928673e+03
1.388271778233759960e+03
1.457326894692511132e+03
1.748333805340758090e+03
1.680081071908941567e+03
2.718429679426169059e+03
2.530635927740093393e+03
1.832971474814971998e+03
1.672956430423777419e+03
1.562115948665435326e+03
2.172791200382879651e+03
3.124167831813862904e+03
2.381776786117611664e+03
1.673952103239757207e+03
1.535748597114709810e+03
1.743935250743543293e+03
2.849207018062603765e+03
2.137543399278467405e+03
1.684864901576009061e+03
1.564353525856054830e+03
1.570888187964307235e+03
2.311906068965236045e+03
3.137330114646309084e+03
1.937971794615299359e+03
1.375131314593062370e+03
1.423471836546132181e+03
2.642613774693703817e+03
2.672100962309095394e+03
1.594550421345360746e+03
1.383286645961292379e+03
1.473337595325850316e+03
2.631097649782210283e+03
2.636689561011959995e+03
1.636629891418994475e+03
1.408370627657815476e+03
1.401670824730747881e+03
2.233556493667262657e+03
3.169862866668547213e+03
2.138442577672046809e+03
1.555768940948384625e+03
1.388514543890400091e+03
1.536071135973817718e+03
2.624914005461173929e+03
2.915656392845841310e+03
1.844563844902789015e+03
1.425690446064364323e+03
1.829130095629237530e+03
3.111689663384046980e+03
2.608216534970029443e+03
1.489960961702295208e+03
1.267474603374214666e+03
1.652521417107267098e+03
2.844542395748750096e+03
2.134032018738182160e+03
1.439947695048477499e+03
1.415098431208892634e+03
1.787078966658922127e+03
2.744046528341217709e+03
2.094027037096705499e+03
1.486954443957844205e+03
1.518123131701731609e+03
2.140592734248503348e+03
2.863981338698534273e+03
1.828552692651071311e+03
1.518323468445036497e+03
1.540504909885324878e+03
1.677337696533758844e+03
2.469833582940584165e+03
3.273713362813333333e+03
2.116575649087786132e+03
1.549510926878736655e+03
1.547406149625398712e+03
2.516174526487972344e+03
2.721270949514734184e+03
1.701299837095478097e+03
1.441253721005183479e+03
1.573702784417869225e+03
2.573559005289728248e+03
2.740485930648798785e+03
1.693444685815371031e+03
1.430172238162902431e+03
1.402034263100603994e+03
2.198496124167686503e+03
3.054660100757757846e+03
2.045107801405291866e+03
1.409670440310472941e+03
1.499715445798511837e+03
2.718931234114324070e+03
2.709752938021703812e+03
1.578882567552162072e+03
1.365738493223837168e+03
1.353743788713124559e+03
1.808732339025817964e+03
2.867924182693586317e+03
2.447067018916114193e+03
1.716994271037785211e+03
1.560649909933589925e+03
1.778701103469858708e+03
2.735599552654945910e+03
2.354222634143462983e+03
1.657764166450034509e+03
1.575038444886362868e+03
1.549488038912507136e+03
2.495594151208836593e+03
2.671367648409904177e+03
1.731278424295563127e+03
1.496590333825491143e+03
1.512017424652256068e+03
2.468687524978808142e+03
3.055148959786338310e+03
1.853861963875374613e+03
1.475665173366667659e+03
1.405959667272756406e+03
1.669857983262095786e+03
2.586026880832399911e+03
2.852634103248406518e+03
1.801618245461901552e+03
1.456609807036124039e+03
1.555989540230323200e+03
2.424785191369328004e+03
2.844153605439788407e+03
1.770926565334067845e+03
1.528270255889645341e+03
1.714867206718498664e+03
2.760983492472329544e+03
2.158690806541095753e+03
1.557716854751852907e+03
1.498941326600663615e+03
1.790169344528967486e+03
2.911549439973014159e+03
2.407009510564634184e+03
1.522227609132012049e+03
1.420883581978951952e+03
1.376938743309312486e+03
1.931841733304735953e+03
3.020657419412237687e+03
2.357553617447115812e+03
1.536835503933262999e+03
1.428570255893092053e+03
1.997182999588022767e+03
3.061088749617259055e+03
2.073191011059929679e+03
1.482250215421552411e+03
1.452967283873852921e+03
2.312435153644661568e+03
3.070735891931810329e+03
1.884033574751246533e+03
1.471252215058892261e+03
1.570160096990372494e+03
2.543627643450392952e+03
2.836539977707208436e+03
1.769920459571952279e+03
1.425947885092531806e+03
1.497513640186704833e+03
2.515613586090384160e+03
2.686394875883775057e+03
1.671663831748546272e+03
1.469516793570939626e+03
1.637666280089106067e+03
2.630870092429435772e+03
2.300485239521337917e+03
1.617318771266229078e+03
1.552101758625995217e+03
1.737641263907964230e+03
2.699640176877228896e+03
2.260026053980434426e+03
1.641282243309532532e+03
1.610452202387971056e+03
1.679618041329794096e+03
2.547082208370957233e+03
3.315359400887235097e+03
1.938787345988931293e+03
1.478021943571092606e+03
1.429819664999099359e+03
1.779877712470107554e+03
2.832577749342890456e+03
2.549837567001614843e+03
1.724817076199123221e+03
1.547529647058120418e+03
1.580756479528499995e+03
2.498735075240706465e+03
2.464493958759547240e+03
1.897228314035844505e+03
1.700903596429711342e+03
1.653785932237081624e+03
1.896036109269114149e+03
2.829542560706692711e+03
2.644745191433937180e+03
1.803963507602059053e+03
1.530716511929824492e+03
1.370276968205434741e+03
2.270048300706605914e+03
3.334130114167225656e+03
2.987179520902825516e+03
3.119508950149050179e+03
3.118784190280383882e+03
1.661909774358712411e+03
7.930137313109044044e+02
5.093337007660488212e+02
7.328584507545759834e+02
9.302477556782600914e+02
1.132520621176830446e+03
1.691065254320136319e+03
2.249721399362574630e+03
1.696749656462632629e+03
1.541408947896925838e+03
1.652553831112415310e+03
1.712575241461077439e+03
1.800619621114117763e+03
