1.827831756098988308e+03
2.036353127299638118e+03
2.757107437039757770e+03
1.928542437543271944e+03
1.203227333114830344e+03
1.725407840143772091e+03
2.409972290725903804e+03
2.939639157784870349e+03
1.242420391279622208e+03
1.887893896149979128e+03
1.929894315160317092e+03
1.591771727693981575e+03
2.102158850889667519e+03
3.093361843968255926e+03
1.601248824065227836e+03
1.216568783623791887e+03
1.618660893467811093e+03
2.571363640066796506e+03
2.875413278099100808e+03
1.220781110267650320e+03
1.209394267523195140e+03
2.091558632639958432e+03
3.188613009479156972e+03
1.919147098992410065e+03
8.775996344836913750e+02
1.561880063829750270e+03
2.758044859670663755e+03
3.014199607124101021e+03
9.594806801435930765e+02
1.175091118545042036e+03
2.148854336834716378e+03
3.110250548171422452e+03
1.602555547582422605e+03
1.149864907201801543e+03
1.655656352237357396e+03
2.791070389700082615e+03
3.111748654488105785e+03
8.541296136528019360e+02
1.359362166709260009e+03
1.813768699169720776e+03
3.084003949236923745e+03
2.166830169933080015e+03
1.298702699589592385e+03
1.679906639164347553e+03
1.880908271402582841e+03
3.087254010053916318e+03
2.108128337296353038e+03
1.240310751392764587e+03
1.615626468676103286e+03
1.971330609130504854e+03
2.797475800866528971e+03
2.342707433654349643e+03
1.320413551563401597e+03
1.623280450015514816e+03
1.936730613602825997e+03
2.579571810341313267e+03
2.892202112968656820e+03
1.700272735985978215e+03
8.453028011314461310e+02
1.472580065963837569e+03
1.855360515242465453e+03
2.391585042213831002e+03
3.095468811660604388e+03
1.482800617772842315e+03
1.462790912042827358e+03
1.682426978538301228e+03
2.297414882143379145e+03
3.012997587509718414e+03
1.797676699511845072e+03
1.332374840171468122e+03
1.605549578738688524e+03
2.241527730918767702e+03
2.868029370805542840e+03
2.021936979280020751e+03
1.195576335532231496e+03
1.598672073345718672e+03
2.326448514451256870e+03
2.867332308939189716e+03
1.965147439853083597e+03
1.838936527036388043e+03
1.203903420165769376e+03
1.835394796933886937e+03
2.958556730586030426e+03
2.276921890346800865e+03
1.331552441113062059e+03
1.599770787318706425e+03
1.777233814027701555e+03
2.867376606099413038e+03
2.688227371360483176e+03
1.040271286175656996e+03
1.594086901497732924e+03
2.008851414981448215e+03
2.930880188699004520e+03
1.761552061825039573e+03
1.426590860845675707e+03
1.712645219225756136e+03
2.223691888042374558e+03
2.666522334891826631e+03
2.040925477052378255e+03
1.113103902286129824e+03
1.685097876784178197e+03
3.010183582155880231e+03
2.628704946246495638e+03
9.500026336516191350e+02
1.438139665519152913e+03
2.211457503187016300e+03
3.212291590122140406e+03
1.565523799146993724e+03
1.212081255106514845e+03
1.675031930347464822e+03
2.483505884195653380e+03
2.849011056964715863e+03
1.076681298674802974e+03
1.290489180792068055e+03
1.930321427727958053e+03
2.843361880882335299e+03
2.240325956017405588e+03
1.105733552641961978e+03
1.587025582451203491e+03
2.423925205696839384e+03
3.300734066676699058e+03
1.310483880147169430e+03
1.037351392086754458e+03
1.656380706926272751e+03
1.948849542404793510e+03
2.074535846781464898e+03
2.156027104266971037e+03
2.796068340847318268e+03
2.202739515671591107e+03
1.311571159441070904e+03
1.774441617904037685e+03
2.095892051981528766e+03
2.886275863437800126e+03
1.889865873625835775e+03
1.244501771485312247e+03
1.644962994793460894e+03
2.053165100861841893e+03
3.158354435396217013e+03
1.882807995766435852e+03
1.099060123512574819e+03
1.580060402161166849e+03
2.080710535181110117e+03
3.145503622992689088e+03
1.614497572922325162e+03
1.298033863901379391e+03
1.647676325223357026e+03
2.670519667270141326e+03
2.881466197812555947e+03
1.066114144899417624e+03
1.429659769431417089e+03
1.870638519629717166e+03
2.882016279804995065e+03
2.650875431357432262e+03
1.069087820681411131e+03
1.496636641139811445e+03
1.887315740061015731e+03
2.854570671383944500e+03
2.686992250524855535e+03
1.104194222791324592e+03
1.412075447459799079e+03
2.358336008062882684e+03
3.109697845211812364e+03
1.661889301821222489e+03
1.781346242720011105e+03
1.974989811996455046e+03
1.203829932609947718e+03
2.047657441053007688e+03
3.114030512303341311e+03
1.393308609615296973e+03
1.592308265419108693e+03
1.508909349415082715e+03
2.738750629856132036e+03
2.827020468111205901e+03
1.160298118396261543e+03
1.397226771863974363e+03
1.535227721198708650e+03
2.861380336888405964e+03
2.643632418296384913e+03
1.244643893856393333e+03
1.438956630538672243e+03
1.901839403748383575e+03
2.812182856345379150e+03
2.814626546928939206e+03
8.869414585794180539e+02
1.429407120959850090e+03
2.385820922623519891e+03
3.068489077152766640e+03
1.475705892112972379e+03
1.219315301893049309e+03
1.625008208138171540e+03
3.071865425954062175e+03
2.288183484094795858e+03
9.936930747026416384e+02
1.526245393766811731e+03
2.130151875105607360e+03
3.348917454975993223e+03
1.557369985137398317e+03
1.198335939015137910e+03
1.570215585650083767e+03
2.279917753494882163e+03
3.268007867250214531e+03
1.431629565703692151e+03
1.260015158620299644e+03
1.601438104335651360e+03
2.510518804234324762e+03
2.793172470926136612e+03
1.189830442751444707e+03
1.004335610301444603e+03
1.567771616218245299e+03
1.945600154458174984e+03
2.441277440161169125e+03
2.846987154505375202e+03
3.384846951295686267e+03
1.175650395370519163e+03
1.220409647627621553e+03
1.683130395853861046e+03
2.229732457125377550e+03
3.027631727129541105e+03
1.752909214767644926e+03
1.203929210969011137e+03
1.640639449316058517e+03
1.849863616932178047e+03
2.461610177513811777e+03
3.124957949090339753e+03
1.537454292680936760e+03
1.240764203885044253e+03
1.706338068967571189e+03
2.062125295784825084e+03
3.354684981772641095e+03
1.646165470369621289e+03
1.154344150120030690e+03
1.559829898450518158e+03
2.109564753162330817e+03
3.182164135180144967e+03
1.672328393692974259e+03
1.223643275705912174e+03
1.621570037596487964e+03
2.428627704552520754e+03
3.232197656225866012e+03
1.265894613864414850e+03
1.233180254237150166e+03
1.714783898119585047e+03
2.995529153068821870e+03
2.418944256466510524e+03
1.018814044191174730e+03
1.475069166493838566e+03
2.373800178352418243e+03
3.309877762082559912e+03
1.566015935754767497e+03
1.148028896450757657e+03
1.600287025561730616e+03
2.028524082254022687e+03
2.927867446860074779e+03
1.961667629865097524e+03
1.187472237000286214e+03
1.595896574942782308e+03
2.256046383631167828e+03
2.921069274343437883e+03
1.855337901077713695e+03
1.280624278375416679e+03
1.522891443871840238e+03
2.743127616364877667e+03
2.864542252803597876e+03
1.097993225553420416e+03
1.320733698424856129e+03
1.839244060925746453e+03
2.914018188287751400e+03
3.138195127855699411e+03
2.701395370770586396e+03
1.009566351401997736e+03
1.760805660403364925e+02
1.197250900257882677e+03
1.625578331747904713e+03
2.213661082233923025e+03
2.510024514243733393e+03
2.188425164027971277e+03
1.633907913044503857e+03
2.444909165367232163e+03
3.294001224369300871e+03
1.238358711033192094e+03
1.261912517695791166e+03
1.703365537638546584e+03
1.838951778489086337e+03
2.204193051912775445e+03
