1.781368603709824356e+03
2.234229933090350187e+03
2.769022344684957716e+03
1.750547953486218375e+03
1.600825647711061492e+03
1.757547903824727427e+03
2.246587468293924303e+03
2.753078808527488491e+03
1.676133770691552854e+03
1.650368391708395166e+03
1.785394988705181504e+03
2.124563142107499971e+03
2.805410314886058131e+03
1.746408060788200146e+03
1.566156437920171584e+03
1.738875828435348467e+03
2.585078349324625378e+03
2.297560516829121752e+03
1.324021237771559981e+03
1.638560628777465581e+03
2.142690249898355432e+03
2.735145506208421921e+03
1.448235873063138115e+03
1.645569442695460793e+03
1.853967271526567174e+03
2.730112488059980478e+03
2.195775920387041424e+03
1.407397161651634406e+03
1.597821677611120322e+03
2.034687957371375887e+03
3.061497291492260956e+03
1.813072889266230050e+03
1.354708454921933708e+03
1.566798031471212653e+03
1.891111389532764633e+03
3.154566294575154188e+03
2.403413677567536979e+03
1.444003555823744364e+03
1.412804855105779097e+03
1.683698234641457702e+03
2.369433869122247870e+03
2.760584184909839223e+03
1.375212741874227277e+03
1.642861839439896130e+03
2.300024257696998575e+03
2.824370171151289014e+03
1.355067563206495834e+03
1.480357122436509144e+03
1.854378312534116503e+03
2.805077014615616918e+03
2.062354199421041812e+03
1.367028580138425468e+03
1.669065452490452799e+03
2.554709378068281239e+03
2.871859186673502336e+03
1.320127591818562678e+03
1.457936597375303563e+03
2.433656709607467747e+03
3.006962547810879187e+03
1.094017796195761321e+03
1.437734690650577932e+03
1.887166177224808280e+03
2.778689895615067144e+03
1.897635731309256244e+03
1.538164928026478265e+03
1.731975282186779395e+03
2.859335517843161142e+03
2.047569308901940303e+03
1.373562916731330461e+03
1.632949104606633909e+03
2.698572497815587212e+03
2.481917571007706556e+03
1.385358053842807522e+03
1.575159402524700909e+03
2.578527441187219210e+03
2.634746648636428290e+03
1.439778184747979822e+03
1.460854581453176252e+03
2.518126259963195935e+03
2.695713597965319423e+03
1.407680500942955860e+03
1.474850437813650615e+03
1.795966903577214680e+03
2.864082237744995382e+03
2.365499311838890208e+03
1.408999174517251049e+03
1.523925780048953584e+03
2.046243587403698029e+03
3.066301259313845094e+03
1.488809341670129015e+03
1.507231311543135234e+03
1.743808673302209854e+03
2.997386076409390171e+03
1.974878292869887218e+03
1.332894478443839262e+03
1.666282909315284996e+03
2.377465706037531618e+03
2.918680053958344615e+03
1.365483939954752486e+03
1.485619093627545681e+03
1.907465359593091989e+03
2.918051015051931245e+03
1.697581409672862947e+03
1.432467044013191753e+03
1.772266772598588204e+03
2.478846424499994555e+03
2.797156008317412670e+03
1.420038110609901196e+03
1.553644212794037912e+03
2.063246645357572561e+03
2.979163905296700705e+03
1.845670150346603350e+03
1.462640310245138380e+03
1.558521560553855579e+03
2.097559870065043924e+03
2.990992074145333845e+03
1.437546555321825281e+03
1.520793749426603881e+03
1.838168536350782460e+03
2.761663938251489981e+03
3.165957758785203168e+03
1.553660516972015785e+03
1.503114492214433085e+03
1.571566568743529388e+03
1.815760231788187411e+03
1.678490793938000252e+03
2.066934053090772068e+03
3.005799000714882823e+03
1.601406378628153334e+03
1.513944466484195573e+03
1.775099820338903783e+03
2.407598631349316292e+03
2.078775673083865058e+03
1.681330862785401678e+03
1.846973414671798992e+03
2.026937795827442187e+03
2.839164727166916236e+03
1.708146003253235449e+03
1.639561001291643151e+03
1.833555796386690645e+03
2.555490463280364111e+03
2.712925062142395745e+03
1.540752703351484115e+03
1.585666964197662310e+03
1.743605473259010978e+03
2.574937106448084705e+03
1.999213889904230882e+03
1.603224173753486411e+03
1.752689914114585235e+03
2.589605487341560092e+03
2.091141879356615391e+03
1.640022664314458780e+03
1.736639630691799994e+03
2.374005508457537871e+03
2.425950152005355903e+03
1.597547566523870955e+03
1.694816568929313462e+03
1.941618974714211845e+03
2.580525773070709874e+03
2.280033066817474264e+03
1.504204072786241341e+03
1.631168100406301164e+03
2.634491263675763093e+03
2.270011672064897084e+03
1.994123293915005434e+03
1.875093381096069834e+03
1.325026652637048528e+03
1.786893640804855977e+03
3.034639938435600925e+03
1.528982491451626174e+03
1.400532633163472838e+03
1.775178646739524766e+03
3.053485707630818069e+03
1.864729742461412570e+03
1.304569987973299931e+03
1.622020762797536463e+03
2.850472782279725379e+03
2.451895179230731173e+03
1.256153366134165935e+03
1.551958633255802397e+03
2.331462823850933091e+03
3.124784563667955808e+03
1.269829439126948273e+03
1.370808412644076725e+03
1.808966953667202006e+03
3.127511234850801429e+03
1.814405792739542449e+03
1.343126376849489361e+03
1.640518203907322686e+03
2.667613419611745485e+03
2.913572432821288203e+03
1.327238456749448005e+03
1.420187583169579739e+03
1.781338091410098059e+03
3.024879694394533544e+03
1.969346335096843177e+03
1.364223671762139247e+03
1.673601086451831634e+03
2.662455874081963429e+03
2.434562503529095920e+03
1.348431845903996646e+03
1.595326195551226874e+03
1.845966785643500543e+03
3.038630660538960001e+03
2.526406398251043356e+03
1.206574529382251285e+03
1.502487643859672744e+03
2.400745808882342772e+03
2.746975573662222359e+03
1.673409055427575822e+03
1.516740074500312630e+03
1.593705214730709486e+03
2.138255909286453061e+03
3.057288185053047982e+03
1.584308805883976447e+03
1.564893469529631602e+03
1.646448710291029101e+03
2.301095237720692239e+03
2.860662309458833988e+03
1.493222816470770113e+03
1.495645387299714912e+03
1.956325271201263831e+03
2.842522041667649319e+03
1.887395113942820217e+03
1.430655424976628183e+03
1.688279451045988708e+03
2.574659924536654216e+03
2.405348019847698197e+03
1.611948656012376659e+03
1.598122664214434280e+03
2.982602958087457864e+03
2.060914634012070110e+03
1.271896754419176659e+03
1.569468921812179360e+03
2.415100448817949655e+03
3.019298200199722942e+03
1.339356789348931443e+03
1.365274099096852979e+03
1.754265693094995868e+03
3.039093464755866080e+03
1.768248029435289482e+03
1.407341998056490411e+03
1.763201952719378141e+03
2.872797773901628261e+03
2.326960912156216637e+03
1.219634965930134740e+03
1.598980125437702100e+03
2.420094061028152282e+03
2.963969228909152662e+03
1.365038545463678020e+03
1.440909072337611406e+03
1.978864147161668143e+03
3.051321379949505626e+03
1.657420421596171764e+03
1.397165068379514651e+03
1.701462901224787174e+03
2.749261903055370567e+03
2.227463856298817973e+03
1.372273052549776821e+03
1.634014602602642753e+03
2.545076480708533381e+03
2.850825467902145192e+03
1.407625649029665965e+03
1.477560177856564678e+03
2.095529054958828965e+03
2.937315730137329865e+03
1.489847046506297602e+03
1.460861158173048352e+03
1.860082460491913935e+03
2.708647474325030089e+03
1.945016168937545444e+03
1.505695707244739197e+03
1.744748546991305375e+03
2.692012063940778262e+03
2.363389270181782194e+03
1.494222638997553986e+03
1.585718306125713070e+03
2.037537210069379171e+03
2.928082757932621007e+03
1.733863188831109255e+03
1.490842236209770135e+03
1.729719945151019601e+03
2.973750207873570162e+03
1.995712683179927353e+03
1.417825672593827221e+03
