1.807319738303013537e+03
1.532515941031339025e+03
1.758998099808118695e+03
2.617945964980820463e+03
2.680071998775515567e+03
2.026210519430989279e+03
1.829907271690609605e+03
2.129021500471649233e+03
2.108999719299796197e+03
2.833569713663050152e+03
2.355275449708213728e+03
1.760661817803161284e+03
1.840597299369730308e+03
2.693924494717969992e+03
2.173430592413197246e+03
1.591036227164145430e+03
2.293937943192348939e+03
3.515766763266461567e+03
1.961586536610498115e+03
1.222869995840433830e+03
1.543648500542823513e+03
3.500624191277136561e+03
2.690325048475744097e+03
1.089927050156934456e+03
8.712325330990202019e+02
2.209935414785571538e+03
4.102113958972672663e+03
2.048964132498204435e+03
7.147237446388242006e+02
7.606639383839341235e+02
2.401007613131950620e+03
4.119013655446634402e+03
1.924284524688191141e+03
5.818816856601723657e+02
6.837469120369451048e+02
2.474794278164117259e+03
4.148287261522312292e+03
2.438246527032204540e+03
9.812459584694861405e+02
1.046860788272436821e+03
2.693382193057688710e+03
2.952144475797425457e+03
1.364923833014066759e+03
6.853321127186263766e+02
1.730896872359917552e+03
3.783759696226667529e+03
2.084928129269587771e+03
1.070048788079188171e+03
1.007066474745548362e+03
1.179491176681731304e+03
2.808887491899301949e+03
3.528141819687325551e+03
1.717554222461159043e+03
9.167592387926041511e+02
2.001494749593831784e+03
3.311721880203977889e+03
2.017694263269145495e+03
1.482473160643643496e+03
1.306217573744862648e+03
2.274884606895020170e+03
3.904416791273811214e+03
2.466216857900594732e+03
1.404960768988956943e+03
1.020059106461889883e+03
2.417147876734033161e+03
3.108982723410965718e+03
1.669143871805440767e+03
1.061667458232460831e+03
1.338323467135581950e+03
2.819853001406096610e+03
2.991049612752172379e+03
1.644241231363788074e+03
1.191788513932719752e+03
8.336969889116990089e+02
2.606613163250533489e+03
3.860926436795713926e+03
1.957690003942909698e+03
1.137908065672258090e+03
1.332359530136314561e+03
3.056477316181314109e+03
2.883163548870161321e+03
1.510017152487618432e+03
8.931362372544834898e+02
2.384038952063105171e+03
3.293162580716587854e+03
1.542408195332869354e+03
5.241501652827693079e+02
1.772728226844125857e+03
3.690613985392096311e+03
2.321778990750584853e+03
1.234946128195615756e+03
1.311580431573286660e+03
3.124200986469544659e+03
2.656683104012322019e+03
1.649937599100363059e+03
1.108320966606869433e+03
1.241541315531889268e+03
2.939004266803625796e+03
3.175921272594104721e+03
1.113897426754351045e+03
3.572499563655815109e+03
3.333008678108723416e+03
1.506566955283199604e+03
-3.759415616463026311e+01
-3.910194158472063464e+01
1.643352264773577417e+03
3.337429609466522379e+03
2.028316637103610674e+03
1.194373421512751520e+03
1.343139323061213645e+03
3.365203762474736777e+03
2.642135766048788355e+03
1.224904773687939269e+03
9.199693693260230702e+02
2.924692671897011678e+03
3.479695535796950935e+03
1.839028007640259148e+03
9.589034622236898713e+02
1.390860243056211402e+03
3.310408299266945505e+03
3.567467543122426832e+03
1.287542366470349180e+03
9.024340347438762819e+02
1.817823364921362099e+03
3.696243319847737894e+03
2.044709505142961689e+03
5.011150264494146427e+02
1.165932325911327553e+03
3.699953787288824515e+03
2.729447570287741200e+03
1.095969402819873267e+03
8.366994723734275112e+02
1.978344411495989107e+03
3.746867097406699486e+03
2.283830756907951582e+03
1.165318635503831501e+03
9.079493859309603749e+02
2.396788970346546648e+03
3.622100729868796407e+03
2.373084710846284452e+03
1.565416671722318370e+03
1.209646770862341555e+03
2.469903754179611497e+03
3.383426161595647500e+03
1.971525492504542171e+03
1.105434796050906471e+03
9.437978867848376012e+02
2.884340568591043393e+03
3.451909692393816385e+03
1.677561347076837819e+03
1.213324204543164115e+03
2.436815842379156493e+03
3.603270127445453454e+03
1.837673735468242285e+03
1.342151541515137978e+03
1.471246447958540102e+03
1.263560375302640978e+03
1.417401964273524527e+03
2.924886812367766197e+03
3.499020576615269874e+03
1.258629819782354161e+03
5.393662652820845551e+02
2.081031817362388210e+03
3.937210282324964737e+03
1.942218603525519029e+03
1.066721186231293814e+03
7.425258406640846260e+02
2.544159589207807130e+03
3.025580670440716858e+03
1.641729872714801559e+03
8.170272158011016472e+02
2.607513252242413273e+03
3.470887567005249821e+03
1.719013942111081633e+03
1.045079780294080138e+03
1.663361072486530702e+03
3.416650745347656084e+03
2.758892025964735240e+03
1.521999614549867374e+03
9.689734864881249905e+02
1.670904867133634070e+03
3.387449693725739507e+03
2.214928074835524058e+03
8.934315166031498165e+02
1.365283946000238757e+03
1.367929446127394613e+03
2.007677310891366233e+03
4.002022466078513389e+03
2.607237183656979596e+03
9.589256413436780804e+02
9.364818111028432668e+02
2.761868246361748334e+03
3.652197453698054233e+03
2.380113285172671112e+03
9.914014877961462844e+02
1.327481497728833119e+03
3.466461778053440867e+03
2.457347881585126743e+03
8.595230108586104052e+02
5.850625816238148218e+02
2.578372735562384605e+03
3.607211817329129190e+03
1.728983907872000827e+03
5.888396478225182591e+02
2.052005067635102023e+03
3.828233837864168891e+03
3.225071255905141697e+03
4.797303517488973057e+02
8.072042097917515093e+02
3.089253808992563336e+03
3.040491580719736703e+03
1.105801994508124835e+03
6.755425833873978263e+02
1.341782925238360804e+03
2.981383172751893198e+03
3.263250270507172445e+03
1.687028067402746274e+03
1.040170941598994204e+03
1.534837006043426072e+03
3.028618100105016765e+03
3.224863057255298372e+03
1.111421063437480598e+03
8.400786358626972969e+02
1.873008514852409007e+03
3.654850980950995563e+03
2.292599045086415117e+03
1.204860723992249177e+03
1.193439251643665784e+03
2.831684821724752510e+03
3.203179328229454313e+03
1.522169219431101055e+03
9.987406212955489764e+02
2.031359526891836595e+03
3.570602918910882636e+03
2.144001210194063788e+03
8.937906301382899983e+02
1.731385536273324078e+03
2.993804694528156688e+03
1.934841864193522952e+03
1.175306047119705909e+03
1.730502821443873017e+03
3.199313956016101656e+03
2.389761951915335885e+03
1.251614892367726043e+03
1.095313053033833057e+03
2.398752395813375642e+03
3.876480618240130298e+03
2.052811373665254450e+03
1.236040707104260946e+03
2.033284369962173741e+03
2.849050922101183460e+03
1.652454760834807075e+03
9.760855170857162193e+02
2.738254567134468289e+03
3.243990566420351115e+03
1.706811648681289853e+03
1.209932671695633644e+03
1.459846335780063100e+03
2.840780769433295973e+03
2.423032568689385243e+03
1.461286798002171281e+03
1.076307329174384677e+03
2.055872558592676796e+03
3.324540618774777613e+03
2.127012722604930786e+03
1.042153489919028061e+03
1.421909547264511957e+03
3.067055549730346684e+03
3.548010968168594900e+03
1.208383061208029403e+03
5.001377579536736562e+02
1.836030253633828579e+03
3.556149172314411317e+03
1.830949540470638567e+03
8.583063914866695541e+02
1.994634217197785347e+03
3.591612092340575600e+03
2.006244286686282521e+03
1.056665382473426689e+03
1.186718961810712926e+03
3.179295624845259681e+03
3.450241863689855563e+03
1.575198045328516628e+03
8.783575818595110150e+02
