2.775070160720076728e+03
1.231541567889535145e+03
1.230981752804935013e+03
1.876318768431587841e+03
2.918072673560885050e+03
1.967575927576514459e+03
1.304348055788333568e+03
1.543000076175299455e+03
1.763057811067978037e+03
2.904884392309299528e+03
2.672879372921773665e+03
1.316667663973319577e+03
1.555561083328780114e+03
1.801125138815424634e+03
2.764246153566321027e+03
2.032705599850013414e+03
1.428144208648097219e+03
1.532407076680891123e+03
2.087170287483887478e+03
2.797793121506808347e+03
1.833241781821088125e+03
1.465402371283425509e+03
1.497360999087836944e+03
2.701622775711140548e+03
2.296839674615879630e+03
1.323807494685675465e+03
1.662390903922493862e+03
2.801662051120818887e+03
2.004555664973905778e+03
1.314380948831193564e+03
2.212183839749674462e+03
2.691317669264749384e+03
1.498523385596068238e+03
1.511011980235874489e+03
1.630697819054642650e+03
2.807880685800770152e+03
2.769977945805470881e+03
1.376680946445832205e+03
1.366185197924553449e+03
1.621297084818825851e+03
2.768575621280293035e+03
2.389629656985654037e+03
1.275426268591760390e+03
1.454045940805556711e+03
2.121514257930424719e+03
2.799106022799154289e+03
1.691318671483162007e+03
1.375176375356222252e+03
1.587558089386607207e+03
2.394066794759427466e+03
2.928355991850729879e+03
1.563035893438792527e+03
1.433267727488346054e+03
1.601698234466672147e+03
2.353927986579151820e+03
2.808226268483614149e+03
1.869923341199028528e+03
1.348964698300799000e+03
1.457243644908802480e+03
2.601775605987620111e+03
2.134961662561566300e+03
1.422823942093970572e+03
2.333403948470780506e+03
2.725989429847425981e+03
1.437698262572966996e+03
1.482823973358848889e+03
1.597401700651901592e+03
2.678905362380501174e+03
2.877560942630136651e+03
1.338424218877607018e+03
1.325314771356706615e+03
1.482947298364830203e+03
2.875460024152523147e+03
2.795348548055146694e+03
1.343496737063265527e+03
1.377871521928856055e+03
1.634618786369480176e+03
2.940339164815449749e+03
2.744257897169176431e+03
1.209774135641167504e+03
1.369777234568844278e+03
1.702715302099777091e+03
2.954153767613097443e+03
2.016139724267766042e+03
1.341438726621383921e+03
1.479733244573318871e+03
2.303225378252892369e+03
3.000733848762888101e+03
1.612498199048932975e+03
1.307726524776955557e+03
1.615274770816790806e+03
2.538097294956029600e+03
2.715050839760430335e+03
1.427364410326541019e+03
1.362556021978541594e+03
2.279247158933085757e+03
2.697803182311233286e+03
1.524981957860499051e+03
1.369706550321523082e+03
2.562011825117343051e+03
2.367565080049220796e+03
1.376841546488166159e+03
1.311979962069701742e+03
2.083274611935748908e+03
2.945119495634903160e+03
2.071831057184835572e+03
1.413281045985195988e+03
1.538332590625563171e+03
1.543300492330292627e+03
2.945467386195058680e+03
2.780781854376799402e+03
1.296839395291085111e+03
1.409952673142633330e+03
1.464120660886922451e+03
2.859301081519458421e+03
2.979040836348016455e+03
1.264896816616109618e+03
1.263066721247313126e+03
1.513190775107503896e+03
2.781766701707259472e+03
2.893786911872778091e+03
1.883875071849967981e+03
1.134580577056537095e+03
1.274355313199999728e+03
1.673995959968274292e+03
3.057436591443744874e+03
2.508968731591655796e+03
1.301397677684572955e+03
1.332074098209576505e+03
1.482442367599753652e+03
2.460885974089258525e+03
3.042692357134568738e+03
2.481402189491976515e+03
1.106255794424877877e+03
1.230445135659129392e+03
1.548389845131128141e+03
2.968841148933363456e+03
2.903459014256703540e+03
1.367266746435924460e+03
1.357277379403514942e+03
2.193225975006359022e+03
2.776461468010457338e+03
1.455441333427869040e+03
1.450668807888957872e+03
1.660482737305439059e+03
2.922427284146499915e+03
2.400949695033277294e+03
1.275899119836343516e+03
1.403953224256709063e+03
2.438389885716017943e+03
2.709692391036201570e+03
1.467703431648666538e+03
1.428006128603141178e+03
1.466964877239986436e+03
2.782345855429401581e+03
2.905180367397813370e+03
1.361529684839288166e+03
1.397275562480767348e+03
1.482370550285731952e+03
2.719695182154561280e+03
2.787083093184506197e+03
1.478587062050669601e+03
1.394977810460006140e+03
1.522792200421384678e+03
2.654055175109202992e+03
2.724978066834161382e+03
1.453884455475142204e+03
1.453957898103819161e+03
1.645198639592768131e+03
2.927149619518505460e+03
2.295796025929685129e+03
1.246737381179617159e+03
1.362742095239975242e+03
2.462336979759355927e+03
2.942521928202276740e+03
1.564194012445498856e+03
1.321012164229637165e+03
1.721032294467908287e+03
2.802324960380076391e+03
1.920186068195705957e+03
1.367676751052624013e+03
1.505975110705525140e+03
2.680678047847201469e+03
2.835394497028626120e+03
1.311380417954638915e+03
1.223214327554343072e+03
1.868275701647836513e+03
2.839944280684888781e+03
1.729872330042553813e+03
1.376713817941354819e+03
1.432709318322534273e+03
2.753278960211008780e+03
2.755327454566246615e+03
1.368362588717770450e+03
1.451683383740654108e+03
1.617293198159309441e+03
2.886390620728220256e+03
2.572495315661241420e+03
1.413504654520369058e+03
1.359734569178955780e+03
2.538919473515932168e+03
2.703656406088194672e+03
1.417809851260593859e+03
1.329427283188590991e+03
1.506074120265593592e+03
2.795719119440636405e+03
2.857916078118393671e+03
1.415500190205603303e+03
1.266672705620589795e+03
1.410442904044308989e+03
2.677747494788577114e+03
2.920846950673103947e+03
1.863481707891499809e+03
1.178374188568313912e+03
1.293923443272434952e+03
2.103504370197671051e+03
3.151599573055058499e+03
2.201263919508648996e+03
1.233641832008006531e+03
1.315542418535096886e+03
1.842330232887021111e+03
3.082230858207191886e+03
2.495218578495564998e+03
1.249495389291461834e+03
1.357361405648278833e+03
2.039567436033526747e+03
2.983495680115212053e+03
1.872959435224703611e+03
1.328437054349670461e+03
1.488563913822435779e+03
2.833054476012358919e+03
2.375245965894932397e+03
1.255600102074647111e+03
1.424006681016218863e+03
1.816536832926131865e+03
2.986517056256701380e+03
2.247402573941345509e+03
1.233225018181199403e+03
1.473485661128297579e+03
1.715777766420972284e+03
3.019473364647883045e+03
2.381222813901558311e+03
1.389903005892243073e+03
1.370924501881702554e+03
2.311419464288646850e+03
2.860183524568280063e+03
1.797025562852255689e+03
1.410001365126180190e+03
1.326200161873100342e+03
2.232928047677421091e+03
2.910533072271945002e+03
1.712940834865293255e+03
1.340028309380505789e+03
1.450514095671595442e+03
2.528917991716129563e+03
2.920731506365403675e+03
1.511502460766959985e+03
1.322327919369015945e+03
1.437777018832588737e+03
2.797260299647428837e+03
2.725245760537300157e+03
1.352534159203977424e+03
1.380471268743370047e+03
1.741368588290748448e+03
2.904768712760621383e+03
2.592836093821399572e+03
1.300060436101693313e+03
1.297342724061743866e+03
1.773814908236452538e+03
2.954756538727434418e+03
2.536434515509879020e+03
1.251023243077172310e+03
1.337667294107462794e+03
1.535100714458947778e+03
2.836594537260639754e+03
3.024958623730850832e+03
1.439506998848563171e+03
1.375821918795721558e+03
1.422620091191266511e+03
2.728356256005116393e+03
2.965775227014236862e+03
1.532698335478945637e+03
1.219392856723554814e+03
1.393497534585950007e+03
