3.132995241387903206e+03
2.805851583473622668e+03
1.039352678436993301e+03
1.445592193864529008e+03
2.408634106778637943e+03
4.116513292583233124e+03
1.216783478728797263e+03
7.685579288296074765e+02
2.217000844978588702e+03
3.692502387039795849e+03
1.575315595908150954e+03
1.695757415347606866e+03
1.013554965556016327e+03
1.513128488011352147e+03
3.651712622840836502e+03
2.416614320446962665e+03
6.745296941956468117e+02
1.383396045518913979e+03
2.646402238204007972e+03
4.072836617864578784e+03
7.819243010347543077e+02
1.012493088425286487e+03
2.224116185664093337e+03
3.750722442755014526e+03
9.553275523774113935e+02
1.129553222436718215e+03
2.070855315719689315e+03
3.602168066401494343e+03
1.088189585159866965e+03
1.294207929312774240e+03
2.361510649458754415e+03
3.909114916559303310e+03
1.119468451873537106e+03
1.146148430557320353e+03
1.542590517861204489e+03
2.269487324612158773e+03
4.025663161281208886e+03
1.733230449344744557e+03
9.474904204533802385e+02
1.454428740224114790e+03
3.599064518662981754e+03
3.194270259206263745e+03
6.217005824433880434e+02
1.067611576949528853e+03
3.072816607922758067e+03
2.715817821560211996e+03
7.233541546085159553e+02
1.327053544918679790e+03
3.082214329146259843e+03
2.899111177426387258e+03
9.007330507045113563e+02
1.310840920986325955e+03
3.468525981440508076e+03
2.557013247716556634e+03
8.735635835218732836e+02
1.232087455053812391e+03
2.530157314638588559e+03
3.599904874438162551e+03
1.004382829931471065e+03
1.196265440504152366e+03
1.721110295357405676e+03
3.285160461895801291e+03
3.621069532289583549e+03
7.977625614201137978e+02
1.207497442997676217e+03
2.229507205457925011e+03
3.884813470572213191e+03
1.115403906837553450e+03
1.050949107028979142e+03
2.959334760227330207e+03
3.879484295003726857e+03
5.796841581956156233e+02
8.981545284316990774e+02
1.590898578461580200e+03
3.456908903186997577e+03
2.476342258017950826e+03
8.821858130443588379e+02
1.382515258599342587e+03
1.772836842919576156e+03
1.874760539471903257e+03
2.384280446065556589e+03
4.201964311520053343e+03
1.242395943791071204e+03
8.941330140065365413e+02
1.796504906929176286e+03
3.954023250120829744e+03
1.240966984056921092e+03
8.768838684076924892e+02
1.752946237728808455e+03
4.097896525992937313e+03
1.780208151227850067e+03
6.938856765627923551e+02
1.154003694264364185e+03
3.378563246011352021e+03
3.053834463228645745e+03
5.894097067618789652e+02
1.115320042548624542e+03
3.106778531923881019e+03
2.762048265641764374e+03
8.039922148151930514e+02
1.330752046708574881e+03
3.364025430410303670e+03
2.338118955650204043e+03
1.002741162480952539e+03
1.520795938409053178e+03
3.431869001167830447e+03
2.295020471372155498e+03
8.756026551437068974e+02
1.530908066260596115e+03
3.518358944374081148e+03
1.661286019347248157e+03
1.061270882295741558e+03
2.055284935713518280e+03
4.129618173389004369e+03
9.084263127903888062e+02
9.569504294019502595e+02
2.722833870295783527e+03
3.812603749823494582e+03
6.979116968062375008e+02
1.021980559076857617e+03
2.500725552633356074e+03
4.031096712106289942e+03
7.122213371047184864e+02
1.023970607176412386e+03
2.414636640624256870e+03
4.051365634185735416e+03
6.998982794218796926e+02
1.052619652888934979e+03
2.077262130671478644e+03
4.084939077641495260e+03
1.139172311321226744e+03
9.216047997305454373e+02
1.719039649529560847e+03
3.905452425800077890e+03
2.338468720120147282e+03
5.965443271765456075e+02
1.316187410112095222e+03
3.419151234125826704e+03
2.291472574080764844e+03
9.088236645330113106e+02
1.326637894080319711e+03
3.076053924639389606e+03
2.868495333846432459e+03
9.727995800538268441e+02
1.283573521936757061e+03
2.390581024623689245e+03
3.830375890778265784e+03
1.231624392997282712e+03
1.163703110887650382e+03
1.908700443555682796e+03
3.889289348973205506e+03
1.795430283954609422e+03
8.927275723029594019e+02
1.412938751392659697e+03
3.140017727363997892e+03
3.304409049448482165e+03
8.034075103371006890e+02
1.234186256996835255e+03
3.407907443551013785e+03
3.073894661067724883e+03
6.799785245485759333e+02
1.267783517126772040e+03
1.484982480109440303e+03
1.574861021027772040e+03
3.833875285974678263e+03
2.330319378441313347e+03
8.542010707749800531e+02
1.425804382639380947e+03
3.942722524450471610e+03
1.956704294310721025e+03
8.137627942196445474e+02
1.474978557385291879e+03
3.769244974379870655e+03
1.595461044568843363e+03
8.476995595295267094e+02
1.734480749868440171e+03
4.141789850331811067e+03
7.239432900979321630e+02
1.187656010885797286e+03
1.913792510318798577e+03
4.096956162460021005e+03
8.366543948372385557e+02
9.386141798035883994e+02
2.130408819225179741e+03
3.786166712288725194e+03
9.771985294063387073e+02
1.142478521981466656e+03
2.164134362193511151e+03
4.031923354734281475e+03
9.178659307926891415e+02
1.078519230921473763e+03
2.295607407524217251e+03
4.113496577456322484e+03
9.674498239442364138e+02
9.023980494721172363e+02
1.589619973367994817e+03
3.640020233338190792e+03
2.401785734174886784e+03
6.933257545451526767e+02
1.365292971497552799e+03
3.547342267628205718e+03
2.302366332509220683e+03
8.944472594161723009e+02
1.284920081491166229e+03
3.356884970954191886e+03
2.963333860266013744e+03
6.965224755333500752e+02
1.229349718776999225e+03
2.441637143070545335e+03
3.949556925322020106e+03
9.973263867612181457e+02
1.133107252872293884e+03
1.688595587937190658e+03
3.582565226072864334e+03
1.853654833146403462e+03
1.136480921540698773e+03
1.552744470261176957e+03
3.311471859023507022e+03
2.890356232053939948e+03
8.587928905525863001e+02
1.322578690756183050e+03
2.152034548491212263e+03
3.945157546359223034e+03
1.435455082042950835e+03
1.040317132010681462e+03
1.853927913781362804e+03
3.971674960608062975e+03
1.771236002959175721e+03
7.156201259708909674e+02
1.450938743364389438e+03
3.858875456669915366e+03
1.911843423497621416e+03
6.828593841944478982e+02
1.292950895325575857e+03
3.312999827629620540e+03
2.447997073451581855e+03
8.810898928686443696e+02
1.365418366521515281e+03
2.978384432396448574e+03
3.763518434363611505e+03
7.067801753067551545e+02
1.091706264607880030e+03
1.950273285635746561e+03
4.001075584260502637e+03
1.493785556012678398e+03
9.152913747674250544e+02
1.769298844467403114e+03
3.746338179565901100e+03
1.884058187316575186e+03
1.007797557817621623e+03
1.488695897304349046e+03
3.741344002818560057e+03
2.756982823855902097e+03
3.698712745160778468e+02
1.086619549665163731e+03
3.593997242301262304e+03
2.176908051047458684e+03
7.521616699965677526e+02
1.420901595644235158e+03
3.624586138695810405e+03
1.746479407680674740e+03
8.656803717934546967e+02
1.712270795201032570e+03
4.032412494014316962e+03
1.363537035821446125e+03
1.014630317039000261e+03
1.557575059315289309e+03
3.550720055721443259e+03
1.738798476979389079e+03
9.398236742448716541e+02
1.580411584930027857e+03
3.426522412324910874e+03
1.786169929761550520e+03
1.119185091397189581e+03
1.634282798110403974e+03
3.454228254257836397e+03
2.320634045904231698e+03
1.061836492321446940e+03
1.474142615132008586e+03
3.365374247416679282e+03
2.063649495206082975e+03
1.022145522062686496e+03
1.495081343868211661e+03
3.418373743947995990e+03
