3.318678642535687686e+03
2.887693527749614987e+03
4.673295097418747446e+02
1.150205251824709876e+03
1.563453725488950795e+03
2.994820896564745908e+03
2.767722236325986614e+03
5.518051480378511542e+02
1.284721282951776857e+03
2.784928407302329106e+03
3.218736731068869176e+03
5.316654752595738955e+02
9.909268175657286974e+02
1.495739772189163432e+03
2.618415606133895380e+03
3.347945657197007222e+03
7.676836102948000189e+02
1.059802671330895691e+03
1.367401905755730695e+03
3.168745622499613091e+03
2.349828672380877833e+03
7.722810540867400277e+02
1.290225096873331495e+03
1.936635066629712810e+03
3.528412170498527757e+03
7.996230593763556271e+02
1.068498315027067974e+03
1.706470442734096650e+03
3.565022452183291989e+03
8.181805003709881703e+02
9.473321564570393321e+02
2.250026760545544221e+03
3.138218912611532232e+03
6.533336978337633809e+02
1.148414381550090184e+03
2.608658556682632934e+03
3.252719506727653879e+03
7.059562618372025327e+02
9.622054082207238253e+02
2.512721447551853544e+03
2.913266980792825507e+03
7.298381134013330893e+02
1.217908053419983389e+03
3.461448850718821632e+03
8.760296263734232980e+02
1.054578238390929300e+03
2.871183619523523248e+03
1.828836519922354000e+03
8.410705745072497166e+02
1.881378831452158465e+03
3.183408323376355384e+03
6.572146256491229224e+02
1.175331302935241865e+03
2.982531404216239025e+03
2.439094699897788360e+03
6.859088331179289071e+02
1.122914530046306709e+03
3.104907455448199471e+03
2.598416286850317647e+03
7.920300663579233742e+02
1.046671532948849062e+03
1.648063672293260197e+03
3.590407476501040037e+03
1.442156073408608790e+03
7.243993682682823874e+02
1.206325006424574212e+03
2.424861641444502766e+03
3.348704232787380988e+03
8.336036631890544868e+02
9.739757118053337308e+02
1.419183279820880216e+03
3.335897887697708939e+03
2.712496465267905933e+03
5.616304581324519631e+02
1.039925846616036551e+03
2.305539638060231027e+03
3.632352046970447645e+03
6.742855339530964329e+02
7.252543543929454017e+02
1.829704234000357246e+03
3.812351553002716173e+03
7.122146496339676105e+02
8.516698577111864097e+02
2.063997651615512495e+03
3.452787757566511573e+03
6.020071493919568866e+02
1.035387620057565073e+03
2.840070367127006193e+03
2.984691053971676865e+03
5.669738736044572534e+02
9.823279711475078102e+02
2.788962521657389971e+03
2.579986863089874532e+03
7.581155980208710616e+02
1.122561330556824032e+03
3.466121407310704399e+03
1.520024561716299104e+03
7.887330314570723431e+02
1.437507762512848785e+03
3.890387252163875473e+03
9.542637962522413773e+02
7.534297852348366860e+02
1.222002812407211877e+03
2.925220577846384003e+03
2.847268462471323801e+03
7.762357137946059993e+02
9.659158196945271584e+02
2.873224874230291334e+03
2.746242598169745634e+03
7.618223028527163478e+02
1.024881254293134361e+03
1.707917355899434597e+03
3.495382000452931607e+03
1.048141704480995031e+03
8.879436132690570957e+02
1.325219490904238683e+03
2.395809593417677206e+03
3.541259483321176958e+03
7.925336767348223930e+02
7.751783457566891684e+02
2.301964771885736354e+03
3.513382873274521444e+03
5.675985405932160575e+02
7.864936682438958542e+02
1.588720865091022233e+03
3.495041742789936052e+03
1.388727756160460558e+03
7.191229920439492389e+02
1.197567724891718854e+03
3.124157912014360136e+03
3.243574179110541536e+03
7.363463005692524348e+02
8.701810595369289558e+02
1.429768715547892043e+03
3.378716624541076271e+03
2.893514314754434963e+03
4.874579967333006039e+02
8.713500795223857267e+02
1.389067306336401998e+03
1.634294729193792591e+03
3.388972318065725631e+03
2.299603077513414974e+03
7.805623179819160669e+02
1.117237307842356131e+03
2.575584347739048098e+03
3.321454455623543708e+03
9.990781952685143779e+02
8.959679882940965854e+02
1.382144242077681838e+03
3.579624512178525947e+03
1.483610776369072482e+03
7.126729200685468868e+02
1.089180893826207011e+03
2.531975231305843863e+03
3.328644071061837622e+03
7.735958159582619373e+02
1.029836016970128867e+03
2.543253067766235290e+03
2.546934253800934130e+03
8.281307843656152272e+02
1.013346733099970265e+03
3.403737776893254704e+03
2.822513761997859092e+03
5.503717272573630908e+02
8.246770331331425723e+02
2.468850876214301024e+03
3.401910776240760697e+03
7.788840440416490765e+02
8.248291120874437183e+02
1.959965353134190082e+03
3.479476735719585122e+03
6.052039659002532517e+02
9.281178168486483173e+02
3.113421407209734298e+03
2.482711493988542315e+03
6.373644676306191741e+02
1.016086581631694685e+03
3.297775387523516201e+03
1.656095378305628856e+03
8.963053139892024319e+02
1.198564330871293578e+03
2.735404551207953318e+03
3.429588444506259748e+03
4.913478702643797078e+02
9.674385685847832974e+02
1.790788881615275159e+03
3.586942339636982524e+03
1.086612884980955641e+03
8.348425183044747655e+02
1.315135849308963543e+03
3.394446927215190499e+03
2.020558010145608932e+03
6.450141789980434623e+02
1.189464361138650020e+03
3.102953372752207542e+03
2.839697786333777003e+03
5.010978114189617258e+02
1.028075662637559617e+03
1.512476079696163879e+03
3.532006471933194462e+03
1.899995026164785941e+03
7.171856084603734871e+02
1.111009009062606992e+03
3.020645581212741945e+03
3.357173217287905572e+03
2.634635557649469888e+02
8.932814290994281237e+02
2.247856885115705154e+03
3.766298172447346133e+03
6.383697896896889006e+02
7.311499282166046214e+02
1.271798628842654125e+03
3.119814170525417921e+03
3.366113161620819938e+03
6.973038679683427290e+02
7.567959982070768774e+02
1.246310623409666277e+03
3.443160793014111277e+03
1.917775351856872476e+03
6.616701102786119009e+02
1.137802736831054062e+03
1.916525686078666013e+03
3.718673733158813320e+03
1.420980167139745163e+03
5.647652356001487988e+02
1.123740070944500530e+03
2.939446810397821992e+03
3.071016905832390876e+03
6.865822627620350431e+02
9.924080641104803817e+02
2.412988741552942429e+03
3.226852209276742542e+03
6.804806720045977499e+02
1.025791206569260339e+03
3.391228526349686035e+03
1.730035906606613253e+03
6.557202133481868032e+02
1.202057807479806570e+03
3.297971454102852476e+03
2.010600302434449077e+03
6.889634608763554979e+02
1.086826486039598876e+03
2.493888218911483364e+03
3.297637436283750048e+03
8.951987166427430793e+02
8.187705009168412289e+02
2.263096454257040477e+03
3.742570130854297531e+03
7.815455806016732367e+02
5.968521324350087980e+02
2.812750805605884125e+03
2.042273697911210093e+03
6.452640454817253612e+02
1.482361640000483476e+03
3.559990543349960262e+03
9.266075037341275902e+02
7.561761437806223967e+02
2.439273913674341657e+03
3.174358014981502038e+03
6.089356311515306288e+02
1.103225305675928894e+03
3.587142970930149659e+03
1.062443520379672918e+03
9.001050325585122209e+02
1.250627264940155783e+03
2.848153031190890488e+03
3.597431869038728109e+03
4.588329560094594513e+02
8.598923393217396551e+02
1.364366420634080669e+03
3.336986001471042073e+03
2.889694554523340685e+03
5.811517760525176755e+02
8.517286545409389191e+02
1.801165302204205545e+03
3.596899800413759294e+03
1.528713723092655755e+03
6.286193590347759255e+02
1.046310740186036355e+03
2.674316053421715424e+03
3.335751439192027647e+03
9.899645611881783225e+02
7.508961284298643477e+02
1.156866220895244169e+03
