4.727276087097919230e+02
1.265166167831711846e+03
3.029211001635055254e+03
2.167090241785600938e+03
7.710541993963215646e+02
5.915586555788474925e+02
2.651440216227097608e+03
3.141211852765206459e+03
1.100530490209352365e+03
8.443146295429212387e+02
2.337527743955575261e+03
2.926318831594216590e+03
1.430439121772424642e+03
6.668397516717826647e+02
1.573133828637849547e+03
2.237411026654512625e+03
3.131085147840157333e+03
1.460680951366076670e+03
6.685223802859383113e+02
1.432914794235281988e+03
3.061270100778874166e+03
2.037097155057650070e+03
7.250454474681272359e+02
8.003411753123689323e+02
1.623128149101426516e+03
3.034156740139706471e+03
2.264944583755658186e+03
1.021098964951160724e+03
6.828827689862813486e+02
1.891528962260181970e+03
3.104017076750210435e+03
1.762121185079078259e+03
8.077090206657143199e+02
7.156818060998919009e+02
2.655899926131931807e+03
3.137307474823390748e+03
1.424161483275855517e+03
7.895620285476882145e+02
8.807227421534869336e+02
2.180453512497876545e+03
3.424695608502203413e+03
2.311116576246287877e+03
1.051125995409691768e+03
8.578373169401706946e+02
1.784260543162050226e+03
2.931990725495121751e+03
1.904187947021534455e+03
1.022353125271174122e+03
8.373695829507206554e+02
2.295809053256387870e+03
2.633511374011634416e+03
1.208892799456989223e+03
9.104161905567102622e+02
1.813387846581916619e+03
2.783201319368794884e+03
1.677969653924266822e+03
3.220319066702220994e+02
5.441788916286941458e+02
3.014984466949490525e+03
2.687991505435435101e+03
1.308830591407595648e+03
1.014278525846937782e+03
2.275912017563302015e+03
2.861370392807956705e+03
1.515222475041433654e+03
6.609013683234032897e+02
1.003780057956257338e+03
2.744405419225426158e+03
2.714830197755297377e+03
1.169338582849502700e+03
8.239824373537603606e+02
1.569788209109385434e+03
2.844449948213185962e+03
2.279431040128423774e+03
8.917317791807162166e+02
2.312112101173655958e+02
1.359564211576153184e+03
3.536005842349125942e+03
2.629040349565839279e+03
9.632454976744189707e+02
8.279655775783801346e+02
1.861042860015973702e+03
3.334836385389256975e+03
2.141736231880715877e+03
9.999477623838380396e+02
7.409042212097947413e+02
2.275328552564367328e+03
3.151064332967344853e+03
1.701524034024371531e+03
7.478239973709601145e+02
5.236439847929208327e+02
2.520028039738857842e+03
3.013082842365052329e+03
1.349979810492327488e+03
8.522099419193272070e+02
1.328833361909908490e+03
2.743185014947949639e+03
2.444342966614895431e+03
3.673833340508442689e+02
4.558441923177848025e+02
3.088047439770722576e+03
2.382543985868207074e+03
9.350211592144612496e+02
5.708732621692014391e+02
2.872243791984987638e+03
3.001294623122626035e+03
1.306986899302068423e+03
6.376097450126037529e+02
1.800382134379848367e+03
2.965172259684261917e+03
1.913025583568668480e+03
6.681154768884790656e+02
6.200337011218807675e+02
2.295934360133979681e+03
3.260700480542460809e+03
1.872291950046600732e+03
5.889943233964947922e+02
4.166466637321838675e+02
2.515070876796106404e+03
3.340022102484275365e+03
1.823755859083207497e+03
4.288131138142685472e+02
1.193990411790001417e+03
3.077698598328554908e+03
2.013395210062375099e+03
3.018039120257348031e+02
8.811510087410597407e+02
3.319803273309916221e+03
3.057604744330303220e+03
6.584407650916799639e+02
6.127628320647587543e+02
1.017127376529522621e+03
3.250321089060058966e+03
3.000523493048637647e+03
8.627037865614729526e+02
5.358304647084154340e+02
1.773118866226713180e+03
3.278023965253343704e+03
2.176566653384414167e+03
6.109492516804585875e+02
8.311969392848092184e+02
2.766973051790113004e+03
2.977578963829250370e+03
1.528450567658533828e+03
6.967995515354044755e+02
1.166079163219771999e+03
2.980491182165570535e+03
2.547218086386507366e+03
1.193529395792895002e+03
4.609904184241241865e+02
1.804797430242040946e+03
3.039028365645134727e+03
2.223297855978215921e+03
7.056590743102973420e+02
3.633239397053665130e+02
2.703955149596343290e+03
3.064121253962735864e+03
1.381628154743577397e+03
6.838996488240595681e+02
1.217686461392256433e+03
2.908067415009376418e+03
2.722686069200362454e+03
1.117091603521536854e+03
7.964354449791188699e+02
1.239856486310112587e+03
2.981945839785337739e+03
2.715668447216540244e+03
1.312570825522413998e+03
1.072729328556998553e+03
2.308157937942661647e+03
2.486932155377070558e+03
1.292191779825561525e+03
9.217544541878593236e+02
1.916813966377385441e+03
2.584623138970885975e+03
1.302076767007172066e+03
7.398482439324998268e+02
1.328285762329563340e+03
2.582943331035422943e+03
2.029719956611457064e+03
1.021009709368290714e+03
5.884246945990483937e+02
2.504413759506254792e+03
2.907604543918753734e+03
1.206299436733360608e+03
5.941678334516124096e+02
2.215430651774634498e+03
3.010852175124163296e+03
1.221589483511283333e+03
7.622365259107767770e+02
2.008923373377777580e+03
2.978131680693061753e+03
1.538039959821148159e+03
2.362791750132655011e+02
1.910755937750180692e+03
3.259009381948724240e+03
1.605096401890776633e+03
5.853596339671184978e+02
1.390684322255939151e+03
3.257376268812008675e+03
2.137547908433901284e+03
5.951547667866288975e+02
5.669245000403105905e+02
3.042448460919967602e+03
2.942621344882400990e+03
1.829165813417318532e+03
4.650345275178323163e+02
6.531829914233604768e+02
3.156366605954880924e+03
2.563018838792505449e+03
6.456930605946744208e+02
4.414663830419576129e+01
2.493299650716378437e+03
3.417968433690300571e+03
1.568409030974031111e+03
8.252021141349368918e+02
9.129579227060888797e+02
3.188679397714874995e+03
2.215392798568029320e+03
7.121806897155003071e+02
6.487188966986258265e+02
2.656375697759945979e+03
3.216362590296028884e+03
1.336503877256187707e+03
6.471896535180561614e+02
1.002354149577260955e+03
3.127501450575251511e+03
3.207083394912457607e+03
1.141537573093007950e+03
6.093930893105434734e+02
1.407232697507613238e+03
3.067866999013175700e+03
2.495929477943663187e+03
6.696562317288279473e+02
5.500904323281073403e+02
1.672469307549646601e+03
3.296327180176140246e+03
2.176388255617579034e+03
6.078548676725790756e+02
6.799394160180678455e+02
2.952564097018472694e+03
3.030258611759184078e+03
9.304168634788384225e+02
5.318233258463700395e+02
1.190506908056703651e+03
3.291500827375202789e+03
2.715571029021653885e+03
6.796952456970911953e+02
5.060593300165874666e+02
2.624762648160797198e+03
3.168784917938924991e+03
1.425212686063010779e+03
1.191330889392146901e+03
1.065255200991872016e+03
2.686342314384688507e+03
2.753950729302886430e+03
1.121727822640914155e+03
6.562637689019870777e+02
1.676213537905364774e+03
2.748267113324053298e+03
1.977383507067465644e+03
9.447566568397073752e+02
7.511576677341512323e+02
2.804825226100238979e+03
2.645455358352185158e+03
7.834293334942478850e+02
2.797571020837773972e+02
1.311393890172379315e+03
3.487909500982984810e+03
2.344028477644951181e+03
9.987840674131510923e+02
1.061147716019839663e+03
2.471245453575778811e+03
2.908491071769135488e+03
1.023029743596993740e+03
6.313526276406447550e+02
1.230082007382137817e+03
3.094750930861534471e+03
2.682763500401871170e+03
9.319809681927239353e+02
6.154239911598035633e+02
2.042783805134063641e+03
3.106111221034313076e+03
1.845415146262904500e+03
