5.187913832577179392e+02
1.256545862494533367e+03
2.204476995110975167e+03
3.602285068220584435e+03
1.464127332678659286e+03
5.438380374514451887e+02
1.018082902593049766e+03
1.699157321273271691e+03
2.554813809579625286e+03
3.637389550186917404e+03
1.031567239766305647e+03
6.670575511468821333e+02
1.215813956807587147e+03
1.784082664543323972e+03
2.804496477735395274e+03
2.946790323986518160e+03
9.930807742975531482e+02
9.896530164925446797e+02
1.402492149920397651e+03
2.493334515090994955e+03
3.433073193361391532e+03
1.091904161393150844e+03
8.033882281065872348e+02
1.253954667723607827e+03
2.278494376437730807e+03
3.470644277104718185e+03
1.259798932451124983e+03
7.226771123529848637e+02
1.475367521267496613e+03
2.518940568436038120e+03
3.399869889769540805e+03
1.019849145180722076e+03
8.187560520609576997e+02
1.319794993150508390e+03
1.894539194966874902e+03
3.154784952814509779e+03
2.405779989934923833e+03
7.996762609421487014e+02
9.018256364272250494e+02
1.466560673599840356e+03
2.792503708637244927e+03
3.418217017483766995e+03
7.118392022835109856e+02
8.624872299733279988e+02
1.278805225874592224e+03
2.751249244567276946e+03
3.483030547419743016e+03
9.397839619870318302e+02
7.031209060112865927e+02
1.497771645874458727e+03
2.680533842713502509e+03
3.534881367072487592e+03
7.709330023408089119e+02
6.955279943796103908e+02
1.451602059649900411e+03
2.475657678515899988e+03
3.524055539388742091e+03
1.041791432705191255e+03
6.210597672161781020e+02
1.256742726086243010e+03
1.848082900963070415e+03
2.896096256731755602e+03
3.563714814935122376e+03
8.270539630590666320e+02
5.528861268049141700e+02
1.371255642748047876e+03
2.969373442901686303e+03
3.303048995648176970e+03
6.061574193756511022e+02
6.865297628470767677e+02
1.229214252112829854e+03
2.841147092238709320e+03
3.537375549315821445e+03
1.040053613057271150e+03
5.870710684903057199e+02
1.260688319837209974e+03
1.698325282456208924e+03
3.068467722392320411e+03
3.050609011349774846e+03
8.438858915440465580e+02
8.015546716824451323e+02
1.258819402489739105e+03
2.749193235069033108e+03
3.490064524787276241e+03
1.738769845428229246e+03
1.394817409934719080e+03
7.804300108735509411e+02
9.542379539326640270e+02
2.272578152998788937e+03
3.494194411500377555e+03
1.528413875891235193e+03
5.093212217507448258e+02
1.175691951274134681e+03
2.312784155232679950e+03
3.581532035817559517e+03
9.706197681502088699e+02
7.697702027204942397e+02
1.269795022287223674e+03
2.394464190399078234e+03
3.472520981508310342e+03
1.315163156781354701e+03
7.628429849048029610e+02
1.146899675950358642e+03
1.670171053633035172e+03
3.178277816919107863e+03
3.023865183365684061e+03
3.770337330085316125e+02
1.043408731095445091e+03
1.358620253853403028e+03
2.393943443975339960e+03
3.450205512059566445e+03
2.304316513007097456e+03
5.011700844903098755e+02
7.939164656341608861e+02
1.430379220484943971e+03
2.912266243574630153e+03
3.334257085754371019e+03
7.234052268783293584e+02
8.936366305232351124e+02
1.338285776067873030e+03
2.902186912608477996e+03
3.040864267960288089e+03
7.280574935374110055e+02
7.340810873200745164e+02
1.534905054251857564e+03
2.280282801785023821e+03
3.556537547481220827e+03
1.440985006201208535e+03
7.247229569302833170e+02
1.095154482642935591e+03
1.753478336706745495e+03
2.660645495511816534e+03
3.484987874576971535e+03
9.998503212150028503e+02
7.138522676112361296e+02
1.372036275696887515e+03
2.063389865781262870e+03
3.363975711547620904e+03
2.088579818843135399e+03
6.181801746215120374e+02
8.847746137922922571e+02
1.650404476607731795e+03
1.949415040357741645e+03
3.547049036924090615e+03
2.149254915364532280e+03
7.099865782743698901e+02
9.702500455164847608e+02
1.522714371248225461e+03
3.206323534994940928e+03
2.524891946816610925e+03
8.384236930653654554e+02
8.547331803910192320e+02
1.470164688589174830e+03
2.939465958543516990e+03
3.207459715687836251e+03
7.830922315824738007e+02
7.407586454486369121e+02
1.294759003854440380e+03
2.572180712094615956e+03
3.410444342029350082e+03
1.076035504735082213e+03
8.016421395323245633e+02
1.601061072295792201e+03
1.613462076052366911e+03
1.581435757957641044e+03
3.068682146142095007e+03
3.015925024441868118e+03
5.407873933817389798e+02
8.389584617553038015e+02
1.596283124931853308e+03
3.058396212216473032e+03
3.363325832406637346e+03
3.434845586616960418e+02
7.701817172269734328e+02
1.403802272085235018e+03
3.300636750047215628e+03
3.062060611211857577e+03
3.843869391949586429e+02
1.054694679409054970e+03
1.251351199300042026e+03
2.262743569528565786e+03
3.301682410409234762e+03
2.219721144447501047e+03
3.478857399363174636e+02
1.082138160764398890e+03
1.507445752454665808e+03
2.835199229946290416e+03
3.379743325769148214e+03
1.096876341193067447e+03
8.496405334077347788e+02
1.098697142621584817e+03
1.846307013261953443e+03
3.017020578848660080e+03
3.216354123451457781e+03
5.108379444579232995e+02
8.026728296757795533e+02
1.505027015451026500e+03
2.508554881685087366e+03
3.583155743300889299e+03
1.167575738324265785e+03
5.835478830848132930e+02
1.178477969519119824e+03
1.867007250501824956e+03
2.989693147697496443e+03
3.388667754185242757e+03
6.483693439736194932e+02
8.553977844317812469e+02
1.296677859128811178e+03
1.912860953046572149e+03
3.046099541453656457e+03
3.044417679694047820e+03
7.440695176035025042e+02
7.489979375960722336e+02
1.357337060580511206e+03
1.673771977503276503e+03
3.096985077386799276e+03
2.756588726374372982e+03
8.642441711336294929e+02
8.966732903988014414e+02
1.557628475258707795e+03
2.268047239413966508e+03
3.479595790163868969e+03
1.503805183999818837e+03
6.788774227014281450e+02
1.176979470880838335e+03
1.539491057660392471e+03
2.200371195478923710e+03
3.618859557123375907e+03
1.913809760277299802e+03
4.400581706820410091e+02
1.126818900314885241e+03
1.457669780323986288e+03
2.848831163365157863e+03
3.490117966912082011e+03
9.508796488432170690e+02
6.019556756198371659e+02
1.218784359745761094e+03
1.658956207913482785e+03
2.879996111706472220e+03
3.516257820887284197e+03
1.202659643377821340e+03
6.321898271437005405e+02
8.978066891360194859e+02
1.784509673277309730e+03
3.182394683235515458e+03
2.743148039861472625e+03
6.105261762250833044e+02
1.072149410057274736e+03
1.413138440338269447e+03
3.369044073770143768e+03
2.882804728327338580e+03
3.062934124960194140e+02
1.324202166665803588e+03
1.623570695877408070e+03
1.339023340736374621e+03
1.684020633266960431e+03
3.253164288465177378e+03
1.953913088956549927e+03
8.522845624271426459e+02
1.234882730298832257e+03
1.601495094210406251e+03
3.133748307609978383e+03
3.281396333128905553e+03
4.911843880977251615e+02
9.603916648330147154e+02
1.448256803522808468e+03
3.257507343674551976e+03
3.103653707027440305e+03
4.308724475039134632e+02
7.636024762681694256e+02
1.330132304128039550e+03
1.845463147892323377e+03
3.040803394342166484e+03
3.638510121396149316e+03
1.637306411458962430e+03
2.824872919404735967e+02
6.774677489150687961e+02
1.240096247008376395e+03
1.860568830106654559e+03
3.190194710285485598e+03
3.175552871026551202e+03
4.745553017703073237e+02
9.232028286595235613e+02
1.349779075210081601e+03
1.860591684987968847e+03
