1.669524507167610864e+03
1.697853653584703352e+03
1.749287685971877409e+03
1.831391497273039249e+03
1.694366734462664226e+03
1.671821594265068825e+03
1.699097929878614195e+03
1.830620236447673960e+03
1.808795660476646162e+03
1.671194815215057588e+03
1.666998116760041967e+03
1.733012589695348424e+03
1.834841348746658014e+03
1.709091650727240449e+03
1.708223235408974688e+03
1.733608015367770804e+03
1.795009764092110117e+03
1.696094714538585322e+03
1.659706912421189600e+03
1.779384042827728081e+03
1.798753493595123473e+03
1.664840060060048700e+03
1.684478743800649227e+03
1.745410599417884669e+03
1.801971482849447966e+03
1.674730007933593470e+03
1.692926600308835532e+03
1.831455534447447690e+03
1.736575254037617015e+03
1.676088361873648410e+03
1.710111559848920706e+03
1.790738439419411634e+03
1.728152890323170823e+03
1.679072248217882589e+03
1.708777660978696076e+03
1.797023564132455931e+03
1.760939161152407451e+03
1.877608874007099757e+03
1.826143012892671550e+03
1.652987033712798620e+03
1.577787227699236155e+03
1.675000306334112793e+03
1.653077826520228655e+03
1.696498889327953748e+03
1.772118186052089413e+03
1.737490260817933176e+03
1.702243021925993617e+03
1.734882059203899871e+03
1.747727736313209562e+03
1.788216287399586690e+03
1.735896070269144047e+03
1.733540460315839482e+03
1.744336732540715047e+03
1.761611045541995736e+03
1.741736815059892024e+03
1.740270432725487581e+03
1.756486344853711444e+03
1.819059890537891761e+03
1.769671596333940215e+03
1.671360027871081229e+03
1.678049642218672716e+03
1.722246590062202358e+03
1.827884622362886603e+03
1.762789214648309326e+03
1.658399883295441214e+03
1.704620960080050281e+03
1.756624525518258451e+03
1.806438804115481162e+03
1.662061955597437645e+03
1.713535109551430878e+03
1.823908760020083037e+03
1.786613324960645286e+03
1.661214907812777938e+03
1.693516053109226505e+03
1.727997829795937832e+03
1.848605177147943778e+03
1.783659493716902261e+03
1.647967308595542136e+03
1.694849190000674525e+03
1.719994037573782862e+03
1.832196514989073421e+03
1.693870534511584083e+03
1.682490810360298838e+03
1.783288627954823596e+03
1.790831313156321357e+03
1.662343498258008594e+03
1.681268909630498911e+03
1.820896338033626307e+03
1.763706126202277119e+03
1.645973035664801046e+03
1.707849117721683797e+03
1.824562616032855658e+03
1.722493437565190561e+03
1.664046156482135984e+03
1.761613118395971242e+03
1.833419287985910387e+03
1.660629733184453471e+03
1.659489161645239847e+03
1.795791332885594557e+03
1.805323103804505763e+03
1.656827002978013070e+03
1.664159810714480955e+03
1.807857599262035819e+03
1.790865442592539239e+03
1.627711981513016781e+03
1.738232888038904093e+03
1.814530170915503732e+03
1.641711936002440098e+03
1.657744419263159898e+03
1.843828608244188899e+03
1.732159823660532766e+03
1.652595773477661851e+03
1.714171540857440277e+03
1.836407931579488377e+03
1.692240157862677734e+03
1.658701678286041897e+03
1.767668300095611130e+03
1.806216838365116701e+03
1.649317574849640323e+03
1.690977916466529223e+03
1.819653853706069867e+03
1.751622952890747001e+03
1.668592376141286650e+03
1.712195795399787130e+03
1.833511494336635224e+03
1.747773901438194343e+03
1.682428442893604370e+03
1.712716266748522457e+03
1.827413777429466109e+03
1.759215424894655371e+03
1.651385673639594188e+03
1.685170927539413015e+03
1.833746083707210119e+03
1.804340993147332938e+03
1.648945197351727757e+03
1.673749930396726086e+03
1.861740604024300183e+03
1.752762360332469143e+03
1.661226744128512792e+03
1.682704442628907373e+03
1.826328960784676610e+03
1.769757979957906400e+03
1.660425745737803481e+03
1.679904559376607267e+03
1.828203674060193862e+03
1.776038910165025527e+03
1.660568796478804416e+03
1.673365999403477190e+03
1.840197631329062233e+03
1.754686863122704608e+03
1.680233148878285419e+03
1.661685935874560528e+03
1.826674680383511941e+03
1.707291534876195556e+03
1.645141859836429603e+03
1.785525573880982165e+03
1.776477598962121192e+03
1.666702646274907920e+03
1.694935920366698156e+03
1.830041852635904434e+03
1.715491998381957274e+03
1.656981373109212882e+03
1.736511031953297561e+03
1.825674272516325800e+03
1.716974592001536166e+03
1.656050150986469134e+03
1.743021668352237384e+03
1.833438608837790753e+03
1.671236054290195170e+03
1.687529103263134402e+03
1.808430337706623959e+03
1.678739039023653504e+03
1.732643028941055718e+03
1.680658669639814889e+03
1.942272683488813072e+03
1.700187644882831364e+03
1.721348443563668070e+03
1.707060790881373805e+03
1.631721256585944275e+03
1.731981423172810310e+03
1.877374522406741107e+03
1.649015766894582612e+03
1.654716661840764345e+03
1.705842858352741132e+03
1.873679755077480422e+03
1.717137911200798044e+03
1.649761198616615502e+03
1.745470333618406130e+03
1.834360341997929254e+03
1.657789207711064819e+03
1.699551988511694617e+03
1.829195251878663839e+03
1.741946062255823790e+03
1.668300951081891981e+03
1.704571172917031390e+03
1.846445900321869431e+03
1.704492140542906782e+03
1.660322955335066808e+03
1.708802721697254128e+03
1.822123918394289831e+03
1.746432239754543389e+03
1.648882515936891650e+03
1.687080709513202464e+03
1.849180342815077211e+03
1.906414185081423511e+03
1.662977747478780202e+03
1.607328864368597351e+03
1.665217822367336339e+03
1.800097905830358741e+03
1.808550029842245294e+03
1.656539323321743495e+03
1.680113480223832994e+03
1.721856334913634555e+03
1.839484099829149727e+03
1.687819217303300775e+03
1.686449875389713043e+03
1.727743466244211959e+03
1.813903292031067394e+03
1.738671409210526917e+03
1.669129006765340591e+03
1.711544430497731128e+03
1.770015397534508111e+03
1.788057759785996495e+03
1.645585435278140949e+03
1.691441095492913746e+03
1.765286383127366207e+03
1.823648639174960181e+03
1.676712659721535829e+03
1.683529073717963911e+03
1.844063522608714493e+03
1.790630659618789423e+03
1.638546994950852422e+03
1.693469545774264589e+03
1.844535618753259996e+03
1.742924735072191197e+03
1.652001785913988215e+03
1.705990288780525816e+03
1.818111484794533453e+03
1.695220933085151955e+03
1.661906870795949089e+03
1.733414040016423314e+03
1.805667520961242644e+03
1.690723541562916353e+03
1.663474760940532633e+03
1.802131632897566305e+03
1.823942990930461747e+03
1.648611624960513836e+03
1.678479443839768692e+03
1.842107462552906554e+03
1.808379972880314654e+03
1.622052104466461515e+03
1.703230928493567035e+03
1.840567360512036203e+03
1.681089352157607664e+03
1.665078702442889380e+03
1.837840771192029479e+03
1.792072311918813739e+03
1.631600932450885921e+03
1.724088370041752796e+03
1.829952275662682041e+03
1.670268030405458603e+03
1.658845810004779651e+03
1.835587336233112637e+03
1.757564247526368263e+03
1.656491651051501776e+03
1.708331671408837110e+03
1.834214388682436265e+03
1.730793929172266644e+03
1.676535968277988331e+03
1.684718495338199091e+03
1.840609948872406449e+03
1.788300006653292257e+03
1.656654240974654840e+03
1.680587314414425009e+03
1.811119692109749622e+03
1.769616525916640740e+03
1.654329080074763169e+03
1.679818723707263189e+03
1.815639348301085647e+03
1.750450481158435196e+03
1.674302031155044460e+03
1.688879703872816208e+03
1.830124035130549373e+03
1.769051673775448762e+03
