4.026379106075214168e+03
1.669813649659367684e+03
5.042243047691596871e+02
1.192447638782457943e+03
3.334247354957224616e+03
2.694870826057996510e+03
7.825517095551278999e+02
8.679788703416304543e+02
2.653065258906766758e+03
3.800426161574562684e+03
1.318829660341887347e+03
9.033316362061736982e+02
2.916174454043722108e+03
2.681735307266615109e+03
9.391109502468394794e+02
8.957955918624996912e+02
2.656561805595309124e+03
3.228233224907659860e+03
1.107124918625273494e+03
8.482800448401119411e+02
2.297677303262261830e+03
3.981459018828236367e+03
1.425103089661142803e+03
8.256175125685998637e+02
1.456728248590509793e+03
3.319743690644545040e+03
2.909118730349571706e+03
8.345740788257206759e+02
9.170833626451872078e+02
2.787726537059190377e+03
3.094852313812860757e+03
9.860466906096060029e+02
1.014856218694480845e+03
2.649082574247432149e+03
3.805638544669484418e+03
1.312988095354098959e+03
8.965314655884764079e+02
1.266036324335034351e+03
2.924622672399612384e+03
3.637665993452562816e+03
1.124364765556482553e+03
8.053365574870807677e+02
2.117751526598679447e+03
3.630861910923175856e+03
1.315314469269366327e+03
8.990754094161318335e+02
2.296095017065341381e+03
3.377753903809507392e+03
1.193616684104063779e+03
9.008508933008330359e+02
2.167208648751041437e+03
3.554548195439720075e+03
1.472329806357410916e+03
8.402165323519647018e+02
2.263200237106193981e+03
3.351877238233231765e+03
1.290284049212168838e+03
8.743313525982473493e+02
2.388027820203182273e+03
4.015733555522770075e+03
1.292208321384795681e+03
7.927944554923145688e+02
2.612187488098051745e+03
3.937738362971924289e+03
9.350850509519342495e+02
5.319731875827357044e+02
1.666135086439479437e+03
3.441858675472368759e+03
2.354123063599506168e+03
6.280913889818759799e+02
1.263656467935576984e+03
3.582335123594436482e+03
2.542938015348569024e+03
5.590174050302707656e+02
1.009035944487481061e+03
3.208221378586546962e+03
3.117337319173871947e+03
1.664740606311569991e+03
7.617129242731515433e+02
7.557770981486449955e+02
2.725130841815093845e+03
3.248204405992196826e+03
1.124453938322623571e+03
8.930870407335246455e+02
1.890473964717986973e+03
3.958695386456173310e+03
1.931828179811146583e+03
8.836664732141833838e+02
1.379930145392592294e+03
3.365089566108556937e+03
2.134661131803588432e+03
1.139818722791456139e+03
1.316078977241635812e+03
3.027210667477685092e+03
3.857305638280543917e+03
1.233749334121083848e+03
9.116415141556605022e+02
1.390086319279575946e+03
4.014242553945517102e+03
2.370666860345648729e+03
5.145729049682071263e+02
7.787761212765097980e+02
3.143871056681208756e+03
3.250324140544797956e+03
6.820933411180942585e+02
6.006803084791378069e+02
2.667198449991617053e+03
3.142980807758181982e+03
8.175672885127629570e+02
8.428044035894496346e+02
2.539830432268540790e+03
4.072528771539160971e+03
1.226558430856021459e+03
5.314678030452913617e+02
1.947494733788557824e+03
3.966391463999773350e+03
1.607487895647080904e+03
4.291439857335028591e+02
1.273333405708563532e+03
3.873890177357752691e+03
2.880855854756646295e+03
3.762694303801904994e+02
8.489365613237247317e+02
3.217392174964641981e+03
2.941610521653746673e+03
6.251612628192864349e+02
6.946766437323717582e+02
2.578832877714502956e+03
3.988302810970835253e+03
1.149997451620419270e+03
5.539599185637282517e+02
2.098091053453380937e+03
4.128427282670210843e+03
1.726457640985438275e+03
4.954541694203037423e+02
9.970935472379550220e+02
3.235764803133889927e+03
3.345831610809977519e+03
7.025604663744367144e+02
6.191979186637290695e+02
2.526212862514225435e+03
4.163335110891324803e+03
1.548109521320331396e+03
6.116776796778727885e+02
1.340282371727610553e+03
3.867004152300149144e+03
2.172569976484126983e+03
5.604997875028441285e+02
1.244205197147511853e+03
3.405806879070846662e+03
2.596652346266701443e+03
6.073604444700299609e+02
9.915833183923260776e+02
3.340972446914093325e+03
2.885073991212337660e+03
7.123902013942728217e+02
8.523998830643519113e+02
2.962877179994889048e+03
3.463953623507527936e+03
1.059019988901001170e+03
6.885707465938411360e+02
1.258371324850975498e+03
1.389741590752555339e+03
1.985979522688018733e+03
1.838952267998571187e+03
2.447579156412758039e+03
4.178566363372486194e+03
1.731314971754755561e+03
7.761222802032524442e+02
2.176629357520294889e+03
4.150678175056819782e+03
1.600176884210816525e+03
5.169251805621565836e+02
1.376833012740985851e+03
3.845569795790073385e+03
2.390052212405588762e+03
4.172874734006500148e+02
8.389355785198338253e+02
3.408353376581485009e+03
2.737285826983424158e+03
8.458408256184161473e+02
6.138270656881878722e+02
2.586503536890516898e+03
4.047086777761382564e+03
1.034274100405939407e+03
5.085710286935890281e+02
1.732645974663168317e+03
4.105607213044872879e+03
1.842594866568869520e+03
3.628981887346128588e+02
1.429331225731951918e+03
3.684433478735648805e+03
2.487457291462582361e+03
4.064746724334182773e+02
9.692643648382039601e+02
3.254378542679380189e+03
3.366136703787531587e+03
5.181214138326612328e+02
6.395251513866095365e+02
2.595138227182898390e+03
3.936427074926259138e+03
1.073739659496393415e+03
5.879844083003525839e+02
2.553620631906022481e+03
4.188671222561173636e+03
1.266853718819142614e+03
3.261550419826721168e+02
1.107506284756675996e+03
3.258740505635433237e+03
3.069295976829293068e+03
6.736156583870672421e+02
7.187028585735062052e+02
2.367484124841450011e+03
3.837822542910680568e+03
1.451853565106374390e+03
7.910092564451949784e+02
1.369254050184549897e+03
3.279759019289915614e+03
3.429704179542210113e+03
1.014015150637983652e+03
8.069506824906860629e+02
2.239593772749348773e+03
3.618923130415085325e+03
1.353539634760374156e+03
9.232312461076434147e+02
1.058823273290810675e+03
2.611424986406895187e+03
4.111722159380320591e+03
1.346038343631693351e+03
6.268887986106474273e+02
1.808589082210347215e+03
3.667472141157556507e+03
1.640438177083670780e+03
8.302523693152149917e+02
1.595480302239660659e+03
3.674090888128092047e+03
2.863774607093610939e+03
7.728397717406818401e+02
8.920974731850047874e+02
2.954660667892878791e+03
3.242673001586320424e+03
8.271005818538041012e+02
7.033327928065810966e+02
2.238234342587670653e+03
3.949071919718409845e+03
1.312015544109849088e+03
7.288902381720133690e+02
2.320174601186865857e+03
3.521572102285601432e+03
1.148931381957701888e+03
8.538329724842291171e+02
2.056967166216700207e+03
3.439666839532981612e+03
1.509946367955202959e+03
1.106807672002602430e+03
1.976626495624745758e+03
3.594649842899783835e+03
1.709622318493500416e+03
9.128350800178017153e+02
1.542551320921360457e+03
3.071683361738359054e+03
2.277034596747824253e+03
9.828753741838227143e+02
1.157866460805321367e+03
2.680241697977838612e+03
3.168651609000873577e+03
1.093308394898182314e+03
1.055247269225427317e+03
2.765536192759035657e+03
3.958305143866851722e+03
1.213720119318509887e+03
8.211247494118654231e+02
1.456107967549886098e+03
3.502375399298762204e+03
2.664464524710474507e+03
8.507154877183768349e+02
8.590858266495081352e+02
2.732990180780072478e+03
4.079864856629960286e+03
1.057781546047240909e+03
5.022664510396488140e+02
1.767462528114547013e+03
3.925373108250024870e+03
1.582286148339707552e+03
