1.938772935899673485e+03
1.971071485264627199e+03
2.055199435304205963e+03
2.200773555613287954e+03
1.990632856721009148e+03
1.932139084077657799e+03
1.974803746011409658e+03
2.032901208843520863e+03
2.189669595756980925e+03
1.998315160006727183e+03
1.937080574977608194e+03
1.974046716703862785e+03
2.029449576871747468e+03
2.154877689417997772e+03
1.993972126654755812e+03
1.958861399040972628e+03
1.996668955571341030e+03
2.173471009242155560e+03
2.026160916796463880e+03
1.933267869861175541e+03
1.971739047685148762e+03
2.064376906827334551e+03
2.163820955688857339e+03
1.966647364605415078e+03
1.943385597286930079e+03
1.998619207163090550e+03
2.142342855801039605e+03
2.034639950547408716e+03
1.946634888674940839e+03
1.965178215636917230e+03
2.085639930694604118e+03
2.169080531241282642e+03
1.974800301318042557e+03
1.940046710741494508e+03
1.970975169324047329e+03
2.076388597295877389e+03
2.224812318476873315e+03
2.004500394975725612e+03
1.913425558724581151e+03
1.941551577198416680e+03
2.115218596369312309e+03
2.138567237571478017e+03
1.940257318091667003e+03
1.918176582241458846e+03
2.020716349018538040e+03
2.169082670993875126e+03
1.980639782538149348e+03
1.928247031262145128e+03
1.997147471623538422e+03
2.166856963092434853e+03
2.004447257730792671e+03
1.923269568993387111e+03
1.970851369791506158e+03
2.151091501623310251e+03
2.099120095267669058e+03
1.942689904129641491e+03
1.936333723170105031e+03
2.040078504629191457e+03
2.195834129469210893e+03
2.016110266840518079e+03
1.914580588634510377e+03
1.958382828304491568e+03
2.138230580289243335e+03
2.080416504195974085e+03
1.941773170092687451e+03
1.927161747831627736e+03
2.129171774030097822e+03
2.078970186641258806e+03
1.932662861522804860e+03
1.937715962293848179e+03
2.107824682697051685e+03
2.157186053758528942e+03
1.961859464301382786e+03
1.913700260195752662e+03
2.030775333411486827e+03
2.187754583878492667e+03
2.022534629120868658e+03
1.914891613797803302e+03
1.971445623873377144e+03
1.981146177142708893e+03
2.009352002315406025e+03
2.221440795601078207e+03
2.056290275325444782e+03
1.902888274154121518e+03
1.948320082248348172e+03
2.150286127781253072e+03
2.084853437430606846e+03
1.923148738070386798e+03
1.946571236291809782e+03
2.172208666755009290e+03
2.081518173445668708e+03
1.902102988951403631e+03
1.918016651722736469e+03
2.119437468822124174e+03
2.139271546567062160e+03
1.925890673588947266e+03
1.925977215127007867e+03
2.110056085153762979e+03
2.163064981736742993e+03
1.924018899126187762e+03
1.908920533405268770e+03
2.041378489987597732e+03
2.193709648816833578e+03
1.964376335097829269e+03
1.929494878206191061e+03
2.002005694193551562e+03
2.174734829123830878e+03
2.015983562649120131e+03
1.922507112106772411e+03
1.964337395098426896e+03
2.153120841507574369e+03
2.063235595559508056e+03
1.915712662107042661e+03
1.960569144860846563e+03
2.106802282134031429e+03
2.166878565194130715e+03
1.957264834642417782e+03
1.926113089769768521e+03
2.057331724389115607e+03
2.220687431680687041e+03
1.968349561526557181e+03
1.898048932209690520e+03
1.951438383513091367e+03
2.046028238832414218e+03
2.197304957548591574e+03
1.988592261766774755e+03
1.920807537168323506e+03
1.963476019699485505e+03
2.111746716205741905e+03
2.170329814976047601e+03
1.946046190633303013e+03
1.939261201978123836e+03
1.972811656644881623e+03
2.107451613207975242e+03
2.131979729455094457e+03
1.952130591653778993e+03
1.957525938392605667e+03
2.017165772128471417e+03
2.178402066385590842e+03
2.033626794095581545e+03
1.931823228171951087e+03
1.956359661546742473e+03
2.054533452948410741e+03
2.180951070301654454e+03
1.988983489971473773e+03
1.920529866871770992e+03
2.043605469993470706e+03
2.181115085945998544e+03
1.987087639523556163e+03
1.910455773257655665e+03
1.982257109207909934e+03
2.152304945201693045e+03
2.008781948413785813e+03
2.211291203524262983e+03
2.475972154279800634e+03
2.100352586726977734e+03
1.929183051578381537e+03
1.831171863902085306e+03
1.826485340838548382e+03
1.828667599420465876e+03
1.802725977007028632e+03
1.877614892396899450e+03
1.966135146327181019e+03
1.997791325297117965e+03
2.015425004785334295e+03
2.038670430989299803e+03
2.216461511694454202e+03
2.052779332996191897e+03
1.963321980578485636e+03
2.000626023170860435e+03
2.042478957113863316e+03
2.214089654030988186e+03
2.003930134766308583e+03
1.951732639022748572e+03
1.999191795564383483e+03
2.204646811437756696e+03
2.021693235158481912e+03
1.919459513294204271e+03
1.973833196196299696e+03
2.167703028453698607e+03
2.093963920740671256e+03
1.924804259358829995e+03
1.939542747145495923e+03
2.124711127934743672e+03
2.134350032604356784e+03
1.913444456650749089e+03
1.934071159494726771e+03
2.134313402051771845e+03
2.093275448611615957e+03
1.915854041681410763e+03
1.959198344539839809e+03
1.994771311528493243e+03
2.000333417600003713e+03
2.177036999681903126e+03
2.191930262027987283e+03
1.913727350230212323e+03
1.915708111435088540e+03
2.029951556534634619e+03
2.164959091699603050e+03
1.947078970624835165e+03
1.942976399149287317e+03
2.041150644266580684e+03
2.179974202445664105e+03
1.945176904582009456e+03
1.945270489629363738e+03
2.052728908673936985e+03
2.197385482954706731e+03
1.938501386974287470e+03
1.942626283757093688e+03
1.975952306705416277e+03
2.052798794495643051e+03
2.196560377953729130e+03
1.973004328752245783e+03
1.941558229688503161e+03
1.984209639758630829e+03
2.015626834166173921e+03
2.169920356711047134e+03
2.019426418742130409e+03
1.953926956865821012e+03
1.980048223389261011e+03
1.997281861300979017e+03
2.030859009643093259e+03
2.175070704096379814e+03
1.995078332348795357e+03
1.955397261483523380e+03
1.990510965749999286e+03
2.100994393739024872e+03
2.150643824534912710e+03
1.958603340789937192e+03
1.949173262850988522e+03
2.087404387587278052e+03
2.132686146256929987e+03
1.933472965485438408e+03
1.945888192767077726e+03
1.995965692497110467e+03
2.174474761185842453e+03
2.044445305068792095e+03
1.913101397223889535e+03
1.960375503908435121e+03
2.102311369217358788e+03
2.119586457670593063e+03
1.933778379617942392e+03
1.940696101348386946e+03
2.045481702789213159e+03
2.103248798638927383e+03
1.950913611067577222e+03
1.982495680781063584e+03
2.141605224788211672e+03
2.069389061789972402e+03
1.954463162669300800e+03
1.959873486661942252e+03
2.130373054020599284e+03
2.087185356077128290e+03
1.929610980679255135e+03
1.959356165444972248e+03
2.168369184587555992e+03
2.038819169432080116e+03
1.910435277185546056e+03
1.946914604437058415e+03
2.112133583839096445e+03
2.076080585533713474e+03
1.934022608783082433e+03
1.996967089016705586e+03
2.166649450139772398e+03
2.011032933653767714e+03
1.908522023723915936e+03
2.005657434319307640e+03
2.168875782585382240e+03
1.966472878542065018e+03
1.950459329294508734e+03
1.986846255632858401e+03
1.985553028750369549e+03
2.086119019271563047e+03
2.229804035482288782e+03
1.978116122726456297e+03
1.915655451031560915e+03
1.964485207456375747e+03
2.061427482520125523e+03
2.219916350725105531e+03
1.969672806381806822e+03
1.921076411303650957e+03
1.965788325267840264e+03
2.003037165850844076e+03
2.168320917825454671e+03
