1.625247230776014931e+03
1.826723191250441914e+03
2.829704132050405860e+03
2.314622569979842410e+03
1.418210599703000753e+03
1.579714461584563196e+03
2.435689172558534210e+03
2.404823719915881611e+03
1.351864565780641215e+03
1.573943172248063547e+03
2.636633471109289076e+03
2.320512639139020848e+03
1.317075766680310380e+03
1.785828938652295165e+03
2.787106541120259408e+03
1.557399872523977365e+03
1.494881860080703973e+03
2.012901055679617230e+03
2.686368992179073757e+03
1.424613720988842942e+03
1.623543101855573468e+03
2.720210680346796380e+03
1.986028218932933441e+03
1.470410978069025532e+03
1.814045141926121460e+03
2.763226959310567054e+03
1.526187642790120435e+03
1.570468284768602871e+03
2.119299240121318689e+03
2.677092425500102763e+03
1.418739352853440550e+03
1.588503380127968512e+03
2.815820374125203671e+03
1.688138328814517990e+03
1.518757408319894239e+03
2.244236575998648732e+03
2.598343472604011367e+03
1.285962072311522206e+03
1.583967816104186568e+03
2.655329384436166947e+03
1.885382405201009988e+03
1.508442218586626950e+03
2.207507754259540434e+03
2.509871393398276268e+03
1.455512779914183056e+03
1.715276346614753493e+03
2.816142817709892824e+03
1.436397765849169900e+03
1.541888909524372139e+03
2.528545140809145323e+03
2.247984983346181252e+03
1.491283164345049045e+03
2.032601180991321826e+03
2.629209560270068323e+03
1.403397435286884502e+03
2.170550134662516484e+03
2.667937112336286191e+03
1.405102193338136885e+03
1.476559984497046116e+03
2.520466254955738350e+03
2.248549877535475844e+03
1.477850095881267180e+03
1.626771611041509232e+03
2.835350627645228542e+03
1.481697416569622192e+03
1.541012324869310760e+03
2.520163168606283762e+03
2.128904677294404792e+03
1.515473439177834962e+03
1.976216517497296763e+03
2.728074877226155877e+03
1.409452488030113500e+03
1.499511045929443981e+03
2.663180529874041440e+03
2.111158510436097913e+03
1.491928571427474026e+03
2.008629939854263739e+03
2.851956124232692673e+03
1.328469210691905346e+03
1.513510431502752681e+03
2.538560941943188936e+03
2.546490611060085484e+03
1.328200535194877602e+03
1.433924874251018309e+03
2.948476516262709538e+03
1.715756912847991089e+03
1.418149256605708842e+03
1.755023728952770625e+03
2.988951853477704844e+03
1.244451465733563509e+03
1.506902769379503070e+03
2.651280951319131418e+03
2.161114159533482962e+03
1.436323966125505422e+03
1.978141761091417493e+03
2.931480690122500619e+03
1.235896237017015210e+03
2.086215183622153745e+03
2.764429687753569397e+03
1.394903151460039908e+03
1.424599377244177276e+03
2.035081445105110788e+03
2.692130850816480233e+03
1.357292934879377526e+03
1.699277568129021802e+03
2.812742731115766674e+03
1.689739047393915826e+03
1.565931712008566819e+03
2.015650280249883963e+03
2.803688845699040485e+03
1.407296950619758945e+03
1.538415771637509806e+03
2.481326235414021085e+03
2.538584732638798869e+03
1.453764215761691275e+03
1.539270300166865582e+03
2.340698660094224124e+03
2.607349984933655833e+03
1.400656639271697259e+03
1.496128774860630529e+03
2.649990537686957396e+03
2.156592029179555084e+03
1.339419488401291346e+03
1.808428425233189955e+03
2.870519248767918270e+03
1.459079865087866892e+03
1.388998138987209813e+03
1.851987319515397303e+03
2.867394024125971555e+03
1.565989118568336153e+03
1.484075863579402949e+03
1.597995005275434778e+03
2.668198555327568556e+03
2.351893849608290566e+03
1.367200989803940047e+03
1.584169207396224238e+03
2.638661731833856265e+03
2.516456089848332340e+03
1.282137894365314878e+03
1.560590045012815608e+03
2.826557401914427828e+03
1.816442098048029948e+03
1.387717758025239164e+03
1.839141945910429968e+03
2.853915237820471248e+03
1.371004468546016597e+03
1.607707261587472203e+03
2.792783695781081406e+03
1.801836776303264514e+03
1.517083315627136244e+03
2.020697474372948136e+03
2.843522808355727193e+03
1.342257195319499942e+03
1.585764018448574916e+03
2.582716134859440899e+03
1.822850159239804952e+03
1.439958939840241555e+03
2.511448526629964363e+03
2.179772747529128537e+03
1.435359192827031166e+03
1.721991051735057681e+03
2.945763279337126733e+03
1.436650750256032097e+03
1.442544450671910226e+03
2.498876212593747368e+03
2.572377130301694251e+03
1.316848387105180791e+03
1.522546258604278592e+03
2.932329267582118064e+03
1.642174415027592659e+03
1.430580995774093935e+03
2.028586628977308465e+03
2.862930502874702142e+03
1.282253790689273728e+03
1.533414642291047585e+03
2.759821314518822874e+03
1.835664952685566277e+03
1.392156155599040630e+03
2.386340989454510691e+03
2.558949175900114369e+03
1.389110950607494942e+03
1.752132528173725859e+03
2.887488610451271143e+03
1.604982561318790431e+03
1.346701036578868070e+03
1.647500326972663061e+03
2.840057937471305195e+03
1.579725552715453432e+03
1.439774404298070976e+03
2.514584317064299739e+03
2.120428870494627063e+03
1.509349198482283100e+03
1.887496345042197845e+03
2.673124749612946289e+03
1.439869984893773790e+03
1.492241857035366593e+03
2.806818948326669215e+03
1.540395105327919964e+03
1.489039813480142129e+03
2.337128322177547489e+03
2.692470766169366470e+03
1.365847013667418423e+03
1.866884892586141632e+03
2.712968213051660314e+03
1.231704186487623701e+03
1.492383395028273753e+03
2.629763815500560213e+03
2.419590943178184716e+03
1.327960018840905150e+03
1.608988460777673481e+03
2.626335034291914326e+03
2.688468158369735193e+03
1.386017266540904302e+03
1.590923729391464121e+03
2.579419839315882200e+03
2.519906607101749159e+03
1.364437296744166360e+03
1.622488416687225936e+03
2.481178043959168917e+03
2.632335853568463790e+03
1.277704490132812225e+03
1.562712115778892212e+03
2.312278277238420742e+03
2.803969788796807734e+03
1.206058899346767021e+03
1.573462099250085430e+03
2.848172247857357434e+03
1.798757399642637438e+03
1.583202803862009887e+03
2.380667620075153536e+03
2.464932909315695724e+03
1.470694746038864878e+03
1.542663765345184402e+03
2.826290117936897332e+03
1.731695283205183614e+03
1.466723952633001545e+03
1.947981163535740734e+03
2.743076887754628842e+03
1.467450057062916130e+03
1.483357076916924370e+03
2.268722309037000741e+03
2.576050529888154870e+03
1.247022547914250708e+03
1.665506472226102460e+03
2.682368034386312502e+03
2.015665866603279255e+03
1.306041814672041937e+03
1.666704636766722388e+03
2.986581339720507458e+03
1.608360624435652198e+03
1.525213957483950026e+03
1.780960616289423342e+03
2.738515828250979666e+03
1.399075639614461124e+03
1.587911190536119420e+03
2.711826821267070500e+03
1.651061554807612083e+03
1.575708952836602521e+03
2.063515199233965632e+03
2.723495720896457897e+03
1.403063382826151610e+03
1.528465268497073112e+03
2.811424654434668810e+03
1.763383285245489560e+03
1.492537531699789952e+03
2.702635515139690597e+03
2.370487774494731639e+03
1.216242166776064551e+03
1.580564670009711790e+03
1.782563618617984275e+03
2.699914280349285491e+03
1.790958609161035838e+03
1.402296972260119901e+03
1.525766793413317828e+03
1.938608298686977832e+03
2.794109768754662127e+03
2.786274674070416495e+03
1.368960477192497819e+03
1.528193395695979461e+03
1.769307046139113254e+03
2.742014672485416668e+03
2.241030544331243618e+03
1.375492574992626487e+03
1.613194409563286854e+03
