2.497168864350623153e+03
5.530368016767268955e+02
1.219359609208935581e+03
1.834965383192455192e+03
2.233776847179777178e+03
4.050652210815262151e+03
3.218588713216769975e+03
1.461434959577517930e+03
6.496050016499311823e+02
5.938484495507882457e+02
1.512153102130740990e+03
2.046850095082345206e+03
2.369508866681174368e+03
3.579520564421717154e+03
3.202863941851197978e+03
1.032253005322438412e+03
9.546602416121069155e+02
1.334261427828349952e+03
1.873674725754885458e+03
2.135453942713507786e+03
3.529412538838921591e+03
1.466834189512288276e+03
1.417207657337460205e+03
1.891249357350418904e+03
3.235244043270450675e+03
2.150513549326615248e+03
1.106864726290826866e+03
1.751963646097862920e+03
3.019711226435890239e+03
3.038193240450923440e+03
8.290252703079089542e+02
1.549689868129760953e+03
2.639361761291545463e+03
3.240915481716817794e+03
6.456583948956773611e+02
1.758415119199058609e+03
3.588238444580009855e+03
2.516859724047332747e+03
8.311351411978498618e+02
1.246564215132834988e+03
1.843754150135184545e+03
3.447446881593826674e+03
1.566164001592358773e+03
1.297158214398066775e+03
1.970113312770943821e+03
3.969864102006242774e+03
1.002181676534300209e+03
1.144321795253949858e+03
1.893878965494586282e+03
3.461065583160617734e+03
2.607288569438604100e+03
8.189165877820122432e+02
1.486479046361781002e+03
2.220360589344619257e+03
3.949584320521072641e+03
8.491487291786885407e+02
1.282193084344321960e+03
1.827530552797851442e+03
1.982563339158712552e+03
3.653715363206211350e+03
2.549235921249951389e+03
6.386127571839298298e+02
1.400357188135397791e+03
2.307237286005428359e+03
3.608796385039955112e+03
1.109549139252416126e+03
1.259581296772690393e+03
2.195937194861380704e+03
3.947295317123442601e+03
9.904876983689678127e+02
1.151158076998668321e+03
1.659376909277540335e+03
3.979567667920171516e+03
1.444944725821311295e+03
9.346754427850227103e+02
1.709942365495756121e+03
2.331924973353210135e+03
3.512009730312740430e+03
1.982806128248002551e+03
1.434001079701334447e+03
9.940536412006392766e+02
1.957064101526234481e+03
4.012752015634161580e+03
5.349508271850529582e+02
1.375489668438857962e+03
2.453798381033556325e+03
3.881908192880564457e+03
4.810149450104644302e+02
1.326174324973360171e+03
2.867464402968275863e+03
3.649305168213200886e+03
3.748959280033975006e+02
1.399967173996536076e+03
1.966030704471252875e+03
4.119190853013322339e+03
1.333179992093102101e+03
8.430730439124364466e+02
1.787971980749091927e+03
4.000590339329724884e+03
1.752382421443042404e+03
5.615039491015999147e+02
1.817156709990647869e+03
3.942026462585790341e+03
8.956742327953464837e+02
1.199493354560970374e+03
1.857370799098030375e+03
3.924963168104918623e+03
1.599315043741674799e+03
8.882640169107974089e+02
1.796939869317617195e+03
3.277645851607586792e+03
3.193423557670741957e+03
3.947649653418122284e+02
1.524694492759168952e+03
2.270100343729832730e+03
3.041323834683702898e+03
1.114848351593543384e+03
1.721119124337586527e+03
2.314631725607926455e+03
4.153092929023953729e+03
2.716405643040096948e+03
1.078314180204478362e+03
5.884787417259726681e+02
9.662957648570524043e+02
1.624496610486149621e+03
2.006935634543594006e+03
2.990513673060018391e+03
4.143398276071334294e+03
1.087225705563852671e+03
3.159490945349616027e+02
1.489333757657605929e+03
1.972400785501155042e+03
2.491302618838294165e+03
4.107024132494454534e+03
1.073616943805837082e+03
1.076006110235189681e+03
1.652084892270268710e+03
1.862131767064689939e+03
3.330554272393858355e+03
3.147232077948691767e+03
6.421808632768910456e+02
1.531444681183264265e+03
2.084530538820846687e+03
3.968491587524727493e+03
9.036733299053158817e+02
1.064280913568008373e+03
2.981762220313301441e+03
2.962646722831938860e+03
9.890248070315196856e+02
1.549184723443885105e+03
2.125167893331225059e+03
1.970338967932121932e+03
1.666138506063552768e+03
3.114265314551040774e+03
2.782642393331295352e+03
8.350194055514218689e+02
1.470039607548963886e+03
2.091369254619733965e+03
4.124030583633130846e+03
1.312316412894145969e+03
9.008588488488579742e+02
2.128181362448473465e+03
1.951037992301908162e+03
1.827179342639232800e+03
2.247512417600070876e+03
4.111318469785886009e+03
6.726681094845013149e+02
9.608581369769869980e+02
1.934442169632787682e+03
4.109836442748361151e+03
9.730669561644983787e+02
9.918445579311561460e+02
1.820538667298284054e+03
3.967438779639027871e+03
1.348666760443383055e+03
9.433932545993097847e+02
1.710149861905158559e+03
3.269634834619600952e+03
2.623236547241453536e+03
7.777450480322669364e+02
1.640118010783681939e+03
2.689831881199220788e+03
3.826490253363437205e+03
3.758706515456088937e+02
1.020525971779120027e+03
1.830054394624019551e+03
3.862952751922723564e+03
2.000436825645406543e+03
7.641405068382848640e+02
1.751425518134383992e+03
2.520956747706635724e+03
3.415425277432755138e+03
1.069158363528271366e+03
1.384870747891875908e+03
1.833343053852175899e+03
3.220529537573434936e+03
2.949579974758210028e+03
7.997865667124450511e+02
1.475419111835758031e+03
1.916527663421870784e+03
3.076407326948861737e+03
2.083857649280717851e+03
1.256251849943792877e+03
1.996685429834367824e+03
3.707775844182278888e+03
2.002275683815275897e+03
8.518842055409351133e+02
1.594086426616512199e+03
1.920755757441539572e+03
3.469489827071541640e+03
2.862042159206773704e+03
6.428428008310809219e+02
1.349552140583734399e+03
1.909305637322705707e+03
2.687850381690613176e+03
4.080544685985466458e+03
3.318549930951515762e+03
1.208278485140257317e+03
6.006430279866533795e+01
4.291687747671832085e+02
1.785819725535416183e+03
2.200312931763753113e+03
2.283958502204201068e+03
1.803508141719711375e+03
2.016216966232885170e+03
3.796404704343450248e+03
1.563924208549267178e+03
1.057458293612892248e+03
1.717009407904539785e+03
2.057380872104348327e+03
3.843204279731902261e+03
2.234373038655291566e+03
6.387152025031620042e+02
1.605368196577007211e+03
2.061309329422829251e+03
3.716960407502871931e+03
1.471022220943546017e+03
1.046496789175321055e+03
1.821578034762436801e+03
3.017777294468393393e+03
3.169895482208198700e+03
7.439988846797282349e+02
1.511123013748319636e+03
2.141428105767676698e+03
3.899287981914498687e+03
2.109175157335884251e+03
5.770227738715735768e+02
1.307272583207237176e+03
1.815109930737886998e+03
3.270372999751354200e+03
2.718612537473019529e+03
6.301403976693038658e+02
1.717741623078600696e+03
2.805160047048933848e+03
2.946928647502966214e+03
7.889540031089378544e+02
1.767899288012378520e+03
2.427871486190591895e+03
3.662930659962770278e+03
6.870768159748762400e+02
1.357262885215763845e+03
2.024683786913645690e+03
3.819160371831223983e+03
8.680364395674002935e+02
1.407980476032235629e+03
2.093092961117531104e+03
4.051430324790502254e+03
9.901141476163146535e+02
1.007152690396533671e+03
1.756481705231466094e+03
2.846183618246777314e+03
4.152089489674668584e+03
9.861857004493128898e+02
3.133001989583603404e+02
1.477518848168791692e+03
1.937495330872613067e+03
3.294399143443456069e+03
3.703646906922120706e+03
5.583249816849670424e+02
1.052303327843784245e+03
1.782470612022551450e+03
2.168993852917727054e+03
4.162533878570590787e+03
2.082788332878228630e+03
