1.275856513825399588e+03
1.118997701686142591e+03
1.250234742521167618e+03
2.177418065013117030e+03
3.144966287247472337e+03
1.775913851068961094e+03
1.135403728662722187e+03
1.164029485689016383e+03
1.925855914895198566e+03
3.089070862888712782e+03
1.672686826860738620e+03
1.096792128842686907e+03
1.200760636750139156e+03
1.439036877785372781e+03
3.212056853072330796e+03
2.703941070984295493e+03
1.194259557787673202e+03
9.511533970449368098e+02
1.081926438298968151e+03
1.336903791355604199e+03
2.800030444836069819e+03
3.685858686634690002e+03
1.700844398154985129e+03
1.183246122276748565e+03
1.182253873999325151e+03
2.321761483562608646e+03
3.175995803750469349e+03
1.559245202066063939e+03
1.060594310478993293e+03
1.246490460750097100e+03
3.197176337393365884e+03
2.537922874992520974e+03
1.108934121027531091e+03
8.856050559762209105e+02
1.206110306658729769e+03
2.776676400603183993e+03
2.572843090685022617e+03
1.248154937423730871e+03
1.134294868699962308e+03
1.550322920174074852e+03
3.308250841531830247e+03
1.830536301218328390e+03
1.309717128723693349e+03
1.221304522857938309e+03
1.750311662128812941e+03
3.721622655958415180e+03
1.886919910668999364e+03
1.043111210430417486e+03
9.527125374013268129e+02
1.455265981360717888e+03
3.319226170361620461e+03
2.012045324298157539e+03
1.264672299510729317e+03
1.205457209931455509e+03
1.696089528219433760e+03
3.394324917569605532e+03
1.942235025111007189e+03
1.696831469040282173e+03
9.417754817606411279e+02
1.017327400607321465e+03
1.503145481849240468e+03
3.547088805646975743e+03
2.391728028789185828e+03
1.304367685878386055e+03
1.010188037893933256e+03
1.143384215257219466e+03
2.835614126974040573e+03
3.802141308112282331e+03
1.381232806485272931e+03
7.921184754444151395e+02
9.279950257499169766e+02
2.743226354993441873e+03
3.087588596416686414e+03
1.177803599216672637e+03
9.824283327805312638e+02
1.135997123822243339e+03
1.238904533305693803e+03
1.372164141690000633e+03
2.013321012268333334e+03
4.078169114259500930e+03
2.137631795873689043e+03
1.245482336870032441e+03
1.059296236678980904e+03
1.255887949377591895e+03
3.207272839565282538e+03
3.308903216948284808e+03
1.273559759656279311e+03
8.995813792523289294e+02
1.006801026025421152e+03
2.760409632500317457e+03
2.754399088181719435e+03
1.508972702213307002e+03
1.450248477964580843e+03
1.175262286842964613e+03
1.125495812636485653e+03
2.833461932325030375e+03
3.393550560995203341e+03
1.250223599996351368e+03
8.456333850118762712e+02
9.211006019651205179e+02
1.620020497872354099e+03
3.439857237834260104e+03
1.722797059911206361e+03
1.316166002760133779e+03
1.335641541933023291e+03
1.294020963024638149e+03
2.225164248775317901e+03
3.612666518284019730e+03
1.836562099522513108e+03
1.214518782317326441e+03
1.079295150050810207e+03
1.283537585119452615e+03
2.711082130340875665e+03
3.383138511334009763e+03
1.550741553417598652e+03
1.208382017268103709e+03
1.184857972600561652e+03
1.690946945120433156e+03
3.216404541419618454e+03
1.949734793264902009e+03
1.132292456547545953e+03
1.011207492982917302e+03
1.971166362959465687e+03
3.827128576579644687e+03
1.879565139582745132e+03
8.848858613583556689e+02
8.627291214367212433e+02
1.230571140156478123e+03
3.081150488914963262e+03
3.148771013508465785e+03
1.334157998220418222e+03
9.879960211641841852e+02
1.061111588551455498e+03
1.821894434386182866e+03
3.478775270287624153e+03
1.865966489905990557e+03
1.225341046111166634e+03
1.133118777756674262e+03
1.215679892278565831e+03
1.616953308727388730e+03
3.343544661622444892e+03
2.421038388816315546e+03
1.313927686957855030e+03
1.222928703692248291e+03
1.204810933655017607e+03
2.623212092851251327e+03
3.340648999178595204e+03
1.627474201038895444e+03
1.193857659123641952e+03
1.461472556032460034e+03
4.095286978858674502e+03
2.331322103838100247e+03
4.199273070842503330e+03
9.389739273362756649e+02
-2.202686675984717013e+01
6.895210127628716990e+00
5.181582453990538397e+02
9.624800019007342371e+02
1.191634449475072870e+03
1.330868198745713926e+03
1.519862404456684999e+03
2.887519087730290721e+03
2.510739653341361645e+03
1.771263487245580791e+03
1.618272312566510664e+03
1.600255546504746917e+03
1.646229932051977585e+03
1.689467965585268303e+03
1.795021112763117799e+03
1.810908435973271253e+03
2.586109878193238274e+03
3.957038863827192017e+03
2.103200362792957549e+03
1.295609214017997147e+03
1.190276529774785558e+03
1.291534745314514112e+03
1.809172246562984128e+03
3.708307336528139331e+03
2.324038677187398662e+03
1.144046822900149436e+03
1.107842695489780908e+03
1.339904618909247347e+03
1.326590496943776770e+03
1.483475746471359798e+03
3.307782065691416847e+03
3.792704575893499168e+03
1.504309670255250239e+03
8.212134980534575561e+02
1.013214975288808432e+03
2.835309068485487387e+03
3.357767481811704329e+03
1.623980101451044902e+03
1.300370857738911809e+03
1.449717787257905684e+03
1.601432536035406883e+03
1.761798649251563347e+03
1.674619194420196663e+03
1.704564666170396322e+03
1.463709787527789331e+03
1.017781830946768650e+03
2.775741147059362447e+03
3.626779088166665133e+03
1.323129001766171996e+03
8.344448706316080688e+02
9.330151062364972177e+02
2.552362623148602779e+03
3.072211428334724133e+03
1.321424104603387832e+03
1.122391788531288512e+03
1.254345753936296433e+03
1.664956287147613693e+03
2.703905438404839060e+03
2.128679941369262451e+03
1.386432176304764198e+03
1.391580997585629802e+03
1.478076378757376006e+03
1.495597625233035160e+03
2.309930030550966421e+03
3.023094661452686069e+03
1.524125657964219954e+03
1.187893289388568064e+03
1.331062005737410800e+03
1.557611870347869854e+03
1.505223230994892219e+03
1.960981745902676494e+03
3.709483406094981092e+03
2.044516099185387247e+03
1.120447741690152270e+03
1.117407420789208572e+03
1.567331617495290175e+03
3.561004827647817365e+03
2.494988830926090486e+03
1.120102831300806884e+03
9.471875432387859064e+02
1.331190043697741885e+03
3.202007140941972011e+03
2.306870711283947003e+03
1.164774290617466704e+03
1.060338516369043873e+03
1.280264205683506816e+03
2.822388959580129267e+03
2.541742472634148271e+03
1.364948432293193036e+03
1.236073400109100703e+03
1.252475285771805602e+03
1.542762264077495047e+03
3.299880658397953084e+03
2.898021717147372783e+03
1.248668671064614045e+03
1.111440852032644443e+03
1.146116619061084066e+03
1.476711844881614979e+03
2.867317766021074931e+03
2.851457496194756004e+03
1.321612127714882035e+03
1.125832986373408630e+03
1.225236290957091114e+03
1.970513219558066339e+03
3.774577840226530498e+03
1.894959728845134350e+03
1.017426529744656136e+03
1.055990061043151172e+03
1.456260328236427313e+03
3.179162397030851480e+03
2.415706149424881005e+03
1.109455851635676026e+03
1.060574209709643355e+03
1.320951310509130280e+03
2.899309878809462589e+03
3.161025444675160543e+03
1.336929195646885319e+03
1.019389793392680303e+03
1.107848053818987637e+03
1.736449989631972130e+03
3.111327328334340564e+03
1.839925167991030321e+03
1.171963093063790438e+03
1.193044169572549663e+03
1.906233963724971318e+03
3.653787323793420001e+03
1.923807461239136273e+03
1.094166534400153296e+03
1.176890025506857683e+03
1.342823114707923196e+03
