1.775855843168981437e+03
3.152380766375307303e+03
1.642355335315502089e+03
6.119953938642770481e+02
1.776949659816278654e+03
2.822338941973208421e+03
1.115800753259376734e+03
6.971026840716277775e+02
2.715540668676773748e+03
2.851658173604472722e+03
1.263664483700439177e+03
7.673825623261561759e+02
2.014935244707793800e+03
2.804429489526941779e+03
1.238898219354665116e+03
9.487603579219515950e+02
2.445403792914397854e+03
2.511626311591769081e+03
1.269269529539013547e+03
1.533022873384560171e+03
3.355426720324491725e+03
2.280810667631216347e+03
1.115928672126634865e+03
2.287360022332013159e+03
2.966853272153684429e+03
1.422679228601048635e+03
9.704133292279846046e+02
2.880577871848378436e+03
2.901996744998738450e+03
1.218678768908458778e+03
6.976076053209524162e+02
2.466859776730612339e+03
2.780942319096697247e+03
1.235062720829559339e+03
9.317564741948937126e+02
2.712152310417750869e+03
3.076677783463331252e+03
1.095435246375183624e+03
6.265272099648966559e+02
2.517921944295637786e+03
3.543651464096519703e+03
1.971410825834157549e+03
9.801158615588029761e+02
2.479203795684723445e+03
3.555895383855179261e+03
1.682951799790799214e+03
1.106181162724033356e+03
2.264743527501838798e+03
2.914975962450844690e+03
1.168179574635246581e+03
1.103670752209950933e+03
2.720694319044465374e+03
1.888663887469034307e+03
7.349631544148405737e+02
1.969227540074895160e+03
2.707552947045009660e+03
4.585261386686217975e+02
1.719913738430614103e+03
3.493336425883665470e+03
1.724327225201494912e+03
5.954338920857605899e+02
1.390379897530274775e+03
3.356433408012031123e+03
2.278950484382343348e+03
1.092743730160646919e+03
1.357555628489174296e+03
3.191288614146806140e+03
2.105159495404366226e+03
8.548059211389360144e+02
1.807221709714108329e+03
2.946809105127164457e+03
1.459209357395346842e+03
5.555348213062897003e+02
2.536362797603812851e+03
3.550240816168393849e+03
1.837507975973344401e+03
1.000970716425335922e+03
1.093033319499213576e+03
1.033592291319351716e+03
3.342575231080589674e+03
2.852498671554823886e+03
9.245796444640521941e+02
1.094687530790288974e+03
2.918101649143706254e+03
1.934427755426100475e+03
5.606070984899798759e+02
8.703165333500604675e+02
2.872865629665518554e+03
2.169097960211105601e+03
7.707588336439064278e+02
1.191609496498900171e+03
2.986443853406393828e+03
2.125141812912791011e+03
7.765778845237938413e+02
1.258184516260990677e+03
2.906707454422412866e+03
1.649617578700815102e+03
4.110074114815109283e+02
2.244866705541159263e+03
3.753100678533803602e+03
1.098566417077481219e+03
4.185926201369936734e+02
2.158971966113299459e+03
2.454132453207280832e+03
9.353831360047921635e+02
9.674400497058962856e+02
2.676877599223060315e+03
2.008162374838599135e+03
8.494974595128538795e+02
1.174819724673846622e+03
2.616950080673786942e+03
2.409507397530699564e+03
1.164872102774497080e+03
1.123559716044570678e+03
2.789621525005974036e+03
2.467609972771083903e+03
1.080600982476497620e+03
1.457274387997782242e+03
3.279894475167250675e+03
2.220835523886537885e+03
8.937592614312355863e+02
2.826754654868963826e+03
4.117194988008795008e+03
2.580252513741603707e+03
9.499420329889238701e+02
1.461784577337235078e+03
3.534799943891309340e+03
2.755095741516673570e+03
1.103069643829674533e+03
7.141412978747124498e+02
2.609312335236445506e+03
2.255036197811581587e+03
9.348548115168259756e+02
5.817540637736908593e+02
2.345945421149503090e+03
2.831929766856840615e+03
1.224108899400747077e+03
6.549173688710844772e+02
2.071961992806843227e+03
2.359426755896608938e+03
1.190300750912270587e+03
9.975516590075020531e+02
2.717318493968195071e+03
3.579193140904642405e+03
1.897496019979852917e+03
7.872015626187154567e+02
2.963454245228259424e+03
4.018326257854372670e+03
1.972262483520380329e+03
2.883470000747725521e+02
2.381582685835099255e+03
3.640671570562549277e+03
2.040082341555705852e+03
6.593391025011485453e+02
3.573326435442327806e+02
2.713353341874100124e+02
2.640758965695396910e+03
3.005121445661957296e+03
1.130452620198881505e+03
2.553705179245627335e+02
6.082355028218028110e+02
2.802906797481283320e+03
2.517228526434649211e+03
9.525011645523887864e+02
6.306788881320766222e+02
1.667361580820958352e+03
3.332366607317537273e+03
1.844740592593170959e+03
8.657307002941836345e+02
1.497087332033624079e+03
3.274824634640129716e+03
1.703137555595845242e+03
9.779050907396348293e+02
1.011064403639745706e+03
2.687577717070567815e+03
2.217739021144847356e+03
1.035332607983158368e+03
1.336325339413218217e+03
2.977925462380021145e+03
2.098002307507960268e+03
9.498591764361555079e+02
1.438649752856796567e+03
3.510984334011149713e+03
2.818655674281224037e+03
1.141189863591248923e+03
1.488085167965938354e+03
3.019803320678085583e+03
1.320712445708820951e+03
7.607853516235479674e+02
2.402467240677307473e+03
2.218801476489561082e+03
1.049123166054454941e+03
9.575103057952077279e+02
2.801343270166255024e+03
3.203434787720058921e+03
1.447474550469765973e+03
8.343131966648574007e+02
2.111637296358144795e+03
3.181597638848074894e+03
1.704369828379152523e+03
8.680593701606296690e+02
2.042290144547934233e+03
3.227358818511056143e+03
1.727673744595971129e+03
9.644444313555612780e+02
2.865589036512750681e+03
2.814505698950380975e+03
1.110100567648825063e+03
1.018985847441414649e+03
2.615384368899051424e+03
2.054079368537062237e+03
9.958587268222362354e+02
1.733223369054337581e+03
3.529763711069792407e+03
3.124356079451805272e+03
1.175370016240343602e+03
8.076342851156751976e+02
2.385893904651855337e+03
2.747003170421105551e+03
9.146717075850560832e+02
1.205444154373081801e+03
3.212931655029193280e+03
2.211344487443026537e+03
8.163930105058396975e+02
1.371047324767151622e+03
3.116322750155122776e+03
1.546303051651393844e+03
5.823629358176375490e+02
1.634023310242474281e+03
2.862206936427083747e+03
1.520212694195049835e+03
8.081272596136292350e+02
2.490895864349679414e+03
2.941601623665907482e+03
1.269511946096619795e+03
8.779943898566868938e+02
2.418925623150707906e+03
1.917281347726014474e+03
8.955169557859207998e+02
1.488720003852165746e+03
2.682261484203997043e+03
1.305749813182937487e+03
8.232305355331785677e+02
2.213239747136383357e+03
2.500124874204136631e+03
1.127858872538841524e+03
8.422524339191128320e+02
1.070970049253701063e+03
2.869820189575244513e+03
3.929072095655585599e+03
1.949963959045936235e+03
9.860580465524117244e+02
2.901978722555159948e+03
3.139805278651615026e+03
1.194796129362638567e+03
7.859177428892670605e+02
2.512950097583912793e+03
2.784246724420296687e+03
1.028474971495636737e+03
1.370088044882626264e+03
3.205415165161980894e+03
1.912866650081587750e+03
7.122522175347378379e+02
2.341278991656715334e+03
3.026747939451920956e+03
1.456696238227499407e+03
1.974244344158010335e+03
3.491047912648725287e+03
1.563921211562495728e+03
5.327584311238369992e+02
1.636580532933982113e+03
3.247048530538573232e+03
1.934552707702144971e+03
7.848970887676382517e+02
1.612915309925188012e+03
2.793185687143391078e+03
1.649094966008325628e+03
8.893229749251114526e+02
9.365934342230675611e+02
2.405156545905713301e+03
2.533341568573152927e+03
1.178705361502785763e+03
8.782873254751709737e+02
2.634894637674472960e+03
