1.750454215272947522e+03
3.652206937646851657e+03
1.570318608281304932e+03
9.076237881164755663e+02
3.250495155482637529e+03
3.207793813714056796e+03
8.484768691867291182e+02
1.105719642509758387e+03
3.747100110966570810e+03
1.600177908838890517e+03
7.932055708386616288e+02
3.622845077140513240e+03
1.920073811139118789e+03
5.991231334400561082e+02
2.152915654908981196e+03
3.500052195262856458e+03
1.145239768187954951e+03
1.072889875977399015e+03
3.383171781234389528e+03
1.494029341395339998e+03
1.067980071847604677e+03
3.064397837740209525e+03
2.185117519044720666e+03
1.116906143221462116e+03
2.550412698724737766e+03
3.064789713275403301e+03
1.047937767790396492e+03
1.538153815277863032e+03
3.613944533549303287e+03
1.569464130724945107e+03
9.157830675366255946e+02
3.239492165567793108e+03
2.319566292847797286e+03
7.514414092752963370e+02
2.776357154079983047e+03
3.141404959027287987e+03
7.504390462549978338e+02
2.298052301873762190e+03
2.709264824758268333e+03
7.675039685856354481e+02
2.050037191413809069e+03
3.224639203938334049e+03
1.137433710941475056e+03
1.388354600657948822e+03
3.442616599486344967e+03
1.316050792686400882e+03
1.006133058715908305e+03
3.269933130852880822e+03
2.494050871383172762e+03
9.121552722585172432e+02
2.608799371519067336e+03
2.919894074753592577e+03
8.262913258899122866e+02
2.718195651774139606e+03
2.234357311313652190e+03
9.653349957159041423e+02
3.281464205841646162e+03
2.949644478312049614e+03
4.819174388883691336e+02
2.730936091287724594e+03
2.227213721466987863e+03
8.223975859893618008e+02
3.205774135042790931e+03
1.326596225745277025e+03
1.172514346496170674e+03
3.824865738970838265e+03
1.390742306240824519e+03
6.563707202034499915e+02
3.355592806273445149e+03
2.155350109645774864e+03
6.414265346533765069e+02
2.872538895827510260e+03
3.219676848757970220e+03
6.654869757525705154e+02
1.926660183972113828e+03
3.641151201224974557e+03
1.019714178473243351e+03
6.621426264556217802e+02
3.308122277557888992e+03
2.929060082157685429e+03
1.549794794144912657e+03
7.215389406394085654e+02
3.257832317689193133e+03
1.649915769117994387e+03
1.143870253100502168e+03
3.127376357184500648e+03
1.285949487004336561e+03
1.557364585524077256e+03
3.430605988054705904e+03
1.309636083628834967e+03
1.198910331671923814e+03
3.551556796267266236e+03
1.586003833405485466e+03
1.096808821941715451e+03
3.192643562737493539e+03
2.284091541550365946e+03
8.700031230729473464e+02
2.182602726251382137e+03
3.938183874910420400e+03
9.672372458383932781e+02
1.826717995385205313e+03
3.349020666590770816e+03
6.166311702111963768e+02
2.248384625745136873e+03
3.009364863042972956e+03
6.771332244757863918e+02
1.832706278884198809e+03
3.541277140806333136e+03
9.599723152263934480e+02
1.248765567020534945e+03
3.942656288524653519e+03
1.571986594186435468e+03
7.348232917671210771e+02
3.977437115289433223e+03
2.584490567053384439e+03
3.624971593871803748e+02
1.690213542654059438e+03
3.551359397527482088e+03
1.104632953118220030e+03
1.102309577738247071e+03
4.102095471189471027e+03
1.455613275240600160e+03
3.496177499854287021e+02
3.174344716787789366e+03
2.733403626843081838e+03
6.224559404961069049e+02
1.552178561861984008e+03
3.813331561345285536e+03
1.361261414661852086e+03
6.410766166017245951e+02
3.348936405555106376e+03
3.005025843090495073e+03
6.333562634527297632e+02
8.723597447249055676e+02
3.681290685761705390e+03
2.097130499021211563e+03
5.703481895294512469e+02
2.633456199652378473e+03
3.239975132054001278e+03
1.095961310691835934e+03
1.263147571508470037e+03
3.901009110375435739e+03
2.125672783569202238e+03
4.720582146686439273e+02
2.705545904406733825e+03
2.164058370112636567e+03
9.202625861159629039e+02
2.731674627813803909e+03
2.378015938865643875e+03
9.951231062095239395e+02
2.893735006773972145e+03
2.609785284447026243e+03
8.779807419497177534e+02
2.247109739557231478e+03
3.521930879743763398e+03
1.030260389906566388e+03
1.066718023406535849e+03
3.555497048242532856e+03
1.719803773356238935e+03
1.040811592256727863e+03
3.177866489779717540e+03
1.495736343192598952e+03
1.524020491340847684e+03
1.237913811770136135e+03
3.396261837854403893e+03
2.618483290822230174e+03
8.074881186199633021e+02
2.684381684009769288e+03
2.687340539144437116e+03
8.089983637892556771e+02
2.619455677316616857e+03
2.358703192113702244e+03
7.386692559004585519e+02
2.957120283864537669e+03
2.362561508458103162e+03
8.193602881454545468e+02
3.528078081129243856e+03
2.194436408942881826e+03
6.456376046993401587e+02
3.212839532730000883e+03
2.022684221875267667e+03
8.513447700998740402e+02
3.836402870788208020e+03
2.875249512941862577e+03
1.821273158259714364e+02
2.068992214879775474e+03
2.759914724671364183e+03
4.646117478213992626e+02
2.138385842375014363e+03
3.227834928443026456e+03
7.482498689443153808e+02
1.541153249754909893e+03
3.626492603345834596e+03
1.204350450783362021e+03
1.373482015091012954e+03
3.656661944340525679e+03
1.328457213046774314e+03
1.174832896095634851e+03
3.404535109934181946e+03
1.040046241502011071e+03
1.692556881891345938e+03
3.521238370654692972e+03
1.106426342471042062e+03
2.373821908014590463e+03
4.173619521827758035e+03
1.306069353295372593e+03
-3.437199474131801935e+01
1.516130708887262244e+03
3.488902569937260068e+03
1.103971810574787241e+03
7.635694709064441668e+02
3.604661647347998496e+03
2.686588925215077779e+03
6.010421558521712768e+02
2.125919261558377457e+03
3.731184827648270129e+03
9.287933053536321495e+02
8.052296733490184124e+02
3.563953612034518756e+03
2.471138814460788126e+03
7.272704283082326810e+02
1.919012234188098091e+03
3.885659588961560985e+03
1.153162596548398824e+03
6.646489059118214300e+02
3.041005135426670222e+03
2.309103260754105122e+03
7.726535871929504538e+02
2.640829514540948367e+03
2.616588338993325124e+03
1.019139476795974929e+03
1.804002150155938580e+03
3.353155204409970338e+03
1.613396786214598478e+03
1.405457078532756668e+03
3.390292590311033564e+03
1.642057664075578941e+03
1.138951978319023056e+03
3.363245586515348350e+03
1.355843177605047686e+03
1.123146919064529129e+03
3.467457566547848728e+03
1.556727124852100815e+03
8.771667334367609783e+02
3.152600282165101362e+03
2.824256395959737802e+03
6.723376681187552322e+02
3.046538772840191086e+03
2.451498545986692079e+03
6.258529303290113148e+02
3.041660117437450481e+03
2.289172883596700558e+03
6.057255485829717827e+02
2.872016426765533652e+03
2.755405628383123712e+03
6.923914604814101494e+02
2.442431959205734074e+03
3.509653040778756804e+03
1.329794646695969504e+03
8.801131522042126107e+02
1.409074584257046354e+03
1.633000366480220464e+03
4.116450157680096709e+03
1.392596783169814898e+03
1.004686383722654227e+03
3.487490804087404285e+03
1.876066339753989041e+03
9.220221234399965624e+02
4.019552520128918331e+03
1.947423713446713009e+03
5.202011460728597285e+02
2.921850253404208161e+03
2.915914974683162200e+03
5.811943698749711302e+02
1.705708182386650151e+03
3.683634342192182430e+03
1.035304072837241392e+03
8.976029799990150195e+02
3.946798347726582506e+03
1.987056131512171987e+03
4.841057274381998923e+02
2.718855822470010480e+03
3.167314366263844477e+03
6.668780071868940240e+02
