2.979309896080629642e+03
1.699895886864015665e+03
1.191930104769567151e+03
1.335375080405355220e+03
1.524156767025389627e+03
1.670521061061843966e+03
1.830127470227289223e+03
3.211858212875163190e+03
2.617908482511829789e+03
1.285865887254149129e+03
1.345276436818405045e+03
1.551862355689722790e+03
1.684269471753796324e+03
2.015564350955499322e+03
3.348794191996351401e+03
1.999065907107466273e+03
1.301429755238514190e+03
1.443112502463803366e+03
1.626115395846053161e+03
1.741304666416860755e+03
1.912053091687170308e+03
1.914592358139190765e+03
1.894931892740092053e+03
1.891790549450158778e+03
1.930241954487876683e+03
2.091031578537079440e+03
2.039350662760864452e+03
1.934744555637983922e+03
1.870997719364008617e+03
2.895960449953080115e+03
3.959545740163865048e+03
2.517010278188114171e+03
1.054600063956361737e+03
7.597532797646114204e+02
1.167504114107537589e+03
2.498265225059396471e+03
3.007779399047718471e+03
1.779554654829751144e+03
9.675608205908089303e+02
1.124997082568304222e+03
1.397719834708313101e+03
1.723530368875560498e+03
2.052426176223922994e+03
1.761373962012059792e+03
1.799086922140286106e+03
1.834307971588905957e+03
1.957634479635958996e+03
2.126273759809376315e+03
1.940383426817009422e+03
1.875354827951807238e+03
2.635700002163237968e+03
3.625894767676344145e+03
2.203147326863340368e+03
1.091426920813472634e+03
1.227201413800274167e+03
1.405099057752260933e+03
3.215375043742094931e+03
2.463535079910364402e+03
1.701682470729718489e+03
1.136179253006000181e+03
1.353024432600054070e+03
1.562301178280244358e+03
1.709499958977688948e+03
1.899757827585437781e+03
1.860440236370739967e+03
1.865221834918408604e+03
1.872014363039184900e+03
2.471209657743308071e+03
3.851190216146027979e+03
2.927542304104557843e+03
1.500683920969702740e+03
9.622529270450760350e+02
1.103115285458855624e+03
1.348468458231882551e+03
2.436539853341553226e+03
3.031372585481175520e+03
1.557914797243109888e+03
1.187407417055272390e+03
1.398917583964211190e+03
1.661792707413911103e+03
1.695513802725538653e+03
1.774434479876509158e+03
1.859211348387329735e+03
1.926510167995302709e+03
1.940756373811758522e+03
1.952130259068857868e+03
1.960631461953452799e+03
1.980044373855729873e+03
3.840340466597922841e+03
3.552906888152576357e+03
1.356450856208234882e+03
8.749227742368444751e+02
1.228854389391890891e+03
1.731221276328360091e+03
3.260510029005047727e+03
2.004222272210979781e+03
1.034009054853288262e+03
1.282687873522590507e+03
1.493242951684261925e+03
1.613851908968149701e+03
3.016252716553643040e+03
3.009749372236042745e+03
1.422304463888526243e+03
1.269306577026220566e+03
1.475482136784094337e+03
1.637730790004951814e+03
1.851675286378471355e+03
1.865244693655742594e+03
1.877680326419469338e+03
1.905676130480720758e+03
1.890048861846217733e+03
1.907567193610649610e+03
1.961676057524856333e+03
3.736497301392089412e+03
3.217551739052595167e+03
1.268849550795749337e+03
1.106616074164831844e+03
1.306724661885860087e+03
2.123990774090155355e+03
2.107761877596420618e+03
1.332364940206621441e+03
1.430653566599107990e+03
2.193784415404971696e+03
3.585816464347989040e+03
1.575384583460904423e+03
1.523634846965051565e+03
1.528954621828213249e+03
1.525131360003606915e+03
1.707780614286290756e+03
3.610662111103737971e+03
2.941330986109358037e+03
1.012514057047003234e+03
9.395018139733261933e+02
1.328116938873264189e+03
1.526506258845618959e+03
2.403681608288067309e+03
3.174089404017102424e+03
1.399849848426716790e+03
1.315767013287702184e+03
1.511715692655383236e+03
1.660396014646903723e+03
1.921158919521580628e+03
3.384389812851962233e+03
2.252517563992003488e+03
1.561628125752368760e+03
1.525563325014752536e+03
1.518614134823180621e+03
1.561768669396847145e+03
1.804575294120356830e+03
1.843335733547286054e+03
1.821759905774198614e+03
1.863673886211769968e+03
2.299831674436765297e+03
3.666816359301750254e+03
2.983515879002631209e+03
1.568614181712686104e+03
9.989181306631974167e+02
1.197569984126486588e+03
1.531283493430921226e+03
2.933372267144311991e+03
2.505276176502959970e+03
1.264385475778883574e+03
1.577634516976888790e+03
1.389724153685764350e+03
1.497472015124239533e+03
1.614896176506621032e+03
3.723583647004749309e+03
3.101197189763242022e+03
1.466164048760719425e+03
8.715920567146552003e+02
1.196011105300374084e+03
1.475417785607122369e+03
1.752261411811516837e+03
2.508835519910424864e+03
1.763590827554249927e+03
1.762451879795275090e+03
1.767656732395049858e+03
1.762558144942492163e+03
3.573087449099319656e+03
2.378061598813914316e+03
1.259729758049061047e+03
1.460552596958278400e+03
1.492450161758992863e+03
2.455476466327464550e+03
1.728956971070936788e+03
1.804790931371150918e+03
1.951296746982796549e+03
2.010122123706671346e+03
1.969801409163875633e+03
1.919054887343142582e+03
1.960583388696646580e+03
2.052054070731768661e+03
1.942986325488476950e+03
1.918858966078229969e+03
2.732431516108287269e+03
3.420257628391561866e+03
2.415693573036033740e+03
1.248379352868222213e+03
8.667773210103607653e+02
1.211139921452593171e+03
1.935912458549767052e+03
3.131117664851215523e+03
1.869725725105972742e+03
9.788066757808260263e+02
1.366799513183401814e+03
1.643227975566710938e+03
1.745292371009191356e+03
1.814113020621295391e+03
1.866192668098597096e+03
2.369931977313219704e+03
3.725556816175772838e+03
2.036336567369332442e+03
1.064023393113661314e+03
1.247294895272394797e+03
1.508001852525657796e+03
1.817927545529553299e+03
3.316320095871298690e+03
2.395040644777906437e+03
1.077869073527053388e+03
1.310947104952067320e+03
1.538125739733915680e+03
1.671911549087996491e+03
2.318278417455209819e+03
3.340185388412340671e+03
1.697770612236867009e+03
1.216586686253762537e+03
1.475475447783398977e+03
1.647585072754685143e+03
1.799059193223339889e+03
3.394196182529119596e+03
2.703974035131339406e+03
1.117062342871935016e+03
1.293149588637093302e+03
1.516103955239514789e+03
1.650371896281013960e+03
3.109223101952848083e+03
3.038019974114927209e+03
1.180894434801369471e+03
1.190834327350630701e+03
1.463259675457949470e+03
1.633582649170680043e+03
2.093755341831253190e+03
3.511418674504902356e+03
2.451233220370560957e+03
1.030963387550789776e+03
1.213514593594246435e+03
1.477705170169626399e+03
2.107606827324112601e+03
3.000010562024457158e+03
1.786368211226971425e+03
1.507837433317511113e+03
1.653651689428555983e+03
1.805089574626290869e+03
1.809341535651947652e+03
2.050093814207645210e+03
1.919566714153677594e+03
1.745192195556684965e+03
1.686051801179623681e+03
2.306778370784098570e+03
3.633228075189665560e+03
2.532744010025167427e+03
1.094521322084432995e+03
1.039248800806976305e+03
1.363535306364631651e+03
1.820211464312186990e+03
3.148492942891460189e+03
2.610106845023545247e+03
1.068214559580501145e+03
1.205696565609655636e+03
1.468312666525809846e+03
2.136051215016601418e+03
3.293232795528923816e+03
1.761554105231570475e+03
1.206646311625650469e+03
1.403623967853186741e+03
1.557132993014739668e+03
2.550841963803546605e+03
3.271325208509382719e+03
1.601486621739069733e+03
1.186635039715044286e+03
1.421509148998703722e+03
1.592032949972588085e+03
1.777535511965483920e+03
1.876745182467816448e+03
