1.098810629808573822e+03
2.431821617588323988e+03
4.057451087181978892e+03
1.724851301711603810e+03
3.071336951176244270e+02
7.219600510338210597e+02
1.074343372102224976e+03
3.808883133107804497e+03
2.693957093889956013e+03
5.899049068195008658e+02
5.407279567123130164e+02
1.630401126492543199e+03
3.651304288002848807e+03
1.703935954023522299e+03
7.306978602829133251e+02
7.736838518043183512e+02
3.268336838524309314e+03
2.487651021085982393e+03
7.509833428845392973e+02
6.207972929331191381e+02
3.074137475224354603e+03
2.494599250995293460e+03
8.163563733316683511e+02
7.727994434480731343e+02
1.553651038213746460e+03
3.561291142602256969e+03
1.676000942006477771e+03
8.309061489094577837e+02
8.211849027393344613e+02
3.307955148183008077e+03
2.350283848313863928e+03
6.713676744905084206e+02
5.763207114409233327e+02
2.755889721377701335e+03
2.937285525282556591e+03
7.310831976669778669e+02
6.935640553154862573e+02
3.196221690640462839e+03
3.212503220048456114e+03
7.235210736783010361e+02
1.028702928094833879e+02
2.601066980221371523e+03
3.601600208167046276e+03
8.603629645202292977e+02
3.946700767769246454e+02
2.594738466608799172e+03
3.712554454573860767e+03
1.067685843825600614e+03
5.452659755901667040e+02
1.643583281151524034e+03
3.683324858895024590e+03
1.720600094727431269e+03
5.840033926558992334e+02
8.927116923716803285e+02
3.352928066942361966e+03
2.391981697571502082e+03
7.274845433867974407e+02
1.267003343434256976e+03
3.418010203717552486e+03
2.174707306283962680e+03
8.832233561779773936e+02
7.639915831885072066e+02
2.102831179962975966e+03
3.442664412828434706e+03
1.132223773990824384e+03
7.053346298114659021e+02
1.037922911421502477e+03
3.421300399782624481e+03
2.022769773088527018e+03
8.247474538889078985e+02
4.302691260824526012e+02
2.808187737181932789e+03
3.364496796212307345e+03
1.288226363359905690e+03
1.012740719520744165e+03
1.427017183164887683e+03
3.214318492111799060e+03
1.974985453404789041e+03
4.217744470737416691e+02
7.276489872855959220e+02
1.485876451599634947e+03
4.042641623111237095e+03
1.681930195106613610e+03
3.463869526653152207e+02
2.343037345194516092e+03
3.323319039501167936e+03
6.594850668300051666e+02
2.966414833114609451e+02
2.915203663193027296e+03
3.343824353917975714e+03
7.103378884281547698e+02
3.119569898391063134e+02
2.472424653853208838e+03
3.986861940987962953e+03
8.383857046533304356e+02
4.414554356347879320e+02
1.180710570304261637e+03
3.733828162317648548e+03
2.732647926019886654e+03
5.810343417995454729e+02
7.085051739818870828e+02
3.002018340952157359e+03
2.923158070026058340e+03
7.860461222135719481e+02
7.326967953228821671e+02
2.216512387208604650e+03
3.748289859096178134e+03
1.285518994144390717e+03
7.121052178148041776e+02
8.564824343256026395e+02
3.728586050162339234e+03
2.084592953926036444e+03
6.612520777417963700e+02
6.920392798863769031e+02
2.093827143269585576e+03
2.602513456438569847e+03
8.351837036949252706e+02
3.060652523406459750e+03
3.393121237042829762e+03
9.226140510992794361e+02
9.169158339111187388e+02
1.488183013297382558e+03
1.314674019017409591e+03
1.430775673841569642e+03
9.222220580647435781e+02
4.075629879252565388e+03
2.468645991166220483e+03
4.393762897190232479e+02
2.486576931627135423e+02
1.004797966874779718e+03
4.158627539164689551e+03
2.652512495932758611e+03
6.800910866252851292e+02
5.274089384719744658e+02
1.289019526343803818e+03
4.102430847686556262e+03
2.074936854797868818e+03
5.516906763584913733e+02
6.028201610293746171e+02
2.315955907652329188e+03
3.893333174924569903e+03
1.518535979067807375e+03
9.316449774771357397e+02
1.009442153455721609e+03
3.165745599196664443e+03
2.127157504240441995e+03
7.090537575487068125e+02
7.644671245984741290e+02
2.051615514788725704e+03
3.321081427758678274e+03
1.235479176572983533e+03
8.771293325598936690e+02
1.311178019216683197e+03
3.637957766944463401e+03
1.683420498646901478e+03
8.241572673935761486e+02
7.877806699982878627e+02
3.005496578592981678e+03
2.419571770962273604e+03
1.237042065453015312e+03
6.824148306335293910e+02
2.652410730829604745e+03
3.287170626343638560e+03
8.813568404524368134e+02
6.407213051320550221e+02
6.031311687508998602e+02
3.716147902617494310e+03
2.344785932362258791e+03
4.761082700692267622e+02
3.848799174482689409e+02
2.734964671654453923e+03
4.089288957997433954e+03
1.316432565587905401e+03
6.858168307635595511e+02
7.016717915274508641e+02
3.058207885742090639e+03
3.605941901526624406e+03
1.091032074274548904e+03
4.635432464159813435e+02
9.533582630644128812e+02
3.878555495113839243e+03
2.001423545299601756e+03
6.008674580006008910e+02
7.419129954179663855e+02
3.586334649885629915e+03
2.337379856944994572e+03
6.757414548533020024e+02
1.264111432169846694e+03
3.464948913145720780e+03
1.687103826947015477e+03
5.466175723018268400e+02
8.278650275149525442e+02
3.518774510860455393e+03
2.048397081375582729e+03
8.008193451347100336e+02
8.646258134660032511e+02
1.950187282524970215e+03
3.745428344907802966e+03
1.503018631363324175e+03
5.696253468986558346e+02
1.074033703382328895e+03
3.349447909894248369e+03
1.656022217678046673e+03
8.402097277506006776e+02
4.815816186482388161e+02
3.002829741675012428e+03
3.708236678149120053e+03
1.793542076997095364e+03
9.303421423634932808e+02
1.115070872573325715e+02
1.515101630532197760e+03
4.132556192408653260e+03
1.863945925308654068e+03
2.918989217427936751e+02
4.987353843890122675e+02
1.611182741393908827e+03
4.137724018739856547e+03
2.236564915162078705e+03
8.616256445878264003e+02
7.102219739621606323e+02
2.260624654480352547e+03
3.779018357797499448e+03
1.390094421888258694e+03
7.371612469535967875e+02
8.482703564996101022e+02
2.751680347285452171e+03
3.482361235953050709e+03
1.041027362404285441e+03
8.674282793521267649e+02
1.389053706234750280e+03
3.508038751661497827e+03
1.501654758661990172e+03
9.833030140165035391e+02
7.526146563755056604e+02
2.932411604482968414e+03
2.752428287906584046e+03
9.056520595501585831e+02
9.358871275861130243e+02
1.104355887318812393e+03
3.744711568157641523e+03
2.076655712022389707e+03
9.064163129206322083e+02
7.740680269081044571e+02
2.940740717380917886e+03
3.340918516219404410e+03
9.642821968967281236e+02
6.861400846088668004e+02
1.370611464471856834e+03
3.344533112811318915e+03
1.459870134064549802e+03
5.596956207229595748e+02
2.111430917954770393e+03
3.599449084998730086e+03
1.052848552075899761e+03
5.172479397624786088e+02
3.060568782218454089e+03
1.973978420977047108e+03
6.077557233557902236e+02
7.641201960385471921e+02
3.235808420625166946e+03
3.216331813650647746e+03
7.293750484659652784e+02
3.345059496867324356e+02
2.383478905344076793e+03
3.352405828719839064e+03
1.177704319986479049e+03
9.784970199251152962e+02
2.357674058218760365e+03
2.993880440438762889e+03
1.297978069866731403e+03
7.620221932199538060e+02
8.537540241658791729e+02
3.247649713368572975e+03
2.790377460059361511e+03
9.493713439401188907e+02
1.143183202928303672e+03
1.125889398632576103e+03
2.749486773095609351e+03
3.328469674025378026e+03
1.191305108334883926e+03
7.258334175716382788e+02
1.014703668109672094e+03
2.348308750858978328e+03
3.406656247720687588e+03
