1.730163552105794906e+03
1.947208628046129434e+03
1.943061643469771525e+03
2.314393811233546785e+03
2.296532916503381784e+03
1.399962301559854268e+03
1.912396435824163973e+03
1.964186834100842816e+03
2.599810801395443377e+03
1.992971281338496510e+03
1.455587418456065052e+03
1.898732506997287146e+03
1.892968935878902357e+03
2.419807782693346780e+03
2.123532551511110796e+03
1.574227841653400446e+03
1.806159263793014361e+03
1.927901297114620775e+03
2.579293741337206939e+03
2.293267143183545159e+03
1.370719795858276939e+03
1.740867544701563475e+03
1.883085250486542236e+03
2.478340781499846344e+03
2.253638967864586448e+03
1.377181780943717740e+03
1.822094150201038701e+03
1.939996662126756746e+03
2.354629042128483434e+03
2.508982582762009770e+03
1.333337240731059183e+03
1.731033104235481460e+03
1.954943688961239332e+03
2.195821922681704564e+03
2.531336626667195105e+03
1.219271642979033913e+03
1.959890964485887025e+03
1.896611375541416464e+03
1.977352363911729753e+03
1.920338826944272569e+03
2.590856545100462426e+03
2.052363791890522862e+03
1.366058856268096179e+03
1.905630544287653947e+03
1.972887597340946286e+03
2.092803755582493068e+03
2.542497265159555809e+03
1.327912282385625758e+03
1.736047436604325867e+03
1.973653789243341862e+03
1.982415613269695086e+03
2.568530421501803630e+03
2.098751420434456122e+03
1.410593338252403555e+03
1.859803709528426680e+03
1.926402470515853793e+03
2.586707167328038395e+03
2.054489228346251821e+03
1.341061275858820181e+03
1.896723489483665162e+03
1.992636388216664955e+03
2.629914190833316752e+03
1.680181910862384484e+03
1.478358780452966812e+03
1.941567580936005243e+03
2.369215522512327425e+03
2.597743587170140017e+03
1.348948371329376187e+03
1.619362508625453074e+03
1.930445238331893279e+03
2.388793937643145455e+03
2.442891425139458988e+03
1.289432516170661984e+03
1.738594670262914178e+03
1.937127802165674666e+03
2.271714784376465104e+03
2.547227649009164907e+03
1.314719157460441693e+03
1.761975698088873969e+03
1.957429429457864444e+03
2.605129833453218907e+03
1.958285720134866779e+03
1.493246675528599326e+03
1.944380232602186425e+03
2.232356426689787895e+03
2.493979692087993953e+03
1.406950814735578433e+03
1.739821953324160859e+03
1.923498466026522919e+03
2.433709842759701587e+03
2.252626931597395469e+03
1.453226841776669289e+03
1.827260650340375378e+03
1.956479016010176792e+03
1.958263988367910088e+03
1.966830608485992343e+03
1.930395462422187393e+03
2.533679994817478928e+03
2.223456359186644477e+03
1.355782971269280097e+03
1.830245882655910009e+03
1.893184267679807135e+03
2.399967386417120906e+03
2.477179067167092398e+03
1.304817864017563579e+03
1.818284423128099888e+03
1.932852300210918202e+03
2.558003294211809134e+03
2.204866804622916789e+03
1.413631856332281131e+03
1.795766523171918152e+03
1.964174080019631674e+03
2.545447464464900349e+03
1.673496451199941703e+03
1.579869276424921509e+03
1.880896547163018113e+03
2.020429750419822312e+03
2.502235681285450482e+03
1.490988566890362790e+03
1.721511306873878993e+03
1.953885191393841978e+03
2.607438377909740211e+03
2.104121575067685171e+03
1.345498237117588587e+03
1.900508478120790642e+03
1.990129535314071518e+03
2.565668181264860777e+03
1.570835341952027647e+03
1.579559909979038366e+03
1.867362988274256168e+03
2.110014401339316464e+03
2.569309278814740082e+03
1.478366515770109572e+03
1.698029118981582087e+03
1.960950197888951607e+03
2.097751902426573452e+03
2.455121640456765817e+03
1.475734981440727097e+03
1.692234279963149447e+03
1.884754565007877773e+03
2.393824309998019089e+03
2.150405377770546693e+03
1.585030310532963995e+03
1.794701270795676692e+03
2.243878919011327071e+03
2.539807182288991498e+03
1.444733835715627038e+03
1.694094750437698849e+03
1.899483226770846613e+03
2.462766595385714481e+03
2.301260039692573628e+03
1.377827400631798582e+03
1.752667610516603418e+03
1.919253997760874199e+03
2.414849220908308325e+03
2.532796416781081007e+03
1.389390785174992970e+03
1.706263713120668172e+03
1.906453513207023434e+03
2.246340410503895782e+03
2.551190536338290258e+03
1.275302700725303794e+03
1.961732009226384207e+03
1.905079160447252434e+03
2.002751663238218043e+03
1.996489991944815301e+03
2.640000019585523205e+03
1.717221997471966233e+03
1.681367602659120848e+03
1.932082882942142760e+03
1.986799830979761055e+03
2.447438039102445146e+03
2.273073357133119316e+03
1.455600495819709067e+03
1.797226624261592633e+03
1.915755478471785636e+03
2.397739442326316748e+03
2.350383342306839495e+03
1.321693332995924948e+03
1.801175189182707300e+03
1.953180534466552444e+03
2.509918796991396903e+03
2.399908074052446864e+03
1.139222737421081092e+03
1.933089889152275191e+03
1.965428132316692427e+03
2.520454903749237019e+03
2.201684916072983924e+03
1.259247641852277866e+03
1.902526885140882086e+03
2.034483693393075782e+03
2.609892036743357949e+03
1.394561753128008149e+03
1.692197022508211603e+03
1.976124775568885298e+03
2.139193315618085308e+03
2.587432414011039782e+03
1.338608672098003808e+03
1.688870699071819445e+03
1.959193314629339284e+03
2.347371319845186008e+03
2.379616141005352347e+03
1.290324940246771348e+03
1.832701201224260785e+03
1.934280667701749508e+03
2.598247007075586225e+03
2.048258221542571846e+03
1.384832487563233826e+03
1.929000704210009872e+03
2.031452330409656724e+03
2.605430715607252750e+03
1.522619166779723628e+03
1.685896598620373879e+03
1.925072152436142233e+03
2.122933614915948056e+03
2.521268524082192926e+03
1.340148425933119597e+03
1.765138928151658547e+03
1.926105256017552847e+03
2.120855436960515817e+03
2.521890684586535372e+03
1.418599752176777429e+03
1.708108690030649313e+03
1.932934555470759960e+03
2.235291661972741622e+03
2.607609978472850798e+03
1.273513650672262656e+03
1.706104756335178763e+03
1.933517415421459873e+03
2.248715713640201557e+03
2.529124035492307485e+03
1.332008770943604077e+03
1.767929249195802186e+03
1.970915247912558243e+03
2.029940092759499521e+03
2.573714478500663517e+03
1.590792000680467027e+03
1.606631600451813938e+03
1.911073121234393284e+03
1.930748217144122918e+03
2.524548184915779530e+03
1.874692722136409884e+03
1.526745416811723771e+03
1.896040223499888953e+03
1.938006024799485431e+03
2.520100414540610473e+03
2.293298778596442389e+03
1.351353731082674813e+03
1.838804862884899421e+03
1.934331740834868924e+03
2.423944950767075625e+03
1.968442649905988674e+03
1.637712252941418683e+03
1.839406218583893178e+03
2.420550833773522754e+03
2.242586870656679366e+03
1.459541166193593426e+03
1.825835860148901247e+03
1.978713921999602235e+03
2.509133179200152426e+03
1.788393760606509659e+03
1.635895470271147133e+03
1.910383391745495373e+03
2.214659633901781035e+03
2.368077197205107495e+03
1.413804702455823417e+03
1.852017046444418156e+03
1.939505445552908668e+03
2.414044974463337894e+03
2.246937127870819495e+03
1.361439120340781074e+03
1.898790747464819560e+03
1.960709933777068727e+03
2.501816645002911173e+03
2.209063378650017057e+03
1.429628230597699485e+03
1.906356839836747895e+03
1.983140169078915051e+03
2.098644608033087479e+03
2.521466767532425820e+03
1.280126065491699819e+03
1.843099021410204159e+03
1.944455473883857849e+03
2.313356944030580507e+03
